D (7,-1,-1) (5,2,5)
D (10,-1,-1) (0,4,3)
D (12,-1,-1) (2,4,1)
D (11,12,-1) (4,2,5)
D (11,12,-1) (0,3,2)
D (12,-1,-1) (1,4,1)
D (12,-1,-1) (0,5,5)
D (10,-1,-1) (0,1,1)
D (11,12,-1) (1,4,2)
D (8,-1,-1) (4,5,2)
D (11,12,-1) (2,5,3)
D (11,12,-1) (3,1,2)
D (10,11,12) (3,5,3)
D (9,10,11) (3,2,0)
D (12,-1,-1) (2,1,1)
D (12,-1,-1) (4,1,1)
D (11,-1,-1) (4,0,4)
D (8,-1,-1) (2,3,1)
D (8,9,10) (2,5,2)
D (10,-1,-1) (5,5,1)
D (11,12,-1) (0,4,0)
D (12,-1,-1) (3,2,5)
D (12,-1,-1) (1,2,5)
D (7,-1,-1) (3,1,3)
D (8,-1,-1) (2,0,5)
D (11,-1,-1) (4,0,3)
D (12,-1,-1) (0,3,5)
D (10,11,12) (3,5,2)
D (11,-1,-1) (2,2,5)
D (8,-1,-1) (3,2,3)
D (10,11,-1) (0,0,3)
D (10,-1,-1) (4,0,2)
D (10,11,12) (1,1,3)
D (9,10,-1) (2,1,0)
D (8,-1,-1) (1,4,0)
D (8,9,10) (5,3,5)
D (7,8,9) (1,1,2)
D (11,12,-1) (0,5,3)
D (9,10,-1) (2,1,5)
D (7,-1,-1) (0,4,1)
D (7,8,9) (5,3,3)
D (10,11,12) (1,3,0)
D (9,10,-1) (4,0,5)
D (10,11,12) (0,2,3)
D (12,-1,-1) (0,0,5)
D (10,-1,-1) (2,3,2)
D (8,9,-1) (2,0,3)
D (8,9,-1) (2,0,0)
D (9,10,-1) (0,0,0)
D (10,11,-1) (5,4,4)
D (11,12,-1) (4,1,3)
D (9,10,11) (3,5,1)
D (7,-1,-1) (0,1,5)
D (8,9,-1) (2,2,3)
D (11,-1,-1) (2,1,3)
D (12,-1,-1) (5,5,5)
D (10,11,-1) (3,5,0)
D (12,-1,-1) (4,5,5)
D (8,9,-1) (0,1,3)
D (7,8,-1) (1,0,2)
D (12,-1,-1) (1,4,5)
D (10,-1,-1) (4,2,1)
D (9,-1,-1) (5,2,1)
D (7,8,9) (4,4,4)
D (12,-1,-1) (2,5,5)
D (8,9,10) (4,4,1)
D (11,-1,-1) (4,2,0)
D (8,9,-1) (2,5,4)
C 0 25
C 1 12
C 2 8
C 3 24
C 4 17
C 5 17
C 6 25
C 7 14
C 8 22
C 9 17
C 10 3
C 11 9
C 12 9
C 13 7
C 14 5
C 15 18
C 16 6
C 17 25
C 18 23
C 19 23
C 20 16
C 21 10
C 22 18
C 23 3
C 24 3
C 25 10
C 26 10
C 27 14
C 28 9
C 29 17
C 30 17
C 31 9
C 32 20
C 33 3
C 34 0
C 35 5
C 36 26
C 37 20
C 38 10
C 39 26
C 40 19
C 41 7
C 42 25
C 43 24
C 44 12
C 45 15
C 46 17
C 47 23
C 48 4
C 49 26
C 50 4
C 51 24
C 52 17
C 53 3
C 54 12
C 55 14
C 56 12
C 57 4
C 58 7
C 59 6
C 60 2
C 61 3
C 62 25
C 63 18
C 64 9
C 65 4
C 66 15
C 67 7
C 68 22
C 69 8
C 70 25
C 71 16
C 72 10
C 73 25
C 74 9
C 75 0
C 76 2
C 77 18
C 78 8
C 79 5
C 80 23
C 81 4
C 82 1
C 83 0
C 84 19
C 85 21
C 86 22
C 87 12
C 88 7
C 89 3
C 90 0
C 91 16
C 92 16
C 93 22
C 94 3
C 95 16
C 96 15
C 97 23
C 98 0
C 99 0
C 100 0
C 101 0
C 102 0
C 103 0
C 104 0
C 105 0
C 106 0
C 107 0
C 108 0
C 109 0
C 110 0
C 111 0
C 112 0
C 113 0
C 114 0
C 115 0
C 116 0
C 117 0
C 118 0
C 119 0
C 120 0
C 121 0
C 122 0
C 123 0
C 124 0
C 125 0
C 126 0
C 127 0
C 128 0
C 129 0
C 130 0
C 131 0
C 132 0
C 133 0
C 134 0
C 135 0
C 136 0
C 137 0
C 138 0
C 139 0
C 140 0
C 141 0
C 142 0
C 143 0
C 144 0
C 145 0
C 146 0
C 147 0
C 148 0
C 149 0
C 150 0
C 151 0
C 152 0
C 153 0
C 154 0
C 155 0
C 156 0
C 157 0
C 158 0
C 159 0
C 160 0
C 161 0
C 162 0
C 163 0
C 164 0
C 165 0
C 166 0
C 167 0
C 168 0
C 169 0
C 170 0
C 171 0
C 172 0
C 173 0
C 174 0
C 175 0
C 176 0
C 177 0
C 178 0
C 179 0
C 180 0
C 181 0
C 182 0
C 183 0
C 184 0
C 185 0
C 186 0
C 187 0
C 188 0
C 189 0
C 190 0
C 191 0
C 192 0
C 193 0
C 194 0
C 195 0
C 196 0
C 197 0
C 198 0
C 199 0
C 200 0
C 201 0
C 202 0
C 203 0
C 204 0
C 205 0
C 206 0
C 207 0
C 208 0
C 209 0
C 210 0
C 211 0
C 212 0
C 213 0
C 214 0
C 215 0
C 216 0
C 217 0
C 218 0
C 219 0
C 220 0
C 221 0
C 222 0
C 223 0
C 224 0
C 225 0
C 226 0
C 227 0
C 228 0
C 229 0
C 230 0
C 231 0
C 232 0
C 233 0
C 234 0
C 235 0
C 236 0
C 237 0
C 238 0
C 239 0
C 240 0
C 241 0
C 242 0
C 243 0
C 244 0
C 245 0
C 246 0
C 247 0
C 248 0
C 249 0
C 250 0
C 251 0
C 252 0
C 253 0
C 254 0
C 255 0
C 256 0
C 257 0
C 258 0
C 259 0
C 260 0
C 261 0
C 262 0
C 263 0
C 264 0
C 265 0
C 266 0
C 267 0
C 268 0
C 269 0
C 270 0
C 271 0
C 272 0
C 273 0
C 274 0
C 275 0
C 276 0
C 277 0
C 278 0
C 279 0
C 280 0
C 281 0
C 282 0
C 283 0
C 284 5
C 285 3
C 286 1
C 287 17
C 288 19
C 289 8
C 290 18
C 291 20
C 292 25
C 293 22
C 294 1
C 295 12
C 296 25
C 297 14
C 298 11
C 299 16
C 300 17
C 301 7
C 302 26
C 303 18
C 304 22
C 305 23
C 306 19
C 307 10
C 308 26
C 309 8
C 310 25
C 311 6
C 312 16
C 313 16
C 314 20
C 315 11
C 316 19
C 317 20
C 318 24
C 319 2
C 320 22
C 321 18
C 322 21
C 323 5
C 324 11
C 325 14
C 326 24
C 327 19
C 328 20
C 329 9
C 330 8
C 331 23
C 332 18
C 333 6
C 334 5
C 335 4
C 336 5
C 337 12
C 338 20
C 339 18
C 340 1
C 341 22
C 342 17
C 343 14
C 344 16
C 345 9
C 346 12
C 347 7
C 348 22
C 349 18
C 350 15
I 3 1 20 (3,4,3) (1,-1,1,0)
I 0 3 11 (2,4,2) (1,0,1,0)
I 3 1 20 (3,4,3) (0,1,0,0)
