D (10,11,12) (0,2,4)
D (8,-1,-1) (3,4,4)
D (8,9,-1) (2,0,5)
D (7,8,-1) (1,3,0)
D (8,9,10) (4,2,0)
D (7,8,9) (0,1,2)
D (8,9,-1) (5,1,0)
D (8,-1,-1) (0,2,3)
D (8,9,10) (5,0,1)
D (8,9,10) (4,5,1)
D (9,-1,-1) (2,4,1)
D (9,10,-1) (4,2,3)
D (12,-1,-1) (0,4,3)
D (11,-1,-1) (1,4,5)
D (11,12,-1) (1,2,5)
D (10,11,-1) (5,0,2)
D (9,10,11) (1,5,5)
D (12,-1,-1) (1,2,2)
D (10,11,12) (4,5,4)
D (9,10,11) (1,2,4)
D (10,-1,-1) (3,1,4)
D (10,11,12) (5,5,2)
D (12,-1,-1) (4,5,0)
D (12,-1,-1) (5,3,0)
D (7,8,9) (0,1,4)
D (7,8,-1) (5,0,4)
D (9,10,11) (2,4,0)
D (9,10,11) (2,0,0)
D (9,10,-1) (2,4,3)
D (12,-1,-1) (0,1,3)
D (10,11,-1) (2,3,2)
D (7,-1,-1) (1,5,3)
D (12,-1,-1) (5,3,4)
D (9,-1,-1) (3,3,0)
D (7,8,9) (4,3,0)
D (8,9,-1) (1,1,0)
D (11,12,-1) (1,4,4)
D (10,-1,-1) (2,1,4)
D (10,11,12) (5,2,5)
D (10,-1,-1) (3,2,2)
D (11,12,-1) (0,3,5)
D (11,12,-1) (3,2,4)
D (8,9,-1) (5,1,4)
D (11,12,-1) (1,0,3)
D (12,-1,-1) (1,5,4)
D (11,12,-1) (3,1,3)
D (9,-1,-1) (4,0,1)
D (11,12,-1) (2,5,3)
D (10,11,-1) (4,1,4)
D (12,-1,-1) (4,5,5)
D (10,11,-1) (2,1,5)
D (7,8,9) (1,3,1)
C 0 20
C 1 0
C 2 10
C 3 20
C 4 15
C 5 3
C 6 17
C 7 3
C 8 18
C 9 11
C 10 17
C 11 21
C 12 24
C 13 12
C 14 18
C 15 0
C 16 22
C 17 4
C 18 23
C 19 25
C 20 9
C 21 9
C 22 9
C 23 2
C 24 7
C 25 21
C 26 5
C 27 11
C 28 6
C 29 15
C 30 10
C 31 2
C 32 21
C 33 17
C 34 1
C 35 2
C 36 23
C 37 9
C 38 21
C 39 24
C 40 18
C 41 2
C 42 3
C 43 8
C 44 21
C 45 8
C 46 24
C 47 3
C 48 18
C 49 9
C 50 7
C 51 15
C 52 8
C 53 25
C 54 4
C 55 25
C 56 2
C 57 18
C 58 18
C 59 22
C 60 23
C 61 26
C 62 15
C 63 16
C 64 2
C 65 25
C 66 16
C 67 12
C 68 6
C 69 15
C 70 15
C 71 22
C 72 7
C 73 22
C 74 8
C 75 26
C 76 7
C 77 7
C 78 26
C 79 16
C 80 17
C 81 8
C 82 17
C 83 26
C 84 24
C 85 22
C 86 1
C 87 7
C 88 26
C 89 19
C 90 9
C 91 11
C 92 4
C 93 11
C 94 4
C 95 15
C 96 22
C 97 25
C 98 21
C 99 8
C 100 7
C 101 11
C 102 26
C 103 10
C 104 2
C 105 17
C 106 6
C 107 12
C 108 5
C 109 9
C 110 24
C 111 8
C 112 0
C 113 0
C 114 2
C 115 26
C 116 9
C 117 23
C 118 5
C 119 0
C 120 19
C 121 26
C 122 5
C 123 26
C 124 18
C 125 26
C 126 16
C 127 6
C 128 18
C 129 24
C 130 11
C 131 12
C 132 14
C 133 16
C 134 11
C 135 3
C 136 11
C 137 26
C 138 10
C 139 25
C 140 25
C 141 17
C 142 8
C 143 1
C 144 12
C 145 25
C 146 8
C 147 4
C 148 25
C 149 2
C 150 15
C 151 19
C 152 16
C 153 3
C 154 21
C 155 23
C 156 10
C 157 4
C 158 15
C 159 1
C 160 19
C 161 6
C 162 7
C 163 26
C 164 18
C 165 6
C 166 7
C 167 24
C 168 2
C 169 4
C 170 21
C 171 19
C 172 12
C 173 20
C 174 9
C 175 4
C 176 2
C 177 3
C 178 2
C 179 14
C 180 25
C 181 21
C 182 26
C 183 2
C 184 24
C 185 8
C 186 7
C 187 12
C 188 16
C 189 8
C 190 22
C 191 11
C 192 24
C 193 2
C 194 20
C 195 24
C 196 6
C 197 14
C 198 19
C 199 24
C 200 24
C 201 2
C 202 17
C 203 18
C 204 4
C 205 25
C 206 11
C 207 12
C 208 21
C 209 21
C 210 22
C 211 1
C 212 21
C 213 26
C 214 21
C 215 11
C 216 14
C 217 22
C 218 5
C 219 12
C 220 25
C 221 24
C 222 11
C 223 11
C 224 18
C 225 10
C 226 5
C 227 5
C 228 4
C 229 26
C 230 0
C 231 5
C 232 23
C 233 0
C 234 20
C 235 12
C 236 16
C 237 16
C 238 18
C 239 9
C 240 22
C 241 22
C 242 19
C 243 17
C 244 1
C 245 19
C 246 19
C 247 3
C 248 16
C 249 2
C 250 12
C 251 19
C 252 10
C 253 12
C 254 11
C 255 26
C 256 14
C 257 19
C 258 1
C 259 26
C 260 2
C 261 23
C 262 10
C 263 18
C 264 18
C 265 22
C 266 15
C 267 19
C 268 22
C 269 8
C 270 1
C 271 14
C 272 18
C 273 4
C 274 12
C 275 22
C 276 10
C 277 3
C 278 2
C 279 22
C 280 2
C 281 8
C 282 21
C 283 20
C 284 0
C 285 24
C 286 16
C 287 8
C 288 26
C 289 25
C 290 12
C 291 21
C 292 16
C 293 1
C 294 0
C 295 26
C 296 16
C 297 14
C 298 20
C 299 21
C 300 0
C 301 24
C 302 21
C 303 14
C 304 26
C 305 1
C 306 10
C 307 1
C 308 25
C 309 11
C 310 26
C 311 12
C 312 7
C 313 22
C 314 6
C 315 18
C 316 5
C 317 19
C 318 0
C 319 15
C 320 11
C 321 2
C 322 11
C 323 2
C 324 18
C 325 2
C 326 26
C 327 20
C 328 18
C 329 4
C 330 3
C 331 5
C 332 5
C 333 6
C 334 10
C 335 5
C 336 0
C 337 5
C 338 7
C 339 6
C 340 16
C 341 26
C 342 19
C 343 10
C 344 4
C 345 12
C 346 15
C 347 7
C 348 0
C 349 20
C 350 16
I 3 2 17 (1,1,3) (1,1,0,0)|(1,1,1,0)|(1,-1,-1,0)
I 1 1 13 (4,4,3) (-1,-1,-1,0)|(1,1,0,0)|(1,0,-1,0)|(-1,-1,1,0)
I 3 1 2 (4,5,4) (1,-1,-1,0)|(-1,-1,1,0)
