D (11,12,-1) (0,5,2)
D (10,-1,-1) (2,3,3)
D (10,11,-1) (3,5,0)
D (9,-1,-1) (1,2,1)
D (11,12,-1) (4,1,1)
D (9,10,-1) (1,2,4)
D (7,8,-1) (0,0,5)
D (7,-1,-1) (1,0,0)
D (9,10,11) (0,2,1)
D (12,-1,-1) (1,4,2)
D (7,8,9) (2,1,4)
D (8,9,10) (3,0,3)
D (8,9,10) (0,5,1)
D (7,-1,-1) (3,3,5)
D (12,-1,-1) (0,4,2)
D (10,-1,-1) (1,0,1)
D (8,-1,-1) (3,2,3)
D (12,-1,-1) (5,4,5)
D (10,-1,-1) (0,4,0)
D (9,10,-1) (1,1,3)
D (12,-1,-1) (3,3,3)
D (11,12,-1) (0,4,3)
D (7,-1,-1) (4,4,5)
D (10,11,12) (4,5,1)
D (7,8,9) (2,3,2)
D (10,11,12) (0,2,0)
D (10,11,12) (0,3,3)
D (12,-1,-1) (2,1,1)
D (9,10,11) (3,4,0)
D (9,-1,-1) (3,5,1)
D (8,9,-1) (0,0,0)
D (9,10,11) (1,0,4)
D (9,-1,-1) (4,1,5)
D (11,12,-1) (0,1,3)
D (12,-1,-1) (5,4,3)
D (12,-1,-1) (0,5,3)
D (8,9,10) (0,0,2)
D (12,-1,-1) (2,4,2)
D (11,12,-1) (5,1,0)
D (7,8,9) (0,4,4)
D (11,12,-1) (2,3,1)
D (8,9,-1) (3,2,0)
D (10,-1,-1) (1,3,1)
D (12,-1,-1) (0,3,2)
C 0 1
C 1 0
C 2 0
C 3 0
C 4 0
C 5 0
C 6 0
C 7 0
C 8 0
C 9 0
C 10 0
C 11 0
C 12 0
C 13 0
C 14 0
C 15 0
C 16 0
C 17 0
C 18 0
C 19 0
C 20 0
C 21 0
C 22 0
C 23 0
C 24 0
C 25 0
C 26 0
C 27 0
C 28 0
C 29 0
C 30 0
C 31 0
C 32 0
C 33 11
C 34 3
C 35 1
C 36 11
C 37 6
C 38 11
C 39 18
C 40 26
C 41 17
C 42 9
C 43 2
C 44 22
C 45 7
C 46 22
C 47 20
C 48 12
C 49 1
C 50 2
C 51 4
C 52 3
C 53 12
C 54 20
C 55 5
C 56 14
C 57 3
C 58 22
C 59 19
C 60 1
C 61 24
C 62 11
C 63 6
C 64 23
C 65 17
C 66 0
C 67 8
C 68 10
C 69 9
C 70 6
C 71 6
C 72 19
C 73 1
C 74 8
C 75 10
C 76 12
C 77 9
C 78 15
C 79 10
C 80 4
C 81 25
C 82 1
C 83 19
C 84 19
C 85 6
C 86 10
C 87 6
C 88 2
C 89 2
C 90 10
C 91 9
C 92 22
C 93 24
C 94 22
C 95 0
C 96 25
C 97 7
C 98 11
C 99 20
C 100 16
C 101 15
C 102 4
C 103 6
C 104 25
C 105 9
C 106 4
C 107 0
C 108 19
C 109 14
C 110 18
C 111 3
C 112 26
C 113 26
C 114 5
C 115 15
C 116 4
C 117 6
C 118 0
C 119 20
C 120 7
C 121 2
C 122 12
C 123 16
C 124 11
C 125 18
C 126 12
C 127 7
C 128 15
C 129 4
C 130 26
C 131 17
C 132 5
C 133 7
C 134 5
C 135 25
C 136 26
C 137 26
C 138 25
C 139 11
C 140 16
C 141 26
C 142 8
C 143 22
C 144 8
C 145 25
C 146 26
C 147 22
C 148 26
C 149 23
C 150 2
C 151 25
C 152 8
C 153 18
C 154 18
C 155 19
C 156 26
C 157 6
C 158 15
C 159 0
C 160 12
C 161 3
C 162 24
C 163 20
C 164 11
C 165 3
C 166 0
C 167 0
C 168 0
C 169 0
C 170 0
C 171 0
C 172 0
C 173 0
C 174 0
C 175 0
C 176 0
C 177 0
C 178 0
C 179 0
C 180 0
C 181 0
C 182 0
C 183 0
C 184 0
C 185 0
C 186 0
C 187 0
C 188 0
C 189 0
C 190 0
C 191 0
C 192 0
C 193 0
C 194 0
C 195 0
C 196 0
C 197 0
C 198 0
C 199 0
C 200 0
C 201 0
C 202 0
C 203 0
C 204 0
C 205 0
C 206 0
C 207 0
C 208 0
C 209 0
C 210 0
C 211 0
C 212 0
C 213 0
C 214 0
C 215 0
C 216 0
C 217 0
C 218 0
C 219 0
C 220 0
C 221 0
C 222 0
C 223 0
C 224 0
C 225 0
C 226 0
C 227 0
C 228 0
C 229 0
C 230 0
C 231 0
C 232 0
C 233 26
C 234 16
C 235 17
C 236 22
C 237 18
C 238 2
C 239 9
C 240 4
C 241 17
C 242 5
C 243 4
C 244 26
C 245 19
C 246 11
C 247 2
C 248 22
C 249 23
C 250 10
C 251 8
C 252 0
C 253 4
C 254 15
C 255 6
C 256 7
C 257 19
C 258 20
C 259 21
C 260 12
C 261 20
C 262 19
C 263 20
C 264 19
C 265 12
C 266 16
C 267 14
C 268 21
C 269 17
C 270 2
C 271 5
C 272 25
C 273 0
C 274 0
C 275 2
C 276 18
C 277 11
C 278 1
C 279 3
C 280 10
C 281 2
C 282 10
C 283 3
C 284 1
C 285 3
C 286 3
C 287 7
C 288 10
C 289 26
C 290 6
C 291 7
C 292 16
C 293 19
C 294 4
C 295 7
C 296 3
C 297 7
C 298 6
C 299 18
C 300 18
C 301 19
C 302 3
C 303 18
C 304 15
C 305 16
C 306 11
C 307 4
C 308 2
C 309 24
C 310 14
C 311 20
C 312 25
C 313 26
C 314 26
C 315 2
C 316 26
C 317 24
C 318 1
C 319 17
C 320 10
C 321 7
C 322 12
C 323 26
C 324 8
C 325 6
C 326 16
C 327 4
C 328 10
C 329 5
C 330 8
C 331 20
C 332 11
C 333 1
C 334 15
C 335 0
C 336 2
C 337 17
C 338 4
C 339 26
C 340 14
C 341 9
C 342 22
C 343 18
C 344 22
C 345 8
C 346 19
C 347 26
C 348 2
C 349 0
C 350 26
I 1 3 9 (1,0,2) (0,1,0,0)|(1,0,0,0)
I 3 3 4 (4,4,5) (-1,0,1,0)
I 2 2 14 (5,4,5) (0,0,-1,0)
