D (9,10,11) (5,4,1)
D (8,9,-1) (2,2,3)
D (7,8,9) (1,5,1)
D (9,-1,-1) (1,3,3)
D (10,11,12) (4,1,2)
D (11,12,-1) (2,3,3)
D (9,10,-1) (4,0,0)
D (9,10,11) (2,3,2)
D (7,8,-1) (4,5,1)
D (11,-1,-1) (1,2,0)
D (10,11,12) (5,1,3)
D (12,-1,-1) (3,1,5)
D (11,12,-1) (5,5,4)
D (10,11,12) (1,3,5)
D (11,12,-1) (5,2,2)
D (11,-1,-1) (1,1,4)
D (8,9,10) (0,1,3)
D (10,-1,-1) (4,3,1)
D (11,12,-1) (4,4,0)
D (12,-1,-1) (4,0,3)
D (7,8,-1) (4,0,4)
D (11,12,-1) (5,0,5)
D (10,11,-1) (0,2,0)
D (7,8,9) (3,0,0)
D (9,-1,-1) (1,4,2)
D (9,10,-1) (0,0,5)
D (12,-1,-1) (0,5,2)
D (8,-1,-1) (1,5,2)
D (7,8,-1) (1,4,0)
D (8,9,10) (5,4,3)
D (11,12,-1) (2,1,0)
D (11,-1,-1) (1,3,4)
D (10,11,-1) (2,0,1)
D (12,-1,-1) (4,3,0)
D (8,9,-1) (2,3,4)
D (9,10,-1) (0,3,3)
D (7,-1,-1) (1,0,3)
D (10,-1,-1) (0,2,5)
D (12,-1,-1) (2,5,5)
D (9,-1,-1) (3,5,3)
D (7,8,9) (2,1,5)
D (10,11,-1) (0,0,4)
D (10,-1,-1) (2,2,5)
D (10,11,-1) (1,3,0)
D (10,11,12) (0,2,2)
D (12,-1,-1) (4,1,1)
D (8,9,10) (2,0,5)
D (10,11,12) (5,4,4)
D (12,-1,-1) (3,4,0)
D (9,10,11) (1,5,5)
D (8,9,-1) (0,5,1)
D (9,10,-1) (2,1,4)
D (8,9,-1) (0,4,3)
D (11,12,-1) (5,5,1)
D (8,-1,-1) (1,3,1)
D (10,11,12) (5,5,3)
D (10,11,12) (2,4,5)
D (10,-1,-1) (4,5,2)
D (9,10,11) (0,2,3)
D (12,-1,-1) (5,2,5)
D (10,11,12) (2,5,3)
D (12,-1,-1) (3,0,2)
D (11,12,-1) (0,0,3)
D (12,-1,-1) (2,0,2)
D (10,-1,-1) (3,1,3)
D (11,-1,-1) (0,1,4)
D (10,11,-1) (5,0,0)
D (8,9,-1) (1,4,4)
D (10,-1,-1) (2,1,2)
D (9,10,11) (0,0,1)
D (11,12,-1) (2,0,3)
D (7,8,-1) (5,0,3)
D (11,-1,-1) (2,3,1)
D (9,10,11) (0,4,2)
D (7,8,9) (5,2,3)
D (11,12,-1) (3,2,5)
D (7,8,9) (1,1,0)
D (7,-1,-1) (0,3,0)
D (12,-1,-1) (2,5,2)
D (7,8,-1) (5,4,2)
D (8,-1,-1) (1,0,1)
D (11,12,-1) (2,5,4)
D (7,8,9) (2,5,1)
C 0 1
C 1 5
C 2 22
C 3 8
C 4 3
C 5 18
C 6 4
C 7 19
C 8 24
C 9 20
C 10 17
C 11 0
C 12 0
C 13 0
C 14 0
C 15 0
C 16 0
C 17 0
C 18 0
C 19 0
C 20 0
C 21 0
C 22 0
C 23 0
C 24 0
C 25 0
C 26 0
C 27 0
C 28 0
C 29 0
C 30 0
C 31 0
C 32 0
C 33 0
C 34 0
C 35 0
C 36 0
C 37 0
C 38 0
C 39 0
C 40 0
C 41 0
C 42 0
C 43 0
C 44 0
C 45 0
C 46 0
C 47 0
C 48 0
C 49 0
C 50 0
C 51 0
C 52 0
C 53 0
C 54 0
C 55 0
C 56 0
C 57 0
C 58 0
C 59 0
C 60 0
C 61 0
C 62 0
C 63 2
C 64 5
C 65 23
C 66 15
C 67 0
C 68 23
C 69 9
C 70 22
C 71 16
C 72 9
C 73 26
C 74 11
C 75 16
C 76 16
C 77 7
C 78 15
C 79 0
C 80 10
C 81 18
C 82 17
C 83 8
C 84 16
C 85 25
C 86 22
C 87 24
C 88 6
C 89 14
C 90 4
C 91 18
C 92 7
C 93 3
C 94 8
C 95 9
C 96 4
C 97 0
C 98 14
C 99 0
C 100 15
C 101 21
C 102 23
C 103 19
C 104 17
C 105 18
C 106 3
C 107 6
C 108 19
C 109 6
C 110 25
C 111 15
C 112 6
C 113 14
C 114 7
C 115 4
C 116 0
C 117 1
C 118 17
C 119 26
C 120 23
C 121 14
C 122 6
C 123 1
C 124 15
C 125 4
C 126 14
C 127 14
C 128 15
C 129 17
C 130 5
C 131 7
C 132 12
C 133 15
C 134 14
C 135 4
C 136 3
C 137 18
C 138 10
C 139 5
C 140 22
C 141 17
C 142 7
C 143 25
C 144 0
C 145 18
C 146 2
C 147 18
C 148 15
C 149 21
C 150 11
C 151 1
C 152 15
C 153 2
C 154 26
C 155 23
C 156 7
C 157 7
C 158 26
C 159 24
C 160 26
C 161 2
C 162 24
C 163 18
C 164 21
C 165 22
C 166 16
C 167 20
C 168 15
C 169 23
C 170 4
C 171 22
C 172 0
C 173 18
C 174 21
C 175 25
C 176 22
C 177 2
C 178 2
C 179 5
C 180 19
C 181 18
C 182 18
C 183 19
C 184 19
C 185 23
C 186 23
C 187 17
C 188 9
C 189 11
C 190 12
C 191 15
C 192 7
C 193 4
C 194 24
C 195 21
C 196 20
C 197 20
C 198 14
C 199 8
C 200 9
C 201 10
C 202 22
C 203 26
C 204 16
C 205 5
C 206 7
C 207 15
C 208 21
C 209 7
C 210 20
C 211 14
C 212 17
C 213 21
C 214 2
C 215 10
C 216 1
C 217 21
C 218 20
C 219 18
C 220 22
C 221 16
C 222 0
C 223 14
C 224 20
C 225 10
C 226 10
C 227 15
C 228 10
C 229 24
C 230 9
C 231 18
C 232 0
C 233 20
C 234 5
C 235 10
C 236 0
C 237 0
C 238 0
C 239 0
C 240 0
C 241 0
C 242 0
C 243 0
C 244 0
C 245 0
C 246 0
C 247 0
C 248 0
C 249 0
C 250 0
C 251 0
C 252 0
C 253 0
C 254 0
C 255 0
C 256 0
C 257 0
C 258 0
C 259 0
C 260 0
C 261 0
C 262 0
C 263 0
C 264 0
C 265 0
C 266 0
C 267 0
C 268 0
C 269 0
C 270 0
C 271 0
C 272 0
C 273 0
C 274 0
C 275 0
C 276 0
C 277 0
C 278 0
C 279 0
C 280 0
C 281 0
C 282 0
C 283 0
C 284 0
C 285 0
C 286 0
C 287 0
C 288 0
C 289 0
C 290 0
C 291 0
C 292 0
C 293 0
C 294 0
C 295 0
C 296 0
C 297 0
C 298 0
C 299 0
C 300 0
C 301 0
C 302 0
C 303 0
C 304 0
C 305 0
C 306 0
C 307 0
C 308 4
C 309 1
C 310 19
C 311 24
C 312 15
C 313 7
C 314 16
C 315 17
C 316 3
C 317 0
C 318 20
C 319 0
C 320 18
C 321 6
C 322 21
C 323 26
C 324 0
C 325 3
C 326 26
C 327 1
C 328 12
C 329 12
C 330 25
C 331 8
C 332 22
C 333 20
C 334 19
C 335 2
C 336 19
C 337 3
C 338 10
C 339 15
C 340 23
C 341 15
C 342 12
C 343 25
C 344 0
C 345 0
C 346 9
C 347 25
C 348 17
C 349 26
C 350 0
I 0 3 16 (4,4,5) (1,1,0,0)
I 2 2 19 (4,5,5) (1,-1,-1,0)|(1,-1,0,0)
I 4 3 1 (2,0,4) (1,0,1,0)
