D (11,-1,-1) (3,5,4)
D (10,-1,-1) (1,3,4)
D (12,-1,-1) (2,1,2)
D (7,8,-1) (4,4,3)
D (10,-1,-1) (4,5,5)
D (9,-1,-1) (4,4,2)
D (11,12,-1) (4,1,4)
D (12,-1,-1) (4,0,2)
D (9,10,-1) (5,1,1)
D (10,11,12) (5,3,1)
D (7,8,9) (2,5,3)
D (8,9,10) (1,4,0)
D (7,8,-1) (1,1,3)
D (10,-1,-1) (3,1,5)
D (12,-1,-1) (2,1,1)
D (10,11,-1) (5,0,1)
D (10,-1,-1) (4,4,0)
D (11,12,-1) (4,0,3)
D (7,8,-1) (5,1,5)
D (11,12,-1) (2,1,4)
D (7,-1,-1) (0,1,3)
D (8,-1,-1) (0,5,2)
D (9,10,-1) (2,5,4)
D (10,-1,-1) (4,5,1)
D (8,9,10) (0,1,1)
D (7,-1,-1) (3,4,5)
D (12,-1,-1) (3,5,3)
D (7,8,-1) (0,3,4)
D (10,11,12) (5,4,3)
D (12,-1,-1) (0,5,1)
D (11,12,-1) (3,4,3)
D (10,11,-1) (3,1,4)
D (12,-1,-1) (1,0,3)
D (7,8,9) (4,0,5)
D (7,-1,-1) (1,4,4)
D (12,-1,-1) (2,0,1)
D (12,-1,-1) (5,4,5)
D (10,11,12) (3,5,0)
D (10,-1,-1) (3,2,5)
D (7,8,-1) (4,3,5)
D (7,8,-1) (1,5,2)
D (9,10,-1) (3,5,1)
D (7,8,9) (4,3,2)
D (9,10,-1) (2,1,5)
D (11,12,7) (5,4,0)
D (10,11,-1) (5,5,2)
D (8,-1,-1) (0,3,5)
D (12,-1,-1) (5,2,2)
D (11,-1,-1) (1,2,3)
D (7,8,9) (5,5,4)
C 0 17
C 1 8
C 2 0
C 3 25
C 4 26
C 5 24
C 6 25
C 7 3
C 8 21
C 9 21
C 10 16
C 11 0
C 12 8
C 13 12
C 14 8
C 15 21
C 16 24
C 17 25
C 18 21
C 19 3
C 20 0
C 21 25
C 22 12
C 23 10
C 24 20
C 25 1
C 26 19
C 27 12
C 28 17
C 29 16
C 30 22
C 31 19
C 32 26
C 33 3
C 34 18
C 35 8
C 36 20
C 37 18
C 38 4
C 39 5
C 40 5
C 41 0
C 42 7
C 43 3
C 44 15
C 45 16
C 46 0
C 47 25
C 48 15
C 49 18
C 50 12
C 51 12
C 52 21
C 53 17
C 54 21
C 55 24
C 56 12
C 57 6
C 58 16
C 59 1
C 60 22
C 61 14
C 62 25
C 63 3
C 64 0
C 65 25
C 66 0
C 67 11
C 68 15
C 69 19
C 70 8
C 71 18
C 72 5
C 73 2
C 74 17
C 75 15
C 76 4
C 77 18
C 78 3
C 79 24
C 80 11
C 81 5
C 82 15
C 83 18
C 84 19
C 85 17
C 86 11
C 87 16
C 88 26
C 89 23
C 90 0
C 91 10
C 92 25
C 93 24
C 94 6
C 95 23
C 96 25
C 97 9
C 98 17
C 99 2
C 100 14
C 101 1
C 102 2
C 103 19
C 104 23
C 105 20
C 106 7
C 107 6
C 108 15
C 109 20
C 110 10
C 111 11
C 112 17
C 113 25
C 114 20
C 115 4
C 116 3
C 117 9
C 118 5
C 119 25
C 120 19
C 121 25
C 122 22
C 123 9
C 124 22
C 125 11
C 126 11
C 127 24
C 128 22
C 129 24
C 130 18
C 131 22
C 132 10
C 133 0
C 134 11
C 135 7
C 136 23
C 137 22
C 138 10
C 139 10
C 140 23
C 141 18
C 142 20
C 143 19
C 144 1
C 145 18
C 146 19
C 147 0
C 148 19
C 149 25
C 150 24
C 151 11
C 152 5
C 153 19
C 154 7
C 155 22
C 156 17
C 157 15
C 158 9
C 159 19
C 160 26
C 161 23
C 162 20
C 163 20
C 164 17
C 165 25
C 166 3
C 167 15
C 168 1
C 169 22
C 170 3
C 171 12
C 172 0
C 173 0
C 174 24
C 175 11
C 176 1
C 177 22
C 178 9
C 179 11
C 180 16
C 181 8
C 182 8
C 183 24
C 184 11
C 185 7
C 186 8
C 187 6
C 188 17
C 189 21
C 190 4
C 191 25
C 192 17
C 193 24
C 194 11
C 195 19
C 196 11
C 197 5
C 198 17
C 199 25
C 200 9
C 201 16
C 202 5
C 203 10
C 204 12
C 205 10
C 206 20
C 207 8
C 208 15
C 209 12
C 210 22
C 211 7
C 212 23
C 213 6
C 214 4
C 215 19
C 216 0
C 217 0
C 218 0
C 219 0
C 220 0
C 221 0
C 222 0
C 223 0
C 224 0
C 225 0
C 226 0
C 227 0
C 228 0
C 229 0
C 230 0
C 231 0
C 232 0
C 233 0
C 234 0
C 235 0
C 236 0
C 237 0
C 238 0
C 239 0
C 240 0
C 241 0
C 242 0
C 243 0
C 244 0
C 245 0
C 246 0
C 247 0
C 248 0
C 249 0
C 250 0
C 251 0
C 252 0
C 253 0
C 254 0
C 255 0
C 256 0
C 257 0
C 258 0
C 259 0
C 260 0
C 261 0
C 262 0
C 263 0
C 264 0
C 265 0
C 266 0
C 267 0
C 268 0
C 269 0
C 270 0
C 271 0
C 272 0
C 273 0
C 274 0
C 275 0
C 276 0
C 277 0
C 278 0
C 279 0
C 280 0
C 281 0
C 282 0
C 283 0
C 284 0
C 285 0
C 286 0
C 287 0
C 288 0
C 289 0
C 290 0
C 291 0
C 292 0
C 293 0
C 294 0
C 295 0
C 296 0
C 297 0
C 298 0
C 299 0
C 300 0
C 301 0
C 302 0
C 303 0
C 304 0
C 305 0
C 306 0
C 307 0
C 308 0
C 309 0
C 310 0
C 311 0
C 312 0
C 313 0
C 314 0
C 315 0
C 316 0
C 317 0
C 318 0
C 319 0
C 320 0
C 321 0
C 322 0
C 323 19
C 324 0
C 325 24
C 326 26
C 327 18
C 328 8
C 329 11
C 330 5
C 331 18
C 332 21
C 333 19
C 334 0
C 335 8
C 336 11
C 337 26
C 338 21
C 339 3
C 340 19
C 341 7
C 342 6
C 343 18
C 344 25
C 345 12
C 346 2
C 347 0
C 348 18
C 349 26
C 350 8
I 5 1 7 (5,5,5) (1,1,0,0)|(0,1,-1,0)|(0,1,0,0)|(-1,1,1,0)|(1,-1,1,0)
I 1 1 1 (3,4,0) (1,0,1,0)|(-1,-1,0,0)|(1,1,0,0)
I 3 3 14 (4,1,0) (-1,-1,0,0)|(-1,0,1,0)
