D (8,-1,-1) (2,2,0)
D (11,12,-1) (4,1,0)
D (7,8,-1) (3,5,3)
D (11,12,-1) (2,4,5)
D (8,9,10) (4,5,5)
D (7,8,9) (5,4,1)
D (8,-1,-1) (4,3,4)
D (7,8,9) (5,1,4)
D (12,-1,-1) (2,1,1)
D (7,8,-1) (3,2,1)
D (9,-1,-1) (4,3,5)
D (7,-1,-1) (4,0,4)
D (7,8,9) (1,3,1)
D (9,10,11) (1,5,2)
D (12,-1,-1) (1,1,4)
D (8,9,-1) (0,4,5)
D (11,-1,-1) (2,4,3)
D (9,10,-1) (0,1,2)
D (10,11,12) (5,5,5)
D (8,-1,-1) (1,1,5)
D (12,-1,-1) (2,4,2)
D (11,-1,-1) (4,4,2)
D (7,8,-1) (3,3,0)
D (11,-1,-1) (4,5,2)
D (8,9,-1) (4,0,2)
D (8,9,10) (0,3,3)
D (8,9,10) (1,2,3)
D (10,11,12) (0,5,5)
D (8,-1,-1) (2,2,4)
D (7,8,9) (1,1,2)
D (10,11,12) (2,5,3)
D (11,12,-1) (2,3,4)
D (7,8,9) (1,1,3)
D (9,10,-1) (0,2,0)
D (12,-1,-1) (2,2,5)
D (11,12,-1) (2,5,1)
D (8,-1,-1) (3,4,3)
D (9,-1,-1) (5,1,2)
D (10,11,12) (1,2,1)
D (9,10,11) (2,1,2)
D (7,8,9) (5,1,3)
D (12,-1,-1) (4,2,4)
D (9,10,-1) (0,5,1)
D (7,-1,-1) (0,1,3)
D (10,11,-1) (5,5,3)
D (8,-1,-1) (4,3,1)
D (12,-1,-1) (4,1,5)
D (10,11,12) (3,1,5)
D (12,-1,-1) (4,0,3)
D (9,10,11) (4,1,3)
D (12,-1,-1) (2,0,5)
D (8,-1,-1) (5,5,0)
D (10,11,12) (1,2,0)
D (8,9,10) (2,0,4)
D (7,8,9) (5,3,2)
D (8,9,-1) (1,0,2)
D (7,8,9) (5,5,1)
D (8,9,-1) (3,5,0)
D (8,9,10) (1,4,0)
D (10,-1,-1) (0,2,3)
D (11,12,-1) (0,4,0)
D (11,-1,-1) (1,4,3)
D (12,-1,-1) (0,0,3)
D (10,-1,-1) (5,1,0)
C 0 24
C 1 4
C 2 16
C 3 0
C 4 15
C 5 6
C 6 7
C 7 16
C 8 12
C 9 15
C 10 19
C 11 1
C 12 2
C 13 4
C 14 25
C 15 11
C 16 18
C 17 18
C 18 11
C 19 4
C 20 16
C 21 25
C 22 9
C 23 22
C 24 22
C 25 4
C 26 6
C 27 23
C 28 26
C 29 24
C 30 11
C 31 15
C 32 1
C 33 23
C 34 2
C 35 4
C 36 23
C 37 16
C 38 7
C 39 8
C 40 5
C 41 1
C 42 8
C 43 9
C 44 11
C 45 2
C 46 17
C 47 26
C 48 5
C 49 17
C 50 3
C 51 20
C 52 7
C 53 0
C 54 0
C 55 26
C 56 20
C 57 7
C 58 26
C 59 4
C 60 19
C 61 7
C 62 8
C 63 3
C 64 10
C 65 21
C 66 1
C 67 18
C 68 10
C 69 23
C 70 11
C 71 16
C 72 15
C 73 7
C 74 26
C 75 0
C 76 18
C 77 16
C 78 8
C 79 14
C 80 4
C 81 0
C 82 10
C 83 17
C 84 25
C 85 25
C 86 14
C 87 22
C 88 26
C 89 19
C 90 23
C 91 6
C 92 1
C 93 16
C 94 19
C 95 22
C 96 19
C 97 15
C 98 16
C 99 14
C 100 17
C 101 17
C 102 11
C 103 0
C 104 5
C 105 7
C 106 11
C 107 26
C 108 9
C 109 21
C 110 23
C 111 25
C 112 11
C 113 14
C 114 21
C 115 16
C 116 19
C 117 5
C 118 25
C 119 14
C 120 8
C 121 8
C 122 15
C 123 7
C 124 15
C 125 19
C 126 20
C 127 10
C 128 9
C 129 7
C 130 10
C 131 22
C 132 26
C 133 1
C 134 9
C 135 25
C 136 19
C 137 9
C 138 1
C 139 12
C 140 19
C 141 18
C 142 14
C 143 19
C 144 18
C 145 3
C 146 6
C 147 10
C 148 6
C 149 6
C 150 17
C 151 3
C 152 26
C 153 9
C 154 23
C 155 26
C 156 2
C 157 9
C 158 15
C 159 21
C 160 10
C 161 3
C 162 20
C 163 15
C 164 20
C 165 11
C 166 15
C 167 21
C 168 17
C 169 17
C 170 18
C 171 9
C 172 17
C 173 5
C 174 1
C 175 5
C 176 7
C 177 19
C 178 5
C 179 18
C 180 1
C 181 2
C 182 22
C 183 22
C 184 9
C 185 11
C 186 26
C 187 23
C 188 19
C 189 9
C 190 3
C 191 1
C 192 11
C 193 1
C 194 2
C 195 2
C 196 20
C 197 2
C 198 8
C 199 4
C 200 8
C 201 11
C 202 2
C 203 19
C 204 0
C 205 14
C 206 18
C 207 1
C 208 14
C 209 4
C 210 15
C 211 9
C 212 16
C 213 18
C 214 14
C 215 1
C 216 16
C 217 15
C 218 0
C 219 15
C 220 19
C 221 6
C 222 15
C 223 22
C 224 22
C 225 22
C 226 22
C 227 0
C 228 15
C 229 17
C 230 5
C 231 25
C 232 18
C 233 12
C 234 8
C 235 12
C 236 14
C 237 4
C 238 9
C 239 14
C 240 2
C 241 12
C 242 21
C 243 17
C 244 24
C 245 1
C 246 24
C 247 22
C 248 1
C 249 2
C 250 25
C 251 24
C 252 21
C 253 12
C 254 26
C 255 12
C 256 18
C 257 26
C 258 18
C 259 10
C 260 15
C 261 23
C 262 5
C 263 6
C 264 8
C 265 18
C 266 11
C 267 10
C 268 12
C 269 14
C 270 3
C 271 16
C 272 14
C 273 12
C 274 4
C 275 16
C 276 24
C 277 2
C 278 22
C 279 9
C 280 15
C 281 2
C 282 15
C 283 18
C 284 14
C 285 12
C 286 19
C 287 4
C 288 10
C 289 26
C 290 5
C 291 21
C 292 25
C 293 23
C 294 20
C 295 0
C 296 17
C 297 20
C 298 19
C 299 25
C 300 24
C 301 10
C 302 9
C 303 22
C 304 14
C 305 18
C 306 7
C 307 11
C 308 14
C 309 1
C 310 1
C 311 15
C 312 25
C 313 0
C 314 11
C 315 1
C 316 14
C 317 14
C 318 11
C 319 16
C 320 17
C 321 10
C 322 25
C 323 1
C 324 14
C 325 0
C 326 0
C 327 0
C 328 0
C 329 0
C 330 0
C 331 0
C 332 0
C 333 0
C 334 0
C 335 0
C 336 0
C 337 0
C 338 0
C 339 0
C 340 19
C 341 5
C 342 21
C 343 2
C 344 12
C 345 14
C 346 21
C 347 23
C 348 14
C 349 23
C 350 20
I 2 2 1 (3,4,5) (0,-1,0,0)|(0,1,0,0)
I 2 2 2 (2,2,0) (0,0,0,0)|(-1,1,0,0)
I 3 2 9 (0,0,1) (1,1,1,0)|(1,0,-1,0)|(-1,1,0,0)
