D (8,-1,-1) (3,5,2)
D (7,-1,-1) (0,1,3)
D (7,8,-1) (0,1,2)
D (8,9,10) (4,5,0)
D (12,-1,-1) (0,3,3)
D (11,12,-1) (1,0,5)
D (10,11,-1) (4,2,2)
D (10,-1,-1) (0,4,2)
D (11,12,-1) (5,0,4)
D (9,10,11) (1,3,0)
D (7,8,9) (5,1,0)
D (11,-1,-1) (0,0,3)
D (11,12,-1) (2,2,2)
D (10,11,-1) (0,0,4)
D (7,8,9) (1,2,1)
D (9,10,-1) (4,3,0)
D (9,-1,-1) (2,1,5)
D (10,11,-1) (4,0,1)
D (8,-1,-1) (5,3,1)
D (10,11,12) (3,5,3)
D (11,-1,-1) (5,3,2)
D (11,12,-1) (3,3,0)
D (10,-1,-1) (3,0,2)
D (8,9,10) (2,4,4)
D (9,10,11) (2,0,1)
D (9,10,11) (1,3,1)
D (8,9,-1) (3,4,3)
D (10,11,-1) (1,4,4)
D (10,11,-1) (5,4,3)
D (8,-1,-1) (3,2,0)
D (9,10,11) (3,0,0)
D (7,8,-1) (5,5,2)
D (10,-1,-1) (3,0,3)
D (7,8,-1) (1,0,4)
D (8,-1,-1) (0,0,0)
D (11,-1,-1) (2,3,5)
D (10,-1,-1) (2,0,0)
D (11,12,-1) (3,2,5)
D (7,8,-1) (3,5,0)
D (12,-1,-1) (4,4,1)
D (8,9,10) (2,5,5)
D (7,-1,-1) (3,1,4)
D (7,-1,-1) (1,0,3)
D (8,9,10) (1,5,5)
D (12,-1,-1) (2,1,0)
D (8,9,-1) (0,3,1)
D (11,12,-1) (2,5,2)
D (8,-1,-1) (3,4,5)
D (11,12,-1) (1,1,4)
D (7,8,9) (5,5,5)
D (10,11,-1) (5,2,4)
D (7,8,9) (2,4,5)
D (8,-1,-1) (0,2,3)
D (10,11,12) (5,0,0)
D (10,-1,-1) (4,5,1)
D (12,-1,-1) (2,2,5)
D (11,12,-1) (3,5,5)
D (10,11,-1) (5,5,3)
D (11,12,-1) (0,4,4)
D (9,10,11) (5,5,1)
C 0 22
C 1 22
C 2 19
C 3 21
C 4 23
C 5 12
C 6 1
C 7 24
C 8 9
C 9 4
C 10 24
C 11 10
C 12 11
C 13 0
C 14 6
C 15 0
C 16 17
C 17 2
C 18 19
C 19 2
C 20 2
C 21 4
C 22 6
C 23 19
C 24 17
C 25 3
C 26 14
C 27 19
C 28 19
C 29 9
C 30 3
C 31 14
C 32 3
C 33 26
C 34 12
C 35 0
C 36 14
C 37 23
C 38 1
C 39 5
C 40 9
C 41 8
C 42 22
C 43 21
C 44 11
C 45 2
C 46 21
C 47 18
C 48 14
C 49 2
C 50 1
C 51 23
C 52 15
C 53 7
C 54 24
C 55 12
C 56 7
C 57 16
C 58 1
C 59 26
C 60 0
C 61 23
C 62 11
C 63 23
C 64 21
C 65 10
C 66 26
C 67 24
C 68 0
C 69 15
C 70 5
C 71 9
C 72 19
C 73 19
C 74 5
C 75 22
C 76 10
C 77 26
C 78 2
C 79 4
C 80 26
C 81 9
C 82 11
C 83 9
C 84 22
C 85 2
C 86 2
C 87 16
C 88 6
C 89 20
C 90 11
C 91 25
C 92 12
C 93 18
C 94 4
C 95 11
C 96 24
C 97 7
C 98 5
C 99 17
C 100 7
C 101 26
C 102 8
C 103 1
C 104 19
C 105 14
C 106 25
C 107 1
C 108 10
C 109 3
C 110 16
C 111 14
C 112 24
C 113 3
C 114 20
C 115 7
C 116 7
C 117 18
C 118 8
C 119 14
C 120 18
C 121 21
C 122 24
C 123 3
C 124 16
C 125 26
C 126 25
C 127 0
C 128 4
C 129 20
C 130 9
C 131 14
C 132 6
C 133 8
C 134 8
C 135 19
C 136 5
C 137 14
C 138 24
C 139 8
C 140 9
C 141 17
C 142 17
C 143 18
C 144 10
C 145 12
C 146 12
C 147 26
C 148 26
C 149 5
C 150 21
C 151 12
C 152 8
C 153 9
C 154 18
C 155 16
C 156 18
C 157 23
C 158 5
C 159 14
C 160 11
C 161 18
C 162 18
C 163 26
C 164 10
C 165 16
C 166 25
C 167 16
C 168 16
C 169 23
C 170 19
C 171 6
C 172 26
C 173 3
C 174 19
C 175 26
C 176 17
C 177 11
C 178 26
C 179 2
C 180 5
C 181 18
C 182 1
C 183 20
C 184 25
C 185 11
C 186 22
C 187 10
C 188 11
C 189 1
C 190 17
C 191 8
C 192 14
C 193 1
C 194 23
C 195 22
C 196 7
C 197 0
C 198 6
C 199 24
C 200 26
C 201 23
C 202 1
C 203 11
C 204 24
C 205 26
C 206 26
C 207 11
C 208 1
C 209 9
C 210 0
C 211 26
C 212 19
C 213 26
C 214 16
C 215 24
C 216 11
C 217 12
C 218 21
C 219 26
C 220 1
C 221 25
C 222 15
C 223 16
C 224 22
C 225 9
C 226 20
C 227 1
C 228 15
C 229 11
C 230 17
C 231 4
C 232 15
C 233 1
C 234 20
C 235 26
C 236 9
C 237 8
C 238 8
C 239 11
C 240 15
C 241 0
C 242 7
C 243 26
C 244 5
C 245 22
C 246 15
C 247 23
C 248 4
C 249 22
C 250 26
C 251 6
C 252 20
C 253 7
C 254 5
C 255 24
C 256 21
C 257 21
C 258 1
C 259 22
C 260 11
C 261 14
C 262 21
C 263 8
C 264 24
C 265 21
C 266 4
C 267 21
C 268 12
C 269 24
C 270 23
C 271 2
C 272 2
C 273 16
C 274 24
C 275 26
C 276 7
C 277 12
C 278 16
C 279 10
C 280 23
C 281 15
C 282 6
C 283 12
C 284 26
C 285 12
C 286 6
C 287 25
C 288 0
C 289 26
C 290 12
C 291 0
C 292 14
C 293 26
C 294 6
C 295 10
C 296 1
C 297 24
C 298 23
C 299 3
C 300 21
C 301 6
C 302 5
C 303 10
C 304 12
C 305 14
C 306 15
C 307 6
C 308 5
C 309 20
C 310 7
C 311 10
C 312 5
C 313 14
C 314 23
C 315 0
C 316 0
C 317 0
C 318 0
C 319 0
C 320 0
C 321 0
C 322 0
C 323 0
C 324 0
C 325 0
C 326 0
C 327 0
C 328 0
C 329 0
C 330 0
C 331 0
C 332 0
C 333 0
C 334 0
C 335 0
C 336 0
C 337 0
C 338 0
C 339 0
C 340 1
C 341 7
C 342 20
C 343 6
C 344 3
C 345 4
C 346 17
C 347 3
C 348 18
C 349 21
C 350 22
I 2 1 12 (3,0,1) (-1,1,0,0)|(1,1,1,0)|(1,0,1,0)|(-1,1,1,0)
I 3 2 16 (0,0,4) (0,1,1,0)
I 3 3 18 (1,4,5) (0,1,1,0)
