D (12,-1,-1) (0,5,2)
D (8,9,-1) (5,2,4)
D (10,-1,-1) (3,1,1)
D (8,9,10) (5,5,4)
D (9,10,11) (0,2,5)
D (10,11,12) (5,4,3)
D (9,-1,-1) (2,4,4)
D (12,-1,-1) (1,2,4)
D (11,12,-1) (2,0,1)
D (11,-1,-1) (2,4,3)
D (8,9,-1) (5,0,1)
D (7,8,9) (1,1,4)
D (11,12,-1) (4,1,0)
D (7,-1,-1) (2,3,4)
D (10,11,12) (3,3,0)
D (11,12,-1) (5,5,3)
D (9,-1,-1) (5,3,0)
D (12,-1,-1) (3,0,4)
D (8,9,-1) (0,4,5)
D (9,10,11) (3,5,2)
D (11,12,-1) (5,2,0)
D (7,8,-1) (1,2,2)
D (7,8,9) (1,5,4)
D (12,-1,-1) (2,3,0)
D (10,11,12) (3,5,4)
D (8,9,10) (4,3,0)
D (9,10,-1) (2,5,4)
D (9,-1,-1) (2,2,0)
D (7,8,-1) (1,5,2)
D (11,12,-1) (4,0,3)
D (12,-1,-1) (3,3,2)
D (7,8,-1) (3,3,5)
D (12,-1,-1) (1,2,3)
D (8,9,10) (4,2,5)
D (10,11,12) (4,5,0)
D (11,12,-1) (3,2,1)
D (12,-1,-1) (0,3,1)
D (12,-1,-1) (1,3,1)
D (12,-1,-1) (1,5,1)
D (9,10,11) (2,0,4)
D (12,-1,-1) (3,4,0)
D (8,-1,-1) (1,3,4)
D (8,-1,-1) (4,1,4)
D (11,12,-1) (3,0,5)
D (11,12,-1) (0,3,0)
D (10,11,12) (5,1,1)
D (12,-1,-1) (5,5,2)
D (10,11,-1) (4,2,3)
D (10,11,12) (2,3,3)
D (8,-1,-1) (0,1,0)
D (10,11,-1) (3,2,2)
D (7,8,9) (0,0,2)
D (10,11,12) (0,1,1)
D (12,-1,-1) (0,3,5)
D (8,-1,-1) (4,5,3)
D (11,12,-1) (2,2,2)
D (7,8,9) (4,1,2)
D (12,-1,-1) (5,4,4)
D (9,10,11) (0,2,3)
D (10,11,-1) (2,5,0)
D (9,10,11) (3,4,1)
D (8,9,10) (2,5,2)
D (7,-1,-1) (4,0,2)
D (11,12,-1) (0,1,4)
D (7,8,9) (5,0,3)
D (10,-1,-1) (5,4,5)
D (8,9,-1) (2,1,4)
D (9,-1,-1) (1,2,5)
D (10,11,12) (0,0,4)
D (10,11,-1) (0,3,4)
D (7,8,-1) (2,0,5)
D (8,-1,-1) (3,1,3)
D (10,11,12) (2,2,1)
D (8,9,-1) (0,1,3)
D (7,8,-1) (3,4,3)
D (12,-1,-1) (0,2,1)
D (9,-1,-1) (0,1,2)
D (10,11,-1) (0,5,0)
D (12,-1,-1) (3,3,3)
D (10,11,12) (3,5,1)
D (11,12,-1) (3,0,2)
D (8,9,-1) (5,3,1)
D (7,8,-1) (0,0,1)
D (9,10,11) (4,5,2)
D (12,-1,-1) (0,4,2)
D (9,10,-1) (0,0,3)
D (11,12,-1) (2,4,5)
C 0 2
C 1 25
C 2 3
C 3 24
C 4 5
C 5 8
C 6 10
C 7 8
C 8 7
C 9 3
C 10 3
C 11 20
C 12 10
C 13 15
C 14 20
C 15 4
C 16 7
C 17 12
C 18 14
C 19 11
C 20 15
C 21 17
C 22 24
C 23 17
C 24 5
C 25 11
C 26 7
C 27 26
C 28 21
C 29 21
C 30 26
C 31 21
C 32 14
C 33 15
C 34 5
C 35 20
C 36 5
C 37 0
C 38 20
C 39 11
C 40 6
C 41 6
C 42 22
C 43 26
C 44 25
C 45 21
C 46 24
C 47 14
C 48 10
C 49 16
C 50 8
C 51 4
C 52 11
C 53 4
C 54 17
C 55 2
C 56 15
C 57 14
C 58 24
C 59 11
C 60 0
C 61 14
C 62 0
C 63 7
C 64 19
C 65 2
C 66 21
C 67 19
C 68 1
C 69 25
C 70 3
C 71 12
C 72 3
C 73 8
C 74 11
C 75 26
C 76 20
C 77 19
C 78 16
C 79 11
C 80 7
C 81 4
C 82 10
C 83 12
C 84 4
C 85 21
C 86 4
C 87 2
C 88 18
C 89 4
C 90 24
C 91 6
C 92 22
C 93 25
C 94 7
C 95 5
C 96 19
C 97 1
C 98 3
C 99 11
C 100 5
C 101 0
C 102 0
C 103 0
C 104 0
C 105 0
C 106 0
C 107 0
C 108 0
C 109 0
C 110 0
C 111 0
C 112 0
C 113 0
C 114 0
C 115 0
C 116 0
C 117 0
C 118 0
C 119 0
C 120 0
C 121 0
C 122 0
C 123 0
C 124 0
C 125 0
C 126 0
C 127 0
C 128 0
C 129 0
C 130 0
C 131 0
C 132 0
C 133 0
C 134 0
C 135 0
C 136 0
C 137 0
C 138 0
C 139 0
C 140 0
C 141 0
C 142 0
C 143 0
C 144 0
C 145 0
C 146 0
C 147 0
C 148 0
C 149 0
C 150 0
C 151 0
C 152 0
C 153 0
C 154 0
C 155 0
C 156 0
C 157 0
C 158 0
C 159 0
C 160 0
C 161 0
C 162 0
C 163 0
C 164 0
C 165 0
C 166 0
C 167 0
C 168 0
C 169 0
C 170 0
C 171 0
C 172 0
C 173 0
C 174 0
C 175 0
C 176 0
C 177 0
C 178 0
C 179 0
C 180 0
C 181 0
C 182 0
C 183 0
C 184 0
C 185 0
C 186 0
C 187 0
C 188 0
C 189 0
C 190 0
C 191 0
C 192 0
C 193 0
C 194 0
C 195 0
C 196 0
C 197 0
C 198 0
C 199 0
C 200 0
C 201 0
C 202 0
C 203 0
C 204 0
C 205 0
C 206 0
C 207 0
C 208 0
C 209 0
C 210 0
C 211 0
C 212 0
C 213 0
C 214 0
C 215 0
C 216 0
C 217 0
C 218 0
C 219 0
C 220 0
C 221 0
C 222 0
C 223 0
C 224 0
C 225 0
C 226 0
C 227 0
C 228 0
C 229 0
C 230 0
C 231 0
C 232 0
C 233 0
C 234 0
C 235 0
C 236 0
C 237 0
C 238 0
C 239 0
C 240 0
C 241 20
C 242 17
C 243 5
C 244 22
C 245 14
C 246 24
C 247 23
C 248 19
C 249 20
C 250 14
C 251 4
C 252 4
C 253 11
C 254 9
C 255 23
C 256 8
C 257 20
C 258 3
C 259 21
C 260 8
C 261 9
C 262 8
C 263 9
C 264 6
C 265 26
C 266 3
C 267 2
C 268 21
C 269 10
C 270 5
C 271 25
C 272 9
C 273 8
C 274 24
C 275 12
C 276 2
C 277 14
C 278 3
C 279 26
C 280 4
C 281 15
C 282 25
C 283 12
C 284 0
C 285 23
C 286 24
C 287 0
C 288 18
C 289 18
C 290 23
C 291 15
C 292 24
C 293 26
C 294 22
C 295 18
C 296 8
C 297 3
C 298 3
C 299 12
C 300 17
C 301 16
C 302 22
C 303 26
C 304 26
C 305 0
C 306 0
C 307 15
C 308 21
C 309 8
C 310 16
C 311 4
C 312 5
C 313 8
C 314 26
C 315 2
C 316 3
C 317 23
C 318 4
C 319 10
C 320 20
C 321 0
C 322 21
C 323 18
C 324 18
C 325 21
C 326 22
C 327 1
C 328 15
C 329 10
C 330 21
C 331 25
C 332 2
C 333 5
C 334 5
C 335 11
C 336 21
C 337 3
C 338 26
C 339 26
C 340 23
C 341 25
C 342 23
C 343 21
C 344 15
C 345 22
C 346 6
C 347 24
C 348 22
C 349 25
C 350 8
I 2 3 20 (5,2,5) (0,-1,1,0)
I 0 1 15 (2,0,2) (-1,0,0,0)
I 0 2 17 (1,0,5) (0,0,-1,0)
