D (7,8,-1) (3,3,0)
D (10,11,-1) (2,3,1)
D (9,-1,-1) (4,0,3)
D (8,9,10) (2,4,3)
D (12,-1,-1) (0,1,1)
D (9,-1,-1) (1,1,2)
D (9,10,11) (2,1,0)
D (12,-1,-1) (0,3,4)
D (12,-1,-1) (2,4,4)
D (11,-1,-1) (0,0,1)
D (8,9,-1) (0,5,4)
D (8,9,10) (1,1,3)
D (9,10,11) (4,1,0)
D (9,-1,-1) (4,4,3)
D (12,-1,-1) (5,2,5)
D (9,10,-1) (3,5,0)
D (7,8,9) (5,4,5)
D (10,-1,-1) (0,2,0)
D (10,11,-1) (1,3,1)
D (12,-1,-1) (5,0,2)
D (11,-1,-1) (3,0,0)
D (12,-1,-1) (5,4,2)
D (12,-1,-1) (5,0,5)
D (7,8,-1) (3,0,1)
D (9,10,-1) (0,4,5)
D (7,8,-1) (1,0,5)
D (7,-1,-1) (1,2,3)
D (11,-1,-1) (4,0,0)
D (12,-1,-1) (2,5,0)
D (9,10,11) (0,2,2)
D (12,-1,-1) (5,4,0)
D (8,-1,-1) (1,0,2)
D (8,9,10) (0,4,3)
D (7,8,-1) (0,5,1)
D (12,-1,-1) (5,1,5)
D (11,12,-1) (1,3,4)
D (11,-1,-1) (1,1,5)
D (12,-1,-1) (3,1,2)
D (11,12,-1) (1,2,2)
D (12,-1,-1) (4,5,2)
D (11,12,-1) (4,0,1)
D (11,12,-1) (4,5,1)
D (9,-1,-1) (0,2,5)
D (11,12,-1) (2,3,5)
D (7,8,-1) (3,1,4)
D (9,10,-1) (1,3,5)
D (8,-1,-1) (5,0,0)
D (7,8,9) (1,2,1)
D (11,-1,-1) (2,4,2)
D (8,9,10) (3,0,3)
D (9,-1,-1) (1,2,5)
D (11,-1,-1) (3,4,0)
D (10,11,12) (3,3,4)
D (9,10,11) (3,5,2)
D (7,8,9) (4,3,1)
D (10,-1,-1) (4,3,3)
D (8,9,-1) (3,2,2)
C 0 21
C 1 5
C 2 19
C 3 16
C 4 16
C 5 22
C 6 11
C 7 15
C 8 25
C 9 23
C 10 9
C 11 12
C 12 0
C 13 0
C 14 0
C 15 0
C 16 0
C 17 0
C 18 0
C 19 0
C 20 0
C 21 0
C 22 0
C 23 0
C 24 0
C 25 0
C 26 0
C 27 0
C 28 0
C 29 0
C 30 0
C 31 0
C 32 0
C 33 0
C 34 0
C 35 0
C 36 0
C 37 0
C 38 0
C 39 0
C 40 0
C 41 0
C 42 0
C 43 0
C 44 0
C 45 0
C 46 0
C 47 0
C 48 0
C 49 0
C 50 0
C 51 0
C 52 0
C 53 0
C 54 0
C 55 0
C 56 0
C 57 0
C 58 0
C 59 0
C 60 0
C 61 0
C 62 0
C 63 0
C 64 0
C 65 0
C 66 0
C 67 0
C 68 0
C 69 0
C 70 0
C 71 0
C 72 0
C 73 0
C 74 0
C 75 0
C 76 0
C 77 0
C 78 0
C 79 8
C 80 15
C 81 4
C 82 11
C 83 21
C 84 18
C 85 1
C 86 14
C 87 0
C 88 16
C 89 22
C 90 15
C 91 5
C 92 24
C 93 20
C 94 1
C 95 24
C 96 3
C 97 0
C 98 3
C 99 25
C 100 6
C 101 7
C 102 9
C 103 2
C 104 22
C 105 2
C 106 22
C 107 16
C 108 21
C 109 0
C 110 24
C 111 14
C 112 16
C 113 24
C 114 6
C 115 7
C 116 10
C 117 17
C 118 15
C 119 22
C 120 14
C 121 1
C 122 8
C 123 2
C 124 4
C 125 3
C 126 24
C 127 21
C 128 8
C 129 26
C 130 24
C 131 19
C 132 19
C 133 21
C 134 20
C 135 18
C 136 5
C 137 19
C 138 12
C 139 15
C 140 0
C 141 22
C 142 2
C 143 9
C 144 6
C 145 19
C 146 10
C 147 25
C 148 22
C 149 3
C 150 6
C 151 6
C 152 9
C 153 4
C 154 12
C 155 4
C 156 20
C 157 2
C 158 7
C 159 2
C 160 21
C 161 2
C 162 9
C 163 20
C 164 1
C 165 7
C 166 2
C 167 22
C 168 25
C 169 3
C 170 5
C 171 14
C 172 8
C 173 24
C 174 21
C 175 1
C 176 8
C 177 3
C 178 8
C 179 1
C 180 20
C 181 8
C 182 12
C 183 5
C 184 4
C 185 10
C 186 3
C 187 21
C 188 1
C 189 12
C 190 22
C 191 19
C 192 16
C 193 6
C 194 10
C 195 2
C 196 16
C 197 10
C 198 1
C 199 12
C 200 26
C 201 0
C 202 0
C 203 0
C 204 0
C 205 0
C 206 0
C 207 0
C 208 0
C 209 0
C 210 0
C 211 0
C 212 0
C 213 0
C 214 0
C 215 0
C 216 0
C 217 0
C 218 0
C 219 0
C 220 0
C 221 0
C 222 0
C 223 0
C 224 0
C 225 0
C 226 0
C 227 0
C 228 0
C 229 0
C 230 0
C 231 0
C 232 0
C 233 2
C 234 9
C 235 21
C 236 8
C 237 19
C 238 8
C 239 12
C 240 9
C 241 12
C 242 25
C 243 0
C 244 19
C 245 9
C 246 22
C 247 18
C 248 22
C 249 0
C 250 0
C 251 0
C 252 0
C 253 0
C 254 0
C 255 0
C 256 0
C 257 0
C 258 0
C 259 0
C 260 0
C 261 0
C 262 0
C 263 0
C 264 0
C 265 0
C 266 0
C 267 0
C 268 0
C 269 0
C 270 0
C 271 0
C 272 0
C 273 0
C 274 0
C 275 0
C 276 0
C 277 0
C 278 0
C 279 0
C 280 0
C 281 0
C 282 0
C 283 0
C 284 0
C 285 0
C 286 0
C 287 0
C 288 0
C 289 0
C 290 0
C 291 0
C 292 0
C 293 0
C 294 0
C 295 0
C 296 0
C 297 0
C 298 0
C 299 0
C 300 0
C 301 0
C 302 0
C 303 0
C 304 0
C 305 4
C 306 14
C 307 10
C 308 2
C 309 17
C 310 22
C 311 11
C 312 16
C 313 16
C 314 10
C 315 22
C 316 3
C 317 12
C 318 23
C 319 20
C 320 17
C 321 20
C 322 8
C 323 12
C 324 0
C 325 9
C 326 15
C 327 23
C 328 25
C 329 15
C 330 23
C 331 9
C 332 7
C 333 0
C 334 7
C 335 16
C 336 12
C 337 8
C 338 21
C 339 17
C 340 25
C 341 22
C 342 11
C 343 23
C 344 25
C 345 1
C 346 5
C 347 2
C 348 4
C 349 10
C 350 18
I 5 2 1 (3,4,2) (0,1,1,0)|(-1,-1,0,0)|(0,1,-1,0)|(-1,1,0,0)
I 0 2 9 (3,4,5) (1,0,0,0)
I 5 1 14 (1,0,3) (-1,1,1,0)
