D (9,10,11) (3,0,5)
D (12,-1,-1) (0,0,5)
D (9,10,-1) (2,5,2)
D (11,12,-1) (3,4,1)
D (7,-1,-1) (1,1,3)
D (10,11,12) (3,0,1)
D (11,12,-1) (4,2,2)
D (7,-1,-1) (2,3,3)
D (12,-1,-1) (1,4,0)
D (10,11,12) (5,3,4)
D (11,-1,-1) (5,5,3)
D (7,8,-1) (4,5,3)
D (8,9,10) (3,1,2)
D (7,8,-1) (3,4,3)
D (12,-1,-1) (4,5,1)
D (7,8,9) (3,3,1)
D (12,-1,-1) (5,1,1)
D (8,-1,-1) (0,4,1)
D (10,11,-1) (3,2,5)
D (10,11,12) (1,3,4)
D (12,-1,-1) (3,2,0)
D (12,-1,-1) (5,2,3)
D (12,-1,-1) (5,1,3)
D (10,-1,-1) (1,0,4)
D (8,9,-1) (1,1,2)
D (10,-1,-1) (2,2,4)
D (8,9,10) (5,5,0)
D (9,-1,-1) (1,5,3)
D (9,-1,-1) (3,2,3)
D (12,-1,-1) (5,3,1)
D (8,9,-1) (2,1,2)
D (12,-1,-1) (0,3,5)
D (8,9,10) (2,1,5)
D (8,9,-1) (3,5,3)
D (12,-1,-1) (4,5,4)
D (10,11,-1) (4,1,2)
D (10,11,12) (4,1,5)
D (12,-1,-1) (3,1,0)
D (8,-1,-1) (1,2,4)
D (12,-1,-1) (1,4,2)
D (11,12,-1) (0,3,2)
D (7,-1,-1) (5,2,4)
D (9,10,11) (5,4,3)
D (12,-1,-1) (5,5,4)
D (8,9,-1) (1,0,5)
D (7,-1,-1) (5,0,0)
D (10,-1,-1) (4,2,0)
D (10,11,12) (1,1,0)
C 0 10
C 1 15
C 2 14
C 3 0
C 4 0
C 5 0
C 6 0
C 7 0
C 8 0
C 9 0
C 10 0
C 11 0
C 12 0
C 13 0
C 14 0
C 15 0
C 16 0
C 17 0
C 18 0
C 19 0
C 20 0
C 21 0
C 22 0
C 23 0
C 24 0
C 25 0
C 26 0
C 27 0
C 28 0
C 29 0
C 30 0
C 31 0
C 32 0
C 33 0
C 34 0
C 35 0
C 36 0
C 37 0
C 38 0
C 39 0
C 40 0
C 41 0
C 42 0
C 43 0
C 44 0
C 45 0
C 46 0
C 47 0
C 48 0
C 49 0
C 50 0
C 51 0
C 52 0
C 53 0
C 54 0
C 55 0
C 56 0
C 57 0
C 58 0
C 59 0
C 60 0
C 61 0
C 62 0
C 63 0
C 64 0
C 65 0
C 66 0
C 67 0
C 68 0
C 69 0
C 70 0
C 71 0
C 72 0
C 73 0
C 74 0
C 75 0
C 76 0
C 77 0
C 78 1
C 79 24
C 80 24
C 81 11
C 82 17
C 83 19
C 84 2
C 85 23
C 86 10
C 87 26
C 88 26
C 89 21
C 90 24
C 91 2
C 92 24
C 93 14
C 94 20
C 95 4
C 96 9
C 97 16
C 98 2
C 99 20
C 100 26
C 101 8
C 102 7
C 103 12
C 104 17
C 105 16
C 106 18
C 107 21
C 108 1
C 109 12
C 110 7
C 111 18
C 112 24
C 113 24
C 114 17
C 115 25
C 116 5
C 117 18
C 118 11
C 119 22
C 120 25
C 121 18
C 122 2
C 123 26
C 124 21
C 125 0
C 126 25
C 127 11
C 128 3
C 129 1
C 130 7
C 131 15
C 132 17
C 133 1
C 134 21
C 135 4
C 136 2
C 137 10
C 138 0
C 139 15
C 140 2
C 141 14
C 142 20
C 143 10
C 144 16
C 145 10
C 146 5
C 147 19
C 148 2
C 149 25
C 150 8
C 151 7
C 152 15
C 153 21
C 154 0
C 155 5
C 156 18
C 157 2
C 158 20
C 159 26
C 160 20
C 161 9
C 162 25
C 163 21
C 164 12
C 165 11
C 166 16
C 167 15
C 168 25
C 169 10
C 170 12
C 171 20
C 172 12
C 173 18
C 174 23
C 175 0
C 176 2
C 177 17
C 178 4
C 179 16
C 180 17
C 181 10
C 182 19
C 183 26
C 184 7
C 185 23
C 186 14
C 187 26
C 188 14
C 189 12
C 190 24
C 191 21
C 192 7
C 193 9
C 194 21
C 195 25
C 196 0
C 197 6
C 198 18
C 199 0
C 200 5
C 201 1
C 202 7
C 203 17
C 204 26
C 205 0
C 206 0
C 207 0
C 208 0
C 209 0
C 210 0
C 211 0
C 212 0
C 213 0
C 214 0
C 215 0
C 216 0
C 217 0
C 218 0
C 219 0
C 220 0
C 221 0
C 222 0
C 223 0
C 224 0
C 225 0
C 226 0
C 227 0
C 228 0
C 229 0
C 230 0
C 231 0
C 232 0
C 233 0
C 234 0
C 235 0
C 236 0
C 237 0
C 238 0
C 239 0
C 240 0
C 241 0
C 242 0
C 243 0
C 244 0
C 245 0
C 246 0
C 247 0
C 248 0
C 249 0
C 250 0
C 251 0
C 252 0
C 253 0
C 254 0
C 255 0
C 256 0
C 257 0
C 258 0
C 259 0
C 260 0
C 261 0
C 262 0
C 263 0
C 264 0
C 265 0
C 266 0
C 267 0
C 268 0
C 269 0
C 270 0
C 271 0
C 272 0
C 273 0
C 274 0
C 275 0
C 276 0
C 277 0
C 278 0
C 279 0
C 280 0
C 281 0
C 282 0
C 283 0
C 284 0
C 285 0
C 286 0
C 287 0
C 288 0
C 289 0
C 290 0
C 291 0
C 292 0
C 293 0
C 294 0
C 295 0
C 296 0
C 297 0
C 298 0
C 299 0
C 300 0
C 301 0
C 302 0
C 303 0
C 304 0
C 305 0
C 306 0
C 307 0
C 308 0
C 309 0
C 310 0
C 311 0
C 312 0
C 313 0
C 314 0
C 315 0
C 316 0
C 317 0
C 318 0
C 319 0
C 320 0
C 321 0
C 322 0
C 323 0
C 324 1
C 325 26
C 326 0
C 327 4
C 328 8
C 329 25
C 330 10
C 331 26
C 332 1
C 333 3
C 334 9
C 335 1
C 336 9
C 337 7
C 338 11
C 339 14
C 340 18
C 341 10
C 342 20
C 343 3
C 344 4
C 345 26
C 346 5
C 347 23
C 348 14
C 349 2
C 350 11
I 2 2 5 (2,2,1) (0,-1,0,0)
I 1 1 3 (1,1,1) (1,1,0,0)
I 4 3 14 (2,3,5) (0,0,0,0)
