D (10,11,12) (4,4,2)
D (8,9,10) (4,2,2)
D (12,-1,-1) (5,4,2)
D (8,-1,-1) (0,0,1)
D (10,-1,-1) (2,4,2)
D (11,12,-1) (3,1,2)
D (7,8,-1) (5,5,4)
D (9,-1,-1) (2,2,5)
D (7,-1,-1) (0,2,0)
D (11,12,-1) (0,2,5)
D (11,12,-1) (0,4,2)
D (9,-1,-1) (1,2,2)
D (9,-1,-1) (5,3,1)
D (7,-1,-1) (3,1,3)
D (7,-1,-1) (0,3,1)
D (10,11,12) (4,0,3)
D (10,11,-1) (0,2,4)
D (9,-1,-1) (1,0,4)
D (12,-1,-1) (3,4,4)
D (8,9,-1) (1,0,2)
D (12,-1,-1) (5,1,0)
D (9,10,11) (0,1,4)
D (9,-1,-1) (4,3,0)
D (10,-1,-1) (2,4,0)
D (9,10,11) (0,0,2)
D (11,-1,-1) (0,3,4)
D (12,-1,-1) (0,1,2)
D (9,10,-1) (2,2,4)
D (10,-1,-1) (1,0,0)
D (8,9,-1) (4,0,5)
D (10,11,12) (1,4,4)
D (11,12,-1) (5,5,0)
D (10,11,-1) (4,5,4)
D (7,8,-1) (0,0,3)
D (8,9,10) (2,2,0)
D (10,11,12) (4,1,4)
D (8,-1,-1) (5,2,1)
D (8,-1,-1) (3,0,4)
D (7,8,-1) (1,1,0)
D (8,9,10) (1,3,3)
D (12,-1,-1) (2,5,4)
D (10,11,-1) (2,5,1)
D (7,8,9) (4,1,2)
D (8,-1,-1) (1,5,4)
D (11,12,-1) (4,3,4)
D (10,11,-1) (2,1,4)
D (11,-1,-1) (4,1,5)
D (7,8,-1) (4,4,4)
D (7,-1,-1) (1,1,3)
D (10,11,-1) (5,1,2)
D (12,-1,-1) (2,1,2)
D (8,9,10) (1,2,3)
D (12,-1,-1) (0,5,0)
D (7,8,9) (0,4,5)
C 0 26
C 1 10
C 2 23
C 3 15
C 4 11
C 5 9
C 6 25
C 7 17
C 8 22
C 9 10
C 10 20
C 11 10
C 12 5
C 13 3
C 14 1
C 15 3
C 16 7
C 17 15
C 18 24
C 19 5
C 20 0
C 21 3
C 22 11
C 23 10
C 24 5
C 25 10
C 26 2
C 27 9
C 28 4
C 29 24
C 30 17
C 31 4
C 32 1
C 33 2
C 34 18
C 35 0
C 36 20
C 37 19
C 38 5
C 39 25
C 40 26
C 41 6
C 42 15
C 43 15
C 44 0
C 45 25
C 46 5
C 47 19
C 48 14
C 49 26
C 50 12
C 51 19
C 52 21
C 53 4
C 54 19
C 55 18
C 56 25
C 57 6
C 58 23
C 59 2
C 60 15
C 61 26
C 62 3
C 63 22
C 64 4
C 65 26
C 66 0
C 67 22
C 68 19
C 69 26
C 70 7
C 71 14
C 72 6
C 73 25
C 74 11
C 75 1
C 76 21
C 77 20
C 78 18
C 79 9
C 80 18
C 81 18
C 82 17
C 83 0
C 84 4
C 85 18
C 86 26
C 87 24
C 88 4
C 89 20
C 90 23
C 91 2
C 92 0
C 93 7
C 94 0
C 95 9
C 96 19
C 97 18
C 98 4
C 99 19
C 100 10
C 101 15
C 102 21
C 103 7
C 104 25
C 105 10
C 106 0
C 107 1
C 108 11
C 109 4
C 110 18
C 111 2
C 112 6
C 113 12
C 114 5
C 115 9
C 116 7
C 117 9
C 118 18
C 119 22
C 120 0
C 121 9
C 122 17
C 123 21
C 124 18
C 125 22
C 126 1
C 127 19
C 128 10
C 129 22
C 130 11
C 131 4
C 132 26
C 133 0
C 134 17
C 135 4
C 136 5
C 137 1
C 138 6
C 139 5
C 140 8
C 141 26
C 142 10
C 143 26
C 144 10
C 145 1
C 146 8
C 147 1
C 148 23
C 149 21
C 150 3
C 151 3
C 152 1
C 153 12
C 154 6
C 155 0
C 156 0
C 157 0
C 158 0
C 159 0
C 160 0
C 161 0
C 162 0
C 163 0
C 164 0
C 165 0
C 166 0
C 167 0
C 168 0
C 169 0
C 170 0
C 171 0
C 172 0
C 173 0
C 174 0
C 175 0
C 176 0
C 177 0
C 178 0
C 179 0
C 180 0
C 181 0
C 182 0
C 183 0
C 184 0
C 185 0
C 186 0
C 187 0
C 188 0
C 189 0
C 190 0
C 191 0
C 192 0
C 193 0
C 194 0
C 195 0
C 196 0
C 197 0
C 198 0
C 199 0
C 200 0
C 201 0
C 202 0
C 203 0
C 204 0
C 205 0
C 206 0
C 207 0
C 208 0
C 209 0
C 210 0
C 211 0
C 212 0
C 213 0
C 214 0
C 215 0
C 216 0
C 217 0
C 218 0
C 219 0
C 220 0
C 221 0
C 222 0
C 223 0
C 224 0
C 225 0
C 226 0
C 227 0
C 228 0
C 229 0
C 230 0
C 231 0
C 232 0
C 233 0
C 234 0
C 235 0
C 236 0
C 237 0
C 238 0
C 239 0
C 240 0
C 241 0
C 242 0
C 243 0
C 244 0
C 245 0
C 246 0
C 247 0
C 248 0
C 249 0
C 250 0
C 251 0
C 252 0
C 253 0
C 254 0
C 255 0
C 256 0
C 257 0
C 258 0
C 259 0
C 260 0
C 261 0
C 262 0
C 263 0
C 264 9
C 265 26
C 266 24
C 267 21
C 268 17
C 269 18
C 270 26
C 271 4
C 272 10
C 273 23
C 274 18
C 275 10
C 276 17
C 277 2
C 278 14
C 279 20
C 280 4
C 281 25
C 282 19
C 283 11
C 284 6
C 285 20
C 286 25
C 287 16
C 288 7
C 289 8
C 290 15
C 291 26
C 292 25
C 293 22
C 294 16
C 295 20
C 296 22
C 297 6
C 298 23
C 299 1
C 300 22
C 301 10
C 302 15
C 303 5
C 304 20
C 305 11
C 306 1
C 307 16
C 308 3
C 309 15
C 310 11
C 311 15
C 312 24
C 313 11
C 314 7
C 315 5
C 316 24
C 317 11
C 318 21
C 319 15
C 320 22
C 321 11
C 322 24
C 323 24
C 324 9
C 325 3
C 326 6
C 327 24
C 328 19
C 329 0
C 330 25
C 331 23
C 332 22
C 333 0
C 334 17
C 335 12
C 336 4
C 337 14
C 338 20
C 339 2
C 340 8
C 341 16
C 342 6
C 343 25
C 344 17
C 345 15
C 346 25
C 347 16
C 348 23
C 349 2
C 350 18
I 0 1 1 (4,2,3) (-1,1,0,0)
I 4 2 6 (2,4,1) (-1,1,0,0)
I 0 2 7 (0,5,3) (0,-1,1,0)|(-1,1,0,0)
