D (10,11,12) (5,4,3)
D (8,9,10) (5,3,1)
D (9,-1,-1) (4,3,2)
D (9,-1,-1) (5,3,2)
D (7,8,-1) (0,1,5)
D (9,-1,-1) (2,2,5)
D (9,10,-1) (5,1,3)
D (10,-1,-1) (2,3,4)
D (11,-1,-1) (4,4,5)
D (11,-1,-1) (2,5,1)
D (11,12,-1) (0,1,2)
D (10,-1,-1) (0,5,0)
D (12,-1,-1) (2,2,0)
D (9,10,-1) (3,0,5)
D (8,9,-1) (5,3,3)
D (11,12,-1) (2,4,0)
D (7,-1,-1) (3,4,5)
D (10,11,12) (0,5,1)
D (8,-1,-1) (1,4,1)
D (11,12,-1) (5,4,0)
D (12,-1,-1) (4,3,0)
D (7,8,-1) (5,5,1)
D (8,9,-1) (3,0,0)
D (7,8,-1) (0,5,4)
D (9,-1,-1) (3,4,4)
D (7,-1,-1) (2,3,0)
D (8,9,-1) (2,4,1)
D (11,12,-1) (3,2,3)
D (9,-1,-1) (5,2,4)
D (11,-1,-1) (3,5,0)
D (11,12,-1) (5,0,3)
D (11,12,-1) (0,1,1)
D (9,10,11) (1,0,5)
D (7,-1,-1) (3,1,5)
D (8,9,10) (4,3,3)
D (7,8,9) (5,0,4)
D (12,-1,-1) (5,0,5)
D (8,9,10) (3,1,3)
D (7,8,9) (4,5,2)
D (7,-1,-1) (2,0,1)
D (10,-1,-1) (4,3,1)
D (12,-1,-1) (5,1,4)
D (10,-1,-1) (5,4,2)
D (8,-1,-1) (2,0,5)
D (8,9,10) (1,2,0)
D (9,10,11) (1,4,3)
D (11,12,-1) (1,2,1)
D (10,11,-1) (5,0,1)
D (9,10,11) (2,4,5)
D (9,10,-1) (2,4,4)
D (11,-1,-1) (4,4,4)
D (7,-1,-1) (1,1,3)
D (7,8,-1) (5,1,1)
D (8,-1,-1) (4,1,3)
D (12,-1,-1) (2,1,5)
D (7,8,-1) (2,0,4)
D (9,-1,-1) (0,0,3)
C 0 21
C 1 11
C 2 23
C 3 11
C 4 12
C 5 6
C 6 25
C 7 15
C 8 4
C 9 25
C 10 23
C 11 9
C 12 1
C 13 15
C 14 9
C 15 4
C 16 20
C 17 4
C 18 14
C 19 15
C 20 24
C 21 18
C 22 2
C 23 6
C 24 10
C 25 16
C 26 18
C 27 0
C 28 11
C 29 21
C 30 16
C 31 16
C 32 0
C 33 9
C 34 14
C 35 18
C 36 21
C 37 1
C 38 24
C 39 22
C 40 6
C 41 26
C 42 23
C 43 23
C 44 24
C 45 10
C 46 5
C 47 24
C 48 4
C 49 1
C 50 21
C 51 19
C 52 19
C 53 16
C 54 1
C 55 22
C 56 22
C 57 16
C 58 7
C 59 24
C 60 2
C 61 16
C 62 6
C 63 25
C 64 18
C 65 12
C 66 3
C 67 4
C 68 9
C 69 2
C 70 7
C 71 20
C 72 9
C 73 22
C 74 19
C 75 10
C 76 1
C 77 7
C 78 21
C 79 6
C 80 21
C 81 8
C 82 17
C 83 18
C 84 1
C 85 8
C 86 19
C 87 26
C 88 20
C 89 24
C 90 23
C 91 18
C 92 17
C 93 5
C 94 20
C 95 14
C 96 25
C 97 10
C 98 5
C 99 20
C 100 14
C 101 9
C 102 20
C 103 16
C 104 14
C 105 7
C 106 11
C 107 17
C 108 2
C 109 12
C 110 0
C 111 12
C 112 2
C 113 3
C 114 11
C 115 23
C 116 1
C 117 19
C 118 25
C 119 9
C 120 2
C 121 2
C 122 15
C 123 8
C 124 17
C 125 4
C 126 11
C 127 9
C 128 22
C 129 15
C 130 9
C 131 5
C 132 23
C 133 9
C 134 26
C 135 1
C 136 18
C 137 20
C 138 0
C 139 0
C 140 0
C 141 0
C 142 0
C 143 0
C 144 0
C 145 0
C 146 0
C 147 0
C 148 0
C 149 0
C 150 0
C 151 0
C 152 0
C 153 0
C 154 0
C 155 0
C 156 0
C 157 0
C 158 0
C 159 0
C 160 0
C 161 0
C 162 0
C 163 0
C 164 0
C 165 0
C 166 0
C 167 0
C 168 0
C 169 0
C 170 0
C 171 0
C 172 0
C 173 0
C 174 0
C 175 0
C 176 0
C 177 0
C 178 0
C 179 0
C 180 0
C 181 0
C 182 0
C 183 0
C 184 0
C 185 0
C 186 0
C 187 0
C 188 0
C 189 0
C 190 0
C 191 0
C 192 0
C 193 0
C 194 0
C 195 0
C 196 0
C 197 0
C 198 0
C 199 8
C 200 8
C 201 16
C 202 10
C 203 6
C 204 19
C 205 9
C 206 10
C 207 2
C 208 8
C 209 12
C 210 4
C 211 19
C 212 12
C 213 1
C 214 2
C 215 0
C 216 22
C 217 23
C 218 2
C 219 18
C 220 25
C 221 11
C 222 16
C 223 14
C 224 20
C 225 23
C 226 11
C 227 7
C 228 8
C 229 9
C 230 24
C 231 14
C 232 15
C 233 0
C 234 12
C 235 14
C 236 22
C 237 10
C 238 9
C 239 10
C 240 26
C 241 20
C 242 10
C 243 3
C 244 24
C 245 19
C 246 4
C 247 18
C 248 7
C 249 5
C 250 20
C 251 3
C 252 3
C 253 1
C 254 15
C 255 9
C 256 15
C 257 16
C 258 6
C 259 2
C 260 2
C 261 12
C 262 24
C 263 19
C 264 26
C 265 15
C 266 18
C 267 20
C 268 15
C 269 0
C 270 18
C 271 14
C 272 26
C 273 24
C 274 12
C 275 3
C 276 10
C 277 25
C 278 0
C 279 25
C 280 2
C 281 17
C 282 9
C 283 1
C 284 15
C 285 12
C 286 6
C 287 20
C 288 15
C 289 8
C 290 19
C 291 19
C 292 26
C 293 11
C 294 10
C 295 11
C 296 20
C 297 10
C 298 17
C 299 4
C 300 6
C 301 22
C 302 22
C 303 0
C 304 20
C 305 4
C 306 2
C 307 26
C 308 26
C 309 18
C 310 10
C 311 15
C 312 22
C 313 20
C 314 17
C 315 11
C 316 8
C 317 18
C 318 20
C 319 26
C 320 4
C 321 26
C 322 4
C 323 12
C 324 25
C 325 0
C 326 9
C 327 26
C 328 22
C 329 25
C 330 12
C 331 6
C 332 17
C 333 23
C 334 11
C 335 8
C 336 23
C 337 0
C 338 22
C 339 10
C 340 3
C 341 12
C 342 10
C 343 0
C 344 11
C 345 9
C 346 23
C 347 24
C 348 4
C 349 14
C 350 1
I 4 2 13 (0,1,3) (1,-1,-1,0)
I 2 2 2 (2,5,0) (0,0,0,0)|(-1,-1,0,0)
I 4 2 2 (0,3,3) (0,0,-1,0)
