D (10,11,12) (5,2,2)
D (10,11,-1) (3,0,4)
D (8,-1,-1) (4,5,1)
D (7,8,-1) (5,4,2)
D (7,8,9) (4,1,1)
D (12,-1,-1) (4,4,1)
D (8,9,10) (4,5,2)
D (10,11,12) (5,5,0)
D (11,-1,-1) (4,3,4)
D (10,11,-1) (3,3,4)
D (8,9,-1) (3,3,1)
D (11,12,-1) (0,5,4)
D (8,-1,-1) (1,5,4)
D (12,-1,-1) (2,0,3)
D (8,9,-1) (5,1,4)
D (10,11,12) (1,3,5)
D (10,11,-1) (2,5,0)
D (7,8,9) (1,5,5)
D (9,-1,-1) (5,5,4)
D (10,11,12) (1,2,2)
D (11,-1,-1) (4,3,3)
D (10,11,12) (2,3,5)
D (10,-1,-1) (4,0,2)
D (12,-1,-1) (3,4,2)
D (11,-1,-1) (5,1,0)
D (7,-1,-1) (3,4,0)
D (10,11,12) (2,1,0)
D (12,-1,-1) (5,4,0)
D (10,11,-1) (4,3,5)
D (10,11,-1) (3,1,1)
D (10,11,12) (2,4,5)
D (8,-1,-1) (5,2,0)
D (12,-1,-1) (0,1,1)
D (8,9,-1) (3,3,5)
D (10,11,12) (3,5,3)
D (9,10,11) (1,1,5)
D (12,-1,-1) (4,3,0)
D (7,8,9) (4,3,1)
D (9,-1,-1) (1,0,3)
D (12,-1,-1) (3,4,1)
D (7,-1,-1) (4,2,3)
D (11,12,-1) (5,2,4)
D (9,10,-1) (4,1,5)
D (11,-1,-1) (2,5,4)
D (7,8,9) (2,1,1)
D (8,9,10) (4,4,2)
D (7,-1,-1) (3,1,3)
C 0 22
C 1 21
C 2 3
C 3 24
C 4 18
C 5 3
C 6 11
C 7 14
C 8 3
C 9 12
C 10 19
C 11 21
C 12 16
C 13 9
C 14 0
C 15 19
C 16 19
C 17 24
C 18 14
C 19 1
C 20 0
C 21 11
C 22 6
C 23 12
C 24 19
C 25 4
C 26 23
C 27 7
C 28 9
C 29 7
C 30 17
C 31 21
C 32 24
C 33 5
C 34 7
C 35 10
C 36 5
C 37 2
C 38 20
C 39 5
C 40 0
C 41 10
C 42 2
C 43 6
C 44 4
C 45 18
C 46 16
C 47 22
C 48 12
C 49 5
C 50 6
C 51 3
C 52 16
C 53 15
C 54 3
C 55 8
C 56 17
C 57 17
C 58 18
C 59 19
C 60 19
C 61 12
C 62 18
C 63 6
C 64 15
C 65 17
C 66 9
C 67 7
C 68 14
C 69 25
C 70 3
C 71 15
C 72 2
C 73 17
C 74 14
C 75 5
C 76 17
C 77 22
C 78 25
C 79 18
C 80 12
C 81 17
C 82 10
C 83 20
C 84 10
C 85 16
C 86 0
C 87 20
C 88 17
C 89 23
C 90 17
C 91 14
C 92 7
C 93 20
C 94 2
C 95 10
C 96 24
C 97 17
C 98 3
C 99 23
C 100 24
C 101 4
C 102 9
C 103 15
C 104 22
C 105 10
C 106 4
C 107 15
C 108 10
C 109 3
C 110 8
C 111 5
C 112 0
C 113 1
C 114 1
C 115 6
C 116 22
C 117 15
C 118 15
C 119 7
C 120 18
C 121 2
C 122 1
C 123 22
C 124 8
C 125 15
C 126 1
C 127 8
C 128 12
C 129 20
C 130 10
C 131 20
C 132 22
C 133 10
C 134 23
C 135 18
C 136 0
C 137 23
C 138 7
C 139 22
C 140 18
C 141 4
C 142 17
C 143 7
C 144 11
C 145 16
C 146 10
C 147 0
C 148 0
C 149 0
C 150 0
C 151 0
C 152 0
C 153 0
C 154 0
C 155 0
C 156 0
C 157 0
C 158 0
C 159 0
C 160 0
C 161 0
C 162 0
C 163 0
C 164 0
C 165 0
C 166 0
C 167 0
C 168 0
C 169 0
C 170 0
C 171 0
C 172 0
C 173 0
C 174 0
C 175 0
C 176 0
C 177 0
C 178 0
C 179 0
C 180 0
C 181 0
C 182 0
C 183 0
C 184 0
C 185 0
C 186 0
C 187 0
C 188 0
C 189 0
C 190 0
C 191 0
C 192 0
C 193 0
C 194 0
C 195 0
C 196 0
C 197 0
C 198 0
C 199 0
C 200 0
C 201 0
C 202 0
C 203 0
C 204 0
C 205 0
C 206 0
C 207 12
C 208 1
C 209 5
C 210 14
C 211 17
C 212 5
C 213 15
C 214 12
C 215 24
C 216 1
C 217 3
C 218 24
C 219 3
C 220 9
C 221 16
C 222 23
C 223 8
C 224 7
C 225 6
C 226 15
C 227 9
C 228 17
C 229 23
C 230 16
C 231 21
C 232 0
C 233 0
C 234 0
C 235 0
C 236 0
C 237 0
C 238 0
C 239 0
C 240 0
C 241 0
C 242 0
C 243 0
C 244 0
C 245 0
C 246 0
C 247 0
C 248 0
C 249 0
C 250 0
C 251 0
C 252 0
C 253 0
C 254 0
C 255 0
C 256 0
C 257 0
C 258 0
C 259 0
C 260 0
C 261 0
C 262 0
C 263 0
C 264 0
C 265 0
C 266 0
C 267 0
C 268 0
C 269 0
C 270 0
C 271 0
C 272 0
C 273 0
C 274 0
C 275 0
C 276 0
C 277 0
C 278 0
C 279 0
C 280 0
C 281 0
C 282 0
C 283 0
C 284 0
C 285 0
C 286 0
C 287 0
C 288 0
C 289 0
C 290 0
C 291 0
C 292 0
C 293 0
C 294 0
C 295 0
C 296 0
C 297 0
C 298 0
C 299 0
C 300 0
C 301 0
C 302 0
C 303 0
C 304 0
C 305 0
C 306 0
C 307 0
C 308 0
C 309 0
C 310 0
C 311 0
C 312 8
C 313 3
C 314 23
C 315 25
C 316 25
C 317 19
C 318 8
C 319 6
C 320 17
C 321 26
C 322 4
C 323 16
C 324 18
C 325 8
C 326 26
C 327 10
C 328 25
C 329 6
C 330 6
C 331 14
C 332 2
C 333 4
C 334 4
C 335 26
C 336 8
C 337 22
C 338 14
C 339 17
C 340 3
C 341 15
C 342 3
C 343 7
C 344 8
C 345 20
C 346 5
C 347 10
C 348 26
C 349 25
C 350 22
I 3 3 5 (1,5,3) (0,-1,0,0)|(0,0,-1,0)
I 0 3 16 (4,2,0) (-1,0,0,0)|(1,0,1,0)
I 1 2 6 (5,1,4) (-1,0,-1,0)
