D (9,-1,-1) (1,0,3)
D (9,-1,-1) (2,0,5)
D (12,-1,-1) (2,0,1)
D (11,-1,-1) (2,0,2)
D (7,8,9) (3,3,2)
D (10,-1,-1) (0,1,1)
D (11,12,-1) (0,4,1)
D (8,9,-1) (1,1,3)
D (10,-1,-1) (0,5,3)
D (11,-1,-1) (1,3,5)
D (11,12,-1) (0,3,2)
D (11,-1,-1) (3,0,0)
D (8,-1,-1) (5,5,0)
D (12,-1,-1) (3,1,3)
D (7,8,9) (4,5,0)
D (7,-1,-1) (0,4,4)
D (9,10,-1) (1,2,5)
D (10,-1,-1) (4,3,2)
D (12,-1,-1) (0,1,2)
D (10,11,12) (1,3,1)
D (10,-1,-1) (4,2,4)
D (9,10,11) (3,2,4)
D (11,-1,-1) (5,0,4)
D (10,-1,-1) (3,3,4)
D (7,-1,-1) (2,2,2)
D (8,9,10) (2,2,5)
D (7,8,-1) (1,2,1)
D (7,8,9) (0,0,5)
D (7,-1,-1) (4,1,0)
D (8,9,10) (1,4,4)
D (7,8,-1) (5,1,1)
D (12,-1,-1) (3,4,4)
D (10,-1,-1) (0,0,4)
D (8,9,-1) (4,0,0)
D (7,-1,-1) (3,5,3)
D (11,-1,-1) (0,4,5)
D (11,-1,-1) (2,5,0)
D (7,-1,-1) (1,5,3)
D (9,-1,-1) (0,1,3)
D (10,11,-1) (5,2,1)
D (9,10,11) (3,0,3)
C 0 15
C 1 23
C 2 4
C 3 21
C 4 21
C 5 12
C 6 24
C 7 10
C 8 12
C 9 17
C 10 12
C 11 0
C 12 15
C 13 18
C 14 22
C 15 2
C 16 23
C 17 19
C 18 22
C 19 0
C 20 3
C 21 24
C 22 8
C 23 17
C 24 19
C 25 26
C 26 18
C 27 15
C 28 25
C 29 25
C 30 2
C 31 1
C 32 7
C 33 10
C 34 10
C 35 25
C 36 3
C 37 3
C 38 11
C 39 22
C 40 24
C 41 3
C 42 15
C 43 16
C 44 26
C 45 24
C 46 14
C 47 14
C 48 19
C 49 24
C 50 3
C 51 7
C 52 16
C 53 4
C 54 19
C 55 20
C 56 22
C 57 18
C 58 10
C 59 26
C 60 0
C 61 14
C 62 8
C 63 5
C 64 20
C 65 22
C 66 0
C 67 0
C 68 0
C 69 0
C 70 0
C 71 0
C 72 10
C 73 23
C 74 16
C 75 1
C 76 23
C 77 18
C 78 1
C 79 22
C 80 14
C 81 8
C 82 19
C 83 16
C 84 18
C 85 11
C 86 20
C 87 0
C 88 12
C 89 8
C 90 15
C 91 21
C 92 23
C 93 9
C 94 12
C 95 23
C 96 15
C 97 0
C 98 14
C 99 3
C 100 23
C 101 1
C 102 15
C 103 22
C 104 11
C 105 0
C 106 23
C 107 25
C 108 17
C 109 8
C 110 2
C 111 5
C 112 20
C 113 5
C 114 24
C 115 23
C 116 0
C 117 0
C 118 19
C 119 11
C 120 8
C 121 1
C 122 3
C 123 4
C 124 3
C 125 12
C 126 0
C 127 0
C 128 0
C 129 0
C 130 0
C 131 0
C 132 0
C 133 0
C 134 25
C 135 12
C 136 18
C 137 20
C 138 20
C 139 26
C 140 7
C 141 9
C 142 25
C 143 11
C 144 9
C 145 4
C 146 0
C 147 2
C 148 15
C 149 7
C 150 9
C 151 11
C 152 25
C 153 25
C 154 26
C 155 5
C 156 22
C 157 25
C 158 9
C 159 24
C 160 7
C 161 10
C 162 24
C 163 10
C 164 11
C 165 8
C 166 23
C 167 7
C 168 5
C 169 20
C 170 7
C 171 6
C 172 14
C 173 16
C 174 17
C 175 14
C 176 1
C 177 18
C 178 0
C 179 0
C 180 0
C 181 0
C 182 0
C 183 0
C 184 0
C 185 0
C 186 0
C 187 0
C 188 0
C 189 0
C 190 0
C 191 0
C 192 0
C 193 0
C 194 0
C 195 0
C 196 0
C 197 0
C 198 0
C 199 0
C 200 0
C 201 0
C 202 0
C 203 0
C 204 0
C 205 0
C 206 0
C 207 0
C 208 0
C 209 0
C 210 0
C 211 0
C 212 0
C 213 0
C 214 0
C 215 0
C 216 0
C 217 0
C 218 0
C 219 0
C 220 0
C 221 0
C 222 0
C 223 0
C 224 0
C 225 0
C 226 0
C 227 0
C 228 0
C 229 0
C 230 0
C 231 0
C 232 0
C 233 0
C 234 0
C 235 0
C 236 0
C 237 0
C 238 0
C 239 0
C 240 0
C 241 0
C 242 0
C 243 0
C 244 0
C 245 0
C 246 0
C 247 0
C 248 0
C 249 0
C 250 0
C 251 0
C 252 0
C 253 0
C 254 0
C 255 0
C 256 0
C 257 0
C 258 0
C 259 0
C 260 0
C 261 0
C 262 0
C 263 0
C 264 0
C 265 0
C 266 0
C 267 0
C 268 0
C 269 0
C 270 0
C 271 0
C 272 0
C 273 0
C 274 0
C 275 0
C 276 0
C 277 0
C 278 0
C 279 0
C 280 0
C 281 0
C 282 0
C 283 0
C 284 0
C 285 0
C 286 0
C 287 0
C 288 0
C 289 0
C 290 0
C 291 0
C 292 0
C 293 0
C 294 0
C 295 0
C 296 0
C 297 0
C 298 0
C 299 0
C 300 0
C 301 0
C 302 0
C 303 0
C 304 0
C 305 0
C 306 0
C 307 0
C 308 0
C 309 0
C 310 0
C 311 0
C 312 0
C 313 0
C 314 0
C 315 0
C 316 0
C 317 0
C 318 0
C 319 0
C 320 0
C 321 0
C 322 0
C 323 0
C 324 0
C 325 0
C 326 0
C 327 0
C 328 0
C 329 0
C 330 0
C 331 0
C 332 0
C 333 0
C 334 0
C 335 0
C 336 0
C 337 0
C 338 0
C 339 0
C 340 0
C 341 0
C 342 0
C 343 0
C 344 0
C 345 0
C 346 0
C 347 0
C 348 0
C 349 23
C 350 14
I 0 3 6 (0,0,2) (1,1,0,0)|(0,0,-1,0)
I 0 1 4 (1,2,1) (0,-1,1,0)
I 3 2 20 (3,1,1) (1,1,-1,0)
