D (10,11,12) (2,1,4)
D (9,-1,-1) (0,4,3)
D (11,-1,-1) (3,3,3)
D (7,8,9) (2,1,0)
D (9,10,-1) (1,2,3)
D (7,8,-1) (4,0,4)
D (11,12,-1) (1,5,5)
D (9,10,-1) (4,2,1)
D (8,-1,-1) (1,4,2)
D (12,-1,-1) (1,4,3)
D (10,-1,-1) (3,4,3)
D (7,8,9) (5,4,3)
D (10,11,12) (4,1,1)
D (8,-1,-1) (1,5,0)
D (7,8,-1) (3,2,1)
D (12,-1,-1) (1,4,5)
D (7,-1,-1) (0,2,0)
D (10,-1,-1) (4,3,1)
D (11,-1,-1) (5,4,4)
D (11,-1,-1) (5,5,4)
D (10,11,-1) (5,2,1)
D (7,-1,-1) (1,0,5)
D (7,-1,-1) (4,2,3)
D (8,9,-1) (3,4,0)
D (9,-1,-1) (3,2,4)
D (9,10,-1) (0,3,3)
D (8,-1,-1) (5,2,5)
D (10,11,-1) (0,5,1)
D (10,11,12) (1,3,2)
D (8,9,-1) (2,2,5)
D (8,9,10) (1,2,1)
D (9,10,-1) (0,1,5)
D (9,10,11) (5,3,0)
D (11,12,-1) (5,2,2)
D (10,-1,-1) (5,1,5)
D (8,9,-1) (5,5,5)
D (7,8,-1) (2,3,5)
D (7,8,-1) (3,0,3)
D (9,10,11) (4,5,4)
D (7,8,9) (0,0,5)
D (7,8,9) (1,4,1)
D (8,9,10) (5,2,3)
D (7,8,-1) (1,2,2)
D (10,11,-1) (3,5,1)
D (7,8,9) (0,1,0)
D (11,-1,-1) (3,5,3)
D (9,-1,-1) (1,0,0)
D (7,8,9) (2,0,5)
D (11,12,-1) (3,1,3)
D (9,10,-1) (4,3,2)
D (8,9,-1) (5,1,3)
D (9,-1,-1) (2,5,1)
D (10,11,12) (5,3,4)
C 0 1
C 1 4
C 2 18
C 3 25
C 4 3
C 5 20
C 6 12
C 7 19
C 8 20
C 9 19
C 10 1
C 11 14
C 12 25
C 13 5
C 14 8
C 15 12
C 16 12
C 17 0
C 18 21
C 19 4
C 20 6
C 21 26
C 22 23
C 23 21
C 24 23
C 25 9
C 26 7
C 27 18
C 28 17
C 29 9
C 30 18
C 31 20
C 32 14
C 33 15
C 34 25
C 35 19
C 36 8
C 37 19
C 38 16
C 39 15
C 40 22
C 41 21
C 42 18
C 43 26
C 44 15
C 45 0
C 46 6
C 47 5
C 48 11
C 49 12
C 50 9
C 51 6
C 52 26
C 53 26
C 54 5
C 55 22
C 56 19
C 57 1
C 58 25
C 59 2
C 60 12
C 61 8
C 62 22
C 63 25
C 64 18
C 65 10
C 66 24
C 67 3
C 68 10
C 69 6
C 70 2
C 71 7
C 72 0
C 73 10
C 74 19
C 75 2
C 76 14
C 77 1
C 78 1
C 79 2
C 80 1
C 81 15
C 82 0
C 83 3
C 84 18
C 85 19
C 86 5
C 87 17
C 88 22
C 89 10
C 90 16
C 91 26
C 92 16
C 93 16
C 94 25
C 95 20
C 96 15
C 97 8
C 98 6
C 99 20
C 100 16
C 101 21
C 102 21
C 103 12
C 104 1
C 105 9
C 106 22
C 107 7
C 108 18
C 109 2
C 110 25
C 111 15
C 112 12
C 113 8
C 114 4
C 115 8
C 116 4
C 117 0
C 118 17
C 119 1
C 120 10
C 121 14
C 122 0
C 123 3
C 124 4
C 125 23
C 126 14
C 127 21
C 128 1
C 129 18
C 130 20
C 131 0
C 132 0
C 133 0
C 134 0
C 135 0
C 136 8
C 137 8
C 138 20
C 139 16
C 140 16
C 141 22
C 142 19
C 143 26
C 144 11
C 145 23
C 146 17
C 147 26
C 148 3
C 149 20
C 150 22
C 151 2
C 152 1
C 153 4
C 154 25
C 155 3
C 156 24
C 157 7
C 158 16
C 159 19
C 160 6
C 161 26
C 162 19
C 163 1
C 164 0
C 165 21
C 166 8
C 167 2
C 168 17
C 169 11
C 170 16
C 171 18
C 172 12
C 173 14
C 174 25
C 175 6
C 176 18
C 177 23
C 178 2
C 179 19
C 180 5
C 181 1
C 182 24
C 183 11
C 184 16
C 185 21
C 186 20
C 187 11
C 188 20
C 189 10
C 190 2
C 191 16
C 192 14
C 193 21
C 194 22
C 195 25
C 196 22
C 197 12
C 198 25
C 199 4
C 200 12
C 201 16
C 202 22
C 203 7
C 204 25
C 205 20
C 206 15
C 207 3
C 208 23
C 209 23
C 210 3
C 211 4
C 212 5
C 213 19
C 214 11
C 215 9
C 216 6
C 217 1
C 218 25
C 219 18
C 220 6
C 221 19
C 222 0
C 223 0
C 224 0
C 225 0
C 226 0
C 227 0
C 228 0
C 229 0
C 230 0
C 231 0
C 232 0
C 233 0
C 234 0
C 235 0
C 236 0
C 237 0
C 238 0
C 239 0
C 240 0
C 241 0
C 242 0
C 243 0
C 244 0
C 245 0
C 246 0
C 247 0
C 248 0
C 249 0
C 250 0
C 251 0
C 252 0
C 253 0
C 254 0
C 255 0
C 256 0
C 257 0
C 258 0
C 259 0
C 260 0
C 261 0
C 262 0
C 263 0
C 264 0
C 265 0
C 266 0
C 267 0
C 268 0
C 269 0
C 270 0
C 271 0
C 272 0
C 273 0
C 274 0
C 275 0
C 276 0
C 277 0
C 278 0
C 279 0
C 280 0
C 281 0
C 282 0
C 283 0
C 284 0
C 285 0
C 286 0
C 287 0
C 288 0
C 289 0
C 290 0
C 291 0
C 292 0
C 293 0
C 294 0
C 295 0
C 296 0
C 297 0
C 298 0
C 299 10
C 300 5
C 301 22
C 302 5
C 303 26
C 304 12
C 305 4
C 306 16
C 307 11
C 308 20
C 309 14
C 310 18
C 311 21
C 312 1
C 313 3
C 314 22
C 315 15
C 316 17
C 317 4
C 318 7
C 319 14
C 320 2
C 321 12
C 322 24
C 323 6
C 324 0
C 325 23
C 326 5
C 327 25
C 328 11
C 329 12
C 330 12
C 331 6
C 332 23
C 333 5
C 334 1
C 335 10
C 336 11
C 337 2
C 338 3
C 339 3
C 340 1
C 341 16
C 342 15
C 343 1
C 344 3
C 345 14
C 346 4
C 347 2
C 348 2
C 349 1
C 350 7
I 1 3 20 (5,4,2) (0,0,1,0)
I 0 2 1 (3,4,4) (1,-1,0,0)|(-1,0,1,0)
I 2 1 8 (3,4,0) (-1,0,-1,0)
