D (9,10,-1) (5,3,0)
D (7,8,-1) (4,2,5)
D (12,-1,-1) (4,4,5)
D (10,-1,-1) (0,3,5)
D (8,9,10) (4,0,4)
D (11,-1,-1) (3,2,1)
D (10,-1,-1) (1,5,0)
D (8,9,-1) (3,4,2)
D (11,12,-1) (2,5,1)
D (9,10,-1) (5,0,5)
D (12,-1,-1) (1,4,0)
D (7,-1,-1) (1,3,3)
D (11,-1,-1) (3,4,3)
D (8,9,10) (4,0,2)
D (11,12,-1) (3,1,5)
D (10,-1,-1) (2,3,5)
D (11,12,-1) (2,2,2)
D (8,-1,-1) (1,2,1)
D (7,-1,-1) (2,1,3)
D (10,11,12) (0,2,0)
D (10,11,12) (4,2,3)
D (8,9,10) (5,0,0)
D (7,-1,-1) (2,1,5)
D (10,-1,-1) (5,3,4)
D (11,12,-1) (2,2,5)
D (7,8,9) (0,0,5)
D (7,8,9) (4,4,2)
D (11,12,-1) (3,2,2)
D (10,-1,-1) (0,2,2)
D (12,-1,-1) (4,0,1)
D (7,8,-1) (4,3,0)
D (10,11,-1) (0,0,4)
D (9,-1,-1) (2,2,1)
D (10,11,12) (0,1,2)
D (12,-1,-1) (2,4,1)
D (9,10,11) (3,0,5)
D (8,-1,-1) (4,1,3)
D (12,-1,-1) (5,1,1)
D (12,-1,-1) (1,5,2)
D (7,8,9) (4,4,1)
D (10,-1,-1) (4,5,3)
D (8,9,-1) (4,3,3)
D (9,10,11) (2,5,2)
D (8,9,-1) (0,5,3)
D (12,-1,-1) (5,2,1)
D (7,8,9) (0,1,1)
D (8,9,10) (2,4,4)
D (11,12,-1) (5,4,0)
D (11,12,-1) (1,3,1)
D (12,-1,-1) (0,2,1)
D (7,8,-1) (0,3,1)
D (12,-1,-1) (2,0,1)
D (11,12,-1) (1,3,2)
D (9,10,-1) (0,4,2)
D (10,11,-1) (2,0,5)
D (8,9,-1) (5,1,0)
C 0 2
C 1 20
C 2 11
C 3 25
C 4 16
C 5 15
C 6 25
C 7 11
C 8 26
C 9 3
C 10 21
C 11 21
C 12 10
C 13 20
C 14 23
C 15 23
C 16 9
C 17 5
C 18 17
C 19 10
C 20 4
C 21 24
C 22 19
C 23 24
C 24 7
C 25 16
C 26 16
C 27 7
C 28 18
C 29 6
C 30 10
C 31 3
C 32 26
C 33 2
C 34 1
C 35 17
C 36 25
C 37 9
C 38 22
C 39 16
C 40 4
C 41 26
C 42 6
C 43 12
C 44 3
C 45 7
C 46 0
C 47 3
C 48 14
C 49 4
C 50 17
C 51 9
C 52 14
C 53 12
C 54 7
C 55 7
C 56 0
C 57 7
C 58 23
C 59 10
C 60 7
C 61 14
C 62 16
C 63 18
C 64 8
C 65 9
C 66 3
C 67 3
C 68 12
C 69 5
C 70 23
C 71 26
C 72 2
C 73 22
C 74 7
C 75 1
C 76 18
C 77 9
C 78 12
C 79 17
C 80 21
C 81 21
C 82 0
C 83 0
C 84 0
C 85 0
C 86 0
C 87 0
C 88 0
C 89 0
C 90 0
C 91 0
C 92 0
C 93 0
C 94 0
C 95 0
C 96 0
C 97 0
C 98 0
C 99 0
C 100 0
C 101 0
C 102 0
C 103 0
C 104 0
C 105 0
C 106 0
C 107 0
C 108 0
C 109 0
C 110 0
C 111 0
C 112 0
C 113 0
C 114 14
C 115 16
C 116 8
C 117 24
C 118 4
C 119 1
C 120 4
C 121 26
C 122 8
C 123 25
C 124 7
C 125 25
C 126 12
C 127 3
C 128 3
C 129 9
C 130 16
C 131 16
C 132 26
C 133 15
C 134 7
C 135 19
C 136 21
C 137 16
C 138 21
C 139 23
C 140 11
C 141 10
C 142 23
C 143 25
C 144 9
C 145 6
C 146 23
C 147 11
C 148 0
C 149 25
C 150 0
C 151 0
C 152 0
C 153 11
C 154 23
C 155 5
C 156 10
C 157 0
C 158 17
C 159 17
C 160 0
C 161 6
C 162 5
C 163 26
C 164 7
C 165 17
C 166 22
C 167 8
C 168 7
C 169 25
C 170 7
C 171 6
C 172 4
C 173 1
C 174 14
C 175 16
C 176 2
C 177 10
C 178 10
C 179 9
C 180 14
C 181 24
C 182 18
C 183 5
C 184 10
C 185 17
C 186 2
C 187 8
C 188 2
C 189 15
C 190 22
C 191 25
C 192 8
C 193 20
C 194 26
C 195 14
C 196 3
C 197 25
C 198 1
C 199 1
C 200 24
C 201 6
C 202 23
C 203 3
C 204 23
C 205 18
C 206 18
C 207 2
C 208 24
C 209 18
C 210 16
C 211 15
C 212 25
C 213 15
C 214 10
C 215 12
C 216 12
C 217 14
C 218 26
C 219 7
C 220 20
C 221 22
C 222 25
C 223 23
C 224 5
C 225 19
C 226 6
C 227 24
C 228 0
C 229 2
C 230 21
C 231 17
C 232 25
C 233 7
C 234 17
C 235 23
C 236 21
C 237 19
C 238 12
C 239 7
C 240 8
C 241 15
C 242 21
C 243 14
C 244 17
C 245 6
C 246 2
C 247 1
C 248 7
C 249 18
C 250 0
C 251 11
C 252 15
C 253 11
C 254 3
C 255 20
C 256 18
C 257 21
C 258 5
C 259 14
C 260 21
C 261 3
C 262 0
C 263 8
C 264 0
C 265 10
C 266 11
C 267 10
C 268 14
C 269 20
C 270 0
C 271 8
C 272 25
C 273 26
C 274 16
C 275 1
C 276 15
C 277 9
C 278 17
C 279 26
C 280 7
C 281 18
C 282 18
C 283 0
C 284 21
C 285 24
C 286 3
C 287 19
C 288 19
C 289 25
C 290 20
C 291 10
C 292 5
C 293 20
C 294 26
C 295 0
C 296 17
C 297 2
C 298 9
C 299 15
C 300 7
C 301 1
C 302 17
C 303 19
C 304 14
C 305 16
C 306 11
C 307 8
C 308 8
C 309 14
C 310 16
C 311 3
C 312 23
C 313 21
C 314 24
C 315 4
C 316 7
C 317 18
C 318 12
C 319 22
C 320 17
C 321 16
C 322 22
C 323 9
C 324 16
C 325 16
C 326 15
C 327 17
C 328 23
C 329 25
C 330 12
C 331 6
C 332 25
C 333 14
C 334 5
C 335 7
C 336 5
C 337 5
C 338 16
C 339 22
C 340 7
C 341 5
C 342 1
C 343 6
C 344 22
C 345 11
C 346 5
C 347 19
C 348 21
C 349 18
C 350 6
I 0 3 12 (5,4,2) (-1,0,1,0)|(1,-1,0,0)|(0,0,1,0)
I 4 2 14 (0,1,0) (0,1,-1,0)|(-1,1,0,0)
I 5 1 9 (3,0,0) (-1,0,-1,0)|(-1,-1,0,0)
