D (12,-1,-1) (3,4,3)
D (12,-1,-1) (5,2,0)
D (12,-1,-1) (3,2,3)
D (8,9,10) (3,4,5)
D (10,11,12) (2,2,3)
D (9,10,11) (3,5,4)
D (8,9,-1) (2,5,1)
D (10,-1,-1) (3,2,1)
D (10,-1,-1) (3,2,0)
D (11,12,-1) (0,3,2)
D (8,9,-1) (0,3,3)
D (7,8,9) (1,2,0)
D (10,11,12) (2,3,3)
D (7,-1,-1) (2,5,2)
D (9,10,11) (4,4,5)
D (10,11,12) (2,3,0)
D (11,12,-1) (2,0,5)
D (7,-1,-1) (5,3,4)
D (7,-1,-1) (3,3,1)
D (9,10,-1) (2,4,1)
D (12,-1,-1) (2,4,0)
D (7,8,-1) (4,3,3)
D (8,-1,-1) (4,4,2)
D (11,12,-1) (0,2,5)
D (8,9,10) (0,4,2)
D (11,-1,-1) (5,0,2)
D (7,8,9) (1,2,3)
D (12,-1,-1) (2,5,0)
D (11,-1,-1) (4,2,2)
D (8,9,10) (3,3,5)
D (12,-1,-1) (4,4,4)
D (12,-1,-1) (0,5,4)
D (10,11,-1) (3,2,5)
D (8,9,-1) (3,4,4)
D (8,9,-1) (0,4,4)
D (8,9,-1) (3,0,0)
D (10,-1,-1) (0,0,4)
D (9,-1,-1) (5,2,2)
D (7,8,9) (2,1,3)
D (7,8,-1) (1,3,4)
D (8,9,-1) (1,2,2)
D (9,10,11) (4,4,3)
D (7,-1,-1) (3,1,5)
D (12,-1,-1) (5,0,0)
D (11,-1,-1) (4,5,4)
D (12,-1,-1) (2,4,3)
D (8,9,10) (4,2,3)
D (9,10,11) (2,1,0)
D (8,9,-1) (4,2,5)
D (11,12,-1) (4,5,1)
D (8,9,-1) (5,3,5)
D (10,11,-1) (4,0,3)
D (11,12,-1) (3,1,0)
D (12,-1,-1) (4,5,5)
C 0 3
C 1 9
C 2 14
C 3 2
C 4 15
C 5 19
C 6 18
C 7 24
C 8 17
C 9 14
C 10 4
C 11 21
C 12 25
C 13 12
C 14 17
C 15 22
C 16 10
C 17 10
C 18 7
C 19 1
C 20 14
C 21 26
C 22 19
C 23 21
C 24 23
C 25 0
C 26 4
C 27 16
C 28 12
C 29 6
C 30 20
C 31 23
C 32 15
C 33 16
C 34 25
C 35 12
C 36 24
C 37 21
C 38 5
C 39 15
C 40 8
C 41 22
C 42 14
C 43 23
C 44 4
C 45 8
C 46 17
C 47 8
C 48 12
C 49 3
C 50 0
C 51 2
C 52 3
C 53 25
C 54 5
C 55 17
C 56 11
C 57 16
C 58 16
C 59 21
C 60 15
C 61 17
C 62 26
C 63 12
C 64 18
C 65 0
C 66 2
C 67 21
C 68 6
C 69 12
C 70 26
C 71 25
C 72 3
C 73 19
C 74 0
C 75 24
C 76 6
C 77 0
C 78 26
C 79 5
C 80 20
C 81 18
C 82 9
C 83 21
C 84 20
C 85 17
C 86 17
C 87 16
C 88 2
C 89 23
C 90 11
C 91 9
C 92 25
C 93 24
C 94 11
C 95 14
C 96 14
C 97 11
C 98 7
C 99 0
C 100 4
C 101 3
C 102 2
C 103 7
C 104 5
C 105 12
C 106 4
C 107 21
C 108 17
C 109 23
C 110 11
C 111 17
C 112 7
C 113 0
C 114 8
C 115 21
C 116 11
C 117 3
C 118 21
C 119 20
C 120 7
C 121 25
C 122 17
C 123 5
C 124 18
C 125 3
C 126 19
C 127 7
C 128 11
C 129 18
C 130 26
C 131 2
C 132 12
C 133 11
C 134 11
C 135 26
C 136 2
C 137 21
C 138 14
C 139 5
C 140 6
C 141 2
C 142 8
C 143 5
C 144 3
C 145 20
C 146 19
C 147 22
C 148 4
C 149 20
C 150 26
C 151 15
C 152 16
C 153 6
C 154 16
C 155 15
C 156 2
C 157 26
C 158 1
C 159 10
C 160 16
C 161 1
C 162 21
C 163 0
C 164 15
C 165 23
C 166 2
C 167 16
C 168 15
C 169 24
C 170 4
C 171 6
C 172 1
C 173 2
C 174 25
C 175 24
C 176 26
C 177 19
C 178 7
C 179 0
C 180 4
C 181 10
C 182 12
C 183 11
C 184 1
C 185 14
C 186 21
C 187 1
C 188 5
C 189 18
C 190 26
C 191 25
C 192 21
C 193 0
C 194 10
C 195 24
C 196 4
C 197 25
C 198 24
C 199 21
C 200 2
C 201 24
C 202 3
C 203 26
C 204 2
C 205 3
C 206 10
C 207 18
C 208 20
C 209 2
C 210 21
C 211 17
C 212 1
C 213 9
C 214 8
C 215 3
C 216 4
C 217 26
C 218 19
C 219 21
C 220 0
C 221 2
C 222 9
C 223 14
C 224 21
C 225 12
C 226 3
C 227 12
C 228 16
C 229 8
C 230 3
C 231 14
C 232 5
C 233 20
C 234 9
C 235 22
C 236 26
C 237 17
C 238 14
C 239 24
C 240 0
C 241 0
C 242 0
C 243 0
C 244 0
C 245 0
C 246 0
C 247 0
C 248 0
C 249 0
C 250 0
C 251 0
C 252 0
C 253 0
C 254 0
C 255 0
C 256 0
C 257 0
C 258 0
C 259 0
C 260 0
C 261 0
C 262 0
C 263 0
C 264 0
C 265 0
C 266 0
C 267 0
C 268 0
C 269 0
C 270 0
C 271 0
C 272 0
C 273 0
C 274 0
C 275 0
C 276 0
C 277 0
C 278 0
C 279 0
C 280 0
C 281 0
C 282 0
C 283 0
C 284 0
C 285 0
C 286 0
C 287 0
C 288 0
C 289 0
C 290 0
C 291 0
C 292 0
C 293 0
C 294 0
C 295 0
C 296 24
C 297 8
C 298 20
C 299 19
C 300 0
C 301 9
C 302 3
C 303 19
C 304 8
C 305 24
C 306 21
C 307 6
C 308 9
C 309 21
C 310 21
C 311 6
C 312 3
C 313 4
C 314 25
C 315 12
C 316 23
C 317 21
C 318 1
C 319 14
C 320 21
C 321 20
C 322 1
C 323 17
C 324 1
C 325 4
C 326 17
C 327 11
C 328 4
C 329 7
C 330 19
C 331 22
C 332 0
C 333 8
C 334 17
C 335 4
C 336 3
C 337 6
C 338 26
C 339 4
C 340 10
C 341 1
C 342 17
C 343 1
C 344 9
C 345 17
C 346 15
C 347 17
C 348 16
C 349 8
C 350 7
I 0 1 12 (0,1,5) (1,0,-1,0)|(-1,0,1,0)
I 4 1 7 (2,0,1) (1,1,1,0)|(1,-1,-1,0)
I 3 3 11 (5,3,5) (-1,1,-1,0)
