D (12,-1,-1) (4,5,4)
D (12,-1,-1) (5,3,1)
D (10,11,-1) (2,4,3)
D (11,12,-1) (1,3,4)
D (10,11,12) (3,0,2)
D (7,8,9) (4,4,2)
D (11,12,-1) (3,2,5)
D (10,11,12) (5,0,0)
D (8,9,-1) (0,0,4)
D (10,11,-1) (0,1,3)
D (12,-1,-1) (3,0,0)
D (8,9,10) (3,4,0)
D (7,8,-1) (5,2,3)
D (8,9,10) (5,4,3)
D (7,-1,-1) (1,5,0)
D (8,9,-1) (4,0,1)
D (11,12,-1) (4,3,5)
D (11,12,-1) (4,4,4)
D (11,-1,-1) (1,2,5)
D (12,-1,-1) (0,5,4)
D (7,8,-1) (0,4,2)
D (10,-1,-1) (4,5,1)
D (9,-1,-1) (1,0,1)
D (8,-1,-1) (2,1,2)
D (10,11,12) (3,3,3)
D (10,11,12) (0,2,0)
D (7,8,-1) (2,0,0)
D (7,-1,-1) (3,3,4)
D (7,8,-1) (4,4,5)
D (10,11,12) (1,4,5)
D (10,11,-1) (1,2,4)
D (10,-1,-1) (4,1,2)
D (8,9,-1) (5,4,2)
D (8,9,-1) (2,3,3)
D (8,9,10) (0,5,0)
D (11,12,-1) (2,0,5)
D (7,8,9) (1,2,0)
D (7,8,-1) (4,3,0)
D (12,-1,-1) (3,0,3)
D (8,9,-1) (2,5,2)
D (11,12,-1) (5,4,5)
D (10,-1,-1) (1,1,2)
D (11,12,-1) (3,4,4)
D (9,10,-1) (5,1,1)
D (12,-1,-1) (2,0,3)
D (7,-1,-1) (5,3,3)
D (11,-1,-1) (2,5,3)
D (8,-1,-1) (4,5,3)
D (10,11,12) (1,4,2)
D (8,9,-1) (4,4,3)
D (8,9,10) (3,4,1)
D (11,12,-1) (4,1,3)
D (8,9,-1) (0,1,2)
D (8,9,10) (5,1,0)
D (10,11,12) (3,0,1)
D (9,10,11) (1,0,3)
D (9,-1,-1) (1,5,5)
D (9,-1,-1) (5,2,2)
D (8,9,-1) (3,3,1)
D (9,10,11) (2,1,1)
D (12,-1,-1) (3,5,4)
D (8,9,-1) (1,0,5)
D (12,-1,-1) (1,3,5)
D (9,10,11) (5,2,5)
D (10,11,12) (4,1,4)
D (11,12,-1) (2,0,1)
D (7,-1,-1) (5,1,5)
C 0 6
C 1 23
C 2 19
C 3 14
C 4 16
C 5 20
C 6 26
C 7 24
C 8 24
C 9 12
C 10 26
C 11 3
C 12 10
C 13 0
C 14 5
C 15 4
C 16 9
C 17 11
C 18 19
C 19 1
C 20 8
C 21 19
C 22 8
C 23 25
C 24 18
C 25 3
C 26 20
C 27 7
C 28 8
C 29 4
C 30 17
C 31 15
C 32 3
C 33 14
C 34 4
C 35 4
C 36 24
C 37 9
C 38 14
C 39 3
C 40 7
C 41 22
C 42 0
C 43 7
C 44 4
C 45 21
C 46 6
C 47 6
C 48 14
C 49 0
C 50 1
C 51 12
C 52 8
C 53 9
C 54 14
C 55 1
C 56 8
C 57 12
C 58 17
C 59 0
C 60 7
C 61 20
C 62 2
C 63 24
C 64 1
C 65 6
C 66 15
C 67 18
C 68 23
C 69 14
C 70 21
C 71 18
C 72 4
C 73 16
C 74 11
C 75 10
C 76 21
C 77 4
C 78 5
C 79 0
C 80 5
C 81 2
C 82 14
C 83 1
C 84 18
C 85 10
C 86 12
C 87 23
C 88 1
C 89 19
C 90 15
C 91 26
C 92 21
C 93 14
C 94 0
C 95 26
C 96 2
C 97 9
C 98 24
C 99 12
C 100 4
C 101 4
C 102 20
C 103 7
C 104 18
C 105 14
C 106 8
C 107 16
C 108 1
C 109 2
C 110 2
C 111 17
C 112 2
C 113 15
C 114 14
C 115 7
C 116 23
C 117 12
C 118 16
C 119 11
C 120 2
C 121 11
C 122 5
C 123 12
C 124 1
C 125 19
C 126 21
C 127 16
C 128 26
C 129 7
C 130 12
C 131 19
C 132 4
C 133 17
C 134 25
C 135 9
C 136 0
C 137 20
C 138 23
C 139 23
C 140 18
C 141 0
C 142 11
C 143 10
C 144 0
C 145 16
C 146 19
C 147 19
C 148 20
C 149 9
C 150 7
C 151 6
C 152 26
C 153 2
C 154 15
C 155 24
C 156 2
C 157 6
C 158 21
C 159 15
C 160 0
C 161 14
C 162 18
C 163 19
C 164 6
C 165 22
C 166 0
C 167 19
C 168 2
C 169 9
C 170 21
C 171 2
C 172 3
C 173 21
C 174 16
C 175 1
C 176 8
C 177 14
C 178 16
C 179 24
C 180 17
C 181 5
C 182 7
C 183 22
C 184 26
C 185 7
C 186 10
C 187 2
C 188 0
C 189 21
C 190 5
C 191 2
C 192 24
C 193 15
C 194 17
C 195 6
C 196 17
C 197 0
C 198 0
C 199 0
C 200 0
C 201 0
C 202 0
C 203 0
C 204 0
C 205 0
C 206 0
C 207 0
C 208 0
C 209 0
C 210 0
C 211 0
C 212 25
C 213 26
C 214 10
C 215 8
C 216 10
C 217 11
C 218 26
C 219 9
C 220 7
C 221 26
C 222 24
C 223 20
C 224 12
C 225 21
C 226 24
C 227 23
C 228 16
C 229 15
C 230 17
C 231 19
C 232 17
C 233 21
C 234 16
C 235 14
C 236 0
C 237 25
C 238 16
C 239 9
C 240 11
C 241 9
C 242 18
C 243 2
C 244 15
C 245 15
C 246 17
C 247 20
C 248 15
C 249 4
C 250 10
C 251 21
C 252 23
C 253 15
C 254 24
C 255 0
C 256 12
C 257 14
C 258 8
C 259 20
C 260 26
C 261 14
C 262 15
C 263 4
C 264 21
C 265 0
C 266 7
C 267 15
C 268 26
C 269 6
C 270 8
C 271 6
C 272 15
C 273 1
C 274 5
C 275 8
C 276 2
C 277 18
C 278 17
C 279 18
C 280 18
C 281 20
C 282 25
C 283 19
C 284 18
C 285 10
C 286 3
C 287 14
C 288 0
C 289 24
C 290 12
C 291 8
C 292 9
C 293 23
C 294 11
C 295 10
C 296 2
C 297 15
C 298 24
C 299 4
C 300 19
C 301 18
C 302 8
C 303 2
C 304 26
C 305 24
C 306 16
C 307 16
C 308 23
C 309 8
C 310 11
C 311 2
C 312 2
C 313 0
C 314 0
C 315 0
C 316 0
C 317 0
C 318 0
C 319 0
C 320 0
C 321 0
C 322 0
C 323 0
C 324 2
C 325 0
C 326 17
C 327 23
C 328 21
C 329 4
C 330 3
C 331 24
C 332 7
C 333 24
C 334 0
C 335 8
C 336 23
C 337 21
C 338 19
C 339 4
C 340 15
C 341 5
C 342 8
C 343 7
C 344 23
C 345 3
C 346 21
C 347 16
C 348 15
C 349 2
C 350 6
I 0 2 6 (4,1,5) (-1,1,-1,0)|(1,0,1,0)|(0,-1,0,0)
I 2 2 3 (0,4,0) (0,1,0,0)
I 3 1 8 (5,0,3) (1,0,1,0)
