D (12,-1,-1) (1,3,4)
D (8,9,10) (5,3,3)
D (10,11,12) (2,1,5)
D (8,9,10) (0,0,3)
D (12,-1,-1) (0,2,5)
D (8,-1,-1) (3,1,2)
D (8,9,-1) (3,4,2)
D (11,12,-1) (5,5,4)
D (12,-1,-1) (0,1,5)
D (10,11,-1) (0,3,3)
D (11,-1,-1) (2,5,4)
D (8,9,-1) (4,3,5)
D (10,11,-1) (0,0,0)
D (11,12,-1) (3,0,5)
D (10,-1,-1) (2,0,3)
D (10,11,12) (3,3,3)
D (7,8,-1) (3,2,2)
D (9,-1,-1) (2,3,0)
D (11,-1,-1) (2,3,5)
D (10,11,12) (5,0,1)
D (7,8,9) (4,0,2)
D (8,-1,-1) (3,5,5)
D (9,-1,-1) (3,1,5)
D (12,-1,-1) (4,3,1)
D (11,-1,-1) (5,0,5)
D (8,-1,-1) (5,2,2)
D (7,8,9) (3,5,1)
D (10,11,-1) (1,3,3)
D (10,11,-1) (1,1,1)
D (7,-1,-1) (1,5,4)
D (8,9,10) (4,5,1)
D (9,10,11) (4,4,0)
D (7,8,9) (5,2,0)
D (10,11,-1) (4,4,2)
D (11,12,-1) (5,2,4)
D (12,-1,-1) (2,5,3)
D (9,10,-1) (2,0,5)
D (9,-1,-1) (5,2,5)
D (12,-1,-1) (2,4,1)
D (8,9,10) (1,5,3)
D (10,11,12) (5,0,3)
D (7,8,-1) (0,1,0)
D (8,9,10) (4,0,0)
D (12,-1,-1) (5,3,1)
D (11,12,-1) (1,0,0)
D (11,12,-1) (1,2,2)
D (11,12,-1) (1,1,0)
D (8,9,10) (4,3,2)
D (11,12,-1) (5,5,5)
D (7,8,9) (3,4,1)
D (8,-1,-1) (0,5,3)
D (10,-1,-1) (4,5,4)
D (7,-1,-1) (3,0,2)
D (11,-1,-1) (3,2,5)
D (12,-1,-1) (3,2,0)
D (12,-1,-1) (0,4,1)
D (11,12,-1) (4,2,4)
C 0 24
C 1 5
C 2 23
C 3 14
C 4 17
C 5 22
C 6 26
C 7 10
C 8 7
C 9 1
C 10 7
C 11 8
C 12 23
C 13 7
C 14 5
C 15 17
C 16 11
C 17 8
C 18 19
C 19 18
C 20 18
C 21 1
C 22 11
C 23 8
C 24 5
C 25 19
C 26 17
C 27 25
C 28 25
C 29 21
C 30 18
C 31 23
C 32 22
C 33 15
C 34 16
C 35 4
C 36 2
C 37 21
C 38 2
C 39 14
C 40 6
C 41 24
C 42 24
C 43 11
C 44 0
C 45 1
C 46 5
C 47 18
C 48 10
C 49 20
C 50 6
C 51 10
C 52 15
C 53 25
C 54 20
C 55 16
C 56 12
C 57 16
C 58 5
C 59 8
C 60 1
C 61 12
C 62 11
C 63 25
C 64 3
C 65 1
C 66 23
C 67 14
C 68 12
C 69 15
C 70 20
C 71 1
C 72 25
C 73 3
C 74 2
C 75 25
C 76 20
C 77 17
C 78 3
C 79 11
C 80 1
C 81 10
C 82 24
C 83 1
C 84 9
C 85 12
C 86 26
C 87 18
C 88 15
C 89 22
C 90 21
C 91 2
C 92 5
C 93 4
C 94 7
C 95 11
C 96 11
C 97 16
C 98 15
C 99 20
C 100 2
C 101 21
C 102 15
C 103 2
C 104 18
C 105 6
C 106 19
C 107 20
C 108 26
C 109 1
C 110 15
C 111 10
C 112 2
C 113 5
C 114 12
C 115 15
C 116 20
C 117 22
C 118 19
C 119 8
C 120 15
C 121 6
C 122 20
C 123 18
C 124 22
C 125 24
C 126 15
C 127 19
C 128 4
C 129 10
C 130 18
C 131 18
C 132 3
C 133 14
C 134 5
C 135 10
C 136 3
C 137 21
C 138 15
C 139 25
C 140 1
C 141 7
C 142 14
C 143 5
C 144 9
C 145 9
C 146 14
C 147 26
C 148 5
C 149 5
C 150 1
C 151 0
C 152 6
C 153 14
C 154 14
C 155 9
C 156 2
C 157 14
C 158 17
C 159 6
C 160 6
C 161 15
C 162 4
C 163 2
C 164 22
C 165 17
C 166 0
C 167 0
C 168 0
C 169 24
C 170 5
C 171 6
C 172 8
C 173 19
C 174 14
C 175 23
C 176 24
C 177 25
C 178 26
C 179 22
C 180 10
C 181 1
C 182 1
C 183 12
C 184 16
C 185 18
C 186 3
C 187 11
C 188 5
C 189 16
C 190 4
C 191 4
C 192 16
C 193 24
C 194 23
C 195 25
C 196 4
C 197 19
C 198 26
C 199 26
C 200 12
C 201 1
C 202 15
C 203 22
C 204 15
C 205 2
C 206 3
C 207 15
C 208 21
C 209 15
C 210 11
C 211 10
C 212 7
C 213 15
C 214 14
C 215 25
C 216 23
C 217 18
C 218 12
C 219 0
C 220 23
C 221 11
C 222 16
C 223 7
C 224 4
C 225 14
C 226 7
C 227 2
C 228 12
C 229 18
C 230 17
C 231 9
C 232 6
C 233 18
C 234 25
C 235 17
C 236 22
C 237 1
C 238 21
C 239 12
C 240 12
C 241 20
C 242 25
C 243 18
C 244 12
C 245 23
C 246 21
C 247 15
C 248 20
C 249 17
C 250 23
C 251 19
C 252 14
C 253 7
C 254 15
C 255 5
C 256 3
C 257 11
C 258 11
C 259 14
C 260 17
C 261 25
C 262 24
C 263 20
C 264 25
C 265 20
C 266 10
C 267 20
C 268 0
C 269 5
C 270 5
C 271 10
C 272 26
C 273 12
C 274 12
C 275 18
C 276 5
C 277 6
C 278 9
C 279 3
C 280 8
C 281 12
C 282 9
C 283 6
C 284 21
C 285 4
C 286 4
C 287 15
C 288 18
C 289 19
C 290 23
C 291 24
C 292 16
C 293 24
C 294 10
C 295 12
C 296 18
C 297 14
C 298 19
C 299 0
C 300 6
C 301 25
C 302 20
C 303 18
C 304 21
C 305 4
C 306 10
C 307 0
C 308 23
C 309 19
C 310 23
C 311 7
C 312 12
C 313 0
C 314 22
C 315 21
C 316 10
C 317 9
C 318 2
C 319 14
C 320 1
C 321 3
C 322 23
C 323 10
C 324 18
C 325 6
C 326 5
C 327 9
C 328 10
C 329 20
C 330 9
C 331 18
C 332 7
C 333 4
C 334 0
C 335 3
C 336 12
C 337 15
C 338 24
C 339 3
C 340 1
C 341 9
C 342 0
C 343 17
C 344 17
C 345 14
C 346 16
C 347 11
C 348 24
C 349 12
C 350 14
I 0 1 18 (4,3,2) (-1,1,-1,0)|(-1,1,-1,0)|(0,1,-1,0)
I 0 1 4 (5,4,2) (-1,0,-1,0)|(0,1,1,0)|(0,0,0,0)|(-1,-1,-1,0)
I 1 1 3 (5,0,5) (0,0,1,0)|(-1,-1,-1,0)|(-1,0,0,0)|(-1,1,0,0)|(1,-1,0,0)
I 4 2 10 (0,1,2) (0,-1,-1,0)
