D (10,11,-1) (3,0,1)
D (7,8,9) (1,3,1)
D (9,10,-1) (5,0,0)
D (9,10,-1) (1,2,2)
D (12,-1,-1) (4,4,3)
D (10,-1,-1) (4,1,4)
D (7,8,9) (5,3,1)
D (8,9,10) (5,4,2)
D (8,9,-1) (3,4,5)
D (12,-1,-1) (3,2,0)
D (12,-1,-1) (4,3,1)
D (11,12,-1) (3,2,5)
D (8,9,-1) (3,2,1)
D (9,10,11) (5,1,2)
D (10,-1,-1) (1,1,4)
D (8,-1,-1) (0,0,0)
D (9,10,-1) (3,3,0)
D (7,8,9) (2,5,4)
D (11,12,-1) (2,3,0)
D (9,10,11) (1,2,5)
D (7,-1,-1) (4,2,0)
D (10,11,-1) (4,0,2)
D (9,10,11) (1,1,2)
D (7,-1,-1) (2,4,0)
D (9,10,-1) (4,5,0)
D (8,9,-1) (2,0,4)
D (8,-1,-1) (0,4,4)
D (8,-1,-1) (2,2,1)
D (11,-1,-1) (1,3,0)
D (8,-1,-1) (5,5,2)
D (12,-1,-1) (0,3,5)
D (12,-1,-1) (0,0,1)
D (7,-1,-1) (3,4,3)
D (8,9,-1) (0,4,5)
D (11,12,-1) (4,4,1)
D (7,8,9) (2,0,1)
D (11,12,-1) (3,1,4)
D (10,11,-1) (4,4,5)
D (12,-1,-1) (4,0,0)
D (7,-1,-1) (3,3,3)
D (8,9,10) (0,1,0)
D (11,12,-1) (3,1,0)
D (10,11,12) (1,2,3)
D (11,12,-1) (2,4,4)
D (9,10,11) (5,3,5)
D (9,-1,-1) (1,1,0)
D (10,11,12) (0,0,3)
D (10,11,12) (4,1,3)
D (9,10,11) (0,2,4)
D (11,12,-1) (5,4,5)
D (9,10,-1) (4,5,4)
D (9,10,-1) (1,4,3)
D (8,-1,-1) (0,3,1)
D (8,9,-1) (0,5,2)
D (7,-1,-1) (4,3,5)
D (9,10,11) (1,3,4)
D (9,-1,-1) (5,5,0)
D (10,11,-1) (0,3,4)
D (12,-1,-1) (4,3,0)
D (7,8,9) (2,2,2)
D (8,9,10) (2,5,2)
D (9,10,11) (0,4,2)
D (11,-1,-1) (0,5,0)
D (9,10,-1) (4,2,5)
D (10,-1,-1) (5,1,1)
D (10,11,12) (3,1,5)
D (9,10,11) (1,4,5)
D (7,-1,-1) (4,0,5)
D (10,11,-1) (0,2,2)
D (8,9,10) (3,0,2)
D (8,9,-1) (1,2,1)
D (9,10,-1) (3,5,4)
D (8,-1,-1) (1,3,2)
D (9,10,11) (0,5,4)
D (12,-1,-1) (5,1,3)
D (10,11,-1) (0,3,3)
D (9,10,-1) (1,4,2)
D (11,12,-1) (5,1,5)
D (8,9,-1) (4,4,0)
D (11,12,-1) (1,1,3)
D (8,9,-1) (5,4,4)
D (10,-1,-1) (3,3,1)
D (8,9,10) (4,1,2)
D (12,-1,-1) (5,0,2)
D (11,-1,-1) (0,0,5)
D (10,11,-1) (1,0,3)
D (9,10,-1) (1,1,1)
D (10,11,12) (4,2,4)
D (9,-1,-1) (0,5,5)
D (9,10,11) (5,0,1)
D (11,12,-1) (4,3,2)
D (10,11,-1) (3,0,3)
D (10,11,-1) (1,5,3)
D (9,-1,-1) (1,5,2)
D (11,-1,-1) (5,1,0)
D (11,12,-1) (0,0,2)
D (12,-1,-1) (2,3,4)
D (12,-1,-1) (4,1,1)
D (8,-1,-1) (0,3,0)
D (7,8,9) (5,3,3)
C 0 12
C 1 5
C 2 25
C 3 5
C 4 22
C 5 8
C 6 19
C 7 23
C 8 9
C 9 21
C 10 0
C 11 7
C 12 9
C 13 2
C 14 8
C 15 19
C 16 23
C 17 23
C 18 6
C 19 20
C 20 14
C 21 26
C 22 7
C 23 5
C 24 9
C 25 5
C 26 6
C 27 20
C 28 3
C 29 24
C 30 11
C 31 25
C 32 8
C 33 19
C 34 1
C 35 23
C 36 9
C 37 22
C 38 20
C 39 18
C 40 18
C 41 7
C 42 21
C 43 25
C 44 19
C 45 12
C 46 9
C 47 0
C 48 19
C 49 2
C 50 0
C 51 11
C 52 24
C 53 25
C 54 8
C 55 4
C 56 24
C 57 0
C 58 23
C 59 5
C 60 4
C 61 24
C 62 0
C 63 10
C 64 2
C 65 19
C 66 8
C 67 11
C 68 21
C 69 2
C 70 16
C 71 0
C 72 4
C 73 1
C 74 16
C 75 6
C 76 4
C 77 14
C 78 1
C 79 21
C 80 26
C 81 10
C 82 12
C 83 10
C 84 7
C 85 6
C 86 0
C 87 26
C 88 20
C 89 5
C 90 20
C 91 15
C 92 8
C 93 10
C 94 0
C 95 12
C 96 15
C 97 9
C 98 5
C 99 24
C 100 17
C 101 24
C 102 9
C 103 12
C 104 25
C 105 0
C 106 0
C 107 14
C 108 3
C 109 4
C 110 10
C 111 10
C 112 15
C 113 5
C 114 20
C 115 21
C 116 21
C 117 8
C 118 24
C 119 21
C 120 2
C 121 23
C 122 7
C 123 16
C 124 18
C 125 1
C 126 0
C 127 0
C 128 26
C 129 26
C 130 16
C 131 19
C 132 24
C 133 12
C 134 20
C 135 2
C 136 8
C 137 2
C 138 12
C 139 11
C 140 26
C 141 19
C 142 25
C 143 7
C 144 2
C 145 20
C 146 11
C 147 15
C 148 11
C 149 22
C 150 17
C 151 20
C 152 10
C 153 25
C 154 4
C 155 2
C 156 6
C 157 21
C 158 19
C 159 25
C 160 18
C 161 2
C 162 17
C 163 8
C 164 3
C 165 10
C 166 20
C 167 0
C 168 20
C 169 18
C 170 23
C 171 26
C 172 4
C 173 7
C 174 10
C 175 14
C 176 26
C 177 23
C 178 23
C 179 22
C 180 12
C 181 8
C 182 23
C 183 21
C 184 21
C 185 26
C 186 0
C 187 0
C 188 0
C 189 0
C 190 0
C 191 0
C 192 0
C 193 0
C 194 0
C 195 0
C 196 0
C 197 0
C 198 0
C 199 0
C 200 0
C 201 0
C 202 0
C 203 0
C 204 0
C 205 0
C 206 0
C 207 0
C 208 0
C 209 0
C 210 0
C 211 0
C 212 0
C 213 0
C 214 0
C 215 0
C 216 0
C 217 0
C 218 0
C 219 0
C 220 0
C 221 0
C 222 0
C 223 0
C 224 0
C 225 0
C 226 0
C 227 0
C 228 0
C 229 0
C 230 0
C 231 0
C 232 0
C 233 0
C 234 0
C 235 0
C 236 0
C 237 0
C 238 0
C 239 0
C 240 0
C 241 0
C 242 0
C 243 0
C 244 0
C 245 0
C 246 0
C 247 0
C 248 0
C 249 0
C 250 0
C 251 0
C 252 0
C 253 0
C 254 0
C 255 0
C 256 0
C 257 0
C 258 0
C 259 0
C 260 0
C 261 0
C 262 0
C 263 0
C 264 0
C 265 0
C 266 0
C 267 0
C 268 0
C 269 0
C 270 0
C 271 0
C 272 0
C 273 0
C 274 0
C 275 0
C 276 0
C 277 0
C 278 0
C 279 0
C 280 0
C 281 0
C 282 0
C 283 0
C 284 0
C 285 0
C 286 0
C 287 0
C 288 0
C 289 0
C 290 0
C 291 0
C 292 0
C 293 0
C 294 0
C 295 0
C 296 0
C 297 0
C 298 0
C 299 0
C 300 0
C 301 0
C 302 0
C 303 0
C 304 0
C 305 0
C 306 0
C 307 0
C 308 0
C 309 0
C 310 0
C 311 0
C 312 0
C 313 0
C 314 0
C 315 0
C 316 0
C 317 0
C 318 0
C 319 0
C 320 0
C 321 0
C 322 0
C 323 0
C 324 0
C 325 0
C 326 0
C 327 0
C 328 0
C 329 0
C 330 0
C 331 0
C 332 0
C 333 0
C 334 0
C 335 0
C 336 0
C 337 0
C 338 0
C 339 0
C 340 0
C 341 0
C 342 0
C 343 0
C 344 0
C 345 0
C 346 0
C 347 0
C 348 0
C 349 7
C 350 11
I 5 2 12 (5,4,2) (1,0,0,0)
I 0 2 18 (5,2,2) (-1,0,0,0)|(0,0,0,0)|(1,1,0,0)|(1,-1,1,0)
I 2 2 7 (0,2,3) (1,0,1,0)|(-1,1,1,0)|(-1,0,1,0)
