D (10,11,12) (0,4,3)
D (8,-1,-1) (1,3,0)
D (11,12,-1) (2,1,0)
D (10,11,-1) (5,0,5)
D (11,-1,-1) (2,2,2)
D (7,8,9) (2,3,3)
D (11,12,-1) (5,2,3)
D (10,11,12) (1,3,4)
D (11,12,-1) (1,5,5)
D (8,-1,-1) (5,0,1)
D (12,-1,-1) (4,1,1)
D (7,8,9) (5,1,2)
D (7,8,-1) (0,1,1)
D (9,-1,-1) (0,4,4)
D (8,-1,-1) (1,5,4)
D (7,8,-1) (1,2,1)
D (10,11,12) (3,5,1)
D (11,12,-1) (4,2,1)
D (9,10,11) (5,4,3)
D (10,11,12) (3,0,0)
D (7,-1,-1) (2,4,2)
D (8,9,-1) (0,1,5)
D (8,-1,-1) (3,2,3)
D (12,-1,-1) (3,3,5)
D (11,-1,-1) (2,1,4)
D (10,-1,-1) (0,0,5)
D (8,-1,-1) (2,0,0)
D (10,11,12) (1,1,4)
D (12,-1,-1) (4,0,1)
D (7,8,9) (5,5,2)
D (8,9,10) (3,3,2)
D (12,-1,-1) (1,3,5)
D (11,-1,-1) (5,1,5)
D (11,-1,-1) (3,1,3)
D (9,-1,-1) (1,3,2)
D (11,12,-1) (4,0,0)
D (10,11,-1) (5,3,3)
D (8,9,10) (0,3,1)
D (10,11,-1) (5,3,1)
D (10,11,-1) (4,2,0)
D (11,12,-1) (2,4,5)
D (8,9,-1) (0,5,4)
D (11,12,-1) (4,1,5)
D (9,10,-1) (2,4,4)
D (11,12,-1) (1,3,3)
D (9,10,11) (2,2,1)
D (7,-1,-1) (5,2,1)
D (12,-1,-1) (4,2,5)
D (10,11,-1) (3,1,4)
D (12,-1,-1) (3,1,1)
D (12,-1,-1) (1,5,0)
D (9,10,-1) (4,3,0)
D (9,-1,-1) (5,3,2)
D (11,12,-1) (0,0,0)
D (10,-1,-1) (3,3,3)
D (12,-1,-1) (0,4,0)
D (12,-1,-1) (4,1,2)
C 0 14
C 1 9
C 2 26
C 3 17
C 4 7
C 5 3
C 6 23
C 7 18
C 8 5
C 9 20
C 10 0
C 11 26
C 12 6
C 13 21
C 14 8
C 15 18
C 16 23
C 17 16
C 18 11
C 19 17
C 20 1
C 21 25
C 22 0
C 23 6
C 24 0
C 25 0
C 26 0
C 27 0
C 28 0
C 29 0
C 30 0
C 31 0
C 32 0
C 33 0
C 34 0
C 35 0
C 36 0
C 37 0
C 38 0
C 39 0
C 40 0
C 41 0
C 42 0
C 43 0
C 44 0
C 45 0
C 46 24
C 47 16
C 48 25
C 49 19
C 50 15
C 51 9
C 52 4
C 53 24
C 54 24
C 55 20
C 56 2
C 57 22
C 58 26
C 59 18
C 60 19
C 61 7
C 62 14
C 63 7
C 64 22
C 65 0
C 66 23
C 67 9
C 68 5
C 69 2
C 70 25
C 71 3
C 72 3
C 73 6
C 74 24
C 75 20
C 76 10
C 77 10
C 78 3
C 79 18
C 80 18
C 81 23
C 82 18
C 83 24
C 84 7
C 85 9
C 86 3
C 87 26
C 88 7
C 89 2
C 90 10
C 91 15
C 92 4
C 93 17
C 94 24
C 95 5
C 96 15
C 97 5
C 98 0
C 99 0
C 100 0
C 101 0
C 102 0
C 103 0
C 104 0
C 105 0
C 106 0
C 107 0
C 108 0
C 109 0
C 110 0
C 111 0
C 112 0
C 113 0
C 114 0
C 115 0
C 116 0
C 117 0
C 118 0
C 119 0
C 120 0
C 121 0
C 122 0
C 123 0
C 124 0
C 125 0
C 126 0
C 127 0
C 128 0
C 129 0
C 130 0
C 131 0
C 132 0
C 133 0
C 134 0
C 135 0
C 136 0
C 137 0
C 138 0
C 139 0
C 140 0
C 141 0
C 142 0
C 143 0
C 144 0
C 145 0
C 146 0
C 147 0
C 148 0
C 149 0
C 150 0
C 151 0
C 152 0
C 153 0
C 154 0
C 155 0
C 156 0
C 157 0
C 158 0
C 159 0
C 160 0
C 161 0
C 162 0
C 163 0
C 164 0
C 165 0
C 166 0
C 167 0
C 168 0
C 169 0
C 170 0
C 171 0
C 172 0
C 173 0
C 174 0
C 175 0
C 176 0
C 177 0
C 178 0
C 179 0
C 180 0
C 181 0
C 182 0
C 183 0
C 184 0
C 185 0
C 186 0
C 187 0
C 188 0
C 189 0
C 190 0
C 191 0
C 192 0
C 193 0
C 194 0
C 195 0
C 196 0
C 197 0
C 198 0
C 199 0
C 200 0
C 201 0
C 202 0
C 203 0
C 204 0
C 205 0
C 206 0
C 207 0
C 208 0
C 209 0
C 210 0
C 211 0
C 212 0
C 213 0
C 214 14
C 215 26
C 216 25
C 217 12
C 218 22
C 219 0
C 220 9
C 221 18
C 222 1
C 223 24
C 224 3
C 225 23
C 226 10
C 227 11
C 228 0
C 229 17
C 230 24
C 231 26
C 232 26
C 233 26
C 234 9
C 235 22
C 236 3
C 237 22
C 238 8
C 239 16
C 240 5
C 241 22
C 242 18
C 243 3
C 244 0
C 245 25
C 246 14
C 247 14
C 248 24
C 249 14
C 250 8
C 251 7
C 252 23
C 253 1
C 254 25
C 255 5
C 256 9
C 257 22
C 258 25
C 259 11
C 260 4
C 261 22
C 262 14
C 263 23
C 264 23
C 265 24
C 266 2
C 267 24
C 268 15
C 269 10
C 270 9
C 271 6
C 272 25
C 273 20
C 274 11
C 275 19
C 276 5
C 277 24
C 278 9
C 279 22
C 280 3
C 281 3
C 282 10
C 283 22
C 284 3
C 285 23
C 286 2
C 287 10
C 288 19
C 289 24
C 290 19
C 291 26
C 292 26
C 293 22
C 294 23
C 295 23
C 296 2
C 297 5
C 298 7
C 299 5
C 300 1
C 301 24
C 302 23
C 303 23
C 304 3
C 305 10
C 306 2
C 307 7
C 308 11
C 309 3
C 310 18
C 311 6
C 312 16
C 313 14
C 314 15
C 315 21
C 316 15
C 317 20
C 318 3
C 319 5
C 320 20
C 321 0
C 322 2
C 323 7
C 324 17
C 325 14
C 326 9
C 327 9
C 328 25
C 329 11
C 330 22
C 331 17
C 332 18
C 333 1
C 334 24
C 335 24
C 336 7
C 337 26
C 338 23
C 339 19
C 340 15
C 341 20
C 342 8
C 343 22
C 344 23
C 345 18
C 346 10
C 347 11
C 348 5
C 349 23
C 350 21
I 0 3 14 (2,5,2) (0,0,1,0)|(1,0,-1,0)|(1,0,-1,0)
I 3 1 12 (0,2,0) (1,0,1,0)
I 2 3 19 (5,4,2) (1,1,0,0)
