D (9,10,11) (2,5,2)
D (7,8,9) (1,3,2)
D (12,-1,-1) (5,2,3)
D (10,-1,-1) (4,5,1)
D (8,9,10) (0,3,3)
D (9,-1,-1) (1,5,3)
D (8,9,-1) (5,0,3)
D (11,-1,-1) (4,2,5)
D (8,-1,-1) (1,4,0)
D (10,-1,-1) (4,4,3)
D (11,12,-1) (1,3,0)
D (12,-1,-1) (4,0,2)
D (7,8,-1) (5,3,5)
D (10,11,-1) (0,0,5)
D (11,12,-1) (3,3,3)
D (7,8,9) (5,3,2)
D (11,-1,-1) (4,5,3)
D (7,-1,-1) (5,4,3)
D (10,-1,-1) (4,3,0)
D (7,8,9) (0,5,3)
D (12,-1,-1) (4,4,0)
D (9,10,-1) (1,2,5)
D (10,11,12) (2,4,3)
D (12,-1,-1) (0,5,5)
D (8,9,10) (2,0,2)
D (10,11,12) (5,5,0)
D (12,-1,-1) (0,1,3)
D (11,12,-1) (4,3,1)
D (7,8,-1) (4,1,2)
D (12,-1,-1) (3,0,4)
D (11,12,-1) (4,2,1)
D (8,-1,-1) (0,4,0)
D (10,11,-1) (5,2,5)
D (8,9,10) (1,2,2)
D (11,12,-1) (2,0,1)
D (12,-1,-1) (5,0,1)
D (10,11,-1) (0,0,2)
D (10,-1,-1) (5,3,4)
D (11,-1,-1) (0,5,2)
D (10,-1,-1) (2,2,3)
D (10,-1,-1) (3,4,1)
D (7,8,9) (3,2,3)
D (12,-1,-1) (5,5,3)
D (12,-1,-1) (5,1,5)
D (11,-1,-1) (0,1,2)
D (11,12,-1) (2,4,2)
D (9,10,-1) (2,5,4)
D (10,-1,-1) (5,0,2)
D (11,-1,-1) (2,5,3)
D (7,-1,-1) (2,1,1)
D (7,-1,-1) (5,2,2)
C 0 7
C 1 5
C 2 3
C 3 1
C 4 25
C 5 19
C 6 20
C 7 4
C 8 0
C 9 1
C 10 22
C 11 25
C 12 14
C 13 16
C 14 18
C 15 0
C 16 0
C 17 0
C 18 0
C 19 0
C 20 0
C 21 0
C 22 0
C 23 0
C 24 0
C 25 0
C 26 0
C 27 0
C 28 0
C 29 0
C 30 0
C 31 0
C 32 0
C 33 0
C 34 0
C 35 0
C 36 0
C 37 0
C 38 0
C 39 0
C 40 0
C 41 0
C 42 0
C 43 0
C 44 0
C 45 0
C 46 0
C 47 0
C 48 0
C 49 0
C 50 0
C 51 0
C 52 0
C 53 0
C 54 0
C 55 0
C 56 0
C 57 0
C 58 0
C 59 0
C 60 0
C 61 0
C 62 0
C 63 0
C 64 0
C 65 0
C 66 0
C 67 0
C 68 0
C 69 0
C 70 0
C 71 0
C 72 0
C 73 0
C 74 0
C 75 0
C 76 0
C 77 0
C 78 0
C 79 0
C 80 0
C 81 0
C 82 0
C 83 0
C 84 0
C 85 0
C 86 0
C 87 0
C 88 0
C 89 0
C 90 0
C 91 0
C 92 0
C 93 0
C 94 0
C 95 0
C 96 0
C 97 0
C 98 0
C 99 0
C 100 0
C 101 0
C 102 0
C 103 0
C 104 0
C 105 0
C 106 0
C 107 0
C 108 0
C 109 0
C 110 0
C 111 0
C 112 0
C 113 0
C 114 4
C 115 21
C 116 21
C 117 1
C 118 10
C 119 22
C 120 7
C 121 7
C 122 9
C 123 11
C 124 6
C 125 16
C 126 6
C 127 0
C 128 19
C 129 19
C 130 9
C 131 17
C 132 26
C 133 19
C 134 0
C 135 2
C 136 18
C 137 2
C 138 15
C 139 0
C 140 0
C 141 0
C 142 0
C 143 0
C 144 0
C 145 0
C 146 0
C 147 0
C 148 0
C 149 0
C 150 0
C 151 0
C 152 0
C 153 0
C 154 0
C 155 0
C 156 0
C 157 0
C 158 0
C 159 0
C 160 0
C 161 0
C 162 0
C 163 0
C 164 0
C 165 0
C 166 0
C 167 0
C 168 0
C 169 0
C 170 0
C 171 0
C 172 0
C 173 0
C 174 0
C 175 0
C 176 0
C 177 0
C 178 0
C 179 0
C 180 0
C 181 0
C 182 0
C 183 0
C 184 0
C 185 0
C 186 0
C 187 0
C 188 0
C 189 0
C 190 0
C 191 0
C 192 0
C 193 0
C 194 0
C 195 0
C 196 0
C 197 0
C 198 0
C 199 0
C 200 0
C 201 0
C 202 0
C 203 0
C 204 0
C 205 0
C 206 0
C 207 0
C 208 0
C 209 0
C 210 0
C 211 0
C 212 0
C 213 0
C 214 0
C 215 0
C 216 0
C 217 0
C 218 0
C 219 0
C 220 0
C 221 0
C 222 0
C 223 0
C 224 0
C 225 0
C 226 0
C 227 0
C 228 0
C 229 0
C 230 0
C 231 0
C 232 0
C 233 0
C 234 0
C 235 0
C 236 0
C 237 0
C 238 0
C 239 0
C 240 0
C 241 0
C 242 0
C 243 0
C 244 0
C 245 0
C 246 0
C 247 0
C 248 0
C 249 0
C 250 0
C 251 0
C 252 0
C 253 24
C 254 4
C 255 8
C 256 21
C 257 1
C 258 6
C 259 19
C 260 4
C 261 6
C 262 8
C 263 20
C 264 2
C 265 11
C 266 15
C 267 4
C 268 11
C 269 7
C 270 2
C 271 24
C 272 16
C 273 6
C 274 3
C 275 6
C 276 10
C 277 19
C 278 24
C 279 3
C 280 26
C 281 16
C 282 11
C 283 12
C 284 8
C 285 20
C 286 5
C 287 15
C 288 16
C 289 22
C 290 10
C 291 3
C 292 11
C 293 4
C 294 21
C 295 16
C 296 16
C 297 0
C 298 9
C 299 20
C 300 23
C 301 26
C 302 23
C 303 3
C 304 23
C 305 10
C 306 10
C 307 6
C 308 7
C 309 20
C 310 7
C 311 1
C 312 18
C 313 18
C 314 0
C 315 5
C 316 1
C 317 19
C 318 3
C 319 16
C 320 6
C 321 22
C 322 0
C 323 24
C 324 3
C 325 3
C 326 4
C 327 20
C 328 18
C 329 9
C 330 16
C 331 21
C 332 21
C 333 26
C 334 14
C 335 22
C 336 19
C 337 18
C 338 12
C 339 24
C 340 8
C 341 10
C 342 10
C 343 18
C 344 1
C 345 25
C 346 10
C 347 19
C 348 19
C 349 18
C 350 18
I 4 3 9 (1,0,2) (0,1,0,0)
I 1 3 10 (3,0,0) (1,1,1,0)|(0,0,0,0)|(0,1,0,0)|(-1,1,-1,0)
I 4 3 20 (0,3,5) (-1,-1,0,0)
