D (7,8,9) (0,4,4)
D (10,11,12) (2,2,2)
D (9,10,-1) (0,4,1)
D (10,11,-1) (0,0,5)
D (10,11,12) (0,3,3)
D (8,9,10) (0,3,2)
D (11,-1,-1) (1,3,0)
D (11,12,-1) (2,0,2)
D (9,10,11) (5,0,3)
D (8,9,10) (4,5,0)
D (7,-1,-1) (5,1,3)
D (12,-1,-1) (1,5,1)
D (7,-1,-1) (2,2,0)
D (10,11,-1) (4,1,1)
D (12,-1,-1) (4,1,4)
D (12,-1,-1) (4,4,1)
D (9,-1,-1) (1,2,0)
D (10,11,12) (5,0,4)
D (12,-1,-1) (3,5,0)
D (9,10,11) (3,4,3)
D (7,8,-1) (1,0,5)
D (10,11,-1) (5,1,2)
D (12,-1,-1) (0,0,2)
D (9,10,11) (2,1,5)
D (8,-1,-1) (5,2,4)
D (8,-1,-1) (5,4,1)
D (10,-1,-1) (0,3,4)
D (8,9,-1) (5,2,5)
D (8,-1,-1) (0,2,2)
D (10,11,-1) (5,1,5)
D (11,-1,-1) (2,4,2)
D (8,9,10) (2,5,0)
D (11,-1,-1) (1,4,1)
D (9,-1,-1) (2,2,5)
D (9,-1,-1) (3,0,0)
D (11,-1,-1) (2,5,3)
D (8,9,-1) (3,3,2)
D (11,12,-1) (2,5,1)
D (11,12,-1) (0,0,1)
D (10,11,-1) (3,1,0)
D (9,10,-1) (1,3,1)
D (11,12,-1) (5,4,2)
D (11,-1,-1) (2,0,0)
D (7,8,9) (0,1,3)
D (7,8,9) (2,2,1)
D (12,-1,-1) (5,5,3)
D (8,-1,-1) (4,1,2)
D (9,10,-1) (5,0,1)
D (12,-1,-1) (0,0,4)
D (8,9,10) (3,0,5)
C 0 20
C 1 26
C 2 25
C 3 5
C 4 7
C 5 14
C 6 12
C 7 18
C 8 19
C 9 2
C 10 9
C 11 20
C 12 5
C 13 11
C 14 8
C 15 4
C 16 2
C 17 4
C 18 24
C 19 20
C 20 7
C 21 16
C 22 8
C 23 4
C 24 20
C 25 7
C 26 25
C 27 23
C 28 1
C 29 16
C 30 18
C 31 7
C 32 9
C 33 5
C 34 20
C 35 1
C 36 6
C 37 10
C 38 9
C 39 12
C 40 11
C 41 23
C 42 1
C 43 0
C 44 4
C 45 9
C 46 15
C 47 5
C 48 9
C 49 3
C 50 18
C 51 18
C 52 3
C 53 6
C 54 15
C 55 23
C 56 25
C 57 2
C 58 22
C 59 22
C 60 11
C 61 23
C 62 21
C 63 14
C 64 9
C 65 22
C 66 20
C 67 4
C 68 10
C 69 23
C 70 10
C 71 22
C 72 24
C 73 19
C 74 2
C 75 26
C 76 20
C 77 3
C 78 10
C 79 5
C 80 5
C 81 1
C 82 20
C 83 19
C 84 17
C 85 4
C 86 23
C 87 7
C 88 18
C 89 10
C 90 24
C 91 26
C 92 11
C 93 23
C 94 26
C 95 7
C 96 20
C 97 1
C 98 18
C 99 2
C 100 0
C 101 11
C 102 19
C 103 21
C 104 21
C 105 26
C 106 11
C 107 14
C 108 19
C 109 22
C 110 25
C 111 23
C 112 21
C 113 5
C 114 15
C 115 15
C 116 14
C 117 26
C 118 8
C 119 21
C 120 2
C 121 10
C 122 2
C 123 15
C 124 16
C 125 0
C 126 14
C 127 24
C 128 9
C 129 10
C 130 14
C 131 24
C 132 10
C 133 16
C 134 25
C 135 25
C 136 10
C 137 11
C 138 2
C 139 23
C 140 11
C 141 0
C 142 17
C 143 26
C 144 2
C 145 16
C 146 11
C 147 0
C 148 5
C 149 20
C 150 8
C 151 8
C 152 19
C 153 0
C 154 26
C 155 9
C 156 24
C 157 11
C 158 17
C 159 12
C 160 16
C 161 10
C 162 0
C 163 10
C 164 5
C 165 5
C 166 21
C 167 20
C 168 17
C 169 2
C 170 25
C 171 18
C 172 8
C 173 23
C 174 12
C 175 23
C 176 24
C 177 23
C 178 23
C 179 6
C 180 1
C 181 9
C 182 7
C 183 21
C 184 3
C 185 11
C 186 20
C 187 16
C 188 23
C 189 14
C 190 17
C 191 12
C 192 7
C 193 0
C 194 23
C 195 26
C 196 18
C 197 23
C 198 14
C 199 19
C 200 21
C 201 9
C 202 8
C 203 22
C 204 4
C 205 7
C 206 15
C 207 18
C 208 6
C 209 16
C 210 4
C 211 7
C 212 10
C 213 25
C 214 21
C 215 5
C 216 7
C 217 12
C 218 20
C 219 25
C 220 26
C 221 1
C 222 2
C 223 3
C 224 20
C 225 21
C 226 6
C 227 26
C 228 8
C 229 26
C 230 12
C 231 20
C 232 17
C 233 19
C 234 12
C 235 7
C 236 24
C 237 4
C 238 7
C 239 17
C 240 10
C 241 9
C 242 11
C 243 7
C 244 2
C 245 19
C 246 18
C 247 4
C 248 18
C 249 2
C 250 4
C 251 9
C 252 9
C 253 5
C 254 0
C 255 23
C 256 2
C 257 21
C 258 10
C 259 10
C 260 9
C 261 11
C 262 10
C 263 4
C 264 22
C 265 9
C 266 14
C 267 22
C 268 19
C 269 25
C 270 4
C 271 21
C 272 16
C 273 6
C 274 26
C 275 17
C 276 18
C 277 10
C 278 20
C 279 26
C 280 15
C 281 9
C 282 1
C 283 4
C 284 4
C 285 20
C 286 4
C 287 21
C 288 18
C 289 10
C 290 15
C 291 8
C 292 8
C 293 4
C 294 7
C 295 5
C 296 15
C 297 20
C 298 23
C 299 26
C 300 19
C 301 17
C 302 22
C 303 15
C 304 19
C 305 25
C 306 25
C 307 16
C 308 20
C 309 18
C 310 0
C 311 23
C 312 5
C 313 21
C 314 9
C 315 2
C 316 21
C 317 9
C 318 25
C 319 10
C 320 15
C 321 6
C 322 2
C 323 9
C 324 20
C 325 19
C 326 25
C 327 20
C 328 12
C 329 4
C 330 7
C 331 26
C 332 21
C 333 11
C 334 0
C 335 19
C 336 18
C 337 24
C 338 11
C 339 6
C 340 16
C 341 9
C 342 7
C 343 0
C 344 25
C 345 14
C 346 3
C 347 23
C 348 26
C 349 7
C 350 16
I 2 1 18 (1,2,2) (-1,-1,1,0)|(1,0,0,0)|(0,1,0,0)|(0,-1,0,0)|(1,-1,1,0)
I 2 2 6 (0,2,1) (1,0,1,0)
I 2 2 11 (3,0,3) (1,-1,1,0)|(-1,-1,0,0)|(0,1,0,0)
