D (8,9,-1) (4,4,1)
D (12,-1,-1) (2,3,0)
D (8,9,-1) (2,3,4)
D (12,-1,-1) (4,2,0)
D (12,-1,-1) (3,4,2)
D (8,-1,-1) (2,5,2)
D (8,-1,-1) (3,3,0)
D (10,11,-1) (0,4,5)
D (12,-1,-1) (1,2,2)
D (7,8,9) (4,5,0)
D (12,-1,-1) (2,5,4)
D (8,-1,-1) (1,4,0)
D (8,9,10) (0,3,4)
D (8,9,10) (4,0,5)
D (10,11,12) (0,5,4)
D (10,-1,-1) (1,5,3)
D (8,9,-1) (0,3,0)
D (9,10,-1) (0,0,5)
D (7,8,9) (5,0,4)
D (7,-1,-1) (5,5,4)
D (9,10,11) (1,4,5)
D (10,-1,-1) (2,2,0)
D (10,-1,-1) (1,3,2)
D (10,-1,-1) (0,1,3)
D (11,-1,-1) (1,3,1)
D (9,-1,-1) (5,1,4)
D (12,-1,-1) (3,2,2)
D (11,-1,-1) (0,5,2)
D (12,-1,-1) (4,0,2)
D (7,8,9) (1,0,1)
D (9,-1,-1) (5,2,0)
D (7,8,9) (4,3,1)
D (8,-1,-1) (0,3,1)
D (12,-1,-1) (5,1,1)
D (10,11,12) (1,5,5)
D (11,12,-1) (1,3,4)
D (8,-1,-1) (1,0,5)
D (7,8,-1) (4,3,4)
D (9,10,11) (5,3,3)
D (7,8,9) (2,1,4)
D (7,8,9) (5,2,3)
D (11,12,-1) (4,1,2)
D (9,-1,-1) (1,2,5)
D (10,11,12) (5,2,2)
D (7,8,-1) (3,1,4)
D (9,10,11) (4,0,0)
D (10,11,12) (3,3,2)
D (10,11,-1) (5,1,0)
D (9,10,11) (2,2,2)
D (12,-1,-1) (1,0,4)
D (8,9,10) (2,0,2)
D (12,-1,-1) (1,4,3)
D (10,-1,-1) (4,4,5)
D (12,-1,-1) (4,2,1)
D (10,-1,-1) (3,4,5)
D (12,-1,-1) (3,1,5)
D (10,11,-1) (2,1,5)
D (12,-1,-1) (2,2,5)
D (7,-1,-1) (0,0,2)
D (9,10,-1) (2,3,2)
D (10,-1,-1) (3,0,5)
D (9,-1,-1) (0,0,4)
D (10,11,-1) (0,2,5)
D (10,-1,-1) (2,4,0)
D (7,8,-1) (5,2,1)
D (12,-1,-1) (5,2,4)
D (11,12,-1) (3,2,5)
C 0 7
C 1 9
C 2 25
C 3 6
C 4 21
C 5 17
C 6 5
C 7 0
C 8 26
C 9 20
C 10 6
C 11 7
C 12 5
C 13 19
C 14 15
C 15 4
C 16 2
C 17 20
C 18 22
C 19 17
C 20 3
C 21 19
C 22 9
C 23 7
C 24 19
C 25 5
C 26 14
C 27 22
C 28 11
C 29 17
C 30 7
C 31 24
C 32 5
C 33 0
C 34 25
C 35 22
C 36 23
C 37 25
C 38 4
C 39 22
C 40 11
C 41 19
C 42 1
C 43 3
C 44 26
C 45 16
C 46 9
C 47 12
C 48 6
C 49 1
C 50 16
C 51 4
C 52 10
C 53 15
C 54 24
C 55 23
C 56 25
C 57 11
C 58 7
C 59 21
C 60 23
C 61 6
C 62 9
C 63 22
C 64 14
C 65 7
C 66 8
C 67 21
C 68 23
C 69 0
C 70 0
C 71 0
C 72 0
C 73 0
C 74 0
C 75 0
C 76 0
C 77 0
C 78 0
C 79 26
C 80 19
C 81 15
C 82 17
C 83 21
C 84 19
C 85 6
C 86 1
C 87 14
C 88 26
C 89 25
C 90 11
C 91 3
C 92 10
C 93 20
C 94 10
C 95 10
C 96 12
C 97 16
C 98 15
C 99 10
C 100 12
C 101 6
C 102 17
C 103 9
C 104 20
C 105 18
C 106 11
C 107 8
C 108 23
C 109 17
C 110 9
C 111 25
C 112 25
C 113 26
C 114 7
C 115 26
C 116 2
C 117 21
C 118 5
C 119 3
C 120 2
C 121 4
C 122 16
C 123 4
C 124 8
C 125 11
C 126 21
C 127 16
C 128 18
C 129 12
C 130 6
C 131 4
C 132 0
C 133 6
C 134 0
C 135 21
C 136 10
C 137 26
C 138 6
C 139 26
C 140 23
C 141 0
C 142 0
C 143 0
C 144 0
C 145 0
C 146 0
C 147 0
C 148 21
C 149 24
C 150 24
C 151 0
C 152 3
C 153 10
C 154 25
C 155 6
C 156 20
C 157 22
C 158 17
C 159 6
C 160 8
C 161 0
C 162 4
C 163 11
C 164 3
C 165 24
C 166 12
C 167 26
C 168 23
C 169 11
C 170 21
C 171 7
C 172 8
C 173 5
C 174 21
C 175 4
C 176 26
C 177 25
C 178 20
C 179 8
C 180 16
C 181 7
C 182 8
C 183 14
C 184 0
C 185 2
C 186 15
C 187 3
C 188 23
C 189 0
C 190 22
C 191 2
C 192 23
C 193 26
C 194 25
C 195 17
C 196 21
C 197 24
C 198 5
C 199 2
C 200 26
C 201 12
C 202 18
C 203 4
C 204 11
C 205 1
C 206 10
C 207 0
C 208 1
C 209 5
C 210 3
C 211 23
C 212 23
C 213 14
C 214 9
C 215 17
C 216 23
C 217 0
C 218 5
C 219 17
C 220 11
C 221 25
C 222 23
C 223 25
C 224 7
C 225 1
C 226 22
C 227 3
C 228 8
C 229 3
C 230 6
C 231 25
C 232 18
C 233 10
C 234 8
C 235 12
C 236 3
C 237 8
C 238 11
C 239 14
C 240 14
C 241 23
C 242 9
C 243 21
C 244 23
C 245 26
C 246 15
C 247 18
C 248 20
C 249 9
C 250 14
C 251 16
C 252 7
C 253 3
C 254 0
C 255 9
C 256 24
C 257 2
C 258 12
C 259 19
C 260 25
C 261 24
C 262 19
C 263 21
C 264 11
C 265 0
C 266 24
C 267 18
C 268 3
C 269 15
C 270 11
C 271 18
C 272 6
C 273 19
C 274 19
C 275 5
C 276 25
C 277 20
C 278 3
C 279 1
C 280 19
C 281 7
C 282 21
C 283 12
C 284 2
C 285 0
C 286 20
C 287 20
C 288 3
C 289 18
C 290 0
C 291 0
C 292 0
C 293 0
C 294 0
C 295 0
C 296 4
C 297 16
C 298 19
C 299 1
C 300 15
C 301 12
C 302 8
C 303 11
C 304 3
C 305 7
C 306 23
C 307 9
C 308 17
C 309 19
C 310 25
C 311 12
C 312 11
C 313 11
C 314 17
C 315 26
C 316 5
C 317 23
C 318 19
C 319 25
C 320 16
C 321 8
C 322 20
C 323 3
C 324 2
C 325 15
C 326 11
C 327 5
C 328 6
C 329 21
C 330 8
C 331 23
C 332 23
C 333 6
C 334 20
C 335 18
C 336 9
C 337 7
C 338 2
C 339 6
C 340 7
C 341 6
C 342 21
C 343 4
C 344 15
C 345 24
C 346 11
C 347 7
C 348 6
C 349 7
C 350 0
I 2 3 11 (1,3,3) (1,0,0,0)
I 0 2 3 (4,3,2) (0,0,1,0)
I 0 1 16 (2,5,5) (0,-1,1,0)|(-1,0,1,0)
