D (10,11,12) (4,1,2)
D (8,9,10) (1,0,4)
D (12,-1,-1) (2,0,4)
D (9,10,11) (0,1,1)
D (11,-1,-1) (1,1,1)
D (7,8,-1) (1,3,1)
D (11,-1,-1) (3,0,4)
D (9,10,11) (4,3,5)
D (9,10,-1) (4,1,3)
D (8,9,10) (0,5,5)
D (12,-1,-1) (4,2,5)
D (8,9,-1) (5,1,3)
D (12,-1,-1) (0,1,2)
D (9,10,11) (4,5,4)
D (8,9,-1) (1,5,4)
D (10,-1,-1) (1,2,4)
D (7,8,9) (0,4,2)
D (10,11,12) (0,0,0)
D (8,9,-1) (4,0,4)
D (10,11,-1) (0,2,5)
D (11,-1,-1) (2,4,2)
D (7,8,9) (4,0,1)
D (11,-1,-1) (0,3,3)
D (12,-1,-1) (5,2,2)
D (11,-1,-1) (2,1,0)
D (7,-1,-1) (2,2,5)
D (11,-1,-1) (2,0,1)
D (7,-1,-1) (3,3,3)
D (11,12,-1) (5,4,5)
D (7,-1,-1) (4,5,1)
D (12,-1,-1) (1,5,5)
D (10,11,12) (3,5,4)
D (10,11,-1) (1,0,0)
D (11,12,-1) (5,5,2)
D (7,8,9) (5,3,1)
D (11,12,-1) (5,4,0)
D (10,-1,-1) (1,0,5)
D (12,-1,-1) (5,2,0)
D (11,-1,-1) (0,3,2)
D (11,12,-1) (0,0,1)
D (12,-1,-1) (5,2,4)
D (8,-1,-1) (2,1,3)
D (12,-1,-1) (3,1,1)
D (12,-1,-1) (1,2,1)
D (9,-1,-1) (4,1,5)
D (7,8,9) (0,2,1)
D (9,10,-1) (5,3,5)
D (8,9,10) (1,1,4)
D (9,10,-1) (3,5,1)
C 0 6
C 1 9
C 2 3
C 3 20
C 4 9
C 5 11
C 6 15
C 7 17
C 8 11
C 9 18
C 10 7
C 11 22
C 12 16
C 13 6
C 14 23
C 15 17
C 16 1
C 17 6
C 18 8
C 19 20
C 20 26
C 21 20
C 22 12
C 23 8
C 24 0
C 25 0
C 26 0
C 27 0
C 28 0
C 29 0
C 30 0
C 31 0
C 32 0
C 33 0
C 34 0
C 35 0
C 36 0
C 37 0
C 38 0
C 39 0
C 40 0
C 41 0
C 42 0
C 43 0
C 44 0
C 45 0
C 46 0
C 47 0
C 48 0
C 49 0
C 50 0
C 51 0
C 52 0
C 53 0
C 54 0
C 55 0
C 56 0
C 57 0
C 58 0
C 59 0
C 60 0
C 61 0
C 62 0
C 63 0
C 64 0
C 65 0
C 66 0
C 67 0
C 68 0
C 69 0
C 70 0
C 71 0
C 72 0
C 73 0
C 74 6
C 75 26
C 76 10
C 77 5
C 78 19
C 79 0
C 80 0
C 81 22
C 82 9
C 83 9
C 84 4
C 85 21
C 86 16
C 87 12
C 88 21
C 89 14
C 90 20
C 91 0
C 92 19
C 93 14
C 94 24
C 95 20
C 96 16
C 97 14
C 98 22
C 99 3
C 100 24
C 101 6
C 102 11
C 103 18
C 104 11
C 105 19
C 106 23
C 107 16
C 108 0
C 109 22
C 110 14
C 111 3
C 112 24
C 113 7
C 114 5
C 115 19
C 116 26
C 117 16
C 118 21
C 119 10
C 120 18
C 121 7
C 122 20
C 123 16
C 124 11
C 125 3
C 126 24
C 127 3
C 128 15
C 129 12
C 130 6
C 131 26
C 132 19
C 133 2
C 134 21
C 135 12
C 136 15
C 137 18
C 138 16
C 139 12
C 140 19
C 141 7
C 142 16
C 143 21
C 144 15
C 145 17
C 146 18
C 147 5
C 148 24
C 149 5
C 150 8
C 151 25
C 152 10
C 153 10
C 154 7
C 155 3
C 156 21
C 157 18
C 158 23
C 159 24
C 160 24
C 161 16
C 162 2
C 163 6
C 164 5
C 165 16
C 166 21
C 167 22
C 168 17
C 169 24
C 170 26
C 171 16
C 172 21
C 173 5
C 174 24
C 175 24
C 176 9
C 177 4
C 178 0
C 179 8
C 180 23
C 181 12
C 182 5
C 183 26
C 184 18
C 185 21
C 186 0
C 187 19
C 188 21
C 189 21
C 190 11
C 191 2
C 192 26
C 193 15
C 194 21
C 195 11
C 196 10
C 197 8
C 198 6
C 199 6
C 200 26
C 201 3
C 202 7
C 203 12
C 204 16
C 205 17
C 206 8
C 207 15
C 208 18
C 209 8
C 210 3
C 211 14
C 212 6
C 213 1
C 214 24
C 215 0
C 216 6
C 217 6
C 218 21
C 219 0
C 220 0
C 221 0
C 222 0
C 223 0
C 224 0
C 225 0
C 226 0
C 227 0
C 228 0
C 229 0
C 230 0
C 231 0
C 232 0
C 233 0
C 234 0
C 235 0
C 236 0
C 237 0
C 238 0
C 239 0
C 240 0
C 241 0
C 242 0
C 243 0
C 244 0
C 245 0
C 246 0
C 247 0
C 248 0
C 249 0
C 250 0
C 251 0
C 252 0
C 253 0
C 254 0
C 255 0
C 256 0
C 257 0
C 258 0
C 259 0
C 260 0
C 261 0
C 262 0
C 263 0
C 264 0
C 265 0
C 266 0
C 267 0
C 268 0
C 269 0
C 270 25
C 271 3
C 272 22
C 273 3
C 274 3
C 275 6
C 276 21
C 277 19
C 278 4
C 279 17
C 280 7
C 281 12
C 282 19
C 283 4
C 284 20
C 285 12
C 286 17
C 287 23
C 288 12
C 289 11
C 290 1
C 291 17
C 292 0
C 293 10
C 294 9
C 295 25
C 296 16
C 297 14
C 298 0
C 299 21
C 300 9
C 301 14
C 302 15
C 303 4
C 304 14
C 305 4
C 306 4
C 307 19
C 308 16
C 309 19
C 310 26
C 311 19
C 312 8
C 313 12
C 314 9
C 315 22
C 316 18
C 317 2
C 318 2
C 319 16
C 320 2
C 321 5
C 322 14
C 323 0
C 324 5
C 325 4
C 326 26
C 327 23
C 328 18
C 329 6
C 330 0
C 331 1
C 332 2
C 333 9
C 334 25
C 335 14
C 336 25
C 337 22
C 338 22
C 339 17
C 340 12
C 341 23
C 342 23
C 343 18
C 344 0
C 345 14
C 346 3
C 347 14
C 348 7
C 349 15
C 350 16
I 2 1 8 (0,3,1) (1,0,0,0)|(-1,1,1,0)
I 3 2 19 (5,0,3) (0,-1,1,0)
I 0 3 13 (2,1,5) (1,1,-1,0)|(-1,1,0,0)|(1,-1,1,0)|(-1,-1,0,0)|(1,1,0,0)
