D (10,-1,-1) (0,3,1)
D (8,-1,-1) (1,2,2)
D (10,-1,-1) (2,5,0)
D (10,-1,-1) (2,3,4)
D (10,-1,-1) (2,4,1)
D (12,-1,-1) (5,1,2)
D (12,-1,-1) (1,1,2)
D (10,11,-1) (3,4,4)
D (9,10,11) (1,4,3)
D (8,9,-1) (0,5,4)
D (8,9,10) (3,1,1)
D (9,10,11) (5,5,0)
D (9,-1,-1) (2,0,4)
D (10,11,-1) (2,0,0)
D (7,8,9) (4,5,1)
D (7,8,-1) (0,0,2)
D (8,-1,-1) (3,0,3)
D (9,10,-1) (3,0,1)
D (10,-1,-1) (3,0,5)
D (8,9,-1) (0,4,1)
D (11,-1,-1) (5,4,2)
D (11,12,-1) (4,3,3)
D (12,-1,-1) (5,0,2)
D (8,9,10) (5,5,3)
D (9,-1,-1) (1,5,1)
D (12,-1,-1) (4,3,4)
D (12,-1,-1) (4,4,5)
D (11,12,-1) (4,2,2)
D (9,10,11) (1,0,2)
D (10,-1,-1) (0,1,4)
D (11,12,-1) (5,3,3)
D (7,8,9) (5,3,2)
D (10,11,12) (0,3,4)
D (7,8,9) (0,1,2)
D (10,-1,-1) (4,4,0)
D (11,-1,-1) (5,0,0)
D (10,11,12) (2,0,2)
D (11,-1,-1) (2,5,3)
D (7,8,9) (2,1,4)
D (9,10,-1) (2,5,4)
D (8,9,-1) (4,3,5)
D (12,-1,-1) (3,0,2)
D (12,-1,-1) (5,1,0)
D (11,-1,-1) (3,4,5)
D (12,-1,-1) (1,3,4)
D (7,8,-1) (3,3,5)
D (12,-1,-1) (0,5,5)
D (7,8,-1) (2,2,1)
D (11,-1,-1) (3,4,0)
D (12,-1,-1) (5,1,1)
D (9,-1,-1) (1,3,1)
D (12,-1,-1) (2,3,2)
D (7,8,-1) (5,5,1)
D (8,9,-1) (0,1,0)
D (12,-1,-1) (4,0,3)
D (9,10,-1) (2,2,3)
D (8,9,-1) (2,3,0)
D (9,10,11) (1,3,3)
D (10,-1,-1) (1,4,5)
D (9,10,11) (1,1,5)
D (7,-1,-1) (5,2,2)
C 0 10
C 1 26
C 2 4
C 3 15
C 4 8
C 5 17
C 6 9
C 7 26
C 8 19
C 9 5
C 10 19
C 11 10
C 12 11
C 13 22
C 14 18
C 15 16
C 16 14
C 17 18
C 18 22
C 19 17
C 20 14
C 21 2
C 22 2
C 23 9
C 24 19
C 25 15
C 26 16
C 27 19
C 28 21
C 29 10
C 30 22
C 31 23
C 32 23
C 33 20
C 34 5
C 35 7
C 36 24
C 37 24
C 38 10
C 39 22
C 40 7
C 41 16
C 42 10
C 43 6
C 44 10
C 45 20
C 46 19
C 47 23
C 48 4
C 49 21
C 50 19
C 51 19
C 52 25
C 53 0
C 54 11
C 55 2
C 56 26
C 57 1
C 58 18
C 59 20
C 60 23
C 61 4
C 62 0
C 63 22
C 64 1
C 65 3
C 66 8
C 67 4
C 68 9
C 69 26
C 70 7
C 71 22
C 72 21
C 73 5
C 74 16
C 75 0
C 76 0
C 77 0
C 78 0
C 79 0
C 80 0
C 81 0
C 82 0
C 83 0
C 84 0
C 85 0
C 86 0
C 87 0
C 88 0
C 89 0
C 90 0
C 91 0
C 92 0
C 93 0
C 94 0
C 95 0
C 96 0
C 97 0
C 98 0
C 99 0
C 100 0
C 101 0
C 102 0
C 103 0
C 104 0
C 105 0
C 106 0
C 107 0
C 108 0
C 109 0
C 110 0
C 111 0
C 112 0
C 113 0
C 114 0
C 115 0
C 116 0
C 117 0
C 118 0
C 119 0
C 120 0
C 121 0
C 122 0
C 123 0
C 124 0
C 125 0
C 126 0
C 127 0
C 128 0
C 129 0
C 130 0
C 131 0
C 132 0
C 133 0
C 134 0
C 135 0
C 136 0
C 137 0
C 138 0
C 139 0
C 140 0
C 141 0
C 142 0
C 143 0
C 144 0
C 145 0
C 146 0
C 147 0
C 148 0
C 149 0
C 150 0
C 151 0
C 152 0
C 153 0
C 154 0
C 155 0
C 156 0
C 157 0
C 158 0
C 159 0
C 160 0
C 161 0
C 162 0
C 163 0
C 164 0
C 165 0
C 166 0
C 167 0
C 168 8
C 169 18
C 170 10
C 171 26
C 172 2
C 173 3
C 174 25
C 175 21
C 176 24
C 177 0
C 178 0
C 179 0
C 180 0
C 181 0
C 182 0
C 183 0
C 184 0
C 185 0
C 186 0
C 187 0
C 188 0
C 189 0
C 190 0
C 191 0
C 192 0
C 193 0
C 194 0
C 195 0
C 196 0
C 197 0
C 198 0
C 199 0
C 200 0
C 201 0
C 202 0
C 203 0
C 204 0
C 205 0
C 206 0
C 207 0
C 208 0
C 209 0
C 210 0
C 211 0
C 212 0
C 213 0
C 214 0
C 215 0
C 216 0
C 217 0
C 218 0
C 219 0
C 220 0
C 221 0
C 222 0
C 223 0
C 224 0
C 225 0
C 226 0
C 227 0
C 228 0
C 229 0
C 230 0
C 231 0
C 232 0
C 233 0
C 234 0
C 235 0
C 236 0
C 237 0
C 238 0
C 239 0
C 240 0
C 241 0
C 242 0
C 243 0
C 244 0
C 245 0
C 246 0
C 247 0
C 248 0
C 249 0
C 250 0
C 251 0
C 252 0
C 253 0
C 254 0
C 255 0
C 256 0
C 257 0
C 258 0
C 259 0
C 260 0
C 261 0
C 262 0
C 263 0
C 264 0
C 265 0
C 266 0
C 267 0
C 268 0
C 269 0
C 270 0
C 271 0
C 272 0
C 273 0
C 274 0
C 275 0
C 276 0
C 277 0
C 278 0
C 279 0
C 280 0
C 281 0
C 282 0
C 283 0
C 284 0
C 285 0
C 286 0
C 287 0
C 288 0
C 289 0
C 290 0
C 291 0
C 292 0
C 293 0
C 294 0
C 295 0
C 296 0
C 297 0
C 298 0
C 299 0
C 300 0
C 301 0
C 302 0
C 303 0
C 304 0
C 305 0
C 306 0
C 307 0
C 308 0
C 309 0
C 310 0
C 311 0
C 312 0
C 313 0
C 314 0
C 315 20
C 316 20
C 317 6
C 318 23
C 319 6
C 320 0
C 321 16
C 322 16
C 323 2
C 324 18
C 325 3
C 326 15
C 327 24
C 328 19
C 329 23
C 330 10
C 331 18
C 332 10
C 333 17
C 334 23
C 335 1
C 336 15
C 337 26
C 338 9
C 339 16
C 340 25
C 341 25
C 342 16
C 343 23
C 344 25
C 345 21
C 346 16
C 347 5
C 348 5
C 349 4
C 350 15
I 3 1 4 (0,0,1) (0,-1,0,0)|(0,1,0,0)
I 3 2 2 (5,4,3) (-1,1,1,0)|(1,1,0,0)
I 1 2 14 (3,2,0) (1,0,1,0)|(0,-1,-1,0)|(0,1,1,0)
