D (7,-1,-1) (3,4,3)
D (10,11,12) (2,2,4)
D (7,8,9) (2,4,4)
D (11,12,-1) (0,0,1)
D (7,8,9) (3,5,2)
D (10,11,12) (1,1,5)
D (10,11,12) (1,4,2)
D (10,-1,-1) (2,3,5)
D (8,-1,-1) (0,4,2)
D (9,10,-1) (5,2,3)
D (10,11,12) (1,3,3)
D (7,8,9) (4,0,0)
D (10,-1,-1) (3,1,4)
D (7,8,-1) (0,3,3)
D (10,-1,-1) (5,4,4)
D (10,11,12) (5,2,2)
D (11,8,-1) (4,4,4)
D (10,-1,-1) (0,4,1)
D (8,9,-1) (5,3,2)
D (9,10,-1) (4,3,3)
D (11,12,-1) (1,4,3)
D (12,-1,-1) (3,0,0)
D (9,10,11) (5,1,2)
D (8,9,-1) (4,3,1)
D (11,12,-1) (3,4,5)
D (7,8,-1) (3,3,2)
D (8,9,-1) (4,2,5)
D (8,9,10) (0,0,3)
D (7,-1,-1) (1,2,3)
D (8,9,10) (0,3,4)
D (9,10,11) (4,3,4)
D (10,-1,-1) (5,3,5)
D (12,-1,-1) (3,3,1)
D (8,9,10) (5,5,0)
D (12,-1,-1) (3,0,5)
D (7,8,-1) (3,1,3)
D (9,-1,-1) (0,3,2)
D (11,12,-1) (1,5,0)
D (12,-1,-1) (1,3,2)
D (10,11,12) (1,3,0)
D (9,10,-1) (2,5,0)
D (7,8,-1) (5,2,1)
D (7,8,9) (0,2,0)
D (9,10,11) (1,2,2)
D (9,10,11) (1,2,1)
D (9,10,11) (3,3,0)
D (10,11,11) (2,4,0)
D (8,9,10) (1,1,1)
C 0 5
C 1 0
C 2 19
C 3 15
C 4 11
C 5 2
C 6 14
C 7 17
C 8 14
C 9 8
C 10 20
C 11 0
C 12 0
C 13 18
C 14 9
C 15 8
C 16 1
C 17 25
C 18 5
C 19 4
C 20 6
C 21 25
C 22 3
C 23 21
C 24 7
C 25 4
C 26 20
C 27 16
C 28 3
C 29 11
C 30 24
C 31 16
C 32 26
C 33 18
C 34 15
C 35 25
C 36 11
C 37 9
C 38 14
C 39 8
C 40 5
C 41 4
C 42 3
C 43 12
C 44 25
C 45 3
C 46 6
C 47 18
C 48 17
C 49 21
C 50 4
C 51 8
C 52 15
C 53 23
C 54 4
C 55 10
C 56 16
C 57 16
C 58 12
C 59 10
C 60 25
C 61 3
C 62 4
C 63 9
C 64 11
C 65 19
C 66 0
C 67 0
C 68 0
C 69 0
C 70 0
C 71 0
C 72 0
C 73 0
C 74 0
C 75 25
C 76 9
C 77 17
C 78 1
C 79 20
C 80 7
C 81 16
C 82 15
C 83 2
C 84 10
C 85 25
C 86 22
C 87 6
C 88 25
C 89 23
C 90 4
C 91 9
C 92 22
C 93 18
C 94 1
C 95 11
C 96 7
C 97 24
C 98 18
C 99 11
C 100 14
C 101 2
C 102 2
C 103 26
C 104 24
C 105 9
C 106 3
C 107 4
C 108 19
C 109 23
C 110 5
C 111 25
C 112 23
C 113 23
C 114 22
C 115 25
C 116 22
C 117 11
C 118 18
C 119 26
C 120 6
C 121 22
C 122 4
C 123 16
C 124 21
C 125 2
C 126 23
C 127 12
C 128 21
C 129 14
C 130 23
C 131 9
C 132 26
C 133 20
C 134 1
C 135 14
C 136 8
C 137 11
C 138 16
C 139 2
C 140 12
C 141 14
C 142 20
C 143 6
C 144 17
C 145 12
C 146 1
C 147 6
C 148 12
C 149 7
C 150 5
C 151 1
C 152 25
C 153 15
C 154 23
C 155 3
C 156 15
C 157 14
C 158 0
C 159 0
C 160 0
C 161 0
C 162 0
C 163 0
C 164 0
C 165 0
C 166 0
C 167 0
C 168 0
C 169 0
C 170 0
C 171 0
C 172 0
C 173 0
C 174 0
C 175 4
C 176 16
C 177 7
C 178 2
C 179 3
C 180 15
C 181 5
C 182 5
C 183 11
C 184 11
C 185 12
C 186 24
C 187 18
C 188 21
C 189 11
C 190 17
C 191 24
C 192 23
C 193 4
C 194 24
C 195 6
C 196 21
C 197 21
C 198 8
C 199 4
C 200 22
C 201 7
C 202 14
C 203 4
C 204 26
C 205 25
C 206 18
C 207 18
C 208 8
C 209 10
C 210 22
C 211 17
C 212 0
C 213 16
C 214 9
C 215 4
C 216 22
C 217 3
C 218 2
C 219 18
C 220 8
C 221 15
C 222 4
C 223 26
C 224 18
C 225 22
C 226 4
C 227 22
C 228 6
C 229 0
C 230 8
C 231 25
C 232 12
C 233 18
C 234 17
C 235 21
C 236 21
C 237 10
C 238 24
C 239 6
C 240 11
C 241 3
C 242 6
C 243 14
C 244 7
C 245 22
C 246 23
C 247 8
C 248 5
C 249 12
C 250 18
C 251 19
C 252 4
C 253 14
C 254 6
C 255 1
C 256 3
C 257 17
C 258 18
C 259 12
C 260 9
C 261 21
C 262 16
C 263 11
C 264 17
C 265 26
C 266 17
C 267 1
C 268 1
C 269 10
C 270 23
C 271 17
C 272 2
C 273 25
C 274 12
C 275 17
C 276 22
C 277 5
C 278 23
C 279 26
C 280 6
C 281 0
C 282 3
C 283 2
C 284 4
C 285 5
C 286 10
C 287 14
C 288 19
C 289 10
C 290 16
C 291 26
C 292 24
C 293 16
C 294 17
C 295 2
C 296 20
C 297 14
C 298 24
C 299 12
C 300 3
C 301 20
C 302 1
C 303 23
C 304 17
C 305 22
C 306 4
C 307 12
C 308 0
C 309 19
C 310 23
C 311 5
C 312 12
C 313 8
C 314 7
C 315 8
C 316 1
C 317 26
C 318 10
C 319 21
C 320 4
C 321 4
C 322 11
C 323 17
C 324 9
C 325 14
C 326 11
C 327 20
C 328 15
C 329 25
C 330 25
C 331 12
C 332 17
C 333 11
C 334 1
C 335 19
C 336 22
C 337 7
C 338 24
C 339 17
C 340 24
C 341 24
C 342 0
C 343 19
C 344 16
C 345 22
C 346 7
C 347 21
C 348 1
C 349 8
C 350 14
I 4 3 3 (3,2,1) (-1,1,1,0)|(0,1,-1,0)|(0,1,-1,0)|(0,-1,-1,0)
I 3 1 18 (0,4,0) (-1,0,1,0)
I 1 2 3 (1,1,2) (1,0,0,0)|(-1,-1,-1,0)|(1,1,1,0)
