D (9,10,11) (1,4,1)
D (10,11,12) (0,1,0)
D (8,9,-1) (4,3,1)
D (11,12,-1) (3,0,0)
D (11,12,-1) (0,5,2)
D (12,-1,-1) (2,4,1)
D (11,12,-1) (3,3,1)
D (9,10,-1) (2,4,4)
D (10,11,12) (0,3,0)
D (12,-1,-1) (5,5,2)
D (8,-1,-1) (3,1,3)
D (12,-1,-1) (3,2,3)
D (8,9,-1) (0,2,0)
D (10,11,12) (2,4,3)
D (11,-1,-1) (2,3,4)
D (12,-1,-1) (1,0,2)
D (9,-1,-1) (5,5,5)
D (10,-1,-1) (1,5,1)
D (9,10,11) (2,5,3)
D (9,10,-1) (3,5,4)
D (10,-1,-1) (0,4,1)
D (8,9,-1) (1,3,3)
D (9,10,11) (5,2,2)
D (12,-1,-1) (2,1,0)
D (9,-1,-1) (2,4,0)
D (12,-1,-1) (5,4,2)
D (11,12,-1) (0,1,5)
D (12,-1,-1) (3,4,4)
D (8,9,-1) (1,4,2)
D (7,8,-1) (0,2,2)
D (12,-1,-1) (3,2,2)
D (7,8,9) (3,2,4)
D (12,-1,-1) (0,1,2)
D (10,11,12) (2,5,2)
D (11,12,-1) (0,0,4)
D (8,-1,-1) (4,3,0)
D (7,8,-1) (2,3,1)
D (11,-1,-1) (5,5,0)
D (7,8,-1) (3,1,5)
D (12,-1,-1) (0,4,2)
D (8,-1,-1) (3,2,0)
D (11,12,-1) (2,2,2)
D (12,-1,-1) (4,5,3)
D (12,-1,-1) (4,2,3)
D (11,-1,-1) (5,3,2)
D (7,-1,-1) (1,0,3)
D (10,11,12) (1,4,3)
D (9,10,-1) (5,1,5)
D (12,-1,-1) (5,0,4)
D (12,-1,-1) (1,3,4)
D (10,-1,-1) (4,4,1)
D (12,-1,-1) (4,0,4)
D (11,12,-1) (5,4,3)
D (9,10,-1) (1,3,5)
C 0 17
C 1 9
C 2 20
C 3 16
C 4 25
C 5 24
C 6 20
C 7 4
C 8 23
C 9 20
C 10 4
C 11 10
C 12 4
C 13 19
C 14 5
C 15 5
C 16 22
C 17 21
C 18 5
C 19 25
C 20 14
C 21 22
C 22 17
C 23 11
C 24 4
C 25 20
C 26 21
C 27 11
C 28 26
C 29 19
C 30 6
C 31 15
C 32 22
C 33 11
C 34 0
C 35 15
C 36 24
C 37 20
C 38 18
C 39 8
C 40 23
C 41 2
C 42 12
C 43 6
C 44 23
C 45 8
C 46 16
C 47 6
C 48 3
C 49 16
C 50 4
C 51 26
C 52 12
C 53 24
C 54 11
C 55 12
C 56 2
C 57 19
C 58 23
C 59 23
C 60 9
C 61 12
C 62 9
C 63 2
C 64 2
C 65 21
C 66 9
C 67 2
C 68 8
C 69 6
C 70 11
C 71 10
C 72 8
C 73 9
C 74 2
C 75 1
C 76 25
C 77 21
C 78 25
C 79 23
C 80 10
C 81 19
C 82 5
C 83 4
C 84 24
C 85 5
C 86 9
C 87 2
C 88 11
C 89 22
C 90 10
C 91 0
C 92 6
C 93 22
C 94 23
C 95 0
C 96 2
C 97 16
C 98 7
C 99 19
C 100 2
C 101 10
C 102 3
C 103 7
C 104 12
C 105 22
C 106 16
C 107 12
C 108 3
C 109 4
C 110 7
C 111 1
C 112 12
C 113 11
C 114 2
C 115 23
C 116 17
C 117 0
C 118 12
C 119 10
C 120 15
C 121 6
C 122 17
C 123 8
C 124 11
C 125 1
C 126 19
C 127 8
C 128 20
C 129 16
C 130 5
C 131 16
C 132 14
C 133 7
C 134 1
C 135 26
C 136 20
C 137 2
C 138 7
C 139 10
C 140 3
C 141 23
C 142 2
C 143 4
C 144 8
C 145 11
C 146 8
C 147 2
C 148 6
C 149 15
C 150 12
C 151 10
C 152 17
C 153 11
C 154 23
C 155 21
C 156 25
C 157 15
C 158 8
C 159 11
C 160 17
C 161 1
C 162 22
C 163 10
C 164 6
C 165 26
C 166 2
C 167 4
C 168 16
C 169 4
C 170 5
C 171 5
C 172 0
C 173 3
C 174 4
C 175 6
C 176 7
C 177 2
C 178 4
C 179 24
C 180 12
C 181 14
C 182 8
C 183 17
C 184 26
C 185 5
C 186 15
C 187 24
C 188 23
C 189 24
C 190 0
C 191 11
C 192 19
C 193 10
C 194 3
C 195 4
C 196 5
C 197 17
C 198 20
C 199 12
C 200 4
C 201 8
C 202 24
C 203 23
C 204 4
C 205 17
C 206 10
C 207 19
C 208 16
C 209 0
C 210 16
C 211 18
C 212 20
C 213 20
C 214 14
C 215 6
C 216 25
C 217 26
C 218 25
C 219 23
C 220 22
C 221 17
C 222 8
C 223 1
C 224 19
C 225 16
C 226 17
C 227 7
C 228 8
C 229 5
C 230 20
C 231 11
C 232 6
C 233 18
C 234 1
C 235 17
C 236 5
C 237 25
C 238 11
C 239 10
C 240 25
C 241 18
C 242 26
C 243 2
C 244 7
C 245 4
C 246 21
C 247 21
C 248 18
C 249 2
C 250 6
C 251 21
C 252 24
C 253 21
C 254 21
C 255 9
C 256 25
C 257 16
C 258 7
C 259 7
C 260 6
C 261 25
C 262 16
C 263 12
C 264 14
C 265 25
C 266 12
C 267 18
C 268 9
C 269 3
C 270 5
C 271 9
C 272 18
C 273 14
C 274 20
C 275 0
C 276 7
C 277 3
C 278 7
C 279 6
C 280 5
C 281 8
C 282 23
C 283 20
C 284 12
C 285 11
C 286 10
C 287 5
C 288 20
C 289 21
C 290 3
C 291 21
C 292 7
C 293 9
C 294 15
C 295 4
C 296 21
C 297 3
C 298 20
C 299 1
C 300 6
C 301 4
C 302 1
C 303 16
C 304 0
C 305 4
C 306 0
C 307 20
C 308 15
C 309 0
C 310 21
C 311 0
C 312 9
C 313 5
C 314 20
C 315 17
C 316 5
C 317 4
C 318 23
C 319 18
C 320 12
C 321 10
C 322 4
C 323 18
C 324 18
C 325 2
C 326 6
C 327 11
C 328 25
C 329 18
C 330 22
C 331 26
C 332 6
C 333 2
C 334 16
C 335 19
C 336 0
C 337 6
C 338 9
C 339 18
C 340 10
C 341 7
C 342 5
C 343 23
C 344 17
C 345 10
C 346 2
C 347 3
C 348 24
C 349 4
C 350 1
I 3 1 6 (5,2,4) (1,1,-1,0)
I 0 3 15 (2,1,1) (-1,1,0,0)|(1,-1,1,0)
I 3 2 4 (3,1,0) (0,-1,1,0)
