D (11,12,-1) (5,4,4)
D (12,-1,-1) (1,5,5)
D (11,12,-1) (0,4,1)
D (8,9,10) (2,5,2)
D (7,8,9) (1,1,2)
D (11,-1,-1) (3,4,1)
D (7,8,-1) (2,1,5)
D (11,12,-1) (3,0,5)
D (7,-1,-1) (1,4,3)
D (8,9,-1) (5,3,2)
D (7,-1,-1) (3,1,2)
D (8,-1,-1) (1,0,3)
D (7,8,-1) (2,0,3)
D (8,9,10) (1,4,1)
D (7,-1,-1) (2,4,2)
D (10,-1,-1) (0,2,0)
D (11,12,-1) (1,4,5)
D (12,-1,-1) (5,1,2)
D (7,-1,-1) (4,2,4)
D (7,8,-1) (5,4,5)
D (11,12,-1) (5,0,1)
D (8,9,10) (1,1,5)
D (10,-1,-1) (4,3,1)
D (9,10,11) (2,4,5)
D (10,-1,-1) (3,0,3)
D (12,-1,-1) (4,5,4)
D (10,11,-1) (0,0,0)
D (12,-1,-1) (5,3,4)
D (8,9,-1) (5,1,1)
D (7,8,9) (3,0,4)
D (9,10,-1) (2,3,1)
D (8,-1,-1) (5,0,5)
D (9,10,11) (2,2,4)
D (9,-1,-1) (0,4,4)
D (11,12,-1) (2,3,4)
D (10,11,12) (5,0,3)
D (11,12,-1) (3,4,2)
D (8,9,10) (3,0,2)
D (8,9,-1) (3,1,4)
D (10,11,12) (0,4,2)
D (11,12,-1) (5,5,4)
D (9,10,-1) (3,0,1)
D (10,11,12) (2,3,2)
D (7,-1,-1) (3,4,3)
C 0 2
C 1 15
C 2 19
C 3 7
C 4 14
C 5 24
C 6 22
C 7 19
C 8 23
C 9 7
C 10 2
C 11 26
C 12 24
C 13 16
C 14 25
C 15 14
C 16 5
C 17 16
C 18 0
C 19 9
C 20 23
C 21 8
C 22 4
C 23 11
C 24 25
C 25 9
C 26 21
C 27 4
C 28 8
C 29 26
C 30 0
C 31 3
C 32 0
C 33 18
C 34 23
C 35 12
C 36 15
C 37 25
C 38 17
C 39 21
C 40 1
C 41 5
C 42 11
C 43 9
C 44 12
C 45 1
C 46 11
C 47 11
C 48 15
C 49 12
C 50 21
C 51 12
C 52 10
C 53 12
C 54 24
C 55 0
C 56 11
C 57 6
C 58 22
C 59 10
C 60 15
C 61 17
C 62 24
C 63 15
C 64 5
C 65 16
C 66 11
C 67 6
C 68 10
C 69 5
C 70 2
C 71 4
C 72 1
C 73 11
C 74 20
C 75 21
C 76 1
C 77 5
C 78 3
C 79 6
C 80 7
C 81 24
C 82 19
C 83 11
C 84 26
C 85 1
C 86 0
C 87 0
C 88 0
C 89 0
C 90 0
C 91 0
C 92 0
C 93 0
C 94 0
C 95 0
C 96 0
C 97 0
C 98 0
C 99 0
C 100 0
C 101 0
C 102 0
C 103 0
C 104 0
C 105 0
C 106 0
C 107 0
C 108 0
C 109 0
C 110 0
C 111 0
C 112 0
C 113 0
C 114 0
C 115 0
C 116 0
C 117 0
C 118 0
C 119 0
C 120 0
C 121 0
C 122 0
C 123 0
C 124 0
C 125 0
C 126 0
C 127 0
C 128 0
C 129 0
C 130 0
C 131 0
C 132 0
C 133 0
C 134 0
C 135 0
C 136 0
C 137 0
C 138 0
C 139 0
C 140 0
C 141 0
C 142 0
C 143 0
C 144 0
C 145 0
C 146 0
C 147 0
C 148 0
C 149 0
C 150 0
C 151 0
C 152 0
C 153 0
C 154 0
C 155 0
C 156 0
C 157 0
C 158 0
C 159 0
C 160 0
C 161 0
C 162 0
C 163 0
C 164 0
C 165 0
C 166 0
C 167 0
C 168 0
C 169 0
C 170 0
C 171 0
C 172 0
C 173 0
C 174 0
C 175 0
C 176 0
C 177 0
C 178 0
C 179 0
C 180 0
C 181 0
C 182 0
C 183 0
C 184 0
C 185 0
C 186 0
C 187 0
C 188 0
C 189 0
C 190 0
C 191 0
C 192 0
C 193 0
C 194 0
C 195 0
C 196 0
C 197 0
C 198 15
C 199 16
C 200 19
C 201 8
C 202 11
C 203 15
C 204 7
C 205 2
C 206 25
C 207 19
C 208 23
C 209 22
C 210 26
C 211 2
C 212 1
C 213 25
C 214 7
C 215 11
C 216 18
C 217 11
C 218 18
C 219 8
C 220 7
C 221 8
C 222 21
C 223 8
C 224 0
C 225 25
C 226 17
C 227 24
C 228 22
C 229 16
C 230 1
C 231 21
C 232 15
C 233 21
C 234 24
C 235 20
C 236 0
C 237 0
C 238 0
C 239 0
C 240 0
C 241 0
C 242 0
C 243 0
C 244 0
C 245 0
C 246 0
C 247 0
C 248 0
C 249 0
C 250 0
C 251 0
C 252 0
C 253 0
C 254 0
C 255 0
C 256 0
C 257 0
C 258 0
C 259 0
C 260 0
C 261 0
C 262 0
C 263 0
C 264 0
C 265 0
C 266 0
C 267 0
C 268 0
C 269 0
C 270 0
C 271 0
C 272 0
C 273 0
C 274 0
C 275 0
C 276 0
C 277 0
C 278 0
C 279 0
C 280 0
C 281 0
C 282 0
C 283 0
C 284 0
C 285 0
C 286 0
C 287 0
C 288 0
C 289 0
C 290 0
C 291 0
C 292 0
C 293 0
C 294 0
C 295 0
C 296 0
C 297 0
C 298 0
C 299 0
C 300 0
C 301 0
C 302 0
C 303 0
C 304 0
C 305 0
C 306 0
C 307 0
C 308 0
C 309 0
C 310 0
C 311 0
C 312 0
C 313 0
C 314 0
C 315 0
C 316 0
C 317 0
C 318 14
C 319 11
C 320 0
C 321 0
C 322 0
C 323 0
C 324 0
C 325 0
C 326 0
C 327 0
C 328 0
C 329 0
C 330 0
C 331 0
C 332 0
C 333 0
C 334 0
C 335 0
C 336 26
C 337 26
C 338 19
C 339 2
C 340 11
C 341 15
C 342 11
C 343 21
C 344 2
C 345 8
C 346 20
C 347 0
C 348 11
C 349 18
C 350 20
I 5 1 13 (0,2,4) (0,1,-1,0)
I 0 2 16 (5,2,2) (-1,0,0,0)
I 1 1 2 (3,3,2) (-1,-1,0,0)
