D (11,12,-1) (3,3,1)
D (12,-1,-1) (3,2,4)
D (12,-1,-1) (0,4,2)
D (7,-1,-1) (2,4,2)
D (8,-1,-1) (3,5,5)
D (11,12,-1) (3,0,5)
D (9,10,11) (4,1,2)
D (12,-1,-1) (2,2,5)
D (9,10,11) (0,1,1)
D (7,8,-1) (2,0,2)
D (10,11,-1) (3,2,0)
D (11,-1,-1) (0,4,5)
D (10,11,-1) (2,1,1)
D (12,-1,-1) (3,1,1)
D (8,-1,-1) (5,1,5)
D (10,-1,-1) (2,3,5)
D (7,8,-1) (3,5,2)
D (9,10,11) (1,5,0)
D (11,12,-1) (0,4,1)
D (12,-1,-1) (5,3,1)
D (11,-1,-1) (1,1,2)
D (11,12,-1) (0,2,0)
D (8,9,10) (0,3,5)
D (7,8,-1) (5,4,3)
D (7,-1,-1) (1,0,2)
D (9,10,-1) (4,2,4)
D (11,12,-1) (0,2,4)
D (12,-1,-1) (3,2,2)
D (8,9,-1) (5,2,3)
D (8,9,-1) (5,3,2)
D (11,12,-1) (5,0,2)
D (7,8,9) (1,3,3)
D (7,8,-1) (3,4,4)
D (10,11,12) (1,0,4)
D (12,-1,-1) (2,2,0)
D (9,10,11) (5,0,0)
D (12,-1,-1) (4,5,5)
D (7,8,-1) (2,2,1)
D (9,10,-1) (3,0,0)
D (9,-1,-1) (1,1,0)
D (9,10,-1) (3,3,0)
D (11,-1,-1) (5,0,5)
D (12,-1,-1) (4,0,3)
D (8,9,10) (1,5,2)
D (8,9,-1) (0,1,0)
C 0 17
C 1 22
C 2 8
C 3 2
C 4 14
C 5 24
C 6 19
C 7 12
C 8 2
C 9 0
C 10 15
C 11 4
C 12 6
C 13 17
C 14 24
C 15 4
C 16 12
C 17 9
C 18 3
C 19 23
C 20 9
C 21 10
C 22 21
C 23 16
C 24 9
C 25 17
C 26 9
C 27 9
C 28 16
C 29 0
C 30 21
C 31 10
C 32 22
C 33 12
C 34 7
C 35 10
C 36 17
C 37 10
C 38 18
C 39 6
C 40 20
C 41 1
C 42 20
C 43 6
C 44 8
C 45 9
C 46 21
C 47 14
C 48 20
C 49 22
C 50 26
C 51 0
C 52 14
C 53 17
C 54 11
C 55 1
C 56 22
C 57 22
C 58 25
C 59 6
C 60 26
C 61 6
C 62 2
C 63 22
C 64 1
C 65 18
C 66 19
C 67 2
C 68 6
C 69 21
C 70 22
C 71 11
C 72 0
C 73 5
C 74 23
C 75 8
C 76 2
C 77 20
C 78 7
C 79 16
C 80 14
C 81 24
C 82 10
C 83 1
C 84 7
C 85 9
C 86 10
C 87 23
C 88 26
C 89 24
C 90 0
C 91 20
C 92 11
C 93 22
C 94 18
C 95 22
C 96 22
C 97 15
C 98 2
C 99 6
C 100 25
C 101 19
C 102 6
C 103 14
C 104 8
C 105 12
C 106 26
C 107 20
C 108 20
C 109 21
C 110 24
C 111 24
C 112 6
C 113 2
C 114 17
C 115 20
C 116 16
C 117 10
C 118 25
C 119 24
C 120 1
C 121 26
C 122 11
C 123 10
C 124 17
C 125 9
C 126 8
C 127 16
C 128 11
C 129 1
C 130 24
C 131 9
C 132 14
C 133 24
C 134 10
C 135 24
C 136 26
C 137 6
C 138 20
C 139 5
C 140 25
C 141 4
C 142 0
C 143 6
C 144 9
C 145 21
C 146 22
C 147 15
C 148 11
C 149 8
C 150 15
C 151 16
C 152 4
C 153 7
C 154 9
C 155 3
C 156 18
C 157 2
C 158 24
C 159 2
C 160 5
C 161 6
C 162 23
C 163 12
C 164 22
C 165 11
C 166 15
C 167 3
C 168 1
C 169 17
C 170 20
C 171 4
C 172 10
C 173 5
C 174 24
C 175 4
C 176 16
C 177 14
C 178 5
C 179 4
C 180 8
C 181 0
C 182 18
C 183 25
C 184 23
C 185 23
C 186 19
C 187 8
C 188 2
C 189 18
C 190 5
C 191 15
C 192 16
C 193 6
C 194 2
C 195 18
C 196 5
C 197 25
C 198 25
C 199 5
C 200 16
C 201 2
C 202 7
C 203 16
C 204 14
C 205 25
C 206 9
C 207 17
C 208 3
C 209 3
C 210 4
C 211 9
C 212 7
C 213 0
C 214 3
C 215 14
C 216 7
C 217 23
C 218 3
C 219 19
C 220 23
C 221 16
C 222 20
C 223 19
C 224 20
C 225 8
C 226 1
C 227 26
C 228 16
C 229 19
C 230 2
C 231 9
C 232 8
C 233 11
C 234 26
C 235 12
C 236 22
C 237 7
C 238 22
C 239 1
C 240 23
C 241 25
C 242 7
C 243 24
C 244 4
C 245 1
C 246 9
C 247 20
C 248 20
C 249 9
C 250 3
C 251 20
C 252 2
C 253 9
C 254 14
C 255 19
C 256 26
C 257 17
C 258 16
C 259 8
C 260 3
C 261 23
C 262 8
C 263 26
C 264 19
C 265 9
C 266 11
C 267 10
C 268 19
C 269 19
C 270 21
C 271 12
C 272 16
C 273 6
C 274 10
C 275 20
C 276 22
C 277 2
C 278 22
C 279 14
C 280 23
C 281 2
C 282 15
C 283 4
C 284 6
C 285 17
C 286 5
C 287 5
C 288 12
C 289 21
C 290 5
C 291 23
C 292 3
C 293 5
C 294 25
C 295 8
C 296 15
C 297 19
C 298 16
C 299 24
C 300 9
C 301 26
C 302 6
C 303 15
C 304 21
C 305 15
C 306 4
C 307 17
C 308 12
C 309 18
C 310 11
C 311 23
C 312 16
C 313 26
C 314 0
C 315 20
C 316 2
C 317 10
C 318 9
C 319 12
C 320 24
C 321 24
C 322 21
C 323 2
C 324 24
C 325 14
C 326 16
C 327 23
C 328 0
C 329 10
C 330 19
C 331 17
C 332 15
C 333 9
C 334 10
C 335 10
C 336 11
C 337 5
C 338 17
C 339 21
C 340 6
C 341 26
C 342 6
C 343 17
C 344 12
C 345 15
C 346 23
C 347 3
C 348 16
C 349 9
C 350 21
I 4 1 13 (5,2,5) (0,-1,0,0)|(0,-1,-1,0)
I 3 2 11 (0,2,5) (0,-1,-1,0)
I 0 2 10 (3,4,1) (-1,-1,1,0)
