D (7,8,9) (2,4,1)
D (8,9,10) (2,4,5)
D (8,9,10) (3,4,3)
D (12,-1,-1) (3,3,1)
D (7,8,9) (1,1,1)
D (8,9,10) (5,2,0)
D (7,8,9) (2,0,1)
D (12,-1,-1) (2,3,2)
D (10,11,-1) (1,4,1)
D (7,8,-1) (3,5,3)
D (8,9,-1) (5,5,3)
D (11,-1,-1) (1,2,2)
D (8,-1,-1) (0,4,3)
D (8,9,-1) (0,1,5)
D (7,8,-1) (5,1,5)
D (11,-1,-1) (1,3,3)
D (12,-1,-1) (2,2,3)
D (12,-1,-1) (3,0,3)
D (8,9,-1) (0,3,0)
D (10,11,-1) (3,5,1)
D (7,8,-1) (1,3,4)
D (10,11,-1) (1,0,2)
D (7,-1,-1) (0,5,1)
D (9,-1,-1) (0,1,0)
D (10,11,12) (3,2,0)
D (10,11,12) (1,4,0)
D (10,11,12) (4,4,2)
D (12,-1,-1) (3,3,4)
D (8,-1,-1) (5,4,2)
D (9,10,-1) (5,2,4)
D (11,-1,-1) (4,5,1)
D (7,8,-1) (1,5,0)
D (9,10,-1) (4,2,5)
D (9,-1,-1) (1,1,5)
D (7,8,9) (4,4,5)
D (7,8,-1) (3,1,0)
C 0 24
C 1 15
C 2 12
C 3 16
C 4 8
C 5 17
C 6 4
C 7 14
C 8 18
C 9 12
C 10 0
C 11 20
C 12 5
C 13 2
C 14 20
C 15 10
C 16 4
C 17 24
C 18 19
C 19 12
C 20 17
C 21 0
C 22 16
C 23 2
C 24 8
C 25 16
C 26 7
C 27 14
C 28 22
C 29 0
C 30 3
C 31 26
C 32 1
C 33 0
C 34 2
C 35 18
C 36 15
C 37 17
C 38 2
C 39 7
C 40 24
C 41 9
C 42 26
C 43 4
C 44 4
C 45 3
C 46 22
C 47 1
C 48 12
C 49 16
C 50 25
C 51 24
C 52 21
C 53 17
C 54 7
C 55 26
C 56 7
C 57 19
C 58 19
C 59 24
C 60 17
C 61 11
C 62 16
C 63 21
C 64 23
C 65 21
C 66 10
C 67 18
C 68 15
C 69 19
C 70 20
C 71 8
C 72 2
C 73 0
C 74 7
C 75 26
C 76 1
C 77 0
C 78 25
C 79 20
C 80 16
C 81 23
C 82 26
C 83 16
C 84 19
C 85 21
C 86 11
C 87 14
C 88 24
C 89 24
C 90 15
C 91 20
C 92 2
C 93 9
C 94 4
C 95 11
C 96 11
C 97 5
C 98 17
C 99 2
C 100 3
C 101 11
C 102 17
C 103 5
C 104 16
C 105 8
C 106 8
C 107 2
C 108 15
C 109 0
C 110 3
C 111 20
C 112 12
C 113 7
C 114 22
C 115 20
C 116 1
C 117 16
C 118 6
C 119 17
C 120 10
C 121 1
C 122 14
C 123 18
C 124 2
C 125 1
C 126 10
C 127 12
C 128 20
C 129 1
C 130 25
C 131 2
C 132 5
C 133 23
C 134 10
C 135 10
C 136 9
C 137 3
C 138 7
C 139 4
C 140 0
C 141 23
C 142 21
C 143 14
C 144 7
C 145 22
C 146 19
C 147 5
C 148 24
C 149 10
C 150 24
C 151 16
C 152 24
C 153 25
C 154 7
C 155 2
C 156 7
C 157 26
C 158 5
C 159 8
C 160 21
C 161 0
C 162 24
C 163 18
C 164 1
C 165 2
C 166 3
C 167 17
C 168 3
C 169 25
C 170 25
C 171 25
C 172 3
C 173 15
C 174 11
C 175 17
C 176 16
C 177 18
C 178 25
C 179 6
C 180 11
C 181 6
C 182 26
C 183 5
C 184 20
C 185 22
C 186 11
C 187 2
C 188 19
C 189 2
C 190 4
C 191 4
C 192 8
C 193 22
C 194 7
C 195 1
C 196 15
C 197 10
C 198 6
C 199 8
C 200 6
C 201 11
C 202 16
C 203 23
C 204 8
C 205 5
C 206 23
C 207 0
C 208 21
C 209 4
C 210 0
C 211 9
C 212 9
C 213 25
C 214 17
C 215 20
C 216 1
C 217 1
C 218 8
C 219 5
C 220 20
C 221 16
C 222 18
C 223 8
C 224 20
C 225 10
C 226 6
C 227 17
C 228 8
C 229 16
C 230 7
C 231 6
C 232 0
C 233 0
C 234 17
C 235 17
C 236 19
C 237 1
C 238 17
C 239 20
C 240 0
C 241 0
C 242 0
C 243 0
C 244 0
C 245 0
C 246 0
C 247 0
C 248 0
C 249 0
C 250 0
C 251 0
C 252 0
C 253 0
C 254 0
C 255 0
C 256 0
C 257 0
C 258 0
C 259 0
C 260 0
C 261 0
C 262 0
C 263 0
C 264 0
C 265 0
C 266 0
C 267 0
C 268 0
C 269 0
C 270 0
C 271 0
C 272 0
C 273 0
C 274 0
C 275 0
C 276 0
C 277 0
C 278 0
C 279 0
C 280 0
C 281 0
C 282 0
C 283 21
C 284 15
C 285 15
C 286 5
C 287 7
C 288 11
C 289 10
C 290 19
C 291 8
C 292 18
C 293 9
C 294 11
C 295 4
C 296 14
C 297 9
C 298 22
C 299 24
C 300 22
C 301 4
C 302 11
C 303 6
C 304 5
C 305 9
C 306 24
C 307 8
C 308 26
C 309 4
C 310 26
C 311 12
C 312 2
C 313 8
C 314 9
C 315 17
C 316 24
C 317 25
C 318 18
C 319 0
C 320 10
C 321 25
C 322 7
C 323 1
C 324 8
C 325 5
C 326 7
C 327 2
C 328 22
C 329 26
C 330 23
C 331 17
C 332 18
C 333 6
C 334 21
C 335 1
C 336 12
C 337 4
C 338 16
C 339 5
C 340 8
C 341 23
C 342 12
C 343 8
C 344 1
C 345 6
C 346 9
C 347 19
C 348 20
C 349 3
C 350 0
I 5 3 13 (5,5,0) (0,-1,-1,0)|(-1,0,1,0)|(0,1,-1,0)|(0,1,0,0)|(-1,1,1,0)
I 0 1 3 (3,4,3) (0,0,1,0)|(-1,-1,0,0)
I 0 3 10 (2,2,1) (0,-1,0,0)|(1,1,-1,0)|(1,-1,-1,0)
