D (8,-1,-1) (1,2,5)
D (7,-1,-1) (4,1,5)
D (9,-1,-1) (4,3,0)
D (7,8,9) (5,5,5)
D (8,9,-1) (5,3,3)
D (11,-1,-1) (2,5,5)
D (12,-1,-1) (0,1,2)
D (12,-1,-1) (1,3,2)
D (10,-1,-1) (2,0,2)
D (7,8,-1) (2,2,0)
D (10,11,12) (4,5,2)
D (8,-1,-1) (5,5,4)
D (11,-1,-1) (5,2,5)
D (11,12,-1) (5,4,1)
D (9,10,-1) (1,3,3)
D (9,-1,-1) (0,2,5)
D (10,11,-1) (5,3,1)
D (7,8,9) (0,2,1)
D (7,8,9) (5,2,0)
D (11,-1,-1) (1,4,2)
D (9,-1,-1) (4,0,3)
D (8,9,-1) (2,2,5)
D (9,10,11) (3,1,3)
D (8,-1,-1) (4,4,4)
D (9,10,11) (5,4,3)
D (10,11,-1) (4,0,2)
D (7,-1,-1) (0,3,1)
D (10,11,12) (4,1,1)
D (12,-1,-1) (1,3,5)
D (8,-1,-1) (1,4,0)
D (10,11,-1) (1,2,4)
D (12,-1,-1) (4,4,3)
D (7,8,-1) (4,5,5)
D (12,-1,-1) (3,5,1)
D (11,-1,-1) (0,1,0)
D (8,9,-1) (4,5,1)
D (8,-1,-1) (3,2,2)
D (12,-1,-1) (1,0,2)
D (8,-1,-1) (3,3,5)
D (11,12,-1) (1,4,3)
D (8,-1,-1) (4,0,4)
D (7,8,9) (0,0,2)
D (11,12,-1) (0,4,3)
D (9,10,-1) (3,1,4)
D (11,-1,-1) (1,2,0)
D (7,8,-1) (0,3,4)
D (11,12,-1) (5,0,0)
D (9,10,-1) (2,2,1)
D (7,8,9) (4,1,2)
D (7,8,-1) (2,1,2)
D (8,9,-1) (0,2,0)
D (8,-1,-1) (4,2,5)
D (11,12,-1) (1,1,4)
D (12,-1,-1) (2,4,0)
D (12,-1,-1) (2,3,1)
D (7,-1,-1) (5,0,2)
D (10,-1,-1) (1,5,1)
D (10,11,-1) (5,0,3)
D (8,9,10) (5,0,4)
D (10,11,12) (0,0,3)
D (9,-1,-1) (0,4,0)
D (11,-1,-1) (3,3,2)
D (9,10,-1) (5,0,1)
D (9,10,11) (1,5,3)
D (10,-1,-1) (5,0,5)
C 0 17
C 1 4
C 2 15
C 3 16
C 4 22
C 5 15
C 6 1
C 7 17
C 8 11
C 9 1
C 10 2
C 11 20
C 12 21
C 13 23
C 14 23
C 15 14
C 16 8
C 17 18
C 18 8
C 19 25
C 20 25
C 21 7
C 22 23
C 23 1
C 24 8
C 25 15
C 26 4
C 27 2
C 28 20
C 29 5
C 30 16
C 31 1
C 32 21
C 33 19
C 34 17
C 35 10
C 36 26
C 37 17
C 38 6
C 39 1
C 40 7
C 41 1
C 42 12
C 43 1
C 44 2
C 45 18
C 46 15
C 47 9
C 48 6
C 49 24
C 50 2
C 51 6
C 52 7
C 53 2
C 54 24
C 55 5
C 56 8
C 57 3
C 58 10
C 59 14
C 60 9
C 61 20
C 62 15
C 63 3
C 64 15
C 65 17
C 66 7
C 67 8
C 68 14
C 69 5
C 70 5
C 71 0
C 72 7
C 73 15
C 74 15
C 75 7
C 76 4
C 77 20
C 78 11
C 79 11
C 80 20
C 81 22
C 82 18
C 83 21
C 84 16
C 85 2
C 86 12
C 87 4
C 88 0
C 89 12
C 90 11
C 91 26
C 92 9
C 93 22
C 94 10
C 95 0
C 96 19
C 97 11
C 98 18
C 99 16
C 100 0
C 101 9
C 102 14
C 103 4
C 104 15
C 105 7
C 106 15
C 107 12
C 108 5
C 109 0
C 110 11
C 111 14
C 112 3
C 113 2
C 114 18
C 115 5
C 116 16
C 117 15
C 118 2
C 119 26
C 120 15
C 121 24
C 122 8
C 123 1
C 124 26
C 125 16
C 126 10
C 127 0
C 128 17
C 129 12
C 130 20
C 131 8
C 132 4
C 133 1
C 134 7
C 135 22
C 136 4
C 137 17
C 138 14
C 139 17
C 140 0
C 141 10
C 142 4
C 143 19
C 144 9
C 145 11
C 146 2
C 147 18
C 148 24
C 149 12
C 150 0
C 151 1
C 152 24
C 153 14
C 154 19
C 155 6
C 156 4
C 157 9
C 158 16
C 159 21
C 160 23
C 161 6
C 162 5
C 163 22
C 164 21
C 165 7
C 166 5
C 167 5
C 168 1
C 169 8
C 170 11
C 171 21
C 172 12
C 173 24
C 174 4
C 175 0
C 176 3
C 177 14
C 178 3
C 179 2
C 180 6
C 181 10
C 182 5
C 183 23
C 184 22
C 185 12
C 186 10
C 187 22
C 188 8
C 189 20
C 190 20
C 191 16
C 192 6
C 193 3
C 194 20
C 195 1
C 196 5
C 197 2
C 198 22
C 199 2
C 200 19
C 201 18
C 202 8
C 203 6
C 204 18
C 205 3
C 206 9
C 207 11
C 208 25
C 209 14
C 210 18
C 211 0
C 212 16
C 213 8
C 214 5
C 215 11
C 216 1
C 217 11
C 218 18
C 219 18
C 220 17
C 221 4
C 222 4
C 223 3
C 224 20
C 225 19
C 226 1
C 227 15
C 228 2
C 229 22
C 230 2
C 231 6
C 232 18
C 233 21
C 234 3
C 235 20
C 236 1
C 237 23
C 238 12
C 239 24
C 240 15
C 241 17
C 242 19
C 243 26
C 244 25
C 245 25
C 246 8
C 247 1
C 248 3
C 249 2
C 250 26
C 251 18
C 252 21
C 253 4
C 254 23
C 255 15
C 256 0
C 257 8
C 258 16
C 259 17
C 260 7
C 261 8
C 262 10
C 263 18
C 264 16
C 265 20
C 266 25
C 267 18
C 268 20
C 269 10
C 270 2
C 271 9
C 272 18
C 273 3
C 274 4
C 275 2
C 276 18
C 277 7
C 278 19
C 279 1
C 280 6
C 281 17
C 282 21
C 283 24
C 284 23
C 285 3
C 286 23
C 287 5
C 288 25
C 289 19
C 290 1
C 291 0
C 292 24
C 293 12
C 294 5
C 295 3
C 296 14
C 297 15
C 298 18
C 299 9
C 300 0
C 301 21
C 302 3
C 303 25
C 304 17
C 305 15
C 306 23
C 307 19
C 308 7
C 309 12
C 310 17
C 311 11
C 312 7
C 313 2
C 314 14
C 315 21
C 316 25
C 317 7
C 318 9
C 319 16
C 320 22
C 321 25
C 322 18
C 323 12
C 324 20
C 325 23
C 326 12
C 327 21
C 328 24
C 329 24
C 330 8
C 331 26
C 332 21
C 333 1
C 334 6
C 335 7
C 336 17
C 337 9
C 338 17
C 339 11
C 340 15
C 341 20
C 342 23
C 343 12
C 344 3
C 345 14
C 346 3
C 347 1
C 348 7
C 349 8
C 350 21
I 3 3 19 (0,0,2) (-1,1,1,0)|(0,1,0,0)
I 0 3 7 (3,0,0) (1,1,0,0)|(1,1,-1,0)|(-1,1,1,0)
I 4 1 8 (0,3,0) (0,1,0,0)|(0,0,1,0)
