D (11,12,-1) (1,2,4)
D (7,8,9) (4,1,1)
D (7,8,9) (2,3,0)
D (12,-1,-1) (4,4,1)
D (8,9,-1) (3,1,5)
D (7,8,9) (0,5,4)
D (11,12,-1) (1,1,4)
D (7,-1,-1) (3,3,5)
D (10,11,-1) (0,4,3)
D (12,-1,-1) (4,1,0)
D (7,8,9) (1,4,2)
D (12,-1,-1) (4,0,2)
D (7,8,9) (3,0,0)
D (11,12,-1) (4,2,3)
D (9,-1,-1) (1,2,5)
D (9,10,11) (3,0,2)
D (8,9,-1) (3,4,2)
D (11,-1,-1) (4,4,0)
D (7,8,9) (0,3,2)
D (8,9,10) (5,5,5)
D (8,9,-1) (1,1,0)
D (9,10,-1) (3,2,3)
D (7,-1,-1) (4,3,1)
D (12,-1,-1) (2,5,2)
D (10,11,12) (2,1,1)
D (8,9,10) (2,0,1)
D (9,-1,-1) (3,2,5)
D (11,-1,-1) (5,4,3)
D (7,8,9) (2,2,5)
D (12,-1,-1) (1,5,4)
D (12,-1,-1) (5,4,1)
D (7,8,9) (4,2,5)
D (8,9,-1) (5,1,3)
D (11,12,-1) (3,3,2)
D (10,-1,-1) (5,2,2)
D (11,-1,-1) (0,1,2)
D (12,-1,-1) (3,1,1)
D (9,10,11) (5,1,5)
D (11,12,-1) (1,5,5)
D (8,-1,-1) (0,4,1)
D (9,11,11) (5,1,4)
D (11,12,-1) (5,1,2)
C 0 3
C 1 11
C 2 7
C 3 2
C 4 10
C 5 16
C 6 5
C 7 6
C 8 19
C 9 22
C 10 22
C 11 3
C 12 1
C 13 3
C 14 11
C 15 9
C 16 3
C 17 15
C 18 21
C 19 4
C 20 5
C 21 17
C 22 2
C 23 9
C 24 11
C 25 17
C 26 18
C 27 3
C 28 21
C 29 26
C 30 20
C 31 0
C 32 16
C 33 2
C 34 9
C 35 23
C 36 3
C 37 10
C 38 8
C 39 9
C 40 3
C 41 22
C 42 8
C 43 16
C 44 25
C 45 15
C 46 10
C 47 7
C 48 10
C 49 12
C 50 20
C 51 0
C 52 17
C 53 22
C 54 11
C 55 8
C 56 26
C 57 3
C 58 0
C 59 8
C 60 19
C 61 5
C 62 18
C 63 24
C 64 7
C 65 21
C 66 4
C 67 1
C 68 9
C 69 18
C 70 26
C 71 0
C 72 25
C 73 8
C 74 19
C 75 10
C 76 9
C 77 6
C 78 12
C 79 7
C 80 20
C 81 8
C 82 8
C 83 23
C 84 21
C 85 4
C 86 21
C 87 21
C 88 23
C 89 6
C 90 7
C 91 11
C 92 21
C 93 0
C 94 12
C 95 12
C 96 25
C 97 21
C 98 8
C 99 22
C 100 26
C 101 22
C 102 26
C 103 18
C 104 22
C 105 24
C 106 24
C 107 2
C 108 0
C 109 17
C 110 18
C 111 8
C 112 10
C 113 14
C 114 2
C 115 16
C 116 10
C 117 5
C 118 24
C 119 9
C 120 17
C 121 9
C 122 0
C 123 8
C 124 11
C 125 26
C 126 2
C 127 4
C 128 22
C 129 16
C 130 4
C 131 20
C 132 9
C 133 14
C 134 3
C 135 26
C 136 18
C 137 0
C 138 23
C 139 11
C 140 26
C 141 23
C 142 10
C 143 9
C 144 9
C 145 6
C 146 19
C 147 21
C 148 3
C 149 25
C 150 26
C 151 26
C 152 17
C 153 8
C 154 11
C 155 12
C 156 18
C 157 23
C 158 17
C 159 17
C 160 12
C 161 17
C 162 19
C 163 3
C 164 12
C 165 4
C 166 23
C 167 8
C 168 2
C 169 16
C 170 12
C 171 25
C 172 0
C 173 12
C 174 1
C 175 9
C 176 16
C 177 5
C 178 12
C 179 0
C 180 19
C 181 12
C 182 18
C 183 3
C 184 7
C 185 15
C 186 12
C 187 4
C 188 25
C 189 0
C 190 19
C 191 23
C 192 18
C 193 1
C 194 8
C 195 25
C 196 4
C 197 26
C 198 14
C 199 7
C 200 24
C 201 24
C 202 25
C 203 1
C 204 11
C 205 22
C 206 7
C 207 15
C 208 21
C 209 14
C 210 8
C 211 15
C 212 21
C 213 11
C 214 24
C 215 0
C 216 1
C 217 12
C 218 20
C 219 7
C 220 2
C 221 23
C 222 2
C 223 16
C 224 20
C 225 24
C 226 11
C 227 25
C 228 3
C 229 19
C 230 1
C 231 19
C 232 26
C 233 11
C 234 10
C 235 6
C 236 1
C 237 10
C 238 20
C 239 24
C 240 2
C 241 12
C 242 12
C 243 15
C 244 22
C 245 0
C 246 5
C 247 8
C 248 2
C 249 24
C 250 11
C 251 23
C 252 1
C 253 9
C 254 17
C 255 24
C 256 26
C 257 17
C 258 26
C 259 0
C 260 8
C 261 18
C 262 17
C 263 12
C 264 25
C 265 25
C 266 15
C 267 12
C 268 11
C 269 23
C 270 25
C 271 8
C 272 18
C 273 15
C 274 16
C 275 14
C 276 21
C 277 5
C 278 9
C 279 24
C 280 10
C 281 15
C 282 6
C 283 3
C 284 10
C 285 16
C 286 22
C 287 25
C 288 0
C 289 0
C 290 0
C 291 0
C 292 0
C 293 0
C 294 0
C 295 0
C 296 0
C 297 0
C 298 0
C 299 0
C 300 0
C 301 0
C 302 0
C 303 0
C 304 0
C 305 0
C 306 0
C 307 0
C 308 0
C 309 0
C 310 0
C 311 0
C 312 0
C 313 0
C 314 0
C 315 0
C 316 0
C 317 0
C 318 0
C 319 0
C 320 0
C 321 0
C 322 0
C 323 0
C 324 0
C 325 0
C 326 0
C 327 0
C 328 0
C 329 0
C 330 0
C 331 0
C 332 0
C 333 0
C 334 26
C 335 0
C 336 11
C 337 21
C 338 2
C 339 16
C 340 14
C 341 14
C 342 2
C 343 24
C 344 15
C 345 15
C 346 25
C 347 17
C 348 18
C 349 4
C 350 25
I 4 3 13 (5,4,2) (0,-1,1,0)|(-1,1,0,0)
I 1 3 12 (3,2,0) (-1,1,1,0)
I 2 2 15 (5,3,1) (1,1,1,0)|(-1,0,-1,0)
