D (8,9,10) (4,2,1)
D (9,10,11) (1,0,3)
D (10,-1,-1) (3,0,1)
D (11,12,-1) (3,4,1)
D (11,12,-1) (0,4,0)
D (7,-1,-1) (4,2,4)
D (8,9,-1) (3,3,5)
D (7,8,9) (1,5,5)
D (7,8,-1) (3,5,4)
D (9,10,-1) (2,5,2)
D (10,-1,-1) (3,0,0)
D (7,-1,-1) (5,2,0)
D (12,-1,-1) (0,5,5)
D (12,-1,-1) (3,5,2)
D (10,-1,-1) (1,1,3)
D (9,10,11) (3,1,0)
D (12,-1,-1) (0,0,5)
D (9,10,-1) (1,4,2)
D (11,12,-1) (3,3,0)
D (9,10,-1) (5,0,5)
D (11,12,-1) (3,3,3)
D (10,11,12) (1,3,4)
D (11,12,-1) (0,2,3)
D (8,9,10) (0,3,3)
D (12,-1,-1) (4,1,4)
D (9,-1,-1) (2,2,5)
D (7,-1,-1) (4,1,5)
D (7,8,9) (0,3,4)
D (7,8,9) (4,1,2)
D (9,-1,-1) (0,0,3)
D (7,8,9) (3,5,1)
D (10,11,12) (1,0,4)
D (10,11,12) (3,4,5)
D (11,12,-1) (0,4,5)
D (9,-1,-1) (3,4,4)
D (8,9,-1) (0,0,1)
D (12,-1,-1) (2,3,1)
D (9,10,11) (5,2,2)
D (10,11,12) (3,4,3)
D (11,-1,-1) (4,4,3)
D (8,9,10) (2,0,2)
D (10,-1,-1) (4,5,2)
D (11,12,-1) (1,2,1)
D (8,9,10) (2,5,3)
D (11,12,-1) (3,0,2)
D (7,8,-1) (3,3,2)
D (9,10,-1) (3,0,3)
D (10,-1,-1) (5,5,5)
D (9,10,-1) (5,1,5)
D (8,-1,-1) (2,3,5)
D (10,11,12) (5,2,4)
D (7,8,-1) (0,2,2)
D (10,11,12) (1,4,5)
D (9,10,-1) (1,4,1)
D (8,9,10) (2,3,4)
D (11,12,-1) (5,0,2)
D (7,-1,-1) (5,1,1)
D (8,9,-1) (5,1,3)
D (12,-1,-1) (3,2,4)
C 0 7
C 1 7
C 2 9
C 3 7
C 4 7
C 5 26
C 6 5
C 7 19
C 8 23
C 9 25
C 10 9
C 11 1
C 12 20
C 13 22
C 14 20
C 15 22
C 16 1
C 17 20
C 18 8
C 19 5
C 20 3
C 21 20
C 22 2
C 23 16
C 24 9
C 25 4
C 26 5
C 27 3
C 28 18
C 29 2
C 30 1
C 31 24
C 32 12
C 33 2
C 34 15
C 35 11
C 36 12
C 37 26
C 38 9
C 39 24
C 40 12
C 41 12
C 42 24
C 43 1
C 44 0
C 45 0
C 46 0
C 47 0
C 48 0
C 49 9
C 50 1
C 51 1
C 52 14
C 53 26
C 54 8
C 55 5
C 56 19
C 57 21
C 58 8
C 59 10
C 60 2
C 61 20
C 62 18
C 63 6
C 64 22
C 65 10
C 66 7
C 67 10
C 68 11
C 69 9
C 70 20
C 71 25
C 72 4
C 73 7
C 74 10
C 75 6
C 76 20
C 77 8
C 78 1
C 79 15
C 80 11
C 81 7
C 82 23
C 83 8
C 84 1
C 85 0
C 86 1
C 87 11
C 88 9
C 89 4
C 90 10
C 91 4
C 92 19
C 93 2
C 94 20
C 95 16
C 96 5
C 97 5
C 98 10
C 99 12
C 100 19
C 101 16
C 102 0
C 103 6
C 104 11
C 105 18
C 106 3
C 107 16
C 108 11
C 109 2
C 110 10
C 111 16
C 112 3
C 113 12
C 114 26
C 115 0
C 116 0
C 117 0
C 118 0
C 119 0
C 120 0
C 121 0
C 122 0
C 123 0
C 124 0
C 125 0
C 126 0
C 127 0
C 128 0
C 129 0
C 130 0
C 131 0
C 132 0
C 133 0
C 134 0
C 135 0
C 136 0
C 137 0
C 138 14
C 139 23
C 140 22
C 141 14
C 142 24
C 143 8
C 144 18
C 145 1
C 146 3
C 147 7
C 148 3
C 149 4
C 150 15
C 151 18
C 152 3
C 153 10
C 154 26
C 155 7
C 156 12
C 157 9
C 158 23
C 159 17
C 160 0
C 161 17
C 162 16
C 163 1
C 164 16
C 165 22
C 166 21
C 167 9
C 168 26
C 169 26
C 170 12
C 171 26
C 172 6
C 173 18
C 174 22
C 175 24
C 176 8
C 177 22
C 178 5
C 179 26
C 180 10
C 181 3
C 182 11
C 183 23
C 184 9
C 185 1
C 186 0
C 187 0
C 188 24
C 189 23
C 190 0
C 191 20
C 192 22
C 193 3
C 194 7
C 195 16
C 196 16
C 197 25
C 198 15
C 199 15
C 200 4
C 201 10
C 202 15
C 203 5
C 204 11
C 205 16
C 206 16
C 207 7
C 208 24
C 209 15
C 210 10
C 211 24
C 212 12
C 213 21
C 214 21
C 215 1
C 216 19
C 217 26
C 218 3
C 219 4
C 220 19
C 221 23
C 222 17
C 223 16
C 224 24
C 225 6
C 226 11
C 227 26
C 228 19
C 229 18
C 230 18
C 231 7
C 232 23
C 233 14
C 234 16
C 235 18
C 236 6
C 237 10
C 238 15
C 239 19
C 240 1
C 241 20
C 242 3
C 243 10
C 244 20
C 245 5
C 246 1
C 247 25
C 248 18
C 249 10
C 250 17
C 251 19
C 252 1
C 253 12
C 254 0
C 255 26
C 256 7
C 257 18
C 258 17
C 259 12
C 260 6
C 261 10
C 262 9
C 263 11
C 264 5
C 265 9
C 266 15
C 267 26
C 268 24
C 269 8
C 270 14
C 271 25
C 272 25
C 273 7
C 274 19
C 275 0
C 276 1
C 277 16
C 278 5
C 279 3
C 280 12
C 281 7
C 282 12
C 283 24
C 284 7
C 285 21
C 286 3
C 287 5
C 288 24
C 289 22
C 290 23
C 291 7
C 292 26
C 293 11
C 294 16
C 295 0
C 296 11
C 297 5
C 298 7
C 299 25
C 300 22
C 301 7
C 302 9
C 303 16
C 304 4
C 305 1
C 306 15
C 307 12
C 308 25
C 309 15
C 310 5
C 311 1
C 312 20
C 313 4
C 314 22
C 315 24
C 316 18
C 317 24
C 318 20
C 319 15
C 320 25
C 321 1
C 322 19
C 323 7
C 324 7
C 325 21
C 326 4
C 327 16
C 328 7
C 329 10
C 330 14
C 331 5
C 332 11
C 333 7
C 334 20
C 335 11
C 336 26
C 337 18
C 338 16
C 339 9
C 340 6
C 341 5
C 342 20
C 343 20
C 344 23
C 345 8
C 346 23
C 347 22
C 348 22
C 349 24
C 350 26
I 0 2 14 (1,2,1) (0,1,-1,0)
I 0 1 15 (2,4,2) (-1,-1,0,0)|(1,0,-1,0)
