D (12,-1,-1) (2,1,4)
D (11,12,-1) (4,3,3)
D (12,-1,-1) (1,5,0)
D (10,11,12) (5,2,5)
D (12,-1,-1) (1,0,3)
D (10,11,12) (5,5,4)
D (10,11,-1) (2,5,4)
D (11,12,-1) (1,1,5)
D (12,-1,-1) (3,4,5)
D (7,8,9) (1,1,0)
D (10,11,-1) (3,1,5)
D (11,-1,-1) (2,5,2)
D (12,-1,-1) (4,5,1)
D (12,-1,-1) (4,3,5)
D (11,12,-1) (0,4,1)
D (11,12,-1) (1,0,4)
D (11,12,-1) (5,3,2)
D (10,-1,-1) (1,5,3)
D (9,-1,-1) (2,2,0)
D (12,-1,-1) (4,5,4)
D (8,9,10) (2,0,4)
D (10,11,12) (0,1,4)
D (10,11,12) (5,5,0)
D (10,11,12) (1,3,3)
D (9,10,-1) (3,5,5)
D (11,12,-1) (1,3,2)
D (9,-1,-1) (4,5,2)
D (7,8,-1) (2,2,1)
D (8,-1,-1) (0,2,5)
D (11,12,-1) (1,4,3)
D (12,-1,-1) (5,5,2)
D (10,11,-1) (5,4,2)
D (8,9,-1) (5,3,4)
D (11,12,-1) (0,4,4)
D (12,-1,-1) (0,3,1)
D (12,-1,-1) (0,0,3)
D (10,11,-1) (5,4,0)
D (12,-1,-1) (2,0,3)
D (7,8,-1) (5,1,2)
D (10,-1,-1) (5,0,4)
D (7,-1,-1) (3,3,2)
D (8,9,-1) (5,5,3)
D (8,9,10) (0,5,0)
D (10,11,12) (2,5,3)
D (10,11,-1) (2,3,1)
D (9,10,11) (0,3,4)
D (12,-1,-1) (2,4,2)
D (10,-1,-1) (2,3,2)
D (7,8,9) (3,0,3)
D (7,8,-1) (0,0,0)
D (9,-1,-1) (5,3,0)
D (10,11,12) (3,4,0)
D (12,-1,-1) (1,5,4)
D (8,9,10) (2,3,3)
D (8,9,-1) (4,2,2)
D (7,8,-1) (4,0,2)
D (8,9,-1) (5,4,3)
C 0 19
C 1 23
C 2 15
C 3 1
C 4 3
C 5 15
C 6 20
C 7 8
C 8 18
C 9 14
C 10 25
C 11 23
C 12 3
C 13 12
C 14 1
C 15 14
C 16 20
C 17 1
C 18 15
C 19 22
C 20 12
C 21 15
C 22 21
C 23 14
C 24 8
C 25 6
C 26 3
C 27 5
C 28 14
C 29 23
C 30 3
C 31 24
C 32 23
C 33 20
C 34 10
C 35 7
C 36 25
C 37 10
C 38 9
C 39 17
C 40 24
C 41 16
C 42 24
C 43 18
C 44 11
C 45 3
C 46 23
C 47 2
C 48 4
C 49 15
C 50 1
C 51 11
C 52 24
C 53 11
C 54 12
C 55 11
C 56 18
C 57 6
C 58 22
C 59 14
C 60 9
C 61 0
C 62 17
C 63 3
C 64 1
C 65 4
C 66 19
C 67 22
C 68 23
C 69 19
C 70 12
C 71 5
C 72 25
C 73 15
C 74 25
C 75 21
C 76 5
C 77 8
C 78 1
C 79 26
C 80 17
C 81 5
C 82 5
C 83 0
C 84 0
C 85 0
C 86 0
C 87 0
C 88 0
C 89 0
C 90 0
C 91 0
C 92 0
C 93 0
C 94 0
C 95 0
C 96 0
C 97 0
C 98 0
C 99 0
C 100 0
C 101 0
C 102 0
C 103 0
C 104 0
C 105 0
C 106 0
C 107 0
C 108 0
C 109 0
C 110 0
C 111 0
C 112 0
C 113 0
C 114 0
C 115 0
C 116 0
C 117 0
C 118 0
C 119 0
C 120 0
C 121 0
C 122 0
C 123 0
C 124 0
C 125 0
C 126 0
C 127 0
C 128 0
C 129 0
C 130 0
C 131 0
C 132 0
C 133 0
C 134 0
C 135 0
C 136 0
C 137 0
C 138 0
C 139 0
C 140 0
C 141 0
C 142 0
C 143 0
C 144 0
C 145 0
C 146 0
C 147 0
C 148 0
C 149 0
C 150 0
C 151 0
C 152 0
C 153 0
C 154 0
C 155 0
C 156 0
C 157 0
C 158 0
C 159 0
C 160 0
C 161 0
C 162 0
C 163 0
C 164 0
C 165 0
C 166 0
C 167 0
C 168 0
C 169 0
C 170 0
C 171 0
C 172 0
C 173 0
C 174 0
C 175 0
C 176 0
C 177 0
C 178 0
C 179 0
C 180 0
C 181 0
C 182 0
C 183 0
C 184 0
C 185 0
C 186 0
C 187 0
C 188 0
C 189 0
C 190 0
C 191 18
C 192 17
C 193 26
C 194 23
C 195 18
C 196 16
C 197 12
C 198 4
C 199 21
C 200 21
C 201 16
C 202 3
C 203 24
C 204 3
C 205 6
C 206 7
C 207 20
C 208 2
C 209 11
C 210 11
C 211 17
C 212 2
C 213 11
C 214 0
C 215 23
C 216 5
C 217 20
C 218 6
C 219 20
C 220 24
C 221 14
C 222 1
C 223 24
C 224 2
C 225 20
C 226 19
C 227 2
C 228 10
C 229 2
C 230 2
C 231 0
C 232 20
C 233 11
C 234 2
C 235 4
C 236 24
C 237 25
C 238 26
C 239 8
C 240 0
C 241 0
C 242 0
C 243 0
C 244 0
C 245 0
C 246 0
C 247 0
C 248 0
C 249 0
C 250 0
C 251 0
C 252 0
C 253 0
C 254 0
C 255 0
C 256 0
C 257 0
C 258 0
C 259 0
C 260 0
C 261 0
C 262 0
C 263 0
C 264 0
C 265 0
C 266 0
C 267 0
C 268 0
C 269 0
C 270 0
C 271 7
C 272 14
C 273 11
C 274 3
C 275 26
C 276 14
C 277 14
C 278 26
C 279 11
C 280 6
C 281 9
C 282 1
C 283 16
C 284 1
C 285 0
C 286 0
C 287 0
C 288 0
C 289 0
C 290 0
C 291 0
C 292 0
C 293 0
C 294 0
C 295 0
C 296 0
C 297 0
C 298 0
C 299 0
C 300 0
C 301 0
C 302 0
C 303 0
C 304 0
C 305 0
C 306 0
C 307 0
C 308 0
C 309 0
C 310 0
C 311 0
C 312 0
C 313 0
C 314 0
C 315 0
C 316 0
C 317 0
C 318 0
C 319 0
C 320 0
C 321 0
C 322 0
C 323 0
C 324 0
C 325 0
C 326 0
C 327 0
C 328 0
C 329 0
C 330 0
C 331 0
C 332 0
C 333 2
C 334 4
C 335 21
C 336 1
C 337 24
C 338 4
C 339 14
C 340 21
C 341 15
C 342 12
C 343 15
C 344 20
C 345 26
C 346 4
C 347 1
C 348 21
C 349 9
C 350 7
I 5 2 13 (1,2,2) (-1,-1,-1,0)
I 0 1 17 (3,4,2) (-1,0,-1,0)|(0,0,0,0)
I 0 3 5 (3,2,2) (0,1,0,0)|(-1,1,0,0)
