D (8,9,-1) (0,3,3)
D (8,9,-1) (0,1,3)
D (7,8,9) (5,0,3)
D (9,10,-1) (5,4,4)
D (8,9,10) (0,1,0)
D (8,9,10) (4,3,4)
D (12,-1,-1) (1,4,0)
D (9,10,11) (1,1,4)
D (7,-1,-1) (5,4,1)
D (7,-1,-1) (4,5,2)
D (11,12,-1) (4,2,0)
D (10,11,12) (0,4,0)
D (12,-1,-1) (2,4,0)
D (8,9,-1) (4,1,1)
D (11,12,-1) (3,4,3)
D (12,-1,-1) (2,4,5)
D (8,-1,-1) (0,3,1)
D (11,-1,-1) (2,2,1)
D (11,12,-1) (3,1,4)
D (10,11,12) (3,3,0)
D (9,10,-1) (2,1,3)
D (9,10,11) (1,0,4)
D (9,10,11) (4,3,2)
D (9,10,-1) (4,5,5)
D (10,11,12) (3,3,1)
D (10,11,-1) (2,2,0)
D (11,12,-1) (0,5,2)
D (7,8,9) (1,3,3)
D (8,9,-1) (1,3,1)
D (7,8,9) (3,5,2)
D (11,12,-1) (4,3,1)
D (9,-1,-1) (5,5,2)
D (9,-1,-1) (4,3,0)
D (11,12,-1) (5,3,0)
D (7,8,-1) (1,3,4)
D (8,-1,-1) (5,3,3)
D (10,11,-1) (1,0,1)
D (12,-1,-1) (5,1,2)
D (10,11,-1) (3,4,2)
D (12,-1,-1) (1,1,3)
D (10,11,12) (4,0,2)
C 0 10
C 1 23
C 2 14
C 3 26
C 4 2
C 5 0
C 6 19
C 7 0
C 8 0
C 9 17
C 10 19
C 11 23
C 12 14
C 13 26
C 14 4
C 15 18
C 16 4
C 17 24
C 18 15
C 19 15
C 20 1
C 21 1
C 22 2
C 23 15
C 24 6
C 25 10
C 26 26
C 27 2
C 28 24
C 29 7
C 30 6
C 31 7
C 32 24
C 33 10
C 34 6
C 35 11
C 36 15
C 37 24
C 38 1
C 39 9
C 40 24
C 41 9
C 42 17
C 43 14
C 44 3
C 45 4
C 46 6
C 47 25
C 48 18
C 49 9
C 50 22
C 51 9
C 52 12
C 53 21
C 54 18
C 55 20
C 56 17
C 57 18
C 58 21
C 59 1
C 60 15
C 61 26
C 62 11
C 63 6
C 64 2
C 65 23
C 66 25
C 67 16
C 68 25
C 69 0
C 70 12
C 71 17
C 72 5
C 73 1
C 74 14
C 75 15
C 76 10
C 77 21
C 78 8
C 79 6
C 80 12
C 81 23
C 82 19
C 83 6
C 84 15
C 85 9
C 86 26
C 87 21
C 88 6
C 89 6
C 90 8
C 91 25
C 92 6
C 93 11
C 94 1
C 95 4
C 96 21
C 97 15
C 98 22
C 99 10
C 100 11
C 101 20
C 102 6
C 103 21
C 104 10
C 105 11
C 106 18
C 107 12
C 108 12
C 109 23
C 110 10
C 111 18
C 112 10
C 113 5
C 114 21
C 115 12
C 116 25
C 117 15
C 118 24
C 119 2
C 120 0
C 121 0
C 122 0
C 123 0
C 124 0
C 125 0
C 126 0
C 127 0
C 128 0
C 129 0
C 130 0
C 131 0
C 132 0
C 133 0
C 134 0
C 135 0
C 136 0
C 137 24
C 138 20
C 139 15
C 140 12
C 141 9
C 142 25
C 143 6
C 144 19
C 145 10
C 146 23
C 147 22
C 148 0
C 149 8
C 150 4
C 151 23
C 152 24
C 153 19
C 154 1
C 155 1
C 156 4
C 157 18
C 158 5
C 159 1
C 160 12
C 161 10
C 162 4
C 163 23
C 164 2
C 165 24
C 166 17
C 167 8
C 168 18
C 169 26
C 170 26
C 171 20
C 172 25
C 173 5
C 174 8
C 175 2
C 176 2
C 177 11
C 178 5
C 179 15
C 180 2
C 181 2
C 182 5
C 183 0
C 184 23
C 185 19
C 186 0
C 187 0
C 188 0
C 189 0
C 190 0
C 191 0
C 192 0
C 193 0
C 194 0
C 195 0
C 196 0
C 197 0
C 198 0
C 199 0
C 200 0
C 201 0
C 202 0
C 203 0
C 204 0
C 205 0
C 206 0
C 207 0
C 208 0
C 209 0
C 210 0
C 211 0
C 212 0
C 213 0
C 214 0
C 215 0
C 216 0
C 217 0
C 218 0
C 219 0
C 220 0
C 221 0
C 222 0
C 223 0
C 224 0
C 225 0
C 226 0
C 227 0
C 228 0
C 229 0
C 230 0
C 231 0
C 232 0
C 233 0
C 234 0
C 235 0
C 236 0
C 237 0
C 238 0
C 239 0
C 240 0
C 241 0
C 242 0
C 243 0
C 244 0
C 245 0
C 246 0
C 247 0
C 248 0
C 249 0
C 250 0
C 251 0
C 252 0
C 253 0
C 254 0
C 255 0
C 256 0
C 257 0
C 258 0
C 259 0
C 260 0
C 261 0
C 262 0
C 263 0
C 264 0
C 265 0
C 266 0
C 267 0
C 268 0
C 269 0
C 270 0
C 271 0
C 272 0
C 273 0
C 274 0
C 275 0
C 276 0
C 277 0
C 278 0
C 279 0
C 280 0
C 281 0
C 282 0
C 283 0
C 284 0
C 285 0
C 286 0
C 287 0
C 288 0
C 289 0
C 290 0
C 291 0
C 292 0
C 293 0
C 294 0
C 295 0
C 296 0
C 297 0
C 298 0
C 299 0
C 300 0
C 301 0
C 302 0
C 303 0
C 304 0
C 305 0
C 306 0
C 307 0
C 308 0
C 309 0
C 310 0
C 311 0
C 312 0
C 313 0
C 314 0
C 315 0
C 316 0
C 317 0
C 318 0
C 319 0
C 320 0
C 321 0
C 322 0
C 323 0
C 324 0
C 325 0
C 326 0
C 327 0
C 328 0
C 329 9
C 330 25
C 331 18
C 332 9
C 333 9
C 334 26
C 335 9
C 336 12
C 337 23
C 338 23
C 339 9
C 340 1
C 341 23
C 342 15
C 343 8
C 344 17
C 345 14
C 346 1
C 347 15
C 348 17
C 349 4
C 350 23
I 3 1 15 (2,5,5) (-1,-1,0,0)|(1,1,-1,0)
I 0 1 17 (0,4,4) (-1,-1,-1,0)
I 0 3 9 (1,4,1) (0,-1,1,0)|(1,-1,0,0)|(0,1,0,0)
