D (11,12,-1) (4,5,2)
D (8,-1,-1) (3,3,4)
D (7,-1,-1) (3,1,4)
D (8,9,10) (0,0,5)
D (12,-1,-1) (2,4,1)
D (10,11,-1) (5,4,4)
D (11,12,-1) (5,5,2)
D (8,-1,-1) (0,1,0)
D (12,-1,-1) (1,3,1)
D (9,10,11) (4,4,2)
D (8,-1,-1) (0,0,1)
D (8,9,10) (1,0,3)
D (11,12,-1) (4,3,0)
D (9,10,-1) (3,5,2)
D (12,-1,-1) (2,5,0)
D (11,-1,-1) (0,5,2)
D (12,-1,-1) (0,0,3)
D (12,-1,-1) (3,2,1)
D (7,8,-1) (1,0,0)
D (10,-1,-1) (1,5,4)
D (7,8,9) (2,1,0)
D (10,11,12) (4,3,1)
D (10,-1,-1) (5,2,4)
D (11,12,-1) (1,0,1)
D (11,12,-1) (1,4,0)
D (12,-1,-1) (1,4,4)
D (10,-1,-1) (3,5,5)
D (10,11,12) (4,3,2)
D (11,12,-1) (2,2,4)
D (8,9,-1) (2,5,1)
D (11,-1,-1) (4,1,1)
D (7,8,9) (2,2,5)
D (12,-1,-1) (4,3,3)
D (9,-1,-1) (4,4,4)
D (11,12,-1) (0,3,5)
D (7,-1,-1) (2,0,0)
D (11,-1,-1) (3,1,3)
D (10,-1,-1) (5,3,5)
D (10,-1,-1) (5,1,0)
D (12,-1,-1) (3,4,5)
D (7,8,-1) (4,4,5)
D (12,-1,-1) (1,5,5)
D (11,12,-1) (0,2,4)
D (9,10,11) (5,2,5)
D (9,10,11) (1,5,1)
D (7,8,9) (5,1,4)
D (8,-1,-1) (3,0,4)
D (10,11,12) (3,5,1)
D (7,8,9) (5,4,0)
D (11,12,-1) (2,0,2)
D (7,8,9) (5,0,2)
D (11,12,-1) (3,3,2)
D (7,-1,-1) (0,4,0)
D (12,-1,-1) (5,1,5)
C 0 2
C 1 9
C 2 6
C 3 11
C 4 26
C 5 6
C 6 8
C 7 4
C 8 23
C 9 11
C 10 26
C 11 22
C 12 20
C 13 26
C 14 11
C 15 8
C 16 14
C 17 22
C 18 11
C 19 8
C 20 5
C 21 6
C 22 10
C 23 1
C 24 19
C 25 5
C 26 21
C 27 0
C 28 0
C 29 0
C 30 0
C 31 0
C 32 0
C 33 0
C 34 0
C 35 0
C 36 0
C 37 0
C 38 0
C 39 0
C 40 0
C 41 0
C 42 0
C 43 0
C 44 0
C 45 0
C 46 0
C 47 0
C 48 0
C 49 0
C 50 0
C 51 0
C 52 0
C 53 0
C 54 0
C 55 0
C 56 0
C 57 0
C 58 0
C 59 0
C 60 0
C 61 0
C 62 0
C 63 0
C 64 0
C 65 23
C 66 1
C 67 3
C 68 26
C 69 19
C 70 7
C 71 18
C 72 11
C 73 1
C 74 23
C 75 5
C 76 16
C 77 23
C 78 6
C 79 8
C 80 15
C 81 15
C 82 17
C 83 17
C 84 19
C 85 19
C 86 7
C 87 15
C 88 16
C 89 2
C 90 14
C 91 15
C 92 7
C 93 25
C 94 25
C 95 0
C 96 19
C 97 23
C 98 22
C 99 19
C 100 21
C 101 1
C 102 16
C 103 15
C 104 6
C 105 11
C 106 14
C 107 9
C 108 14
C 109 3
C 110 8
C 111 14
C 112 12
C 113 19
C 114 25
C 115 20
C 116 26
C 117 5
C 118 3
C 119 25
C 120 4
C 121 22
C 122 1
C 123 2
C 124 15
C 125 12
C 126 14
C 127 20
C 128 8
C 129 12
C 130 15
C 131 24
C 132 24
C 133 17
C 134 5
C 135 12
C 136 25
C 137 6
C 138 25
C 139 11
C 140 23
C 141 6
C 142 21
C 143 1
C 144 3
C 145 11
C 146 15
C 147 25
C 148 6
C 149 16
C 150 19
C 151 20
C 152 20
C 153 21
C 154 14
C 155 16
C 156 5
C 157 22
C 158 16
C 159 4
C 160 3
C 161 0
C 162 20
C 163 4
C 164 3
C 165 6
C 166 0
C 167 26
C 168 19
C 169 6
C 170 3
C 171 20
C 172 20
C 173 6
C 174 0
C 175 11
C 176 1
C 177 16
C 178 10
C 179 6
C 180 8
C 181 10
C 182 5
C 183 26
C 184 23
C 185 7
C 186 12
C 187 24
C 188 16
C 189 10
C 190 1
C 191 26
C 192 8
C 193 16
C 194 9
C 195 0
C 196 24
C 197 11
C 198 14
C 199 7
C 200 7
C 201 12
C 202 10
C 203 11
C 204 14
C 205 2
C 206 3
C 207 19
C 208 3
C 209 17
C 210 16
C 211 24
C 212 19
C 213 23
C 214 10
C 215 1
C 216 1
C 217 1
C 218 20
C 219 7
C 220 6
C 221 19
C 222 9
C 223 14
C 224 22
C 225 2
C 226 0
C 227 20
C 228 12
C 229 16
C 230 9
C 231 7
C 232 17
C 233 12
C 234 15
C 235 16
C 236 7
C 237 26
C 238 20
C 239 9
C 240 1
C 241 23
C 242 17
C 243 16
C 244 20
C 245 6
C 246 24
C 247 19
C 248 12
C 249 4
C 250 2
C 251 24
C 252 0
C 253 6
C 254 15
C 255 16
C 256 14
C 257 9
C 258 11
C 259 7
C 260 23
C 261 10
C 262 7
C 263 26
C 264 9
C 265 3
C 266 1
C 267 9
C 268 26
C 269 26
C 270 19
C 271 14
C 272 15
C 273 1
C 274 16
C 275 11
C 276 19
C 277 3
C 278 14
C 279 8
C 280 26
C 281 9
C 282 1
C 283 0
C 284 10
C 285 5
C 286 21
C 287 0
C 288 12
C 289 1
C 290 5
C 291 23
C 292 8
C 293 4
C 294 14
C 295 20
C 296 1
C 297 9
C 298 5
C 299 25
C 300 22
C 301 1
C 302 12
C 303 9
C 304 24
C 305 7
C 306 24
C 307 25
C 308 6
C 309 0
C 310 23
C 311 21
C 312 6
C 313 24
C 314 23
C 315 7
C 316 11
C 317 8
C 318 26
C 319 3
C 320 24
C 321 11
C 322 19
C 323 14
C 324 20
C 325 11
C 326 25
C 327 4
C 328 26
C 329 14
C 330 5
C 331 25
C 332 15
C 333 4
C 334 12
C 335 18
C 336 4
C 337 17
C 338 26
C 339 25
C 340 18
C 341 16
C 342 14
C 343 24
C 344 24
C 345 20
C 346 24
C 347 12
C 348 1
C 349 5
C 350 5
I 4 2 4 (0,5,5) (-1,-1,1,0)|(1,0,-1,0)
I 3 2 7 (3,5,2) (0,1,0,0)|(1,-1,1,0)|(-1,0,0,0)
I 0 1 2 (5,3,4) (0,0,-1,0)|(0,-1,0,0)|(0,1,0,0)
