D (11,-1,-1) (1,5,0)
D (8,9,-1) (1,4,5)
D (7,8,-1) (3,4,1)
D (12,-1,-1) (3,5,1)
D (7,-1,-1) (3,5,0)
D (9,10,-1) (1,5,3)
D (9,-1,-1) (1,1,4)
D (8,9,-1) (5,4,0)
D (11,12,-1) (1,3,0)
D (7,8,9) (0,5,3)
D (9,10,-1) (3,5,2)
D (7,8,9) (4,2,2)
D (10,11,12) (3,4,3)
D (11,12,-1) (1,5,1)
D (9,-1,-1) (0,4,3)
D (9,10,11) (3,2,0)
D (12,-1,-1) (5,4,4)
D (10,11,-1) (0,1,0)
D (11,12,-1) (3,5,3)
D (8,-1,-1) (5,0,0)
D (8,9,-1) (3,3,2)
D (10,11,12) (3,4,0)
D (11,12,-1) (3,0,0)
D (9,10,-1) (0,0,3)
D (10,11,12) (1,2,5)
D (7,8,9) (4,5,4)
D (12,-1,-1) (1,4,2)
D (8,-1,-1) (1,5,5)
D (9,10,11) (5,3,4)
D (7,8,-1) (0,2,3)
D (12,-1,-1) (2,1,1)
D (10,11,12) (1,1,5)
D (10,11,-1) (5,0,5)
D (9,10,-1) (1,1,0)
D (7,8,9) (1,2,4)
D (12,-1,-1) (2,0,2)
D (12,-1,-1) (0,2,1)
D (12,-1,-1) (0,4,0)
D (10,11,12) (2,3,5)
D (9,10,-1) (2,3,0)
D (10,11,12) (4,1,2)
D (12,-1,-1) (0,3,4)
D (11,-1,-1) (5,3,5)
D (8,-1,-1) (1,2,3)
D (8,9,10) (3,4,2)
D (11,12,-1) (4,1,4)
D (8,9,-1) (5,4,2)
D (8,9,-1) (2,4,3)
D (10,11,-1) (5,1,4)
D (9,10,11) (4,3,2)
C 0 24
C 1 19
C 2 10
C 3 14
C 4 14
C 5 26
C 6 21
C 7 5
C 8 12
C 9 4
C 10 20
C 11 10
C 12 3
C 13 5
C 14 22
C 15 11
C 16 6
C 17 26
C 18 23
C 19 18
C 20 25
C 21 9
C 22 18
C 23 1
C 24 22
C 25 19
C 26 21
C 27 16
C 28 18
C 29 23
C 30 6
C 31 6
C 32 4
C 33 16
C 34 26
C 35 24
C 36 25
C 37 20
C 38 5
C 39 21
C 40 5
C 41 16
C 42 22
C 43 12
C 44 7
C 45 7
C 46 24
C 47 5
C 48 17
C 49 26
C 50 26
C 51 11
C 52 9
C 53 20
C 54 25
C 55 20
C 56 1
C 57 16
C 58 19
C 59 4
C 60 2
C 61 10
C 62 19
C 63 24
C 64 11
C 65 18
C 66 6
C 67 0
C 68 25
C 69 18
C 70 25
C 71 7
C 72 11
C 73 5
C 74 10
C 75 9
C 76 7
C 77 6
C 78 10
C 79 10
C 80 8
C 81 11
C 82 25
C 83 15
C 84 17
C 85 17
C 86 20
C 87 4
C 88 25
C 89 3
C 90 15
C 91 16
C 92 22
C 93 9
C 94 10
C 95 22
C 96 6
C 97 5
C 98 3
C 99 20
C 100 2
C 101 4
C 102 6
C 103 22
C 104 22
C 105 3
C 106 6
C 107 12
C 108 23
C 109 15
C 110 1
C 111 25
C 112 11
C 113 16
C 114 2
C 115 22
C 116 9
C 117 16
C 118 6
C 119 4
C 120 19
C 121 18
C 122 25
C 123 10
C 124 7
C 125 2
C 126 9
C 127 7
C 128 0
C 129 15
C 130 25
C 131 17
C 132 4
C 133 16
C 134 8
C 135 20
C 136 18
C 137 24
C 138 18
C 139 11
C 140 3
C 141 4
C 142 1
C 143 5
C 144 4
C 145 0
C 146 7
C 147 1
C 148 25
C 149 17
C 150 7
C 151 23
C 152 0
C 153 10
C 154 6
C 155 17
C 156 16
C 157 15
C 158 21
C 159 6
C 160 0
C 161 23
C 162 10
C 163 17
C 164 16
C 165 8
C 166 4
C 167 17
C 168 1
C 169 0
C 170 17
C 171 7
C 172 21
C 173 15
C 174 0
C 175 22
C 176 8
C 177 22
C 178 18
C 179 26
C 180 6
C 181 4
C 182 1
C 183 24
C 184 25
C 185 8
C 186 25
C 187 19
C 188 26
C 189 19
C 190 9
C 191 16
C 192 8
C 193 0
C 194 20
C 195 6
C 196 3
C 197 6
C 198 23
C 199 21
C 200 0
C 201 24
C 202 0
C 203 14
C 204 19
C 205 25
C 206 23
C 207 17
C 208 21
C 209 18
C 210 9
C 211 5
C 212 1
C 213 25
C 214 7
C 215 0
C 216 16
C 217 11
C 218 22
C 219 24
C 220 25
C 221 0
C 222 12
C 223 4
C 224 10
C 225 26
C 226 14
C 227 16
C 228 24
C 229 26
C 230 1
C 231 17
C 232 1
C 233 10
C 234 6
C 235 5
C 236 1
C 237 22
C 238 14
C 239 25
C 240 19
C 241 16
C 242 1
C 243 25
C 244 3
C 245 14
C 246 18
C 247 10
C 248 11
C 249 4
C 250 24
C 251 9
C 252 21
C 253 11
C 254 3
C 255 8
C 256 20
C 257 20
C 258 7
C 259 23
C 260 15
C 261 21
C 262 26
C 263 4
C 264 15
C 265 14
C 266 8
C 267 1
C 268 7
C 269 8
C 270 4
C 271 14
C 272 4
C 273 5
C 274 16
C 275 18
C 276 26
C 277 23
C 278 1
C 279 15
C 280 7
C 281 3
C 282 1
C 283 24
C 284 7
C 285 21
C 286 12
C 287 18
C 288 22
C 289 19
C 290 8
C 291 16
C 292 22
C 293 14
C 294 3
C 295 20
C 296 14
C 297 2
C 298 0
C 299 19
C 300 5
C 301 25
C 302 8
C 303 2
C 304 14
C 305 21
C 306 6
C 307 14
C 308 14
C 309 8
C 310 8
C 311 3
C 312 7
C 313 19
C 314 1
C 315 25
C 316 5
C 317 7
C 318 8
C 319 16
C 320 20
C 321 10
C 322 12
C 323 7
C 324 8
C 325 17
C 326 16
C 327 21
C 328 26
C 329 19
C 330 8
C 331 3
C 332 26
C 333 20
C 334 26
C 335 14
C 336 26
C 337 2
C 338 23
C 339 2
C 340 20
C 341 18
C 342 3
C 343 18
C 344 24
C 345 14
C 346 20
C 347 20
C 348 1
C 349 8
C 350 26
I 0 2 15 (2,1,2) (0,0,1,0)|(0,1,-1,0)|(-1,-1,-1,0)|(1,1,1,0)|(0,-1,0,0)
I 2 3 3 (4,4,1) (0,-1,-1,0)
I 0 2 16 (5,0,1) (-1,0,0,0)|(-1,1,1,0)|(1,0,1,0)
