D (8,-1,-1) (3,2,0)
D (11,12,-1) (2,5,4)
D (8,-1,-1) (0,3,2)
D (7,8,-1) (2,4,1)
D (11,12,-1) (4,2,2)
D (12,-1,-1) (5,1,3)
D (10,11,12) (1,1,1)
D (12,-1,-1) (3,4,4)
D (11,12,-1) (0,4,2)
D (11,12,-1) (5,0,2)
D (8,9,10) (5,1,2)
D (11,12,-1) (1,4,2)
D (7,8,9) (3,3,1)
D (7,8,9) (2,1,1)
D (8,-1,-1) (3,3,5)
D (10,11,12) (0,3,3)
D (10,-1,-1) (1,0,0)
D (8,9,-1) (5,4,2)
D (10,11,12) (2,1,3)
D (11,-1,-1) (2,0,1)
D (9,10,-1) (1,1,5)
D (8,9,-1) (5,4,4)
D (9,-1,-1) (0,1,0)
D (11,12,-1) (4,3,0)
D (12,-1,-1) (1,5,0)
D (7,8,9) (2,3,3)
D (12,-1,-1) (1,0,5)
D (8,9,10) (2,3,2)
D (10,-1,-1) (3,5,4)
D (8,9,-1) (5,2,0)
D (10,11,12) (4,1,2)
D (9,10,11) (5,2,1)
D (11,-1,-1) (3,1,4)
D (12,-1,-1) (4,3,4)
D (10,11,-1) (1,2,0)
D (11,12,-1) (4,1,5)
D (12,-1,-1) (3,4,0)
D (7,8,9) (5,2,2)
D (7,8,9) (3,2,1)
D (8,-1,-1) (3,1,2)
D (8,-1,-1) (5,4,5)
D (12,-1,-1) (0,5,2)
D (9,-1,-1) (4,5,5)
D (12,-1,-1) (5,4,3)
D (11,12,-1) (1,5,2)
D (12,-1,-1) (4,0,0)
C 0 4
C 1 15
C 2 3
C 3 17
C 4 8
C 5 19
C 6 25
C 7 11
C 8 5
C 9 25
C 10 17
C 11 1
C 12 1
C 13 3
C 14 12
C 15 8
C 16 25
C 17 18
C 18 8
C 19 1
C 20 2
C 21 9
C 22 19
C 23 22
C 24 15
C 25 4
C 26 4
C 27 11
C 28 25
C 29 17
C 30 16
C 31 24
C 32 23
C 33 15
C 34 12
C 35 3
C 36 11
C 37 23
C 38 21
C 39 22
C 40 10
C 41 1
C 42 7
C 43 1
C 44 25
C 45 8
C 46 6
C 47 15
C 48 6
C 49 3
C 50 10
C 51 21
C 52 19
C 53 15
C 54 26
C 55 12
C 56 16
C 57 15
C 58 2
C 59 2
C 60 15
C 61 14
C 62 12
C 63 9
C 64 7
C 65 9
C 66 8
C 67 0
C 68 0
C 69 0
C 70 0
C 71 0
C 72 0
C 73 0
C 74 0
C 75 0
C 76 0
C 77 0
C 78 0
C 79 0
C 80 0
C 81 0
C 82 0
C 83 0
C 84 0
C 85 0
C 86 0
C 87 0
C 88 0
C 89 0
C 90 0
C 91 0
C 92 0
C 93 0
C 94 0
C 95 0
C 96 0
C 97 0
C 98 0
C 99 22
C 100 8
C 101 5
C 102 20
C 103 0
C 104 7
C 105 21
C 106 19
C 107 19
C 108 1
C 109 0
C 110 0
C 111 0
C 112 0
C 113 0
C 114 0
C 115 0
C 116 0
C 117 0
C 118 0
C 119 0
C 120 0
C 121 0
C 122 0
C 123 0
C 124 0
C 125 0
C 126 0
C 127 0
C 128 0
C 129 0
C 130 0
C 131 0
C 132 0
C 133 0
C 134 0
C 135 0
C 136 0
C 137 0
C 138 0
C 139 0
C 140 0
C 141 0
C 142 0
C 143 0
C 144 0
C 145 0
C 146 0
C 147 0
C 148 0
C 149 0
C 150 0
C 151 0
C 152 0
C 153 0
C 154 0
C 155 0
C 156 0
C 157 0
C 158 0
C 159 0
C 160 0
C 161 0
C 162 0
C 163 0
C 164 0
C 165 0
C 166 0
C 167 0
C 168 0
C 169 0
C 170 0
C 171 0
C 172 0
C 173 0
C 174 0
C 175 0
C 176 21
C 177 26
C 178 25
C 179 26
C 180 19
C 181 8
C 182 18
C 183 7
C 184 14
C 185 15
C 186 10
C 187 20
C 188 3
C 189 26
C 190 9
C 191 14
C 192 8
C 193 0
C 194 16
C 195 21
C 196 7
C 197 22
C 198 8
C 199 26
C 200 25
C 201 24
C 202 7
C 203 0
C 204 2
C 205 5
C 206 3
C 207 17
C 208 3
C 209 22
C 210 14
C 211 18
C 212 24
C 213 4
C 214 23
C 215 14
C 216 14
C 217 20
C 218 26
C 219 20
C 220 24
C 221 14
C 222 18
C 223 14
C 224 12
C 225 23
C 226 5
C 227 12
C 228 0
C 229 17
C 230 19
C 231 8
C 232 11
C 233 6
C 234 16
C 235 19
C 236 20
C 237 20
C 238 16
C 239 4
C 240 5
C 241 23
C 242 3
C 243 11
C 244 16
C 245 23
C 246 16
C 247 21
C 248 5
C 249 4
C 250 7
C 251 14
C 252 15
C 253 21
C 254 1
C 255 25
C 256 19
C 257 26
C 258 6
C 259 2
C 260 23
C 261 18
C 262 0
C 263 26
C 264 17
C 265 21
C 266 19
C 267 18
C 268 20
C 269 19
C 270 20
C 271 5
C 272 1
C 273 7
C 274 1
C 275 16
C 276 22
C 277 2
C 278 17
C 279 12
C 280 10
C 281 26
C 282 5
C 283 25
C 284 15
C 285 2
C 286 9
C 287 16
C 288 10
C 289 12
C 290 10
C 291 7
C 292 19
C 293 6
C 294 18
C 295 6
C 296 24
C 297 1
C 298 2
C 299 0
C 300 4
C 301 5
C 302 24
C 303 18
C 304 19
C 305 3
C 306 23
C 307 20
C 308 14
C 309 16
C 310 20
C 311 3
C 312 12
C 313 8
C 314 15
C 315 12
C 316 14
C 317 11
C 318 8
C 319 0
C 320 23
C 321 24
C 322 1
C 323 18
C 324 3
C 325 4
C 326 24
C 327 18
C 328 21
C 329 22
C 330 9
C 331 5
C 332 26
C 333 26
C 334 19
C 335 26
C 336 21
C 337 12
C 338 26
C 339 18
C 340 24
C 341 15
C 342 15
C 343 19
C 344 22
C 345 9
C 346 1
C 347 15
C 348 21
C 349 16
C 350 22
I 0 3 16 (2,4,2) (-1,-1,1,0)|(1,0,-1,0)
I 5 3 15 (1,3,1) (1,0,-1,0)
I 4 3 16 (2,5,4) (1,1,1,0)
