D (12,-1,-1) (4,2,5)
D (11,12,-1) (4,2,1)
D (11,12,-1) (5,0,0)
D (12,-1,-1) (3,0,3)
D (7,-1,-1) (5,5,1)
D (10,-1,-1) (3,1,4)
D (8,9,-1) (1,1,0)
D (11,12,-1) (0,2,4)
D (8,-1,-1) (5,2,4)
D (8,-1,-1) (3,2,4)
D (9,-1,-1) (1,1,4)
D (7,-1,-1) (0,3,5)
D (8,9,-1) (1,4,2)
D (11,-1,-1) (0,0,2)
D (7,8,9) (0,2,0)
D (9,10,11) (2,1,5)
D (8,-1,-1) (4,4,4)
D (11,-1,-1) (4,1,2)
D (8,9,10) (3,1,5)
D (7,8,9) (4,3,2)
D (8,9,10) (1,0,0)
D (9,10,11) (2,0,5)
D (9,-1,-1) (4,4,5)
D (9,10,11) (3,0,1)
D (12,-1,-1) (3,3,2)
D (10,-1,-1) (0,4,2)
D (12,-1,-1) (5,0,2)
D (9,-1,-1) (2,1,4)
D (7,8,-1) (3,5,3)
D (10,11,12) (5,2,0)
D (12,-1,-1) (0,1,5)
D (12,-1,-1) (1,0,3)
D (8,9,10) (4,5,2)
D (7,8,9) (5,5,3)
D (11,12,-1) (4,1,3)
D (7,8,9) (0,3,1)
D (11,12,-1) (4,2,3)
D (10,-1,-1) (0,5,2)
D (12,-1,-1) (1,5,2)
D (11,-1,-1) (2,5,1)
D (12,-1,-1) (0,2,5)
D (12,-1,-1) (0,5,3)
D (8,-1,-1) (5,4,3)
D (11,12,-1) (5,2,3)
D (10,11,-1) (3,4,3)
D (11,-1,-1) (4,4,2)
D (8,-1,-1) (2,0,0)
D (9,10,-1) (4,2,4)
D (7,8,9) (1,5,4)
D (11,-1,-1) (3,3,4)
D (11,-1,-1) (3,0,2)
D (12,-1,-1) (5,3,2)
D (7,8,9) (5,1,4)
D (7,8,9) (2,2,2)
D (8,9,10) (0,4,4)
D (8,-1,-1) (2,5,4)
D (12,-1,-1) (0,1,2)
D (10,11,12) (3,2,2)
D (9,10,11) (4,2,0)
D (9,10,-1) (0,2,1)
D (9,10,-1) (5,4,4)
D (12,-1,-1) (0,1,3)
D (9,10,-1) (0,0,3)
D (11,12,-1) (3,2,0)
D (7,8,9) (4,5,1)
D (8,9,10) (3,4,5)
D (12,-1,-1) (4,0,4)
D (7,8,9) (0,4,5)
D (9,-1,-1) (0,4,0)
D (8,-1,-1) (5,5,2)
D (12,-1,-1) (1,1,5)
D (10,-1,-1) (3,5,4)
D (8,9,10) (0,5,1)
D (9,-1,-1) (2,5,0)
C 0 12
C 1 7
C 2 19
C 3 25
C 4 12
C 5 8
C 6 1
C 7 12
C 8 18
C 9 18
C 10 22
C 11 14
C 12 23
C 13 18
C 14 10
C 15 2
C 16 12
C 17 14
C 18 6
C 19 9
C 20 26
C 21 9
C 22 5
C 23 26
C 24 23
C 25 24
C 26 14
C 27 25
C 28 8
C 29 8
C 30 17
C 31 9
C 32 23
C 33 15
C 34 1
C 35 23
C 36 12
C 37 9
C 38 14
C 39 26
C 40 0
C 41 3
C 42 15
C 43 11
C 44 1
C 45 17
C 46 25
C 47 10
C 48 15
C 49 15
C 50 8
C 51 18
C 52 14
C 53 21
C 54 26
C 55 14
C 56 22
C 57 14
C 58 5
C 59 12
C 60 10
C 61 20
C 62 0
C 63 0
C 64 0
C 65 0
C 66 0
C 67 0
C 68 0
C 69 0
C 70 0
C 71 0
C 72 0
C 73 0
C 74 0
C 75 0
C 76 0
C 77 0
C 78 0
C 79 0
C 80 0
C 81 0
C 82 0
C 83 0
C 84 0
C 85 0
C 86 0
C 87 0
C 88 0
C 89 0
C 90 0
C 91 0
C 92 0
C 93 0
C 94 0
C 95 0
C 96 0
C 97 0
C 98 0
C 99 0
C 100 0
C 101 0
C 102 0
C 103 0
C 104 22
C 105 0
C 106 15
C 107 17
C 108 5
C 109 20
C 110 24
C 111 2
C 112 4
C 113 8
C 114 1
C 115 7
C 116 10
C 117 19
C 118 6
C 119 18
C 120 11
C 121 10
C 122 8
C 123 26
C 124 12
C 125 5
C 126 16
C 127 1
C 128 19
C 129 26
C 130 9
C 131 14
C 132 7
C 133 11
C 134 1
C 135 4
C 136 25
C 137 12
C 138 16
C 139 16
C 140 14
C 141 12
C 142 26
C 143 1
C 144 18
C 145 2
C 146 22
C 147 11
C 148 3
C 149 12
C 150 7
C 151 26
C 152 12
C 153 0
C 154 23
C 155 3
C 156 7
C 157 3
C 158 5
C 159 20
C 160 15
C 161 4
C 162 26
C 163 1
C 164 7
C 165 6
C 166 20
C 167 3
C 168 22
C 169 6
C 170 4
C 171 26
C 172 9
C 173 24
C 174 6
C 175 5
C 176 22
C 177 24
C 178 7
C 179 6
C 180 12
C 181 7
C 182 7
C 183 0
C 184 0
C 185 0
C 186 0
C 187 0
C 188 0
C 189 0
C 190 0
C 191 0
C 192 0
C 193 0
C 194 0
C 195 0
C 196 0
C 197 0
C 198 0
C 199 0
C 200 0
C 201 0
C 202 0
C 203 0
C 204 0
C 205 0
C 206 0
C 207 0
C 208 26
C 209 0
C 210 0
C 211 0
C 212 0
C 213 0
C 214 0
C 215 6
C 216 24
C 217 26
C 218 3
C 219 18
C 220 5
C 221 10
C 222 20
C 223 21
C 224 24
C 225 8
C 226 0
C 227 0
C 228 0
C 229 0
C 230 0
C 231 0
C 232 0
C 233 0
C 234 0
C 235 0
C 236 0
C 237 0
C 238 0
C 239 0
C 240 0
C 241 0
C 242 0
C 243 0
C 244 0
C 245 0
C 246 0
C 247 0
C 248 0
C 249 0
C 250 0
C 251 0
C 252 0
C 253 0
C 254 0
C 255 0
C 256 0
C 257 0
C 258 0
C 259 0
C 260 0
C 261 0
C 262 0
C 263 0
C 264 0
C 265 0
C 266 0
C 267 0
C 268 0
C 269 0
C 270 0
C 271 8
C 272 3
C 273 15
C 274 11
C 275 17
C 276 8
C 277 21
C 278 5
C 279 12
C 280 4
C 281 15
C 282 24
C 283 7
C 284 8
C 285 9
C 286 6
C 287 4
C 288 10
C 289 12
C 290 8
C 291 11
C 292 3
C 293 17
C 294 5
C 295 16
C 296 20
C 297 7
C 298 6
C 299 26
C 300 12
C 301 9
C 302 25
C 303 1
C 304 12
C 305 16
C 306 15
C 307 6
C 308 6
C 309 11
C 310 16
C 311 22
C 312 19
C 313 10
C 314 7
C 315 2
C 316 0
C 317 16
C 318 14
C 319 0
C 320 12
C 321 21
C 322 26
C 323 0
C 324 21
C 325 18
C 326 24
C 327 25
C 328 9
C 329 19
C 330 20
C 331 22
C 332 21
C 333 9
C 334 21
C 335 8
C 336 6
C 337 23
C 338 25
C 339 10
C 340 18
C 341 7
C 342 15
C 343 22
C 344 11
C 345 20
C 346 4
C 347 23
C 348 8
C 349 19
C 350 21
I 4 1 7 (4,4,0) (1,-1,1,0)|(-1,-1,1,0)
I 3 3 8 (5,5,5) (1,0,-1,0)|(-1,0,1,0)|(-1,1,-1,0)
I 1 2 16 (1,3,0) (1,0,0,0)|(-1,0,1,0)|(1,0,0,0)
