D (10,-1,-1) (3,5,4)
D (7,8,9) (1,2,5)
D (12,-1,-1) (4,3,0)
D (10,11,-1) (3,1,4)
D (7,8,-1) (3,3,1)
D (8,9,10) (2,0,0)
D (11,-1,-1) (4,4,0)
D (7,-1,-1) (0,3,3)
D (11,12,-1) (3,0,2)
D (12,-1,-1) (2,0,2)
D (9,-1,-1) (2,1,4)
D (10,11,-1) (1,4,0)
D (10,11,12) (3,1,3)
D (7,-1,-1) (3,1,0)
D (12,-1,-1) (0,5,5)
D (9,-1,-1) (1,0,2)
D (10,11,-1) (1,0,0)
D (7,8,9) (5,0,1)
D (10,11,12) (2,1,1)
D (10,11,12) (0,0,2)
D (12,-1,-1) (5,0,3)
D (7,-1,-1) (4,3,3)
D (10,11,-1) (4,1,3)
D (11,-1,-1) (3,5,3)
D (9,10,11) (2,3,1)
D (12,-1,-1) (0,4,0)
D (11,-1,-1) (2,5,3)
D (11,-1,-1) (2,2,0)
D (11,12,-1) (4,0,5)
D (8,9,-1) (1,0,3)
D (12,-1,-1) (2,2,2)
D (7,8,9) (5,2,3)
D (12,-1,-1) (1,2,3)
D (11,12,-1) (4,3,1)
D (8,9,-1) (5,3,2)
D (10,11,-1) (3,2,0)
D (9,10,-1) (0,4,2)
D (12,-1,-1) (3,4,4)
D (11,12,-1) (4,4,4)
D (12,-1,-1) (2,4,2)
D (11,12,-1) (0,0,0)
D (7,8,-1) (1,5,3)
D (11,12,-1) (3,5,1)
D (7,-1,-1) (5,4,0)
D (11,12,-1) (3,5,5)
D (7,8,9) (4,1,0)
D (7,-1,-1) (2,1,3)
C 0 14
C 1 22
C 2 6
C 3 0
C 4 0
C 5 0
C 6 0
C 7 0
C 8 0
C 9 0
C 10 0
C 11 0
C 12 0
C 13 0
C 14 0
C 15 0
C 16 0
C 17 0
C 18 0
C 19 0
C 20 0
C 21 0
C 22 0
C 23 0
C 24 0
C 25 0
C 26 0
C 27 0
C 28 0
C 29 0
C 30 0
C 31 12
C 32 26
C 33 4
C 34 1
C 35 20
C 36 8
C 37 2
C 38 7
C 39 26
C 40 19
C 41 21
C 42 25
C 43 23
C 44 8
C 45 21
C 46 1
C 47 5
C 48 0
C 49 0
C 50 0
C 51 0
C 52 0
C 53 0
C 54 0
C 55 0
C 56 0
C 57 0
C 58 0
C 59 0
C 60 0
C 61 0
C 62 0
C 63 0
C 64 0
C 65 0
C 66 0
C 67 9
C 68 24
C 69 14
C 70 0
C 71 0
C 72 0
C 73 0
C 74 0
C 75 0
C 76 0
C 77 0
C 78 0
C 79 0
C 80 0
C 81 0
C 82 0
C 83 0
C 84 0
C 85 0
C 86 0
C 87 0
C 88 0
C 89 0
C 90 0
C 91 0
C 92 0
C 93 0
C 94 0
C 95 0
C 96 0
C 97 0
C 98 0
C 99 0
C 100 0
C 101 0
C 102 0
C 103 0
C 104 0
C 105 0
C 106 0
C 107 0
C 108 0
C 109 0
C 110 0
C 111 0
C 112 0
C 113 0
C 114 6
C 115 3
C 116 3
C 117 26
C 118 5
C 119 12
C 120 25
C 121 15
C 122 23
C 123 20
C 124 11
C 125 6
C 126 0
C 127 4
C 128 26
C 129 24
C 130 20
C 131 15
C 132 22
C 133 16
C 134 22
C 135 10
C 136 1
C 137 17
C 138 17
C 139 3
C 140 14
C 141 5
C 142 16
C 143 19
C 144 4
C 145 21
C 146 3
C 147 14
C 148 15
C 149 16
C 150 18
C 151 20
C 152 25
C 153 21
C 154 9
C 155 1
C 156 11
C 157 20
C 158 12
C 159 9
C 160 2
C 161 1
C 162 11
C 163 18
C 164 9
C 165 14
C 166 14
C 167 15
C 168 14
C 169 7
C 170 18
C 171 2
C 172 7
C 173 12
C 174 25
C 175 23
C 176 3
C 177 8
C 178 6
C 179 16
C 180 4
C 181 10
C 182 24
C 183 5
C 184 21
C 185 23
C 186 15
C 187 6
C 188 1
C 189 4
C 190 19
C 191 1
C 192 0
C 193 9
C 194 16
C 195 15
C 196 8
C 197 24
C 198 12
C 199 10
C 200 23
C 201 9
C 202 1
C 203 17
C 204 25
C 205 12
C 206 9
C 207 7
C 208 22
C 209 11
C 210 5
C 211 24
C 212 11
C 213 22
C 214 3
C 215 1
C 216 17
C 217 21
C 218 25
C 219 5
C 220 23
C 221 20
C 222 18
C 223 0
C 224 4
C 225 12
C 226 23
C 227 14
C 228 25
C 229 25
C 230 5
C 231 18
C 232 20
C 233 1
C 234 12
C 235 10
C 236 24
C 237 22
C 238 6
C 239 21
C 240 2
C 241 2
C 242 1
C 243 3
C 244 19
C 245 0
C 246 0
C 247 0
C 248 0
C 249 0
C 250 0
C 251 0
C 252 0
C 253 0
C 254 0
C 255 0
C 256 0
C 257 0
C 258 0
C 259 0
C 260 0
C 261 0
C 262 0
C 263 0
C 264 0
C 265 0
C 266 0
C 267 0
C 268 0
C 269 0
C 270 0
C 271 0
C 272 0
C 273 0
C 274 0
C 275 0
C 276 0
C 277 0
C 278 0
C 279 0
C 280 0
C 281 0
C 282 0
C 283 0
C 284 0
C 285 0
C 286 0
C 287 0
C 288 0
C 289 0
C 290 0
C 291 0
C 292 0
C 293 26
C 294 0
C 295 23
C 296 12
C 297 24
C 298 21
C 299 17
C 300 19
C 301 1
C 302 24
C 303 15
C 304 22
C 305 15
C 306 3
C 307 6
C 308 26
C 309 4
C 310 19
C 311 8
C 312 6
C 313 24
C 314 15
C 315 15
C 316 0
C 317 16
C 318 0
C 319 0
C 320 11
C 321 10
C 322 3
C 323 2
C 324 21
C 325 17
C 326 19
C 327 14
C 328 11
C 329 3
C 330 11
C 331 10
C 332 21
C 333 10
C 334 11
C 335 11
C 336 4
C 337 11
C 338 7
C 339 2
C 340 7
C 341 7
C 342 24
C 343 14
C 344 1
C 345 14
C 346 21
C 347 0
C 348 16
C 349 1
C 350 5
I 0 1 5 (3,2,2) (-1,0,1,0)|(-1,-1,1,0)
I 2 1 10 (3,2,1) (0,-1,1,0)
I 0 1 18 (0,3,2) (1,0,1,0)
