D (8,9,-1) (4,1,2)
D (11,12,-1) (4,5,3)
D (8,-1,-1) (1,2,1)
D (9,10,-1) (0,4,4)
D (9,10,-1) (1,4,0)
D (10,-1,-1) (5,2,1)
D (12,-1,-1) (4,0,2)
D (9,10,-1) (2,3,0)
D (10,-1,-1) (5,0,4)
D (7,8,9) (4,2,4)
D (7,8,9) (5,5,1)
D (11,12,-1) (4,3,2)
D (9,10,11) (3,0,1)
D (7,8,-1) (0,2,5)
D (9,10,11) (4,5,2)
D (7,8,-1) (3,4,1)
D (12,-1,-1) (3,4,4)
D (8,9,10) (0,1,3)
D (12,-1,-1) (0,1,0)
D (9,10,-1) (0,0,3)
D (10,-1,-1) (3,4,2)
D (11,-1,-1) (1,3,5)
D (10,7,12) (4,4,2)
D (8,9,-1) (3,3,2)
D (9,10,11) (4,5,5)
D (12,-1,-1) (1,5,0)
D (9,10,11) (3,5,2)
D (7,8,-1) (2,1,5)
D (8,9,10) (5,2,5)
D (9,10,-1) (0,5,2)
D (10,11,-1) (5,2,3)
D (8,9,10) (1,0,0)
D (9,-1,-1) (3,0,2)
D (8,9,10) (3,4,5)
D (9,10,11) (2,0,3)
D (8,-1,-1) (4,0,4)
D (10,11,12) (1,3,3)
D (10,11,-1) (5,0,5)
D (7,8,9) (0,2,1)
D (9,-1,-1) (0,0,1)
D (12,-1,-1) (1,1,5)
D (12,-1,-1) (5,3,3)
D (11,12,-1) (2,0,4)
D (12,-1,-1) (1,1,0)
D (9,10,11) (4,5,1)
D (7,8,9) (5,5,5)
D (7,8,-1) (0,0,5)
D (7,8,-1) (0,4,3)
D (10,11,12) (2,4,2)
D (8,-1,-1) (3,2,4)
D (12,-1,-1) (4,4,0)
D (9,10,-1) (5,4,4)
D (11,12,-1) (3,1,3)
D (8,9,-1) (3,5,4)
D (11,-1,-1) (2,0,0)
D (12,-1,-1) (5,1,5)
D (12,-1,-1) (5,1,1)
D (8,9,-1) (2,5,3)
D (12,-1,-1) (5,2,2)
D (10,-1,-1) (2,0,1)
D (9,-1,-1) (0,2,0)
D (8,9,10) (1,4,1)
D (11,-1,-1) (5,3,2)
D (12,-1,-1) (1,4,4)
D (9,10,-1) (1,2,3)
D (12,-1,-1) (1,1,1)
D (8,9,10) (0,0,4)
D (9,10,-1) (5,0,1)
D (9,-1,-1) (2,3,3)
D (12,-1,-1) (0,2,4)
D (9,10,-1) (5,3,0)
D (8,9,10) (3,2,1)
D (9,-1,-1) (0,4,0)
D (8,-1,-1) (0,3,4)
D (10,-1,-1) (1,0,1)
D (11,12,-1) (4,5,4)
C 0 1
C 1 0
C 2 0
C 3 0
C 4 0
C 5 0
C 6 0
C 7 0
C 8 0
C 9 0
C 10 0
C 11 0
C 12 0
C 13 0
C 14 0
C 15 0
C 16 0
C 17 0
C 18 0
C 19 0
C 20 0
C 21 0
C 22 0
C 23 0
C 24 0
C 25 0
C 26 0
C 27 0
C 28 0
C 29 0
C 30 0
C 31 0
C 32 0
C 33 0
C 34 0
C 35 0
C 36 0
C 37 0
C 38 0
C 39 0
C 40 0
C 41 0
C 42 0
C 43 0
C 44 0
C 45 0
C 46 0
C 47 0
C 48 0
C 49 0
C 50 0
C 51 0
C 52 0
C 53 0
C 54 0
C 55 0
C 56 0
C 57 0
C 58 0
C 59 0
C 60 0
C 61 0
C 62 0
C 63 0
C 64 0
C 65 0
C 66 0
C 67 0
C 68 0
C 69 0
C 70 0
C 71 0
C 72 0
C 73 0
C 74 0
C 75 0
C 76 0
C 77 0
C 78 0
C 79 0
C 80 0
C 81 0
C 82 0
C 83 0
C 84 0
C 85 0
C 86 0
C 87 0
C 88 0
C 89 0
C 90 0
C 91 0
C 92 0
C 93 0
C 94 0
C 95 0
C 96 5
C 97 24
C 98 25
C 99 9
C 100 11
C 101 25
C 102 0
C 103 0
C 104 0
C 105 0
C 106 0
C 107 0
C 108 0
C 109 0
C 110 0
C 111 0
C 112 6
C 113 8
C 114 23
C 115 8
C 116 20
C 117 1
C 118 11
C 119 6
C 120 22
C 121 1
C 122 11
C 123 0
C 124 22
C 125 26
C 126 16
C 127 15
C 128 1
C 129 14
C 130 17
C 131 22
C 132 7
C 133 24
C 134 21
C 135 25
C 136 14
C 137 12
C 138 26
C 139 10
C 140 9
C 141 21
C 142 0
C 143 20
C 144 25
C 145 23
C 146 6
C 147 18
C 148 24
C 149 0
C 150 1
C 151 10
C 152 9
C 153 8
C 154 9
C 155 9
C 156 19
C 157 21
C 158 23
C 159 1
C 160 26
C 161 3
C 162 3
C 163 26
C 164 7
C 165 18
C 166 9
C 167 2
C 168 0
C 169 0
C 170 22
C 171 6
C 172 4
C 173 21
C 174 8
C 175 6
C 176 22
C 177 7
C 178 2
C 179 24
C 180 3
C 181 14
C 182 4
C 183 0
C 184 8
C 185 16
C 186 6
C 187 4
C 188 11
C 189 26
C 190 19
C 191 10
C 192 16
C 193 26
C 194 2
C 195 18
C 196 2
C 197 26
C 198 19
C 199 5
C 200 20
C 201 16
C 202 4
C 203 26
C 204 0
C 205 8
C 206 4
C 207 1
C 208 10
C 209 3
C 210 20
C 211 14
C 212 23
C 213 12
C 214 15
C 215 3
C 216 25
C 217 1
C 218 1
C 219 17
C 220 14
C 221 7
C 222 12
C 223 21
C 224 19
C 225 1
C 226 8
C 227 17
C 228 15
C 229 24
C 230 11
C 231 9
C 232 17
C 233 16
C 234 18
C 235 9
C 236 23
C 237 0
C 238 12
C 239 26
C 240 2
C 241 9
C 242 22
C 243 1
C 244 23
C 245 25
C 246 10
C 247 23
C 248 2
C 249 18
C 250 15
C 251 4
C 252 26
C 253 4
C 254 17
C 255 1
C 256 18
C 257 14
C 258 10
C 259 11
C 260 9
C 261 18
C 262 19
C 263 12
C 264 12
C 265 0
C 266 17
C 267 11
C 268 10
C 269 12
C 270 8
C 271 10
C 272 1
C 273 23
C 274 16
C 275 9
C 276 0
C 277 15
C 278 5
C 279 23
C 280 24
C 281 5
C 282 12
C 283 8
C 284 15
C 285 19
C 286 20
C 287 25
C 288 25
C 289 2
C 290 2
C 291 9
C 292 0
C 293 11
C 294 19
C 295 3
C 296 8
C 297 12
C 298 20
C 299 11
C 300 21
C 301 14
C 302 10
C 303 2
C 304 22
C 305 24
C 306 11
C 307 7
C 308 8
C 309 14
C 310 6
C 311 10
C 312 7
C 313 6
C 314 7
C 315 11
C 316 1
C 317 0
C 318 26
C 319 26
C 320 17
C 321 2
C 322 1
C 323 16
C 324 24
C 325 19
C 326 10
C 327 19
C 328 18
C 329 1
C 330 7
C 331 15
C 332 12
C 333 4
C 334 25
C 335 25
C 336 25
C 337 16
C 338 11
C 339 21
C 340 12
C 341 25
C 342 7
C 343 1
C 344 22
C 345 22
C 346 23
C 347 19
C 348 12
C 349 19
C 350 16
I 1 1 6 (3,5,4) (1,1,1,0)|(1,-1,0,0)|(0,0,0,0)|(1,-1,-1,0)
I 0 2 14 (2,1,0) (0,0,1,0)
I 2 1 6 (1,4,0) (0,-1,1,0)|(-1,0,1,0)
