D (10,11,-1) (4,5,4)
D (8,9,-1) (2,2,2)
D (12,-1,-1) (2,0,0)
D (11,12,-1) (4,0,1)
D (11,-1,-1) (0,1,2)
D (10,-1,-1) (3,5,3)
D (11,12,-1) (4,2,0)
D (11,12,-1) (2,5,1)
D (8,-1,-1) (1,0,5)
D (12,-1,-1) (4,0,2)
D (10,11,-1) (3,1,5)
D (9,10,-1) (4,4,4)
D (11,12,-1) (2,0,2)
D (10,11,-1) (3,4,5)
D (8,9,-1) (2,3,1)
D (10,11,-1) (3,3,1)
D (11,12,-1) (0,1,3)
D (7,8,-1) (1,5,1)
D (12,-1,-1) (2,5,0)
D (12,-1,-1) (3,0,2)
D (9,10,11) (5,0,5)
D (10,11,12) (4,1,0)
D (8,-1,-1) (5,2,5)
D (8,9,10) (4,4,0)
D (9,-1,-1) (0,1,4)
D (11,12,-1) (4,3,1)
D (10,11,12) (1,4,3)
D (11,12,-1) (0,2,3)
D (10,11,12) (0,2,0)
D (7,8,9) (4,0,4)
D (9,10,-1) (3,1,1)
D (10,11,12) (1,5,4)
D (9,-1,-1) (4,3,3)
D (11,12,-1) (1,1,2)
D (10,11,12) (1,5,0)
D (11,12,-1) (5,4,2)
D (8,9,-1) (4,1,1)
D (8,9,10) (0,0,4)
D (7,8,-1) (1,1,5)
D (8,-1,-1) (4,5,0)
D (12,-1,-1) (3,4,4)
D (11,-1,-1) (1,2,1)
D (9,10,11) (2,0,5)
D (12,-1,-1) (5,5,3)
D (7,-1,-1) (5,3,5)
D (8,9,-1) (5,4,3)
D (11,-1,-1) (5,5,0)
D (8,9,10) (5,3,1)
D (11,-1,-1) (3,2,3)
D (12,-1,-1) (0,3,4)
D (9,10,-1) (2,1,0)
D (7,-1,-1) (2,1,3)
D (7,8,9) (1,5,3)
D (12,-1,-1) (2,1,4)
D (12,-1,-1) (5,1,5)
D (12,-1,-1) (0,5,0)
D (9,-1,-1) (0,4,5)
D (10,11,-1) (1,1,0)
D (7,-1,-1) (2,3,5)
D (7,8,-1) (2,2,4)
D (7,8,9) (0,4,3)
D (9,10,11) (3,0,5)
C 0 24
C 1 16
C 2 19
C 3 15
C 4 7
C 5 16
C 6 12
C 7 21
C 8 7
C 9 12
C 10 17
C 11 6
C 12 5
C 13 17
C 14 19
C 15 18
C 16 12
C 17 1
C 18 4
C 19 17
C 20 18
C 21 23
C 22 2
C 23 9
C 24 15
C 25 3
C 26 6
C 27 14
C 28 0
C 29 0
C 30 0
C 31 0
C 32 0
C 33 0
C 34 0
C 35 0
C 36 0
C 37 0
C 38 0
C 39 0
C 40 0
C 41 0
C 42 0
C 43 0
C 44 0
C 45 0
C 46 0
C 47 0
C 48 0
C 49 0
C 50 0
C 51 0
C 52 0
C 53 0
C 54 0
C 55 0
C 56 0
C 57 0
C 58 0
C 59 0
C 60 0
C 61 0
C 62 0
C 63 0
C 64 0
C 65 0
C 66 0
C 67 0
C 68 0
C 69 0
C 70 0
C 71 0
C 72 0
C 73 0
C 74 0
C 75 0
C 76 0
C 77 0
C 78 0
C 79 0
C 80 0
C 81 0
C 82 0
C 83 0
C 84 0
C 85 0
C 86 0
C 87 0
C 88 0
C 89 0
C 90 0
C 91 0
C 92 0
C 93 0
C 94 0
C 95 0
C 96 0
C 97 0
C 98 0
C 99 0
C 100 0
C 101 0
C 102 0
C 103 0
C 104 0
C 105 0
C 106 0
C 107 0
C 108 0
C 109 0
C 110 0
C 111 0
C 112 0
C 113 0
C 114 0
C 115 0
C 116 0
C 117 0
C 118 0
C 119 0
C 120 0
C 121 0
C 122 0
C 123 0
C 124 0
C 125 0
C 126 0
C 127 0
C 128 0
C 129 0
C 130 0
C 131 0
C 132 0
C 133 0
C 134 0
C 135 0
C 136 0
C 137 0
C 138 0
C 139 0
C 140 0
C 141 0
C 142 0
C 143 0
C 144 0
C 145 0
C 146 0
C 147 0
C 148 0
C 149 0
C 150 0
C 151 0
C 152 0
C 153 0
C 154 0
C 155 0
C 156 0
C 157 0
C 158 0
C 159 0
C 160 0
C 161 0
C 162 0
C 163 0
C 164 0
C 165 0
C 166 0
C 167 0
C 168 0
C 169 0
C 170 0
C 171 0
C 172 0
C 173 0
C 174 0
C 175 0
C 176 0
C 177 0
C 178 0
C 179 0
C 180 0
C 181 0
C 182 0
C 183 0
C 184 0
C 185 0
C 186 0
C 187 0
C 188 0
C 189 0
C 190 0
C 191 0
C 192 0
C 193 0
C 194 0
C 195 0
C 196 0
C 197 0
C 198 0
C 199 0
C 200 0
C 201 0
C 202 0
C 203 0
C 204 0
C 205 0
C 206 0
C 207 0
C 208 0
C 209 0
C 210 0
C 211 0
C 212 0
C 213 0
C 214 0
C 215 0
C 216 0
C 217 0
C 218 0
C 219 0
C 220 0
C 221 0
C 222 0
C 223 0
C 224 0
C 225 0
C 226 14
C 227 17
C 228 22
C 229 19
C 230 25
C 231 21
C 232 26
C 233 22
C 234 21
C 235 21
C 236 7
C 237 21
C 238 9
C 239 2
C 240 22
C 241 17
C 242 17
C 243 6
C 244 3
C 245 2
C 246 15
C 247 12
C 248 19
C 249 16
C 250 2
C 251 7
C 252 24
C 253 2
C 254 16
C 255 0
C 256 23
C 257 18
C 258 17
C 259 19
C 260 8
C 261 0
C 262 21
C 263 25
C 264 16
C 265 15
C 266 1
C 267 2
C 268 10
C 269 24
C 270 15
C 271 17
C 272 17
C 273 2
C 274 19
C 275 22
C 276 8
C 277 2
C 278 14
C 279 0
C 280 19
C 281 3
C 282 3
C 283 26
C 284 22
C 285 2
C 286 22
C 287 21
C 288 5
C 289 19
C 290 24
C 291 11
C 292 24
C 293 24
C 294 7
C 295 1
C 296 16
C 297 12
C 298 19
C 299 9
C 300 11
C 301 6
C 302 25
C 303 22
C 304 9
C 305 26
C 306 17
C 307 24
C 308 24
C 309 24
C 310 2
C 311 17
C 312 21
C 313 5
C 314 0
C 315 26
C 316 16
C 317 18
C 318 20
C 319 9
C 320 18
C 321 11
C 322 17
C 323 24
C 324 2
C 325 2
C 326 22
C 327 18
C 328 10
C 329 2
C 330 22
C 331 8
C 332 6
C 333 17
C 334 24
C 335 8
C 336 0
C 337 7
C 338 4
C 339 19
C 340 23
C 341 16
C 342 3
C 343 26
C 344 8
C 345 22
C 346 2
C 347 4
C 348 16
C 349 8
C 350 19
I 0 2 3 (2,4,5) (-1,0,-1,0)|(1,1,1,0)
I 5 1 1 (3,5,2) (-1,0,0,0)
I 4 3 20 (0,4,2) (0,1,-1,0)|(1,-1,-1,0)
