D (11,12,-1) (2,1,3)
D (8,9,10) (0,4,1)
D (9,-1,-1) (1,0,0)
D (12,-1,-1) (4,1,2)
D (10,-1,-1) (5,0,0)
D (12,-1,-1) (1,5,0)
D (9,10,11) (4,5,2)
D (9,10,11) (4,0,0)
D (9,10,11) (1,3,3)
D (10,-1,-1) (5,4,4)
D (9,10,-1) (4,0,2)
D (9,10,-1) (0,0,3)
D (10,-1,-1) (2,3,0)
D (8,-1,-1) (3,1,1)
D (12,-1,-1) (4,4,0)
D (9,10,11) (2,1,4)
D (8,9,-1) (1,0,3)
D (7,8,9) (5,5,4)
D (10,11,-1) (2,4,0)
D (7,-1,-1) (2,2,5)
D (8,-1,-1) (3,0,5)
D (10,11,-1) (1,1,5)
D (11,12,-1) (1,0,2)
D (8,9,-1) (1,4,1)
D (11,-1,-1) (0,4,2)
D (9,10,11) (0,2,1)
D (7,8,-1) (5,0,1)
D (11,12,-1) (5,4,5)
D (7,-1,-1) (3,1,2)
D (7,-1,-1) (5,1,5)
D (9,-1,-1) (1,1,1)
D (10,11,-1) (3,0,2)
D (8,9,10) (0,0,0)
D (9,10,11) (3,4,4)
D (11,12,-1) (5,3,3)
D (12,-1,-1) (3,2,2)
D (9,-1,-1) (4,0,3)
D (10,11,-1) (5,3,2)
D (8,9,-1) (1,2,5)
D (8,9,10) (4,2,0)
D (8,9,10) (4,3,2)
D (11,12,-1) (4,2,5)
D (10,-1,-1) (5,2,5)
D (10,11,-1) (5,1,3)
D (12,-1,-1) (4,2,1)
D (7,-1,-1) (2,1,1)
D (9,-1,-1) (4,4,3)
D (10,11,-1) (3,4,2)
D (8,9,-1) (1,5,1)
D (8,9,-1) (5,2,3)
D (7,8,9) (3,3,3)
D (9,-1,-1) (2,1,5)
D (12,-1,-1) (5,2,1)
D (8,9,10) (1,4,3)
D (11,12,-1) (4,1,4)
D (7,8,9) (4,0,4)
D (9,10,-1) (5,4,2)
D (11,12,-1) (3,3,2)
D (8,9,-1) (4,0,1)
D (11,12,-1) (5,3,5)
D (12,-1,-1) (2,4,4)
D (7,8,-1) (1,3,4)
D (11,12,-1) (5,1,4)
D (10,-1,-1) (1,4,4)
D (7,8,-1) (0,0,2)
D (10,-1,-1) (1,4,5)
D (7,-1,-1) (3,4,1)
D (10,11,12) (5,4,0)
D (7,-1,-1) (1,3,2)
C 0 2
C 1 19
C 2 3
C 3 11
C 4 19
C 5 15
C 6 10
C 7 10
C 8 21
C 9 2
C 10 23
C 11 12
C 12 22
C 13 2
C 14 4
C 15 25
C 16 21
C 17 1
C 18 21
C 19 16
C 20 9
C 21 7
C 22 15
C 23 16
C 24 8
C 25 7
C 26 11
C 27 7
C 28 4
C 29 19
C 30 2
C 31 24
C 32 9
C 33 25
C 34 6
C 35 18
C 36 1
C 37 8
C 38 14
C 39 10
C 40 11
C 41 16
C 42 7
C 43 19
C 44 22
C 45 20
C 46 7
C 47 3
C 48 5
C 49 5
C 50 18
C 51 22
C 52 2
C 53 17
C 54 15
C 55 23
C 56 12
C 57 2
C 58 23
C 59 0
C 60 19
C 61 21
C 62 7
C 63 6
C 64 21
C 65 4
C 66 2
C 67 2
C 68 9
C 69 22
C 70 23
C 71 21
C 72 22
C 73 4
C 74 15
C 75 2
C 76 17
C 77 15
C 78 6
C 79 25
C 80 17
C 81 11
C 82 8
C 83 25
C 84 25
C 85 16
C 86 17
C 87 24
C 88 2
C 89 21
C 90 5
C 91 3
C 92 25
C 93 4
C 94 25
C 95 1
C 96 2
C 97 12
C 98 25
C 99 4
C 100 11
C 101 8
C 102 10
C 103 16
C 104 22
C 105 15
C 106 9
C 107 11
C 108 15
C 109 17
C 110 12
C 111 14
C 112 10
C 113 0
C 114 14
C 115 19
C 116 11
C 117 10
C 118 26
C 119 24
C 120 5
C 121 24
C 122 8
C 123 10
C 124 15
C 125 2
C 126 14
C 127 20
C 128 3
C 129 4
C 130 24
C 131 12
C 132 15
C 133 10
C 134 20
C 135 19
C 136 25
C 137 10
C 138 11
C 139 21
C 140 23
C 141 6
C 142 3
C 143 21
C 144 21
C 145 18
C 146 0
C 147 19
C 148 15
C 149 25
C 150 23
C 151 11
C 152 17
C 153 12
C 154 11
C 155 8
C 156 14
C 157 4
C 158 6
C 159 17
C 160 9
C 161 6
C 162 23
C 163 25
C 164 9
C 165 8
C 166 14
C 167 14
C 168 9
C 169 3
C 170 24
C 171 1
C 172 25
C 173 9
C 174 11
C 175 9
C 176 2
C 177 18
C 178 4
C 179 17
C 180 6
C 181 6
C 182 9
C 183 3
C 184 8
C 185 18
C 186 7
C 187 9
C 188 25
C 189 17
C 190 7
C 191 15
C 192 18
C 193 1
C 194 15
C 195 1
C 196 12
C 197 0
C 198 0
C 199 26
C 200 3
C 201 9
C 202 19
C 203 6
C 204 5
C 205 15
C 206 22
C 207 18
C 208 8
C 209 11
C 210 20
C 211 22
C 212 7
C 213 10
C 214 25
C 215 4
C 216 18
C 217 17
C 218 14
C 219 19
C 220 5
C 221 25
C 222 16
C 223 16
C 224 14
C 225 14
C 226 14
C 227 7
C 228 4
C 229 26
C 230 20
C 231 26
C 232 4
C 233 18
C 234 19
C 235 23
C 236 14
C 237 22
C 238 10
C 239 25
C 240 19
C 241 9
C 242 11
C 243 14
C 244 23
C 245 26
C 246 17
C 247 20
C 248 22
C 249 0
C 250 2
C 251 19
C 252 15
C 253 6
C 254 17
C 255 5
C 256 3
C 257 18
C 258 0
C 259 10
C 260 1
C 261 7
C 262 3
C 263 18
C 264 0
C 265 21
C 266 26
C 267 20
C 268 16
C 269 0
C 270 19
C 271 25
C 272 5
C 273 0
C 274 1
C 275 14
C 276 8
C 277 8
C 278 1
C 279 4
C 280 16
C 281 24
C 282 8
C 283 20
C 284 11
C 285 18
C 286 24
C 287 26
C 288 15
C 289 14
C 290 12
C 291 6
C 292 4
C 293 24
C 294 0
C 295 24
C 296 21
C 297 10
C 298 4
C 299 23
C 300 7
C 301 6
C 302 18
C 303 24
C 304 10
C 305 8
C 306 5
C 307 24
C 308 2
C 309 19
C 310 0
C 311 9
C 312 24
C 313 4
C 314 15
C 315 11
C 316 0
C 317 20
C 318 7
C 319 26
C 320 7
C 321 0
C 322 7
C 323 25
C 324 18
C 325 8
C 326 10
C 327 19
C 328 23
C 329 20
C 330 16
C 331 1
C 332 24
C 333 9
C 334 18
C 335 22
C 336 7
C 337 22
C 338 14
C 339 23
C 340 15
C 341 22
C 342 1
C 343 24
C 344 16
C 345 3
C 346 3
C 347 12
C 348 12
C 349 6
C 350 3
I 1 1 17 (1,0,1) (0,1,1,0)
I 1 1 18 (2,4,3) (0,1,-1,0)
I 0 1 2 (4,5,5) (-1,1,1,0)|(1,1,0,0)|(0,-1,1,0)
