D (8,9,10) (5,4,4)
D (11,-1,-1) (5,2,2)
D (11,12,-1) (2,5,0)
D (10,11,12) (2,2,1)
D (12,-1,-1) (0,0,1)
D (7,8,9) (1,4,5)
D (7,8,9) (2,1,2)
D (12,-1,-1) (4,0,2)
D (11,12,-1) (0,0,3)
D (7,8,-1) (3,5,3)
D (10,11,12) (2,5,2)
D (11,-1,-1) (5,5,5)
D (10,-1,-1) (4,5,5)
D (11,12,-1) (0,2,4)
D (7,8,9) (1,5,0)
D (8,9,10) (2,5,3)
D (7,8,-1) (1,5,5)
D (12,-1,-1) (5,3,4)
D (10,11,12) (0,5,1)
D (10,11,-1) (3,2,5)
D (11,12,-1) (3,3,3)
D (10,11,12) (5,4,5)
D (8,9,10) (4,5,1)
D (9,10,11) (1,3,4)
D (10,-1,-1) (5,0,1)
D (8,9,-1) (4,0,4)
D (11,-1,-1) (4,4,1)
D (11,12,-1) (0,1,5)
D (8,9,10) (3,1,0)
D (10,11,12) (3,3,2)
D (8,9,-1) (0,2,1)
D (11,-1,-1) (4,1,3)
D (8,-1,-1) (5,1,1)
D (8,-1,-1) (1,2,3)
D (11,12,-1) (3,5,0)
D (11,12,-1) (2,1,0)
D (8,-1,-1) (3,1,3)
D (11,12,-1) (2,3,1)
D (12,-1,-1) (0,5,0)
D (9,10,-1) (4,4,0)
D (12,-1,-1) (0,0,4)
D (11,12,-1) (3,4,3)
D (10,11,12) (5,3,2)
D (7,8,-1) (1,0,4)
D (10,11,-1) (4,0,1)
D (9,-1,-1) (1,1,2)
D (12,-1,-1) (3,4,2)
D (8,9,-1) (4,4,5)
D (10,11,-1) (3,4,5)
D (10,11,12) (4,1,0)
D (12,-1,-1) (2,3,0)
D (8,9,10) (1,3,3)
D (11,-1,-1) (4,1,1)
C 0 25
C 1 15
C 2 17
C 3 0
C 4 6
C 5 23
C 6 1
C 7 19
C 8 23
C 9 20
C 10 16
C 11 24
C 12 14
C 13 10
C 14 12
C 15 3
C 16 2
C 17 26
C 18 5
C 19 1
C 20 14
C 21 16
C 22 2
C 23 11
C 24 16
C 25 14
C 26 18
C 27 18
C 28 22
C 29 24
C 30 10
C 31 4
C 32 18
C 33 10
C 34 15
C 35 5
C 36 0
C 37 19
C 38 6
C 39 9
C 40 1
C 41 1
C 42 15
C 43 9
C 44 10
C 45 6
C 46 2
C 47 19
C 48 7
C 49 21
C 50 18
C 51 11
C 52 16
C 53 24
C 54 8
C 55 10
C 56 20
C 57 18
C 58 1
C 59 0
C 60 22
C 61 26
C 62 9
C 63 5
C 64 8
C 65 0
C 66 10
C 67 21
C 68 15
C 69 23
C 70 17
C 71 9
C 72 22
C 73 16
C 74 1
C 75 26
C 76 8
C 77 10
C 78 12
C 79 5
C 80 5
C 81 25
C 82 20
C 83 24
C 84 4
C 85 11
C 86 10
C 87 5
C 88 9
C 89 12
C 90 8
C 91 2
C 92 6
C 93 5
C 94 5
C 95 0
C 96 0
C 97 0
C 98 0
C 99 0
C 100 0
C 101 0
C 102 0
C 103 0
C 104 0
C 105 0
C 106 0
C 107 0
C 108 0
C 109 0
C 110 0
C 111 0
C 112 0
C 113 0
C 114 0
C 115 0
C 116 0
C 117 0
C 118 0
C 119 0
C 120 0
C 121 0
C 122 0
C 123 0
C 124 0
C 125 0
C 126 0
C 127 0
C 128 0
C 129 0
C 130 0
C 131 0
C 132 0
C 133 0
C 134 0
C 135 0
C 136 0
C 137 0
C 138 0
C 139 0
C 140 0
C 141 0
C 142 0
C 143 0
C 144 0
C 145 0
C 146 0
C 147 0
C 148 0
C 149 0
C 150 0
C 151 0
C 152 0
C 153 0
C 154 0
C 155 0
C 156 0
C 157 0
C 158 0
C 159 0
C 160 0
C 161 0
C 162 0
C 163 0
C 164 0
C 165 0
C 166 0
C 167 0
C 168 0
C 169 0
C 170 0
C 171 0
C 172 0
C 173 0
C 174 0
C 175 0
C 176 0
C 177 0
C 178 0
C 179 0
C 180 0
C 181 0
C 182 0
C 183 0
C 184 0
C 185 0
C 186 0
C 187 0
C 188 0
C 189 0
C 190 0
C 191 0
C 192 0
C 193 0
C 194 0
C 195 0
C 196 0
C 197 0
C 198 1
C 199 0
C 200 0
C 201 0
C 202 0
C 203 0
C 204 0
C 205 0
C 206 0
C 207 0
C 208 0
C 209 0
C 210 0
C 211 0
C 212 0
C 213 0
C 214 0
C 215 0
C 216 0
C 217 0
C 218 0
C 219 0
C 220 0
C 221 0
C 222 0
C 223 0
C 224 22
C 225 25
C 226 25
C 227 16
C 228 17
C 229 8
C 230 4
C 231 18
C 232 12
C 233 1
C 234 22
C 235 4
C 236 1
C 237 5
C 238 14
C 239 18
C 240 24
C 241 1
C 242 22
C 243 6
C 244 18
C 245 24
C 246 20
C 247 26
C 248 0
C 249 0
C 250 8
C 251 7
C 252 4
C 253 14
C 254 22
C 255 8
C 256 0
C 257 21
C 258 7
C 259 19
C 260 14
C 261 0
C 262 22
C 263 9
C 264 19
C 265 0
C 266 0
C 267 0
C 268 0
C 269 0
C 270 0
C 271 0
C 272 0
C 273 0
C 274 0
C 275 0
C 276 0
C 277 0
C 278 0
C 279 0
C 280 0
C 281 0
C 282 0
C 283 0
C 284 0
C 285 0
C 286 0
C 287 0
C 288 0
C 289 0
C 290 0
C 291 0
C 292 0
C 293 0
C 294 0
C 295 0
C 296 0
C 297 0
C 298 0
C 299 0
C 300 0
C 301 0
C 302 0
C 303 0
C 304 0
C 305 0
C 306 0
C 307 0
C 308 0
C 309 8
C 310 25
C 311 18
C 312 4
C 313 12
C 314 5
C 315 9
C 316 10
C 317 8
C 318 14
C 319 12
C 320 15
C 321 1
C 322 19
C 323 16
C 324 0
C 325 5
C 326 11
C 327 1
C 328 25
C 329 8
C 330 16
C 331 2
C 332 19
C 333 16
C 334 11
C 335 20
C 336 5
C 337 19
C 338 4
C 339 24
C 340 17
C 341 7
C 342 1
C 343 3
C 344 20
C 345 26
C 346 26
C 347 2
C 348 14
C 349 10
C 350 0
I 4 3 10 (2,1,1) (-1,1,1,0)
I 4 3 8 (2,1,1) (-1,1,1,0)
I 0 3 11 (4,2,1) (-1,-1,0,0)|(-1,1,1,0)|(1,1,-1,0)|(-1,1,-1,0)
