D (9,-1,-1) (4,1,2)
D (11,12,-1) (4,5,5)
D (11,12,-1) (0,3,5)
D (10,-1,-1) (4,4,3)
D (9,-1,-1) (0,0,2)
D (12,-1,-1) (0,4,1)
D (9,10,11) (3,0,4)
D (12,-1,-1) (4,0,1)
D (12,-1,-1) (3,2,0)
D (7,-1,-1) (1,0,0)
D (10,11,12) (4,1,1)
D (7,8,9) (2,5,1)
D (12,-1,-1) (4,3,1)
D (9,10,-1) (3,0,2)
D (7,8,9) (2,3,3)
D (8,9,-1) (1,3,4)
D (8,-1,-1) (1,2,1)
D (11,-1,-1) (0,3,1)
D (8,-1,-1) (5,1,1)
D (10,11,12) (1,2,5)
D (11,12,-1) (0,1,0)
D (8,9,-1) (2,4,1)
D (11,12,-1) (5,5,1)
D (11,12,-1) (4,1,5)
D (10,-1,-1) (2,4,4)
D (12,-1,-1) (2,3,0)
D (11,-1,-1) (5,2,5)
D (9,10,11) (2,1,5)
D (12,-1,-1) (2,1,3)
D (8,9,10) (0,2,1)
D (10,-1,-1) (1,3,2)
D (7,8,-1) (2,5,4)
D (8,9,10) (2,4,5)
D (9,10,11) (5,0,4)
D (9,10,11) (3,0,3)
D (12,-1,-1) (2,2,0)
D (12,-1,-1) (0,2,5)
D (8,-1,-1) (0,3,3)
D (10,11,-1) (5,0,0)
D (7,-1,-1) (2,5,3)
D (8,9,-1) (3,4,3)
D (8,9,10) (5,4,0)
D (11,12,-1) (4,2,5)
D (11,12,-1) (4,5,2)
D (10,11,12) (4,3,4)
D (9,-1,-1) (4,2,4)
D (8,-1,-1) (2,4,2)
D (7,-1,-1) (3,2,3)
D (7,8,-1) (0,0,5)
D (12,-1,-1) (1,3,0)
D (10,11,12) (4,5,1)
D (9,10,-1) (5,3,5)
D (8,9,-1) (4,4,2)
D (12,-1,-1) (3,5,0)
D (11,12,-1) (5,3,0)
C 0 11
C 1 16
C 2 10
C 3 12
C 4 0
C 5 0
C 6 0
C 7 0
C 8 0
C 9 0
C 10 0
C 11 0
C 12 0
C 13 0
C 14 0
C 15 0
C 16 0
C 17 0
C 18 0
C 19 0
C 20 0
C 21 0
C 22 0
C 23 0
C 24 0
C 25 0
C 26 0
C 27 0
C 28 0
C 29 0
C 30 0
C 31 0
C 32 0
C 33 0
C 34 0
C 35 0
C 36 0
C 37 0
C 38 0
C 39 0
C 40 0
C 41 0
C 42 0
C 43 0
C 44 0
C 45 0
C 46 0
C 47 0
C 48 0
C 49 0
C 50 0
C 51 0
C 52 0
C 53 0
C 54 0
C 55 0
C 56 0
C 57 0
C 58 0
C 59 0
C 60 0
C 61 0
C 62 0
C 63 0
C 64 0
C 65 0
C 66 0
C 67 0
C 68 0
C 69 0
C 70 0
C 71 0
C 72 0
C 73 0
C 74 0
C 75 0
C 76 0
C 77 0
C 78 0
C 79 0
C 80 0
C 81 0
C 82 0
C 83 0
C 84 0
C 85 0
C 86 0
C 87 0
C 88 0
C 89 0
C 90 0
C 91 0
C 92 0
C 93 0
C 94 0
C 95 0
C 96 0
C 97 0
C 98 0
C 99 0
C 100 0
C 101 0
C 102 0
C 103 0
C 104 0
C 105 0
C 106 0
C 107 0
C 108 0
C 109 0
C 110 0
C 111 0
C 112 0
C 113 0
C 114 0
C 115 0
C 116 0
C 117 0
C 118 0
C 119 0
C 120 0
C 121 0
C 122 0
C 123 0
C 124 0
C 125 0
C 126 0
C 127 0
C 128 0
C 129 0
C 130 0
C 131 0
C 132 0
C 133 0
C 134 0
C 135 0
C 136 0
C 137 0
C 138 0
C 139 0
C 140 0
C 141 0
C 142 0
C 143 0
C 144 0
C 145 0
C 146 0
C 147 0
C 148 0
C 149 0
C 150 0
C 151 0
C 152 0
C 153 0
C 154 0
C 155 0
C 156 0
C 157 0
C 158 0
C 159 0
C 160 0
C 161 0
C 162 0
C 163 0
C 164 0
C 165 0
C 166 0
C 167 0
C 168 0
C 169 0
C 170 0
C 171 10
C 172 9
C 173 8
C 174 5
C 175 10
C 176 16
C 177 0
C 178 10
C 179 26
C 180 19
C 181 11
C 182 2
C 183 26
C 184 1
C 185 17
C 186 6
C 187 11
C 188 24
C 189 8
C 190 15
C 191 2
C 192 1
C 193 18
C 194 10
C 195 24
C 196 7
C 197 18
C 198 22
C 199 16
C 200 16
C 201 24
C 202 7
C 203 15
C 204 8
C 205 17
C 206 14
C 207 6
C 208 9
C 209 10
C 210 1
C 211 20
C 212 19
C 213 7
C 214 9
C 215 1
C 216 22
C 217 8
C 218 23
C 219 1
C 220 10
C 221 20
C 222 16
C 223 1
C 224 1
C 225 25
C 226 25
C 227 22
C 228 8
C 229 4
C 230 23
C 231 4
C 232 14
C 233 1
C 234 10
C 235 6
C 236 8
C 237 4
C 238 16
C 239 2
C 240 5
C 241 5
C 242 23
C 243 6
C 244 1
C 245 7
C 246 26
C 247 25
C 248 5
C 249 1
C 250 19
C 251 1
C 252 1
C 253 23
C 254 14
C 255 3
C 256 1
C 257 12
C 258 7
C 259 4
C 260 6
C 261 7
C 262 9
C 263 10
C 264 3
C 265 18
C 266 24
C 267 4
C 268 0
C 269 4
C 270 19
C 271 10
C 272 14
C 273 24
C 274 7
C 275 19
C 276 18
C 277 22
C 278 24
C 279 18
C 280 23
C 281 18
C 282 10
C 283 10
C 284 4
C 285 20
C 286 5
C 287 10
C 288 26
C 289 5
C 290 18
C 291 25
C 292 22
C 293 15
C 294 19
C 295 10
C 296 12
C 297 1
C 298 7
C 299 12
C 300 11
C 301 25
C 302 2
C 303 20
C 304 6
C 305 24
C 306 26
C 307 14
C 308 3
C 309 2
C 310 0
C 311 10
C 312 5
C 313 9
C 314 18
C 315 0
C 316 22
C 317 10
C 318 10
C 319 1
C 320 19
C 321 12
C 322 15
C 323 16
C 324 0
C 325 16
C 326 5
C 327 6
C 328 18
C 329 25
C 330 9
C 331 10
C 332 15
C 333 4
C 334 5
C 335 2
C 336 7
C 337 22
C 338 20
C 339 23
C 340 14
C 341 0
C 342 15
C 343 3
C 344 18
C 345 10
C 346 25
C 347 6
C 348 12
C 349 18
C 350 10
I 0 2 17 (3,3,3) (-1,0,1,0)|(1,-1,-1,0)|(-1,0,-1,0)|(1,-1,0,0)
I 4 3 7 (5,3,1) (-1,1,0,0)|(0,1,0,0)|(-1,0,1,0)
