D (7,-1,-1) (1,5,3)
D (11,12,-1) (5,2,0)
D (8,9,-1) (3,4,1)
D (7,-1,-1) (3,1,3)
D (8,9,-1) (1,5,5)
D (8,9,-1) (1,2,3)
D (11,12,-1) (4,1,2)
D (12,-1,-1) (3,5,0)
D (12,-1,-1) (2,1,0)
D (10,-1,-1) (0,5,2)
D (8,9,-1) (3,5,5)
D (11,12,-1) (2,2,5)
D (11,-1,-1) (3,0,1)
D (10,11,12) (5,2,4)
D (10,11,12) (1,4,2)
D (9,10,-1) (1,2,5)
D (11,12,-1) (3,0,5)
D (12,-1,-1) (4,0,2)
D (10,11,-1) (5,2,1)
D (10,11,12) (4,2,3)
D (12,-1,-1) (2,3,3)
D (8,9,10) (2,2,0)
D (8,-1,-1) (4,3,5)
D (7,8,-1) (4,4,3)
D (9,-1,-1) (4,4,5)
D (10,11,12) (4,5,1)
D (9,-1,-1) (1,5,0)
D (11,-1,-1) (0,3,4)
D (7,8,-1) (4,2,2)
D (8,9,10) (5,4,3)
D (8,-1,-1) (4,1,0)
D (11,12,-1) (0,3,0)
D (7,-1,-1) (1,1,1)
D (8,9,10) (0,3,1)
D (7,-1,-1) (4,5,5)
D (12,-1,-1) (3,2,4)
D (7,8,9) (4,3,0)
D (7,-1,-1) (0,1,2)
D (8,9,10) (1,3,3)
D (7,8,-1) (3,1,2)
D (10,11,12) (3,3,4)
D (10,11,-1) (1,2,4)
D (8,-1,-1) (4,4,2)
D (7,-1,-1) (5,0,0)
D (12,-1,-1) (5,1,5)
D (8,-1,-1) (2,4,2)
D (7,8,-1) (4,3,3)
D (8,9,-1) (0,1,5)
D (8,-1,-1) (0,5,1)
D (9,10,-1) (0,5,0)
D (9,10,-1) (4,2,4)
D (7,8,9) (2,4,5)
D (10,-1,-1) (5,1,2)
D (8,9,-1) (2,5,2)
D (7,-1,-1) (5,5,1)
C 0 22
C 1 2
C 2 24
C 3 7
C 4 5
C 5 9
C 6 20
C 7 19
C 8 9
C 9 6
C 10 22
C 11 4
C 12 21
C 13 22
C 14 23
C 15 17
C 16 0
C 17 24
C 18 19
C 19 9
C 20 2
C 21 4
C 22 4
C 23 24
C 24 5
C 25 10
C 26 17
C 27 15
C 28 11
C 29 18
C 30 6
C 31 18
C 32 9
C 33 5
C 34 22
C 35 26
C 36 7
C 37 6
C 38 5
C 39 16
C 40 25
C 41 19
C 42 22
C 43 4
C 44 19
C 45 10
C 46 11
C 47 2
C 48 25
C 49 1
C 50 9
C 51 8
C 52 4
C 53 5
C 54 18
C 55 26
C 56 12
C 57 26
C 58 26
C 59 17
C 60 2
C 61 19
C 62 0
C 63 7
C 64 4
C 65 12
C 66 25
C 67 3
C 68 14
C 69 0
C 70 26
C 71 23
C 72 25
C 73 18
C 74 12
C 75 22
C 76 19
C 77 1
C 78 7
C 79 12
C 80 24
C 81 18
C 82 22
C 83 23
C 84 22
C 85 8
C 86 17
C 87 7
C 88 24
C 89 24
C 90 14
C 91 5
C 92 22
C 93 19
C 94 2
C 95 6
C 96 0
C 97 21
C 98 2
C 99 11
C 100 2
C 101 21
C 102 6
C 103 1
C 104 1
C 105 14
C 106 12
C 107 22
C 108 20
C 109 24
C 110 25
C 111 6
C 112 5
C 113 10
C 114 24
C 115 26
C 116 26
C 117 2
C 118 1
C 119 17
C 120 25
C 121 16
C 122 22
C 123 23
C 124 6
C 125 6
C 126 17
C 127 26
C 128 12
C 129 17
C 130 11
C 131 11
C 132 25
C 133 19
C 134 15
C 135 17
C 136 5
C 137 9
C 138 18
C 139 18
C 140 0
C 141 15
C 142 7
C 143 16
C 144 0
C 145 9
C 146 7
C 147 14
C 148 7
C 149 8
C 150 26
C 151 19
C 152 19
C 153 0
C 154 1
C 155 5
C 156 5
C 157 14
C 158 21
C 159 1
C 160 10
C 161 18
C 162 21
C 163 10
C 164 6
C 165 22
C 166 11
C 167 18
C 168 4
C 169 6
C 170 23
C 171 10
C 172 2
C 173 20
C 174 22
C 175 15
C 176 7
C 177 19
C 178 15
C 179 5
C 180 20
C 181 11
C 182 7
C 183 21
C 184 21
C 185 15
C 186 7
C 187 16
C 188 17
C 189 25
C 190 16
C 191 6
C 192 4
C 193 8
C 194 1
C 195 7
C 196 1
C 197 0
C 198 7
C 199 26
C 200 2
C 201 18
C 202 14
C 203 23
C 204 0
C 205 15
C 206 6
C 207 18
C 208 21
C 209 0
C 210 4
C 211 25
C 212 8
C 213 14
C 214 1
C 215 4
C 216 18
C 217 2
C 218 24
C 219 17
C 220 19
C 221 9
C 222 16
C 223 21
C 224 15
C 225 7
C 226 9
C 227 9
C 228 16
C 229 23
C 230 9
C 231 17
C 232 20
C 233 18
C 234 6
C 235 5
C 236 7
C 237 10
C 238 18
C 239 2
C 240 20
C 241 23
C 242 21
C 243 16
C 244 7
C 245 4
C 246 5
C 247 0
C 248 4
C 249 8
C 250 10
C 251 1
C 252 23
C 253 20
C 254 3
C 255 8
C 256 7
C 257 25
C 258 6
C 259 17
C 260 7
C 261 14
C 262 5
C 263 6
C 264 12
C 265 9
C 266 19
C 267 0
C 268 0
C 269 0
C 270 0
C 271 0
C 272 0
C 273 0
C 274 0
C 275 0
C 276 0
C 277 0
C 278 0
C 279 0
C 280 0
C 281 0
C 282 0
C 283 0
C 284 0
C 285 0
C 286 0
C 287 0
C 288 0
C 289 0
C 290 0
C 291 0
C 292 0
C 293 0
C 294 0
C 295 0
C 296 0
C 297 0
C 298 0
C 299 0
C 300 0
C 301 0
C 302 0
C 303 0
C 304 0
C 305 0
C 306 0
C 307 0
C 308 0
C 309 0
C 310 0
C 311 0
C 312 0
C 313 0
C 314 0
C 315 0
C 316 0
C 317 0
C 318 0
C 319 0
C 320 0
C 321 0
C 322 0
C 323 0
C 324 0
C 325 0
C 326 0
C 327 0
C 328 0
C 329 0
C 330 0
C 331 0
C 332 2
C 333 6
C 334 6
C 335 10
C 336 19
C 337 19
C 338 26
C 339 12
C 340 21
C 341 20
C 342 12
C 343 20
C 344 20
C 345 3
C 346 7
C 347 18
C 348 26
C 349 18
C 350 8
I 5 2 12 (3,5,4) (-1,-1,0,0)
I 0 3 3 (2,3,2) (-1,1,1,0)|(1,0,0,0)
