D (12,-1,-1) (1,1,2)
D (12,-1,-1) (3,2,4)
D (9,10,-1) (2,1,0)
D (7,8,-1) (4,4,3)
D (10,11,-1) (2,5,5)
D (7,8,-1) (2,5,1)
D (11,-1,-1) (4,3,5)
D (8,-1,-1) (5,1,4)
D (7,-1,-1) (2,4,2)
D (8,-1,-1) (1,4,5)
D (11,-1,-1) (0,1,0)
D (9,10,11) (0,3,1)
D (10,11,12) (4,0,0)
D (7,8,-1) (4,0,3)
D (8,-1,-1) (0,3,5)
D (10,11,-1) (4,2,0)
D (10,11,12) (2,2,2)
D (10,11,-1) (2,1,1)
D (7,-1,-1) (0,3,3)
D (9,-1,-1) (0,5,5)
D (7,8,-1) (5,0,3)
D (9,-1,-1) (1,2,2)
D (12,-1,-1) (0,0,2)
D (8,9,10) (5,2,0)
D (12,-1,-1) (4,5,3)
D (9,-1,-1) (1,2,1)
D (10,11,-1) (0,3,2)
D (10,-1,-1) (3,1,3)
D (8,9,10) (4,2,5)
D (11,-1,-1) (3,0,3)
D (12,-1,-1) (1,5,2)
D (12,-1,-1) (1,3,5)
D (11,-1,-1) (4,4,0)
D (7,-1,-1) (3,5,2)
D (12,-1,-1) (2,3,0)
D (10,11,12) (1,4,2)
D (7,8,9) (4,3,0)
D (9,-1,-1) (4,5,1)
D (12,-1,-1) (3,3,2)
D (10,11,-1) (0,5,4)
D (9,10,11) (4,1,0)
D (10,11,12) (2,1,3)
D (10,11,-1) (2,4,0)
D (11,-1,-1) (2,0,0)
D (9,-1,-1) (0,5,3)
D (7,8,-1) (0,2,0)
D (9,10,11) (0,1,2)
D (12,-1,-1) (2,2,4)
D (9,10,11) (5,0,5)
D (7,8,9) (4,1,2)
D (12,-1,-1) (3,5,5)
D (11,12,-1) (5,3,3)
D (11,12,-1) (5,4,1)
D (10,11,12) (0,4,3)
D (10,11,12) (0,1,5)
D (11,12,-1) (3,3,3)
D (11,12,-1) (2,3,5)
D (11,-1,-1) (0,0,3)
D (12,-1,-1) (2,3,4)
D (11,12,-1) (5,4,4)
D (10,-1,-1) (1,2,4)
D (12,-1,-1) (2,1,5)
C 0 3
C 1 9
C 2 17
C 3 18
C 4 22
C 5 22
C 6 21
C 7 23
C 8 20
C 9 5
C 10 6
C 11 19
C 12 15
C 13 21
C 14 17
C 15 24
C 16 17
C 17 9
C 18 9
C 19 7
C 20 24
C 21 16
C 22 2
C 23 4
C 24 25
C 25 21
C 26 16
C 27 12
C 28 15
C 29 5
C 30 9
C 31 6
C 32 20
C 33 20
C 34 0
C 35 0
C 36 0
C 37 0
C 38 0
C 39 0
C 40 0
C 41 0
C 42 0
C 43 0
C 44 0
C 45 0
C 46 0
C 47 0
C 48 0
C 49 0
C 50 0
C 51 0
C 52 0
C 53 0
C 54 0
C 55 0
C 56 0
C 57 0
C 58 0
C 59 0
C 60 0
C 61 0
C 62 0
C 63 0
C 64 0
C 65 0
C 66 0
C 67 0
C 68 0
C 69 0
C 70 0
C 71 0
C 72 0
C 73 0
C 74 0
C 75 0
C 76 0
C 77 0
C 78 0
C 79 0
C 80 0
C 81 0
C 82 0
C 83 0
C 84 0
C 85 0
C 86 0
C 87 0
C 88 0
C 89 5
C 90 22
C 91 4
C 92 11
C 93 11
C 94 26
C 95 15
C 96 22
C 97 3
C 98 0
C 99 2
C 100 9
C 101 22
C 102 8
C 103 19
C 104 20
C 105 5
C 106 8
C 107 8
C 108 5
C 109 15
C 110 25
C 111 20
C 112 18
C 113 26
C 114 17
C 115 21
C 116 22
C 117 0
C 118 21
C 119 19
C 120 23
C 121 16
C 122 10
C 123 16
C 124 5
C 125 3
C 126 20
C 127 25
C 128 8
C 129 2
C 130 10
C 131 19
C 132 25
C 133 10
C 134 14
C 135 21
C 136 9
C 137 16
C 138 1
C 139 5
C 140 6
C 141 2
C 142 24
C 143 21
C 144 7
C 145 24
C 146 12
C 147 26
C 148 21
C 149 8
C 150 19
C 151 20
C 152 6
C 153 19
C 154 20
C 155 24
C 156 8
C 157 3
C 158 6
C 159 23
C 160 26
C 161 17
C 162 11
C 163 9
C 164 20
C 165 15
C 166 1
C 167 3
C 168 24
C 169 2
C 170 4
C 171 11
C 172 18
C 173 12
C 174 26
C 175 5
C 176 7
C 177 4
C 178 12
C 179 9
C 180 14
C 181 9
C 182 19
C 183 11
C 184 5
C 185 12
C 186 16
C 187 2
C 188 7
C 189 26
C 190 7
C 191 16
C 192 18
C 193 3
C 194 17
C 195 10
C 196 26
C 197 18
C 198 19
C 199 9
C 200 6
C 201 26
C 202 17
C 203 19
C 204 15
C 205 9
C 206 19
C 207 26
C 208 14
C 209 21
C 210 22
C 211 14
C 212 7
C 213 10
C 214 24
C 215 2
C 216 10
C 217 2
C 218 2
C 219 9
C 220 26
C 221 10
C 222 18
C 223 1
C 224 2
C 225 21
C 226 10
C 227 25
C 228 14
C 229 14
C 230 10
C 231 5
C 232 17
C 233 4
C 234 24
C 235 17
C 236 7
C 237 9
C 238 16
C 239 10
C 240 14
C 241 24
C 242 22
C 243 8
C 244 14
C 245 8
C 246 10
C 247 17
C 248 10
C 249 12
C 250 6
C 251 4
C 252 15
C 253 21
C 254 2
C 255 15
C 256 9
C 257 19
C 258 19
C 259 23
C 260 24
C 261 15
C 262 6
C 263 6
C 264 2
C 265 1
C 266 18
C 267 16
C 268 18
C 269 16
C 270 4
C 271 1
C 272 5
C 273 19
C 274 2
C 275 23
C 276 5
C 277 6
C 278 1
C 279 7
C 280 2
C 281 17
C 282 15
C 283 11
C 284 1
C 285 16
C 286 7
C 287 17
C 288 11
C 289 7
C 290 8
C 291 1
C 292 9
C 293 22
C 294 26
C 295 22
C 296 6
C 297 6
C 298 26
C 299 3
C 300 25
C 301 9
C 302 4
C 303 26
C 304 15
C 305 14
C 306 18
C 307 15
C 308 19
C 309 6
C 310 11
C 311 4
C 312 2
C 313 15
C 314 7
C 315 14
C 316 10
C 317 11
C 318 9
C 319 9
C 320 0
C 321 5
C 322 5
C 323 14
C 324 23
C 325 3
C 326 21
C 327 14
C 328 22
C 329 12
C 330 6
C 331 2
C 332 8
C 333 11
C 334 4
C 335 7
C 336 12
C 337 11
C 338 7
C 339 16
C 340 7
C 341 26
C 342 19
C 343 24
C 344 9
C 345 1
C 346 18
C 347 17
C 348 9
C 349 9
C 350 3
I 0 3 11 (2,2,0) (1,-1,1,0)|(1,0,-1,0)
I 3 2 14 (4,3,0) (0,0,0,0)|(-1,-1,1,0)
I 1 1 18 (5,3,5) (-1,1,1,0)
