D (7,8,9) (4,0,0)
D (8,-1,-1) (1,0,5)
D (11,12,-1) (3,5,3)
D (12,-1,-1) (2,1,0)
D (7,8,-1) (0,0,0)
D (10,11,-1) (5,0,5)
D (9,10,11) (4,1,2)
D (8,9,10) (1,0,0)
D (9,-1,-1) (5,5,5)
D (7,8,-1) (2,5,3)
D (7,-1,-1) (4,2,1)
D (8,-1,-1) (0,5,5)
D (12,-1,-1) (1,3,5)
D (7,8,-1) (5,4,1)
D (10,11,-1) (1,2,5)
D (12,-1,-1) (2,2,3)
D (12,-1,-1) (5,5,3)
D (12,-1,-1) (1,1,4)
D (7,-1,-1) (1,1,1)
D (8,9,10) (5,0,3)
D (8,9,10) (5,1,5)
D (12,-1,-1) (3,1,1)
D (7,8,9) (4,5,2)
D (11,12,-1) (3,4,3)
D (12,-1,-1) (2,0,0)
D (7,8,9) (0,1,2)
D (10,-1,-1) (3,4,0)
D (7,-1,-1) (5,3,1)
D (8,9,-1) (0,1,3)
D (8,9,-1) (4,1,5)
D (7,8,9) (1,5,2)
D (12,-1,-1) (0,0,1)
D (7,8,9) (4,4,3)
D (10,11,-1) (5,1,0)
D (7,-1,-1) (1,0,3)
D (11,12,-1) (0,5,3)
D (8,9,10) (1,2,3)
D (12,-1,-1) (0,0,5)
D (9,10,-1) (3,1,3)
D (10,-1,-1) (5,3,2)
D (12,-1,-1) (2,4,5)
D (9,-1,-1) (3,0,3)
D (8,-1,-1) (3,1,5)
D (7,-1,-1) (4,3,5)
D (9,10,11) (4,3,1)
D (12,-1,-1) (2,5,2)
D (8,9,10) (0,2,0)
D (8,9,10) (3,2,4)
D (10,11,-1) (4,1,3)
D (7,8,-1) (3,5,5)
D (10,11,12) (0,5,4)
D (9,10,-1) (5,0,4)
D (10,11,-1) (1,0,4)
D (12,-1,-1) (1,0,2)
D (11,12,-1) (0,0,3)
D (12,-1,-1) (2,2,1)
D (12,-1,-1) (0,1,1)
D (12,-1,-1) (3,0,2)
D (8,-1,-1) (5,3,3)
D (10,-1,-1) (4,3,3)
D (9,10,-1) (5,2,4)
D (10,11,-1) (1,1,0)
D (10,11,-1) (2,5,1)
D (8,-1,-1) (0,0,2)
C 0 12
C 1 23
C 2 10
C 3 15
C 4 26
C 5 3
C 6 7
C 7 1
C 8 26
C 9 11
C 10 4
C 11 21
C 12 0
C 13 12
C 14 17
C 15 4
C 16 10
C 17 22
C 18 5
C 19 25
C 20 4
C 21 25
C 22 8
C 23 8
C 24 7
C 25 15
C 26 21
C 27 23
C 28 26
C 29 6
C 30 3
C 31 11
C 32 25
C 33 4
C 34 18
C 35 15
C 36 24
C 37 21
C 38 17
C 39 0
C 40 0
C 41 0
C 42 0
C 43 0
C 44 0
C 45 0
C 46 0
C 47 0
C 48 0
C 49 0
C 50 0
C 51 0
C 52 0
C 53 0
C 54 0
C 55 0
C 56 0
C 57 0
C 58 0
C 59 0
C 60 0
C 61 0
C 62 0
C 63 0
C 64 0
C 65 0
C 66 0
C 67 0
C 68 0
C 69 0
C 70 0
C 71 0
C 72 0
C 73 0
C 74 0
C 75 0
C 76 0
C 77 0
C 78 0
C 79 0
C 80 0
C 81 0
C 82 0
C 83 0
C 84 0
C 85 0
C 86 0
C 87 0
C 88 0
C 89 0
C 90 0
C 91 0
C 92 0
C 93 0
C 94 0
C 95 0
C 96 0
C 97 0
C 98 0
C 99 0
C 100 0
C 101 0
C 102 0
C 103 0
C 104 0
C 105 0
C 106 0
C 107 0
C 108 0
C 109 0
C 110 0
C 111 0
C 112 0
C 113 0
C 114 0
C 115 0
C 116 0
C 117 0
C 118 0
C 119 0
C 120 0
C 121 0
C 122 0
C 123 0
C 124 0
C 125 0
C 126 0
C 127 0
C 128 0
C 129 0
C 130 0
C 131 0
C 132 0
C 133 0
C 134 0
C 135 0
C 136 0
C 137 0
C 138 0
C 139 0
C 140 0
C 141 0
C 142 0
C 143 0
C 144 0
C 145 0
C 146 0
C 147 0
C 148 0
C 149 0
C 150 0
C 151 0
C 152 0
C 153 0
C 154 0
C 155 0
C 156 0
C 157 0
C 158 0
C 159 0
C 160 0
C 161 0
C 162 0
C 163 0
C 164 0
C 165 0
C 166 0
C 167 0
C 168 0
C 169 0
C 170 0
C 171 0
C 172 0
C 173 0
C 174 0
C 175 0
C 176 8
C 177 20
C 178 16
C 179 17
C 180 8
C 181 5
C 182 20
C 183 23
C 184 25
C 185 21
C 186 24
C 187 17
C 188 15
C 189 4
C 190 22
C 191 20
C 192 18
C 193 18
C 194 11
C 195 18
C 196 4
C 197 18
C 198 18
C 199 7
C 200 2
C 201 20
C 202 25
C 203 4
C 204 17
C 205 1
C 206 20
C 207 11
C 208 6
C 209 26
C 210 5
C 211 4
C 212 7
C 213 26
C 214 9
C 215 24
C 216 1
C 217 24
C 218 16
C 219 1
C 220 9
C 221 25
C 222 8
C 223 9
C 224 23
C 225 19
C 226 22
C 227 7
C 228 21
C 229 10
C 230 1
C 231 21
C 232 11
C 233 19
C 234 1
C 235 17
C 236 19
C 237 10
C 238 18
C 239 22
C 240 15
C 241 12
C 242 2
C 243 5
C 244 3
C 245 10
C 246 7
C 247 1
C 248 5
C 249 14
C 250 14
C 251 26
C 252 4
C 253 8
C 254 19
C 255 19
C 256 18
C 257 26
C 258 17
C 259 12
C 260 26
C 261 3
C 262 9
C 263 21
C 264 12
C 265 6
C 266 24
C 267 21
C 268 21
C 269 3
C 270 25
C 271 25
C 272 25
C 273 1
C 274 12
C 275 19
C 276 11
C 277 9
C 278 17
C 279 16
C 280 22
C 281 11
C 282 19
C 283 15
C 284 9
C 285 24
C 286 5
C 287 14
C 288 0
C 289 10
C 290 6
C 291 25
C 292 7
C 293 12
C 294 21
C 295 22
C 296 0
C 297 14
C 298 3
C 299 12
C 300 4
C 301 20
C 302 20
C 303 16
C 304 15
C 305 15
C 306 17
C 307 25
C 308 18
C 309 12
C 310 22
C 311 4
C 312 6
C 313 25
C 314 15
C 315 15
C 316 15
C 317 10
C 318 2
C 319 10
C 320 25
C 321 24
C 322 5
C 323 25
C 324 4
C 325 6
C 326 12
C 327 22
C 328 18
C 329 4
C 330 23
C 331 2
C 332 4
C 333 23
C 334 21
C 335 8
C 336 18
C 337 8
C 338 26
C 339 23
C 340 9
C 341 20
C 342 18
C 343 12
C 344 1
C 345 19
C 346 9
C 347 24
C 348 6
C 349 10
C 350 23
I 3 2 1 (2,1,3) (-1,1,1,0)|(-1,1,0,0)|(-1,1,0,0)
I 0 3 9 (2,2,2) (-1,1,1,0)|(1,0,0,0)|(0,-1,0,0)|(0,0,1,0)
I 1 2 20 (0,3,2) (0,-1,0,0)|(1,0,1,0)
