D (11,12,-1) (5,4,2)
D (11,12,-1) (4,5,1)
D (10,11,-1) (1,5,1)
D (11,12,-1) (0,4,1)
D (7,-1,-1) (4,3,5)
D (12,-1,-1) (0,1,4)
D (10,11,-1) (4,4,5)
D (10,11,-1) (4,1,5)
D (10,11,12) (1,4,0)
D (7,8,9) (3,4,2)
D (12,-1,-1) (5,1,5)
D (9,-1,-1) (5,0,2)
D (11,12,-1) (2,3,0)
D (11,12,-1) (0,3,0)
D (9,10,-1) (3,5,0)
D (8,-1,-1) (0,0,0)
D (10,-1,-1) (4,0,3)
D (7,-1,-1) (3,5,4)
D (7,8,9) (4,4,0)
D (7,-1,-1) (5,1,3)
D (9,-1,-1) (4,2,5)
D (11,12,-1) (0,2,2)
D (10,-1,-1) (3,4,4)
D (9,-1,-1) (2,4,5)
D (10,11,12) (1,4,5)
D (12,-1,-1) (2,2,4)
D (10,-1,-1) (5,4,5)
D (7,8,9) (1,5,5)
D (8,-1,-1) (1,3,3)
D (9,10,-1) (1,1,3)
D (11,12,-1) (4,1,2)
D (12,-1,-1) (5,0,5)
D (8,-1,-1) (1,5,0)
D (7,8,-1) (0,2,1)
D (10,11,12) (0,3,3)
D (10,11,-1) (4,4,4)
D (10,11,-1) (3,1,3)
D (7,-1,-1) (5,0,3)
D (8,-1,-1) (5,0,0)
D (11,-1,-1) (1,2,5)
C 0 26
C 1 6
C 2 21
C 3 26
C 4 2
C 5 10
C 6 4
C 7 10
C 8 19
C 9 21
C 10 5
C 11 25
C 12 11
C 13 2
C 14 0
C 15 18
C 16 3
C 17 24
C 18 6
C 19 8
C 20 24
C 21 10
C 22 26
C 23 24
C 24 9
C 25 4
C 26 2
C 27 21
C 28 7
C 29 21
C 30 11
C 31 8
C 32 12
C 33 10
C 34 22
C 35 4
C 36 3
C 37 23
C 38 5
C 39 12
C 40 7
C 41 16
C 42 17
C 43 9
C 44 14
C 45 21
C 46 22
C 47 10
C 48 11
C 49 12
C 50 22
C 51 21
C 52 14
C 53 0
C 54 12
C 55 21
C 56 1
C 57 26
C 58 0
C 59 0
C 60 0
C 61 0
C 62 0
C 63 0
C 64 0
C 65 0
C 66 0
C 67 0
C 68 0
C 69 0
C 70 0
C 71 0
C 72 0
C 73 0
C 74 0
C 75 0
C 76 0
C 77 0
C 78 0
C 79 0
C 80 0
C 81 0
C 82 0
C 83 0
C 84 0
C 85 0
C 86 0
C 87 0
C 88 0
C 89 0
C 90 0
C 91 0
C 92 0
C 93 0
C 94 0
C 95 0
C 96 0
C 97 0
C 98 0
C 99 0
C 100 0
C 101 0
C 102 0
C 103 0
C 104 0
C 105 0
C 106 0
C 107 0
C 108 0
C 109 0
C 110 0
C 111 0
C 112 0
C 113 0
C 114 0
C 115 0
C 116 0
C 117 0
C 118 0
C 119 0
C 120 0
C 121 0
C 122 0
C 123 0
C 124 0
C 125 0
C 126 0
C 127 0
C 128 0
C 129 0
C 130 0
C 131 0
C 132 0
C 133 0
C 134 0
C 135 0
C 136 0
C 137 0
C 138 0
C 139 0
C 140 0
C 141 0
C 142 0
C 143 0
C 144 0
C 145 0
C 146 0
C 147 0
C 148 0
C 149 0
C 150 0
C 151 0
C 152 0
C 153 0
C 154 0
C 155 7
C 156 23
C 157 15
C 158 9
C 159 1
C 160 1
C 161 19
C 162 26
C 163 16
C 164 18
C 165 18
C 166 24
C 167 6
C 168 5
C 169 9
C 170 16
C 171 17
C 172 4
C 173 4
C 174 22
C 175 11
C 176 26
C 177 4
C 178 16
C 179 6
C 180 9
C 181 14
C 182 8
C 183 20
C 184 12
C 185 5
C 186 26
C 187 25
C 188 21
C 189 15
C 190 20
C 191 6
C 192 1
C 193 26
C 194 23
C 195 6
C 196 1
C 197 16
C 198 24
C 199 22
C 200 11
C 201 12
C 202 11
C 203 17
C 204 14
C 205 10
C 206 1
C 207 4
C 208 4
C 209 9
C 210 3
C 211 1
C 212 17
C 213 26
C 214 21
C 215 18
C 216 2
C 217 26
C 218 19
C 219 3
C 220 7
C 221 22
C 222 26
C 223 5
C 224 8
C 225 3
C 226 1
C 227 15
C 228 25
C 229 3
C 230 23
C 231 21
C 232 9
C 233 26
C 234 14
C 235 5
C 236 23
C 237 20
C 238 22
C 239 24
C 240 16
C 241 8
C 242 25
C 243 5
C 244 21
C 245 8
C 246 2
C 247 4
C 248 6
C 249 2
C 250 2
C 251 8
C 252 23
C 253 0
C 254 15
C 255 1
C 256 23
C 257 14
C 258 12
C 259 21
C 260 18
C 261 17
C 262 14
C 263 11
C 264 26
C 265 7
C 266 26
C 267 11
C 268 5
C 269 15
C 270 17
C 271 19
C 272 8
C 273 16
C 274 4
C 275 19
C 276 12
C 277 16
C 278 10
C 279 22
C 280 16
C 281 14
C 282 14
C 283 26
C 284 3
C 285 2
C 286 26
C 287 4
C 288 15
C 289 24
C 290 17
C 291 6
C 292 0
C 293 17
C 294 10
C 295 15
C 296 22
C 297 17
C 298 17
C 299 22
C 300 17
C 301 10
C 302 7
C 303 11
C 304 19
C 305 20
C 306 8
C 307 23
C 308 18
C 309 0
C 310 7
C 311 10
C 312 21
C 313 21
C 314 8
C 315 9
C 316 15
C 317 15
C 318 25
C 319 9
C 320 20
C 321 25
C 322 2
C 323 23
C 324 1
C 325 21
C 326 3
C 327 2
C 328 21
C 329 7
C 330 4
C 331 11
C 332 16
C 333 18
C 334 11
C 335 6
C 336 26
C 337 20
C 338 1
C 339 19
C 340 25
C 341 21
C 342 1
C 343 25
C 344 18
C 345 1
C 346 12
C 347 0
C 348 25
C 349 23
C 350 24
I 0 2 20 (4,0,3) (1,0,0,0)
I 0 2 5 (2,5,5) (-1,0,-1,0)|(1,0,0,0)|(0,0,1,0)|(0,0,1,0)
I 2 1 2 (5,1,1) (1,-1,0,0)
