D (10,11,12) (1,3,3)
D (7,-1,-1) (1,5,3)
D (7,-1,-1) (0,1,1)
D (7,-1,-1) (2,4,2)
D (11,12,-1) (3,4,0)
D (9,-1,-1) (3,3,5)
D (11,12,-1) (4,1,5)
D (8,9,10) (0,1,3)
D (10,11,-1) (0,4,2)
D (10,11,12) (4,2,3)
D (9,10,-1) (4,5,0)
D (7,8,-1) (0,4,0)
D (8,9,10) (4,4,1)
D (8,-1,-1) (1,5,0)
D (10,11,12) (5,5,4)
D (10,-1,-1) (3,1,1)
D (9,10,11) (2,5,1)
D (11,12,-1) (2,1,0)
D (10,-1,-1) (2,0,0)
D (10,-1,-1) (4,1,2)
D (8,9,10) (0,0,4)
D (12,-1,-1) (4,5,2)
D (9,11,-1) (2,0,1)
D (12,-1,-1) (1,0,0)
D (10,11,-1) (2,2,3)
D (8,-1,-1) (3,4,5)
D (9,10,11) (5,4,0)
D (8,9,10) (2,5,2)
D (8,9,-1) (3,2,4)
D (11,12,-1) (1,4,0)
D (10,11,-1) (2,1,2)
D (9,-1,-1) (3,5,0)
D (7,8,9) (5,2,2)
D (10,-1,-1) (0,0,2)
D (8,-1,-1) (2,3,5)
D (8,9,10) (1,2,1)
D (12,-1,-1) (0,4,3)
D (11,12,-1) (2,5,5)
D (8,-1,-1) (5,1,1)
D (7,8,9) (5,3,3)
D (12,-1,-1) (0,4,5)
C 0 17
C 1 21
C 2 22
C 3 14
C 4 7
C 5 26
C 6 17
C 7 26
C 8 16
C 9 1
C 10 5
C 11 6
C 12 18
C 13 24
C 14 15
C 15 19
C 16 25
C 17 5
C 18 26
C 19 1
C 20 17
C 21 3
C 22 0
C 23 14
C 24 12
C 25 16
C 26 19
C 27 20
C 28 14
C 29 11
C 30 0
C 31 0
C 32 0
C 33 0
C 34 0
C 35 0
C 36 0
C 37 0
C 38 0
C 39 0
C 40 0
C 41 0
C 42 0
C 43 0
C 44 0
C 45 0
C 46 0
C 47 0
C 48 0
C 49 0
C 50 0
C 51 0
C 52 0
C 53 0
C 54 0
C 55 0
C 56 0
C 57 0
C 58 0
C 59 0
C 60 0
C 61 0
C 62 0
C 63 0
C 64 0
C 65 0
C 66 0
C 67 0
C 68 0
C 69 0
C 70 0
C 71 0
C 72 0
C 73 0
C 74 0
C 75 0
C 76 0
C 77 0
C 78 0
C 79 0
C 80 0
C 81 0
C 82 0
C 83 0
C 84 0
C 85 0
C 86 0
C 87 0
C 88 0
C 89 0
C 90 0
C 91 0
C 92 0
C 93 0
C 94 0
C 95 0
C 96 0
C 97 0
C 98 0
C 99 0
C 100 0
C 101 0
C 102 0
C 103 0
C 104 0
C 105 0
C 106 0
C 107 0
C 108 0
C 109 0
C 110 0
C 111 0
C 112 0
C 113 0
C 114 0
C 115 0
C 116 0
C 117 0
C 118 0
C 119 0
C 120 0
C 121 0
C 122 0
C 123 0
C 124 0
C 125 0
C 126 0
C 127 0
C 128 0
C 129 0
C 130 0
C 131 0
C 132 0
C 133 0
C 134 0
C 135 0
C 136 0
C 137 0
C 138 0
C 139 0
C 140 0
C 141 0
C 142 0
C 143 0
C 144 0
C 145 0
C 146 0
C 147 0
C 148 0
C 149 0
C 150 0
C 151 0
C 152 0
C 153 0
C 154 0
C 155 0
C 156 0
C 157 0
C 158 0
C 159 0
C 160 0
C 161 0
C 162 0
C 163 0
C 164 0
C 165 0
C 166 0
C 167 0
C 168 0
C 169 0
C 170 0
C 171 0
C 172 0
C 173 0
C 174 0
C 175 0
C 176 0
C 177 0
C 178 0
C 179 0
C 180 0
C 181 0
C 182 0
C 183 0
C 184 0
C 185 0
C 186 0
C 187 0
C 188 0
C 189 0
C 190 0
C 191 0
C 192 0
C 193 0
C 194 0
C 195 0
C 196 0
C 197 0
C 198 0
C 199 3
C 200 24
C 201 4
C 202 14
C 203 14
C 204 0
C 205 14
C 206 0
C 207 22
C 208 21
C 209 4
C 210 17
C 211 19
C 212 21
C 213 10
C 214 18
C 215 5
C 216 18
C 217 25
C 218 4
C 219 1
C 220 7
C 221 11
C 222 0
C 223 10
C 224 22
C 225 2
C 226 25
C 227 15
C 228 6
C 229 15
C 230 20
C 231 5
C 232 25
C 233 11
C 234 8
C 235 12
C 236 16
C 237 25
C 238 18
C 239 14
C 240 14
C 241 19
C 242 21
C 243 26
C 244 20
C 245 8
C 246 11
C 247 25
C 248 26
C 249 17
C 250 9
C 251 26
C 252 10
C 253 15
C 254 9
C 255 9
C 256 26
C 257 3
C 258 15
C 259 11
C 260 1
C 261 9
C 262 25
C 263 12
C 264 8
C 265 22
C 266 3
C 267 11
C 268 4
C 269 20
C 270 24
C 271 15
C 272 26
C 273 14
C 274 16
C 275 9
C 276 18
C 277 23
C 278 1
C 279 0
C 280 16
C 281 15
C 282 16
C 283 2
C 284 2
C 285 14
C 286 18
C 287 7
C 288 15
C 289 22
C 290 17
C 291 7
C 292 18
C 293 26
C 294 26
C 295 21
C 296 2
C 297 17
C 298 4
C 299 16
C 300 11
C 301 4
C 302 23
C 303 24
C 304 8
C 305 11
C 306 10
C 307 19
C 308 7
C 309 3
C 310 26
C 311 3
C 312 23
C 313 9
C 314 18
C 315 20
C 316 6
C 317 0
C 318 19
C 319 20
C 320 23
C 321 5
C 322 19
C 323 19
C 324 1
C 325 17
C 326 24
C 327 8
C 328 14
C 329 25
C 330 26
C 331 18
C 332 17
C 333 15
C 334 21
C 335 8
C 336 9
C 337 16
C 338 8
C 339 23
C 340 11
C 341 15
C 342 17
C 343 19
C 344 8
C 345 25
C 346 4
C 347 3
C 348 17
C 349 5
C 350 22
I 5 2 9 (4,3,4) (0,0,-1,0)|(1,-1,1,0)
I 4 3 15 (1,2,3) (0,1,-1,0)
I 0 1 2 (5,3,1) (0,0,1,0)|(1,0,0,0)
