D (12,-1,-1) (1,0,4)
D (8,9,10) (5,3,1)
D (12,-1,-1) (1,4,4)
D (12,-1,-1) (2,2,2)
D (8,9,-1) (2,5,0)
D (8,9,-1) (3,1,1)
D (9,10,11) (1,2,0)
D (10,-1,-1) (0,1,4)
D (11,12,-1) (3,0,4)
D (8,9,-1) (3,5,0)
D (7,8,-1) (1,1,0)
D (9,-1,-1) (0,1,3)
D (12,-1,-1) (3,3,3)
D (9,10,11) (2,0,1)
D (8,9,10) (1,5,2)
D (9,10,-1) (0,5,4)
D (8,9,10) (3,3,0)
D (7,8,-1) (3,3,5)
D (10,-1,-1) (1,0,2)
D (8,-1,-1) (5,1,2)
D (11,12,-1) (3,4,3)
D (11,-1,-1) (0,0,5)
D (7,8,9) (1,1,5)
D (9,-1,-1) (5,5,2)
D (12,-1,-1) (1,3,0)
D (11,12,-1) (1,2,4)
D (9,10,-1) (5,2,1)
D (12,-1,-1) (4,2,1)
D (9,10,-1) (5,5,3)
D (11,12,-1) (1,0,5)
D (7,8,-1) (5,1,5)
D (12,-1,-1) (3,1,3)
D (12,-1,-1) (0,4,4)
D (10,11,12) (5,0,0)
D (7,8,-1) (3,1,0)
D (9,-1,-1) (1,3,4)
D (8,-1,-1) (0,0,4)
D (10,11,-1) (4,4,2)
D (8,9,10) (2,3,0)
D (7,-1,-1) (4,4,3)
D (8,9,10) (4,5,2)
D (9,10,-1) (1,3,2)
D (8,9,-1) (3,2,2)
D (10,11,-1) (4,0,0)
C 0 14
C 1 2
C 2 26
C 3 0
C 4 2
C 5 26
C 6 9
C 7 19
C 8 15
C 9 0
C 10 8
C 11 19
C 12 11
C 13 20
C 14 6
C 15 5
C 16 20
C 17 9
C 18 26
C 19 1
C 20 16
C 21 15
C 22 4
C 23 1
C 24 7
C 25 20
C 26 9
C 27 7
C 28 1
C 29 7
C 30 6
C 31 10
C 32 20
C 33 1
C 34 3
C 35 17
C 36 19
C 37 4
C 38 3
C 39 4
C 40 7
C 41 24
C 42 0
C 43 26
C 44 8
C 45 15
C 46 8
C 47 17
C 48 16
C 49 18
C 50 18
C 51 23
C 52 7
C 53 20
C 54 3
C 55 21
C 56 1
C 57 3
C 58 19
C 59 1
C 60 1
C 61 19
C 62 18
C 63 15
C 64 19
C 65 16
C 66 25
C 67 19
C 68 14
C 69 11
C 70 20
C 71 8
C 72 11
C 73 10
C 74 9
C 75 4
C 76 23
C 77 11
C 78 17
C 79 21
C 80 20
C 81 0
C 82 21
C 83 23
C 84 19
C 85 9
C 86 15
C 87 21
C 88 11
C 89 8
C 90 2
C 91 17
C 92 6
C 93 20
C 94 0
C 95 20
C 96 23
C 97 17
C 98 21
C 99 18
C 100 1
C 101 21
C 102 10
C 103 4
C 104 12
C 105 21
C 106 8
C 107 14
C 108 17
C 109 23
C 110 7
C 111 8
C 112 20
C 113 12
C 114 18
C 115 1
C 116 17
C 117 23
C 118 24
C 119 7
C 120 6
C 121 24
C 122 17
C 123 7
C 124 23
C 125 19
C 126 23
C 127 12
C 128 26
C 129 23
C 130 20
C 131 20
C 132 1
C 133 4
C 134 5
C 135 23
C 136 25
C 137 6
C 138 6
C 139 3
C 140 21
C 141 1
C 142 11
C 143 24
C 144 16
C 145 20
C 146 24
C 147 18
C 148 12
C 149 1
C 150 0
C 151 17
C 152 6
C 153 14
C 154 19
C 155 20
C 156 11
C 157 5
C 158 22
C 159 4
C 160 16
C 161 22
C 162 12
C 163 15
C 164 11
C 165 4
C 166 22
C 167 3
C 168 5
C 169 25
C 170 11
C 171 7
C 172 26
C 173 22
C 174 0
C 175 26
C 176 9
C 177 4
C 178 14
C 179 21
C 180 8
C 181 10
C 182 1
C 183 9
C 184 10
C 185 21
C 186 23
C 187 11
C 188 9
C 189 3
C 190 9
C 191 17
C 192 12
C 193 8
C 194 10
C 195 7
C 196 15
C 197 2
C 198 26
C 199 11
C 200 3
C 201 16
C 202 3
C 203 18
C 204 25
C 205 14
C 206 26
C 207 22
C 208 7
C 209 21
C 210 15
C 211 11
C 212 2
C 213 11
C 214 1
C 215 2
C 216 11
C 217 1
C 218 17
C 219 7
C 220 9
C 221 5
C 222 8
C 223 23
C 224 23
C 225 6
C 226 4
C 227 7
C 228 14
C 229 1
C 230 2
C 231 2
C 232 16
C 233 12
C 234 6
C 235 7
C 236 1
C 237 26
C 238 1
C 239 20
C 240 25
C 241 6
C 242 14
C 243 25
C 244 1
C 245 14
C 246 5
C 247 17
C 248 25
C 249 11
C 250 9
C 251 1
C 252 15
C 253 1
C 254 16
C 255 12
C 256 18
C 257 17
C 258 10
C 259 19
C 260 19
C 261 11
C 262 7
C 263 26
C 264 24
C 265 25
C 266 17
C 267 15
C 268 24
C 269 4
C 270 3
C 271 26
C 272 5
C 273 9
C 274 6
C 275 16
C 276 23
C 277 5
C 278 15
C 279 8
C 280 23
C 281 19
C 282 1
C 283 11
C 284 11
C 285 21
C 286 5
C 287 10
C 288 3
C 289 5
C 290 9
C 291 24
C 292 24
C 293 2
C 294 2
C 295 5
C 296 21
C 297 8
C 298 14
C 299 25
C 300 0
C 301 3
C 302 23
C 303 9
C 304 14
C 305 21
C 306 3
C 307 3
C 308 26
C 309 1
C 310 10
C 311 4
C 312 8
C 313 11
C 314 17
C 315 24
C 316 2
C 317 3
C 318 26
C 319 15
C 320 23
C 321 1
C 322 11
C 323 10
C 324 18
C 325 4
C 326 20
C 327 23
C 328 8
C 329 5
C 330 9
C 331 26
C 332 1
C 333 2
C 334 19
C 335 14
C 336 9
C 337 6
C 338 18
C 339 21
C 340 9
C 341 9
C 342 8
C 343 12
C 344 5
C 345 10
C 346 25
C 347 6
C 348 7
C 349 22
C 350 2
I 0 3 5 (3,1,5) (-1,0,0,0)
I 5 1 16 (1,5,3) (0,0,0,0)
I 2 1 2 (5,1,2) (0,1,0,0)
