D (7,8,9) (5,2,0)
D (12,-1,-1) (4,3,1)
D (9,10,11) (5,2,1)
D (8,9,-1) (3,2,5)
D (12,-1,-1) (5,1,5)
D (7,-1,-1) (3,1,4)
D (11,12,-1) (2,0,2)
D (9,10,-1) (2,3,5)
D (11,12,-1) (3,1,0)
D (8,-1,-1) (0,0,5)
D (7,8,9) (1,5,4)
D (7,8,9) (3,0,1)
D (7,8,9) (5,1,4)
D (10,11,12) (5,4,1)
D (9,-1,-1) (2,3,0)
D (10,11,-1) (5,0,2)
D (7,-1,-1) (3,2,0)
D (12,-1,-1) (3,3,4)
D (10,-1,-1) (5,3,5)
D (9,10,-1) (5,4,2)
D (12,-1,-1) (2,3,2)
D (8,-1,-1) (4,3,3)
D (12,-1,-1) (0,4,0)
D (9,10,-1) (4,5,1)
D (8,-1,-1) (3,2,1)
D (7,8,-1) (4,4,5)
D (7,8,-1) (3,3,2)
D (7,8,9) (5,4,5)
D (8,-1,-1) (2,2,2)
D (8,-1,-1) (1,1,4)
D (8,9,-1) (1,4,0)
D (10,11,12) (0,2,2)
D (7,8,-1) (2,4,4)
D (11,12,-1) (1,5,1)
D (11,-1,-1) (2,5,4)
D (12,-1,-1) (0,5,0)
D (11,12,-1) (3,4,1)
D (11,-1,-1) (3,4,2)
D (8,-1,-1) (2,2,4)
D (12,-1,-1) (3,4,4)
C 0 11
C 1 22
C 2 24
C 3 24
C 4 20
C 5 22
C 6 20
C 7 5
C 8 26
C 9 8
C 10 16
C 11 6
C 12 15
C 13 8
C 14 10
C 15 14
C 16 8
C 17 21
C 18 23
C 19 26
C 20 1
C 21 7
C 22 20
C 23 3
C 24 0
C 25 0
C 26 0
C 27 0
C 28 0
C 29 0
C 30 0
C 31 0
C 32 0
C 33 0
C 34 0
C 35 0
C 36 0
C 37 0
C 38 0
C 39 0
C 40 0
C 41 0
C 42 0
C 43 0
C 44 0
C 45 0
C 46 0
C 47 0
C 48 0
C 49 0
C 50 0
C 51 0
C 52 0
C 53 0
C 54 0
C 55 0
C 56 0
C 57 0
C 58 0
C 59 0
C 60 0
C 61 0
C 62 0
C 63 0
C 64 0
C 65 0
C 66 0
C 67 0
C 68 0
C 69 0
C 70 0
C 71 0
C 72 0
C 73 0
C 74 0
C 75 0
C 76 0
C 77 0
C 78 0
C 79 0
C 80 0
C 81 0
C 82 0
C 83 0
C 84 0
C 85 0
C 86 0
C 87 0
C 88 0
C 89 0
C 90 0
C 91 0
C 92 0
C 93 0
C 94 0
C 95 0
C 96 0
C 97 0
C 98 0
C 99 0
C 100 0
C 101 0
C 102 0
C 103 0
C 104 0
C 105 0
C 106 0
C 107 0
C 108 0
C 109 0
C 110 0
C 111 0
C 112 0
C 113 0
C 114 0
C 115 0
C 116 0
C 117 0
C 118 0
C 119 0
C 120 0
C 121 0
C 122 0
C 123 0
C 124 0
C 125 0
C 126 0
C 127 0
C 128 0
C 129 0
C 130 0
C 131 0
C 132 0
C 133 0
C 134 0
C 135 0
C 136 0
C 137 3
C 138 18
C 139 21
C 140 16
C 141 14
C 142 6
C 143 17
C 144 2
C 145 6
C 146 12
C 147 0
C 148 1
C 149 22
C 150 12
C 151 10
C 152 23
C 153 14
C 154 4
C 155 2
C 156 2
C 157 2
C 158 11
C 159 7
C 160 15
C 161 21
C 162 5
C 163 21
C 164 1
C 165 10
C 166 16
C 167 8
C 168 6
C 169 11
C 170 18
C 171 1
C 172 17
C 173 12
C 174 8
C 175 8
C 176 15
C 177 12
C 178 5
C 179 20
C 180 17
C 181 17
C 182 9
C 183 4
C 184 20
C 185 24
C 186 3
C 187 18
C 188 1
C 189 14
C 190 9
C 191 14
C 192 3
C 193 17
C 194 9
C 195 17
C 196 0
C 197 11
C 198 15
C 199 25
C 200 9
C 201 23
C 202 8
C 203 25
C 204 20
C 205 22
C 206 1
C 207 26
C 208 21
C 209 26
C 210 26
C 211 8
C 212 10
C 213 11
C 214 8
C 215 20
C 216 0
C 217 17
C 218 16
C 219 16
C 220 16
C 221 0
C 222 19
C 223 20
C 224 22
C 225 0
C 226 12
C 227 10
C 228 16
C 229 24
C 230 4
C 231 4
C 232 6
C 233 2
C 234 23
C 235 3
C 236 3
C 237 9
C 238 2
C 239 24
C 240 25
C 241 0
C 242 1
C 243 17
C 244 12
C 245 2
C 246 26
C 247 26
C 248 0
C 249 2
C 250 4
C 251 1
C 252 24
C 253 9
C 254 1
C 255 5
C 256 14
C 257 0
C 258 18
C 259 24
C 260 21
C 261 10
C 262 23
C 263 0
C 264 25
C 265 18
C 266 3
C 267 16
C 268 7
C 269 18
C 270 16
C 271 10
C 272 8
C 273 14
C 274 18
C 275 10
C 276 14
C 277 19
C 278 9
C 279 21
C 280 26
C 281 6
C 282 21
C 283 11
C 284 9
C 285 23
C 286 1
C 287 18
C 288 15
C 289 26
C 290 8
C 291 3
C 292 12
C 293 8
C 294 3
C 295 16
C 296 9
C 297 8
C 298 18
C 299 5
C 300 6
C 301 18
C 302 17
C 303 26
C 304 5
C 305 9
C 306 18
C 307 15
C 308 0
C 309 24
C 310 0
C 311 0
C 312 0
C 313 0
C 314 0
C 315 0
C 316 0
C 317 0
C 318 0
C 319 0
C 320 0
C 321 0
C 322 0
C 323 0
C 324 0
C 325 0
C 326 0
C 327 0
C 328 0
C 329 0
C 330 0
C 331 0
C 332 0
C 333 0
C 334 0
C 335 0
C 336 0
C 337 0
C 338 0
C 339 0
C 340 0
C 341 0
C 342 0
C 343 0
C 344 0
C 345 0
C 346 0
C 347 6
C 348 5
C 349 3
C 350 7
I 0 3 16 (1,3,3) (0,1,0,0)|(-1,-1,0,0)|(0,-1,-1,0)
I 5 2 14 (0,5,5) (0,-1,1,0)|(1,1,-1,0)
I 3 3 4 (5,2,5) (-1,0,1,0)|(0,0,-1,0)|(0,1,-1,0)
