D (8,9,-1) (0,1,3)
D (7,-1,-1) (1,4,3)
D (8,-1,-1) (4,3,2)
D (7,8,9) (2,3,0)
D (9,10,-1) (3,3,5)
D (10,11,12) (1,4,5)
D (11,12,-1) (3,5,0)
D (9,-1,-1) (4,3,5)
D (10,11,12) (0,4,4)
D (11,12,-1) (1,4,1)
D (12,-1,-1) (1,0,4)
D (11,-1,-1) (3,5,1)
D (9,10,11) (3,1,5)
D (7,8,9) (0,1,4)
D (8,-1,-1) (4,2,0)
D (12,-1,-1) (1,0,3)
D (9,10,-1) (5,0,0)
D (12,-1,-1) (3,0,5)
D (8,-1,-1) (5,4,5)
D (7,8,9) (3,3,2)
D (12,-1,-1) (2,3,5)
D (11,12,-1) (4,1,2)
D (10,11,-1) (1,0,2)
D (12,-1,-1) (4,4,3)
D (12,-1,-1) (4,0,4)
D (9,10,-1) (0,0,5)
D (9,10,11) (3,4,2)
D (8,9,10) (1,1,3)
D (11,-1,-1) (4,1,4)
D (7,8,9) (3,5,4)
D (11,12,-1) (5,2,1)
D (7,8,9) (0,3,4)
D (9,10,11) (4,3,1)
D (12,-1,-1) (4,1,5)
D (12,-1,-1) (4,5,5)
D (7,8,-1) (3,1,4)
D (8,9,-1) (2,2,2)
D (12,-1,-1) (4,1,3)
D (11,12,-1) (1,3,0)
D (7,8,-1) (0,3,5)
D (11,12,-1) (5,2,5)
D (8,-1,-1) (0,3,1)
D (9,10,-1) (2,1,1)
D (9,10,11) (3,1,3)
D (7,8,9) (4,3,0)
D (8,9,10) (4,4,1)
D (10,11,-1) (2,2,3)
D (9,-1,-1) (3,3,1)
D (12,-1,-1) (1,1,1)
D (9,10,11) (3,2,3)
D (12,-1,-1) (5,5,4)
D (12,-1,-1) (4,0,2)
D (7,8,9) (1,2,0)
D (7,8,9) (1,0,5)
D (7,8,-1) (5,3,5)
D (9,10,-1) (2,2,0)
D (7,-1,-1) (2,0,3)
D (7,8,-1) (1,2,4)
D (11,-1,-1) (2,4,2)
D (12,-1,-1) (2,0,5)
D (12,-1,-1) (1,5,4)
D (10,11,-1) (0,5,2)
D (12,-1,-1) (0,4,5)
D (10,11,-1) (4,0,1)
D (8,-1,-1) (0,1,0)
D (7,-1,-1) (0,5,0)
D (8,9,10) (1,0,0)
D (7,8,9) (1,3,4)
D (9,-1,-1) (4,3,3)
D (12,-1,-1) (2,5,4)
C 0 20
C 1 10
C 2 20
C 3 6
C 4 9
C 5 24
C 6 25
C 7 20
C 8 25
C 9 22
C 10 14
C 11 1
C 12 19
C 13 17
C 14 5
C 15 20
C 16 24
C 17 8
C 18 19
C 19 6
C 20 23
C 21 11
C 22 7
C 23 0
C 24 10
C 25 11
C 26 15
C 27 10
C 28 26
C 29 8
C 30 15
C 31 0
C 32 19
C 33 0
C 34 1
C 35 21
C 36 11
C 37 16
C 38 18
C 39 17
C 40 25
C 41 1
C 42 17
C 43 7
C 44 1
C 45 7
C 46 25
C 47 8
C 48 19
C 49 0
C 50 4
C 51 9
C 52 11
C 53 3
C 54 17
C 55 12
C 56 1
C 57 3
C 58 18
C 59 25
C 60 24
C 61 11
C 62 25
C 63 5
C 64 15
C 65 5
C 66 19
C 67 21
C 68 12
C 69 2
C 70 16
C 71 24
C 72 2
C 73 20
C 74 18
C 75 0
C 76 26
C 77 2
C 78 7
C 79 5
C 80 25
C 81 2
C 82 9
C 83 22
C 84 11
C 85 25
C 86 15
C 87 18
C 88 8
C 89 17
C 90 25
C 91 25
C 92 11
C 93 9
C 94 9
C 95 10
C 96 2
C 97 22
C 98 4
C 99 2
C 100 14
C 101 9
C 102 5
C 103 22
C 104 9
C 105 19
C 106 21
C 107 16
C 108 5
C 109 4
C 110 7
C 111 1
C 112 16
C 113 1
C 114 4
C 115 17
C 116 24
C 117 0
C 118 0
C 119 0
C 120 0
C 121 0
C 122 0
C 123 0
C 124 0
C 125 0
C 126 0
C 127 0
C 128 0
C 129 0
C 130 0
C 131 18
C 132 11
C 133 23
C 134 19
C 135 15
C 136 21
C 137 8
C 138 10
C 139 14
C 140 11
C 141 15
C 142 15
C 143 20
C 144 26
C 145 7
C 146 4
C 147 18
C 148 4
C 149 5
C 150 15
C 151 8
C 152 0
C 153 0
C 154 23
C 155 10
C 156 3
C 157 24
C 158 16
C 159 19
C 160 8
C 161 0
C 162 18
C 163 9
C 164 0
C 165 6
C 166 11
C 167 3
C 168 7
C 169 0
C 170 16
C 171 8
C 172 25
C 173 0
C 174 16
C 175 4
C 176 7
C 177 24
C 178 8
C 179 7
C 180 1
C 181 24
C 182 4
C 183 0
C 184 0
C 185 0
C 186 0
C 187 0
C 188 0
C 189 0
C 190 0
C 191 0
C 192 0
C 193 0
C 194 6
C 195 9
C 196 18
C 197 24
C 198 26
C 199 18
C 200 16
C 201 18
C 202 16
C 203 24
C 204 25
C 205 24
C 206 6
C 207 1
C 208 7
C 209 16
C 210 21
C 211 10
C 212 10
C 213 4
C 214 3
C 215 22
C 216 22
C 217 16
C 218 26
C 219 16
C 220 25
C 221 17
C 222 7
C 223 5
C 224 0
C 225 5
C 226 25
C 227 20
C 228 6
C 229 3
C 230 0
C 231 24
C 232 10
C 233 10
C 234 16
C 235 11
C 236 22
C 237 23
C 238 21
C 239 4
C 240 26
C 241 0
C 242 0
C 243 0
C 244 0
C 245 0
C 246 0
C 247 0
C 248 0
C 249 0
C 250 0
C 251 0
C 252 0
C 253 0
C 254 0
C 255 0
C 256 0
C 257 0
C 258 0
C 259 0
C 260 0
C 261 0
C 262 0
C 263 0
C 264 0
C 265 0
C 266 0
C 267 0
C 268 0
C 269 0
C 270 0
C 271 0
C 272 0
C 273 0
C 274 0
C 275 0
C 276 0
C 277 0
C 278 0
C 279 0
C 280 0
C 281 0
C 282 0
C 283 0
C 284 0
C 285 0
C 286 0
C 287 0
C 288 0
C 289 0
C 290 0
C 291 0
C 292 0
C 293 0
C 294 0
C 295 0
C 296 0
C 297 0
C 298 0
C 299 0
C 300 0
C 301 0
C 302 0
C 303 0
C 304 0
C 305 0
C 306 0
C 307 0
C 308 0
C 309 0
C 310 0
C 311 0
C 312 0
C 313 0
C 314 0
C 315 0
C 316 0
C 317 0
C 318 0
C 319 0
C 320 0
C 321 0
C 322 0
C 323 0
C 324 0
C 325 0
C 326 0
C 327 0
C 328 0
C 329 0
C 330 0
C 331 0
C 332 0
C 333 0
C 334 0
C 335 0
C 336 0
C 337 0
C 338 0
C 339 0
C 340 0
C 341 0
C 342 0
C 343 0
C 344 0
C 345 0
C 346 0
C 347 0
C 348 0
C 349 0
C 350 9
I 1 1 7 (5,3,4) (1,1,1,0)|(1,-1,0,0)
I 0 1 7 (1,5,5) (0,-1,-1,0)|(0,-1,1,0)
I 0 1 10 (4,3,5) (1,1,-1,0)
