D (7,8,9) (1,5,0)
D (9,10,-1) (0,3,4)
D (8,9,-1) (2,5,1)
D (7,8,9) (0,2,0)
D (11,12,-1) (2,4,4)
D (8,9,-1) (5,3,1)
D (8,-1,-1) (3,3,3)
D (12,-1,-1) (2,0,1)
D (8,9,10) (3,3,4)
D (9,10,-1) (3,1,5)
D (9,-1,-1) (1,4,5)
D (10,11,-1) (3,0,5)
D (10,11,12) (0,2,1)
D (10,11,12) (2,0,3)
D (8,9,10) (0,1,3)
D (11,12,-1) (3,2,2)
D (7,8,-1) (0,0,4)
D (9,10,-1) (1,3,4)
D (12,-1,-1) (4,2,3)
D (8,-1,-1) (4,0,0)
D (12,-1,-1) (5,4,3)
D (11,12,-1) (3,2,0)
D (7,8,9) (1,1,2)
D (11,-1,-1) (4,2,2)
D (10,11,12) (0,1,0)
D (8,-1,-1) (2,4,3)
D (10,11,12) (3,1,1)
D (11,12,-1) (2,2,2)
D (12,-1,-1) (4,5,4)
D (12,-1,-1) (4,2,5)
D (10,11,-1) (0,3,3)
D (8,9,10) (2,2,3)
D (10,-1,-1) (3,5,1)
D (9,10,11) (1,2,1)
D (7,8,-1) (2,2,4)
D (9,10,-1) (4,3,2)
D (12,-1,-1) (1,5,1)
D (8,-1,-1) (1,0,4)
D (9,10,-1) (4,2,1)
D (8,9,10) (5,5,4)
D (10,11,12) (4,1,5)
D (12,-1,-1) (3,0,3)
D (12,-1,-1) (1,1,4)
D (12,-1,-1) (3,3,2)
D (7,8,-1) (2,5,0)
D (10,11,-1) (4,2,4)
D (8,9,-1) (5,3,4)
D (11,-1,-1) (2,1,4)
D (11,-1,-1) (5,4,1)
C 0 26
C 1 3
C 2 26
C 3 2
C 4 20
C 5 0
C 6 17
C 7 3
C 8 23
C 9 11
C 10 6
C 11 21
C 12 5
C 13 19
C 14 25
C 15 16
C 16 17
C 17 20
C 18 23
C 19 3
C 20 25
C 21 4
C 22 9
C 23 11
C 24 3
C 25 6
C 26 26
C 27 2
C 28 9
C 29 26
C 30 2
C 31 9
C 32 16
C 33 9
C 34 2
C 35 0
C 36 15
C 37 22
C 38 4
C 39 0
C 40 25
C 41 0
C 42 19
C 43 18
C 44 24
C 45 10
C 46 9
C 47 25
C 48 4
C 49 19
C 50 12
C 51 14
C 52 15
C 53 9
C 54 8
C 55 8
C 56 10
C 57 19
C 58 20
C 59 15
C 60 25
C 61 5
C 62 4
C 63 9
C 64 0
C 65 0
C 66 23
C 67 12
C 68 5
C 69 26
C 70 26
C 71 20
C 72 17
C 73 15
C 74 7
C 75 24
C 76 12
C 77 9
C 78 1
C 79 22
C 80 22
C 81 8
C 82 3
C 83 16
C 84 18
C 85 12
C 86 1
C 87 6
C 88 20
C 89 4
C 90 20
C 91 6
C 92 2
C 93 14
C 94 2
C 95 24
C 96 6
C 97 11
C 98 17
C 99 3
C 100 0
C 101 21
C 102 5
C 103 1
C 104 26
C 105 12
C 106 8
C 107 22
C 108 22
C 109 12
C 110 23
C 111 17
C 112 5
C 113 20
C 114 18
C 115 20
C 116 24
C 117 6
C 118 16
C 119 24
C 120 11
C 121 23
C 122 17
C 123 0
C 124 25
C 125 26
C 126 6
C 127 19
C 128 9
C 129 10
C 130 7
C 131 4
C 132 20
C 133 1
C 134 23
C 135 17
C 136 18
C 137 10
C 138 3
C 139 5
C 140 18
C 141 25
C 142 1
C 143 3
C 144 9
C 145 17
C 146 15
C 147 16
C 148 22
C 149 7
C 150 8
C 151 3
C 152 21
C 153 21
C 154 2
C 155 14
C 156 16
C 157 23
C 158 26
C 159 5
C 160 3
C 161 23
C 162 22
C 163 21
C 164 14
C 165 26
C 166 6
C 167 23
C 168 3
C 169 8
C 170 7
C 171 24
C 172 8
C 173 23
C 174 12
C 175 10
C 176 18
C 177 25
C 178 0
C 179 17
C 180 18
C 181 14
C 182 16
C 183 11
C 184 11
C 185 12
C 186 19
C 187 12
C 188 14
C 189 11
C 190 14
C 191 26
C 192 3
C 193 21
C 194 23
C 195 1
C 196 22
C 197 1
C 198 12
C 199 23
C 200 20
C 201 20
C 202 2
C 203 19
C 204 11
C 205 2
C 206 3
C 207 21
C 208 16
C 209 5
C 210 7
C 211 18
C 212 16
C 213 10
C 214 12
C 215 11
C 216 3
C 217 16
C 218 3
C 219 10
C 220 8
C 221 4
C 222 15
C 223 4
C 224 2
C 225 0
C 226 12
C 227 11
C 228 0
C 229 25
C 230 21
C 231 12
C 232 20
C 233 21
C 234 18
C 235 12
C 236 19
C 237 14
C 238 11
C 239 18
C 240 16
C 241 22
C 242 17
C 243 10
C 244 15
C 245 6
C 246 9
C 247 19
C 248 22
C 249 14
C 250 8
C 251 6
C 252 17
C 253 25
C 254 4
C 255 26
C 256 12
C 257 25
C 258 22
C 259 5
C 260 23
C 261 26
C 262 0
C 263 0
C 264 0
C 265 0
C 266 0
C 267 0
C 268 0
C 269 0
C 270 0
C 271 0
C 272 0
C 273 0
C 274 0
C 275 0
C 276 0
C 277 0
C 278 0
C 279 0
C 280 0
C 281 0
C 282 0
C 283 0
C 284 0
C 285 0
C 286 0
C 287 0
C 288 0
C 289 0
C 290 0
C 291 0
C 292 0
C 293 0
C 294 0
C 295 0
C 296 0
C 297 0
C 298 0
C 299 0
C 300 0
C 301 0
C 302 0
C 303 0
C 304 0
C 305 0
C 306 0
C 307 0
C 308 0
C 309 0
C 310 0
C 311 0
C 312 0
C 313 0
C 314 0
C 315 0
C 316 0
C 317 0
C 318 0
C 319 0
C 320 0
C 321 0
C 322 0
C 323 0
C 324 0
C 325 0
C 326 0
C 327 0
C 328 0
C 329 0
C 330 0
C 331 0
C 332 0
C 333 0
C 334 0
C 335 0
C 336 0
C 337 0
C 338 0
C 339 0
C 340 0
C 341 0
C 342 0
C 343 0
C 344 0
C 345 0
C 346 0
C 347 0
C 348 0
C 349 0
C 350 9
I 3 1 15 (0,5,3) (-1,0,-1,0)
I 3 2 4 (3,0,5) (1,0,0,0)
I 0 3 17 (1,1,0) (0,0,1,0)|(0,0,-1,0)|(-1,0,-1,0)|(0,0,-1,0)
