D (10,11,-1) (3,4,3)
D (7,-1,-1) (5,3,2)
D (8,-1,-1) (3,5,2)
D (10,11,-1) (5,3,0)
D (12,-1,-1) (0,5,4)
D (11,-1,-1) (2,2,0)
D (8,9,10) (1,3,5)
D (10,11,12) (2,4,5)
D (7,8,9) (2,1,3)
D (11,-1,-1) (4,3,5)
D (12,-1,-1) (2,3,0)
D (10,11,-1) (4,1,5)
D (7,8,9) (4,5,4)
D (10,11,-1) (4,4,2)
D (8,9,-1) (2,5,2)
D (9,-1,-1) (4,5,0)
D (8,9,10) (5,0,4)
D (10,11,12) (3,5,3)
D (7,8,-1) (1,1,5)
D (7,8,9) (2,4,1)
D (11,12,-1) (2,2,3)
D (9,10,11) (5,2,3)
D (8,9,10) (4,0,4)
D (7,8,-1) (2,3,5)
D (7,-1,-1) (0,2,4)
D (12,-1,-1) (2,2,5)
D (10,-1,-1) (4,4,1)
D (8,-1,-1) (4,5,5)
D (10,11,12) (4,3,4)
D (10,-1,-1) (5,4,2)
D (10,11,12) (2,2,4)
D (8,-1,-1) (2,0,2)
D (11,12,-1) (1,0,3)
D (7,-1,-1) (0,1,2)
D (9,10,11) (5,4,0)
D (11,12,-1) (0,3,3)
D (12,-1,-1) (5,2,2)
D (8,-1,-1) (0,5,2)
D (7,-1,-1) (4,2,4)
D (8,9,-1) (3,5,0)
D (9,10,-1) (4,5,1)
D (12,-1,-1) (2,0,1)
D (11,12,-1) (5,5,0)
D (9,10,-1) (4,0,2)
D (8,-1,-1) (2,0,0)
D (9,10,-1) (5,5,3)
D (10,11,12) (1,2,5)
D (11,12,-1) (3,2,0)
D (10,-1,-1) (2,2,2)
D (8,9,10) (3,1,0)
D (12,-1,-1) (0,1,5)
D (12,-1,-1) (4,0,3)
D (9,10,-1) (3,5,1)
D (8,9,-1) (0,5,3)
D (12,-1,-1) (0,4,3)
D (12,-1,-1) (5,0,2)
D (11,12,-1) (3,4,5)
D (11,-1,-1) (4,4,0)
D (11,12,-1) (4,4,5)
D (12,-1,-1) (1,1,4)
D (8,-1,-1) (1,5,0)
D (11,12,-1) (5,3,5)
D (8,9,-1) (3,2,4)
D (10,11,12) (0,5,0)
D (7,8,-1) (3,0,0)
C 0 17
C 1 20
C 2 10
C 3 0
C 4 21
C 5 10
C 6 10
C 7 8
C 8 24
C 9 18
C 10 14
C 11 15
C 12 20
C 13 9
C 14 22
C 15 7
C 16 9
C 17 5
C 18 25
C 19 11
C 20 23
C 21 25
C 22 6
C 23 20
C 24 4
C 25 14
C 26 23
C 27 5
C 28 23
C 29 24
C 30 26
C 31 12
C 32 0
C 33 0
C 34 0
C 35 0
C 36 0
C 37 0
C 38 0
C 39 0
C 40 0
C 41 0
C 42 0
C 43 0
C 44 0
C 45 0
C 46 0
C 47 0
C 48 0
C 49 0
C 50 0
C 51 0
C 52 0
C 53 0
C 54 0
C 55 0
C 56 0
C 57 0
C 58 0
C 59 0
C 60 0
C 61 0
C 62 0
C 63 0
C 64 0
C 65 0
C 66 0
C 67 0
C 68 0
C 69 0
C 70 0
C 71 0
C 72 0
C 73 0
C 74 0
C 75 0
C 76 0
C 77 0
C 78 0
C 79 0
C 80 0
C 81 0
C 82 0
C 83 0
C 84 0
C 85 0
C 86 0
C 87 0
C 88 0
C 89 0
C 90 0
C 91 0
C 92 0
C 93 0
C 94 0
C 95 0
C 96 0
C 97 0
C 98 0
C 99 0
C 100 0
C 101 0
C 102 0
C 103 0
C 104 0
C 105 0
C 106 0
C 107 18
C 108 20
C 109 8
C 110 26
C 111 3
C 112 22
C 113 7
C 114 14
C 115 26
C 116 19
C 117 18
C 118 16
C 119 14
C 120 5
C 121 15
C 122 12
C 123 17
C 124 17
C 125 26
C 126 19
C 127 0
C 128 14
C 129 1
C 130 22
C 131 19
C 132 20
C 133 12
C 134 10
C 135 22
C 136 7
C 137 1
C 138 18
C 139 14
C 140 0
C 141 18
C 142 9
C 143 7
C 144 17
C 145 17
C 146 21
C 147 20
C 148 7
C 149 7
C 150 11
C 151 3
C 152 20
C 153 7
C 154 22
C 155 0
C 156 15
C 157 22
C 158 0
C 159 12
C 160 14
C 161 7
C 162 18
C 163 11
C 164 22
C 165 15
C 166 7
C 167 5
C 168 1
C 169 17
C 170 26
C 171 6
C 172 1
C 173 5
C 174 23
C 175 12
C 176 5
C 177 23
C 178 21
C 179 21
C 180 8
C 181 15
C 182 5
C 183 22
C 184 22
C 185 17
C 186 22
C 187 14
C 188 20
C 189 15
C 190 22
C 191 6
C 192 5
C 193 25
C 194 15
C 195 26
C 196 11
C 197 0
C 198 0
C 199 0
C 200 0
C 201 0
C 202 0
C 203 0
C 204 0
C 205 0
C 206 0
C 207 0
C 208 0
C 209 0
C 210 0
C 211 0
C 212 0
C 213 0
C 214 0
C 215 0
C 216 0
C 217 0
C 218 0
C 219 0
C 220 0
C 221 0
C 222 0
C 223 0
C 224 0
C 225 0
C 226 0
C 227 0
C 228 0
C 229 0
C 230 0
C 231 0
C 232 0
C 233 0
C 234 0
C 235 0
C 236 0
C 237 0
C 238 0
C 239 0
C 240 0
C 241 0
C 242 0
C 243 0
C 244 0
C 245 0
C 246 0
C 247 0
C 248 0
C 249 0
C 250 0
C 251 0
C 252 0
C 253 0
C 254 0
C 255 0
C 256 0
C 257 0
C 258 0
C 259 0
C 260 0
C 261 0
C 262 0
C 263 0
C 264 0
C 265 0
C 266 0
C 267 0
C 268 0
C 269 0
C 270 0
C 271 0
C 272 0
C 273 0
C 274 0
C 275 0
C 276 0
C 277 0
C 278 0
C 279 0
C 280 0
C 281 0
C 282 0
C 283 0
C 284 0
C 285 0
C 286 0
C 287 0
C 288 0
C 289 0
C 290 0
C 291 0
C 292 0
C 293 0
C 294 0
C 295 0
C 296 0
C 297 0
C 298 0
C 299 0
C 300 0
C 301 0
C 302 0
C 303 0
C 304 0
C 305 0
C 306 0
C 307 0
C 308 0
C 309 0
C 310 0
C 311 0
C 312 0
C 313 0
C 314 0
C 315 0
C 316 0
C 317 0
C 318 0
C 319 0
C 320 0
C 321 0
C 322 0
C 323 0
C 324 0
C 325 0
C 326 0
C 327 0
C 328 0
C 329 0
C 330 8
C 331 25
C 332 10
C 333 7
C 334 0
C 335 17
C 336 8
C 337 11
C 338 19
C 339 26
C 340 1
C 341 24
C 342 1
C 343 17
C 344 2
C 345 23
C 346 9
C 347 5
C 348 0
C 349 2
C 350 1
I 4 2 20 (4,1,0) (0,0,1,0)
I 1 1 1 (0,2,3) (1,-1,0,0)
I 0 2 12 (2,3,4) (1,-1,-1,0)
