D (11,12,-1) (1,0,3)
D (10,11,12) (5,3,3)
D (7,-1,-1) (4,5,4)
D (12,-1,-1) (5,5,5)
D (11,12,-1) (5,0,2)
D (7,-1,-1) (0,0,2)
D (12,-1,-1) (1,2,5)
D (11,12,-1) (5,5,2)
D (7,8,9) (3,4,4)
D (10,11,-1) (4,5,0)
D (12,-1,-1) (4,2,4)
D (9,10,-1) (1,2,3)
D (8,-1,-1) (1,2,2)
D (9,10,11) (4,2,1)
D (8,-1,-1) (2,4,5)
D (9,10,-1) (2,1,5)
D (11,-1,-1) (5,1,3)
D (12,-1,-1) (2,0,4)
D (9,10,11) (3,3,1)
D (12,-1,-1) (3,4,2)
D (11,-1,-1) (3,5,5)
D (12,-1,-1) (4,4,4)
D (12,-1,-1) (1,0,4)
D (8,-1,-1) (3,5,3)
D (8,-1,-1) (2,5,1)
D (8,9,10) (5,1,0)
D (12,-1,-1) (1,3,2)
D (11,12,-1) (2,3,0)
D (10,11,12) (4,5,3)
D (12,-1,-1) (2,5,3)
D (11,12,-1) (0,5,3)
D (10,11,12) (0,0,0)
D (10,11,-1) (2,2,1)
D (12,-1,-1) (0,3,3)
D (10,11,12) (4,4,1)
D (7,8,9) (4,4,2)
D (10,11,12) (3,0,5)
D (8,-1,-1) (2,0,1)
D (7,8,9) (3,5,1)
D (11,12,-1) (3,2,5)
D (10,11,12) (2,4,3)
D (10,11,12) (2,5,5)
D (8,9,10) (4,1,2)
D (7,8,-1) (5,3,0)
D (10,11,-1) (5,0,0)
D (11,-1,-1) (0,1,1)
D (10,-1,-1) (1,1,0)
D (9,-1,-1) (5,3,5)
C 0 11
C 1 7
C 2 22
C 3 2
C 4 18
C 5 4
C 6 3
C 7 21
C 8 7
C 9 14
C 10 7
C 11 6
C 12 23
C 13 8
C 14 24
C 15 7
C 16 15
C 17 3
C 18 15
C 19 11
C 20 11
C 21 9
C 22 2
C 23 18
C 24 17
C 25 6
C 26 2
C 27 25
C 28 22
C 29 25
C 30 23
C 31 0
C 32 0
C 33 0
C 34 0
C 35 0
C 36 0
C 37 0
C 38 0
C 39 0
C 40 0
C 41 0
C 42 0
C 43 0
C 44 0
C 45 0
C 46 0
C 47 0
C 48 0
C 49 0
C 50 0
C 51 0
C 52 0
C 53 0
C 54 0
C 55 0
C 56 0
C 57 0
C 58 0
C 59 0
C 60 0
C 61 0
C 62 22
C 63 22
C 64 7
C 65 23
C 66 12
C 67 11
C 68 10
C 69 20
C 70 9
C 71 15
C 72 23
C 73 26
C 74 20
C 75 7
C 76 15
C 77 8
C 78 6
C 79 2
C 80 19
C 81 16
C 82 22
C 83 10
C 84 20
C 85 24
C 86 6
C 87 4
C 88 22
C 89 17
C 90 23
C 91 8
C 92 10
C 93 17
C 94 10
C 95 24
C 96 7
C 97 7
C 98 24
C 99 12
C 100 23
C 101 18
C 102 2
C 103 20
C 104 7
C 105 14
C 106 5
C 107 20
C 108 3
C 109 26
C 110 9
C 111 17
C 112 11
C 113 21
C 114 19
C 115 18
C 116 11
C 117 23
C 118 18
C 119 22
C 120 22
C 121 14
C 122 7
C 123 25
C 124 26
C 125 15
C 126 9
C 127 24
C 128 8
C 129 22
C 130 24
C 131 12
C 132 19
C 133 2
C 134 1
C 135 1
C 136 12
C 137 8
C 138 14
C 139 21
C 140 23
C 141 5
C 142 23
C 143 12
C 144 10
C 145 12
C 146 5
C 147 23
C 148 3
C 149 17
C 150 4
C 151 2
C 152 7
C 153 2
C 154 1
C 155 18
C 156 24
C 157 14
C 158 21
C 159 20
C 160 21
C 161 14
C 162 15
C 163 23
C 164 5
C 165 7
C 166 19
C 167 14
C 168 5
C 169 14
C 170 11
C 171 22
C 172 7
C 173 4
C 174 5
C 175 12
C 176 11
C 177 24
C 178 26
C 179 9
C 180 21
C 181 6
C 182 20
C 183 4
C 184 22
C 185 5
C 186 3
C 187 8
C 188 17
C 189 4
C 190 10
C 191 8
C 192 19
C 193 8
C 194 6
C 195 12
C 196 6
C 197 2
C 198 24
C 199 12
C 200 23
C 201 8
C 202 21
C 203 20
C 204 4
C 205 0
C 206 23
C 207 16
C 208 0
C 209 0
C 210 0
C 211 0
C 212 0
C 213 0
C 214 0
C 215 0
C 216 0
C 217 0
C 218 0
C 219 0
C 220 0
C 221 0
C 222 0
C 223 0
C 224 0
C 225 0
C 226 0
C 227 0
C 228 0
C 229 0
C 230 0
C 231 0
C 232 0
C 233 0
C 234 0
C 235 0
C 236 0
C 237 0
C 238 0
C 239 0
C 240 0
C 241 0
C 242 0
C 243 0
C 244 0
C 245 0
C 246 0
C 247 0
C 248 0
C 249 0
C 250 0
C 251 0
C 252 0
C 253 0
C 254 0
C 255 0
C 256 0
C 257 0
C 258 0
C 259 0
C 260 0
C 261 0
C 262 0
C 263 0
C 264 0
C 265 0
C 266 0
C 267 0
C 268 0
C 269 0
C 270 0
C 271 0
C 272 0
C 273 0
C 274 0
C 275 0
C 276 0
C 277 0
C 278 0
C 279 0
C 280 0
C 281 0
C 282 0
C 283 0
C 284 0
C 285 0
C 286 0
C 287 0
C 288 0
C 289 0
C 290 0
C 291 0
C 292 0
C 293 0
C 294 0
C 295 0
C 296 0
C 297 0
C 298 0
C 299 0
C 300 0
C 301 0
C 302 0
C 303 0
C 304 0
C 305 0
C 306 0
C 307 0
C 308 0
C 309 0
C 310 0
C 311 0
C 312 0
C 313 0
C 314 0
C 315 0
C 316 0
C 317 0
C 318 0
C 319 0
C 320 0
C 321 0
C 322 0
C 323 0
C 324 0
C 325 0
C 326 0
C 327 0
C 328 0
C 329 0
C 330 0
C 331 0
C 332 0
C 333 0
C 334 0
C 335 0
C 336 0
C 337 0
C 338 0
C 339 0
C 340 0
C 341 0
C 342 0
C 343 0
C 344 0
C 345 0
C 346 0
C 347 0
C 348 0
C 349 0
C 350 0
I 0 2 6 (1,2,4) (1,1,0,0)
I 5 2 10 (0,1,5) (1,0,1,0)|(0,0,0,0)
I 0 3 10 (2,1,3) (0,0,-1,0)|(-1,-1,-1,0)|(1,1,0,0)
