D (7,-1,-1) (0,2,0)
D (8,-1,-1) (3,5,3)
D (12,-1,-1) (0,3,0)
D (8,9,10) (5,4,0)
D (8,-1,-1) (4,3,1)
D (8,9,10) (0,5,4)
D (11,12,-1) (3,1,2)
D (7,8,-1) (4,2,5)
D (7,8,9) (2,0,2)
D (8,9,10) (3,4,2)
D (12,-1,-1) (0,3,1)
D (10,12,-1) (0,5,0)
D (7,8,9) (0,2,4)
D (11,12,-1) (4,1,1)
D (11,12,-1) (3,3,3)
D (8,-1,-1) (3,4,3)
D (11,12,-1) (5,3,5)
D (9,-1,-1) (1,4,3)
D (8,-1,-1) (1,1,4)
D (11,12,-1) (0,0,0)
D (12,-1,-1) (1,2,5)
D (11,-1,-1) (4,5,4)
D (7,8,9) (4,5,1)
D (7,8,-1) (2,0,3)
D (8,9,-1) (5,0,1)
D (10,11,12) (3,0,5)
D (10,11,-1) (5,1,1)
D (12,-1,-1) (0,4,5)
D (9,-1,-1) (3,3,2)
D (8,9,10) (5,0,5)
D (12,-1,-1) (5,5,1)
D (9,-1,-1) (5,4,4)
D (7,8,9) (2,4,4)
D (7,8,-1) (1,4,0)
D (7,-1,-1) (5,5,3)
D (7,8,9) (1,1,1)
D (11,12,-1) (2,5,3)
D (10,-1,-1) (5,4,2)
D (7,-1,-1) (5,4,1)
D (8,9,-1) (3,2,1)
D (12,-1,-1) (4,5,0)
D (10,11,-1) (0,4,3)
D (8,-1,-1) (3,4,4)
D (7,8,9) (4,3,0)
D (8,-1,-1) (3,4,1)
D (7,8,-1) (3,4,0)
C 0 11
C 1 20
C 2 11
C 3 6
C 4 10
C 5 10
C 6 18
C 7 9
C 8 21
C 9 15
C 10 25
C 11 12
C 12 21
C 13 7
C 14 23
C 15 9
C 16 10
C 17 16
C 18 0
C 19 23
C 20 1
C 21 0
C 22 0
C 23 0
C 24 0
C 25 0
C 26 0
C 27 0
C 28 0
C 29 0
C 30 0
C 31 0
C 32 0
C 33 0
C 34 0
C 35 0
C 36 0
C 37 0
C 38 0
C 39 0
C 40 0
C 41 0
C 42 0
C 43 0
C 44 0
C 45 0
C 46 0
C 47 0
C 48 0
C 49 0
C 50 0
C 51 0
C 52 0
C 53 0
C 54 0
C 55 0
C 56 0
C 57 0
C 58 0
C 59 0
C 60 0
C 61 0
C 62 0
C 63 0
C 64 0
C 65 0
C 66 0
C 67 0
C 68 0
C 69 0
C 70 0
C 71 0
C 72 0
C 73 0
C 74 0
C 75 0
C 76 0
C 77 0
C 78 0
C 79 0
C 80 0
C 81 0
C 82 0
C 83 0
C 84 0
C 85 0
C 86 0
C 87 0
C 88 0
C 89 0
C 90 0
C 91 0
C 92 0
C 93 0
C 94 0
C 95 0
C 96 0
C 97 0
C 98 0
C 99 0
C 100 0
C 101 0
C 102 0
C 103 9
C 104 9
C 105 26
C 106 10
C 107 11
C 108 18
C 109 10
C 110 17
C 111 17
C 112 19
C 113 16
C 114 2
C 115 19
C 116 8
C 117 15
C 118 5
C 119 2
C 120 15
C 121 19
C 122 8
C 123 8
C 124 9
C 125 6
C 126 9
C 127 16
C 128 20
C 129 24
C 130 9
C 131 12
C 132 15
C 133 16
C 134 9
C 135 15
C 136 12
C 137 26
C 138 3
C 139 26
C 140 0
C 141 0
C 142 0
C 143 0
C 144 0
C 145 0
C 146 0
C 147 0
C 148 0
C 149 0
C 150 0
C 151 0
C 152 0
C 153 0
C 154 10
C 155 23
C 156 25
C 157 3
C 158 3
C 159 11
C 160 19
C 161 19
C 162 22
C 163 1
C 164 24
C 165 17
C 166 21
C 167 24
C 168 23
C 169 20
C 170 0
C 171 10
C 172 19
C 173 19
C 174 17
C 175 18
C 176 21
C 177 4
C 178 5
C 179 1
C 180 3
C 181 9
C 182 11
C 183 20
C 184 15
C 185 16
C 186 19
C 187 1
C 188 17
C 189 24
C 190 18
C 191 16
C 192 24
C 193 7
C 194 14
C 195 21
C 196 8
C 197 12
C 198 10
C 199 22
C 200 16
C 201 23
C 202 21
C 203 14
C 204 3
C 205 26
C 206 25
C 207 4
C 208 25
C 209 21
C 210 5
C 211 11
C 212 18
C 213 11
C 214 4
C 215 8
C 216 2
C 217 14
C 218 24
C 219 24
C 220 24
C 221 21
C 222 1
C 223 7
C 224 5
C 225 2
C 226 10
C 227 15
C 228 26
C 229 3
C 230 5
C 231 19
C 232 25
C 233 7
C 234 2
C 235 23
C 236 7
C 237 14
C 238 26
C 239 1
C 240 22
C 241 23
C 242 23
C 243 20
C 244 23
C 245 0
C 246 18
C 247 20
C 248 16
C 249 26
C 250 2
C 251 4
C 252 0
C 253 21
C 254 5
C 255 14
C 256 16
C 257 25
C 258 7
C 259 10
C 260 15
C 261 0
C 262 8
C 263 17
C 264 24
C 265 8
C 266 21
C 267 19
C 268 3
C 269 5
C 270 17
C 271 4
C 272 16
C 273 14
C 274 25
C 275 18
C 276 12
C 277 7
C 278 22
C 279 20
C 280 0
C 281 6
C 282 14
C 283 10
C 284 26
C 285 12
C 286 15
C 287 17
C 288 22
C 289 2
C 290 3
C 291 16
C 292 19
C 293 12
C 294 14
C 295 8
C 296 9
C 297 24
C 298 6
C 299 9
C 300 18
C 301 21
C 302 25
C 303 7
C 304 15
C 305 15
C 306 21
C 307 19
C 308 14
C 309 2
C 310 7
C 311 4
C 312 26
C 313 7
C 314 18
C 315 23
C 316 14
C 317 22
C 318 17
C 319 11
C 320 4
C 321 24
C 322 6
C 323 7
C 324 0
C 325 0
C 326 3
C 327 4
C 328 12
C 329 6
C 330 12
C 331 18
C 332 12
C 333 24
C 334 17
C 335 9
C 336 10
C 337 21
C 338 17
C 339 18
C 340 5
C 341 1
C 342 23
C 343 6
C 344 2
C 345 23
C 346 5
C 347 26
C 348 21
C 349 15
C 350 25
I 0 3 18 (4,0,3) (0,1,1,0)
I 0 2 12 (0,4,0) (1,-1,1,0)|(0,1,0,0)|(1,-1,0,0)|(-1,0,1,0)|(1,-1,1,0)
I 0 1 1 (0,2,4) (1,-1,-1,0)
