D (7,8,9) (4,3,2)
D (9,-1,-1) (0,1,3)
D (9,10,-1) (4,2,0)
D (7,8,-1) (2,1,4)
D (7,-1,-1) (1,2,3)
D (10,11,12) (5,0,3)
D (11,12,-1) (4,1,3)
D (10,10,11) (3,4,5)
D (12,-1,-1) (4,5,4)
D (10,11,12) (5,5,4)
D (12,-1,-1) (3,1,0)
D (7,-1,-1) (2,4,0)
D (10,11,12) (1,5,0)
D (11,-1,-1) (2,5,1)
D (8,9,10) (0,4,2)
D (8,9,10) (2,2,3)
D (12,-1,-1) (0,5,1)
D (11,-1,-1) (5,3,2)
D (7,-1,-1) (4,0,2)
D (8,-1,-1) (1,3,5)
D (11,12,-1) (0,5,0)
D (8,9,-1) (4,2,2)
D (10,-1,-1) (4,5,3)
D (9,10,11) (4,5,0)
D (8,9,10) (5,0,5)
D (7,8,9) (0,4,4)
D (9,-1,-1) (2,4,3)
D (10,11,12) (2,1,2)
D (8,-1,-1) (2,3,0)
D (8,-1,-1) (1,0,5)
D (10,-1,-1) (5,2,1)
D (10,11,-1) (3,2,0)
D (12,-1,-1) (4,2,5)
D (10,-1,-1) (2,5,4)
D (8,-1,-1) (5,3,0)
D (7,8,-1) (2,0,0)
D (8,9,10) (4,2,3)
D (12,-1,-1) (2,2,1)
D (12,-1,-1) (3,5,5)
D (7,-1,-1) (0,0,2)
D (8,9,10) (0,0,5)
D (7,-1,-1) (5,2,3)
C 0 22
C 1 7
C 2 23
C 3 19
C 4 10
C 5 24
C 6 22
C 7 9
C 8 10
C 9 16
C 10 1
C 11 0
C 12 17
C 13 15
C 14 26
C 15 4
C 16 18
C 17 14
C 18 1
C 19 0
C 20 4
C 21 20
C 22 8
C 23 14
C 24 17
C 25 2
C 26 7
C 27 0
C 28 23
C 29 0
C 30 17
C 31 14
C 32 18
C 33 12
C 34 25
C 35 15
C 36 1
C 37 12
C 38 9
C 39 19
C 40 20
C 41 22
C 42 8
C 43 4
C 44 15
C 45 5
C 46 1
C 47 5
C 48 16
C 49 21
C 50 8
C 51 24
C 52 16
C 53 4
C 54 0
C 55 12
C 56 3
C 57 12
C 58 22
C 59 10
C 60 26
C 61 18
C 62 26
C 63 7
C 64 7
C 65 22
C 66 12
C 67 24
C 68 25
C 69 3
C 70 0
C 71 23
C 72 0
C 73 0
C 74 0
C 75 0
C 76 0
C 77 0
C 78 0
C 79 0
C 80 0
C 81 0
C 82 0
C 83 0
C 84 0
C 85 0
C 86 0
C 87 0
C 88 0
C 89 0
C 90 0
C 91 0
C 92 0
C 93 0
C 94 0
C 95 0
C 96 0
C 97 0
C 98 0
C 99 0
C 100 0
C 101 0
C 102 0
C 103 0
C 104 0
C 105 0
C 106 0
C 107 0
C 108 0
C 109 0
C 110 0
C 111 0
C 112 0
C 113 0
C 114 0
C 115 0
C 116 0
C 117 0
C 118 0
C 119 0
C 120 0
C 121 0
C 122 0
C 123 0
C 124 0
C 125 0
C 126 0
C 127 0
C 128 0
C 129 0
C 130 0
C 131 0
C 132 0
C 133 4
C 134 19
C 135 3
C 136 2
C 137 3
C 138 25
C 139 24
C 140 6
C 141 2
C 142 18
C 143 8
C 144 3
C 145 19
C 146 21
C 147 2
C 148 22
C 149 11
C 150 9
C 151 22
C 152 10
C 153 8
C 154 17
C 155 15
C 156 12
C 157 26
C 158 15
C 159 14
C 160 20
C 161 23
C 162 16
C 163 4
C 164 14
C 165 12
C 166 18
C 167 25
C 168 7
C 169 9
C 170 21
C 171 5
C 172 21
C 173 3
C 174 25
C 175 6
C 176 21
C 177 20
C 178 20
C 179 0
C 180 17
C 181 8
C 182 8
C 183 8
C 184 14
C 185 23
C 186 1
C 187 17
C 188 24
C 189 18
C 190 18
C 191 11
C 192 3
C 193 24
C 194 17
C 195 5
C 196 9
C 197 5
C 198 20
C 199 22
C 200 4
C 201 0
C 202 24
C 203 1
C 204 3
C 205 5
C 206 12
C 207 2
C 208 3
C 209 20
C 210 8
C 211 5
C 212 11
C 213 19
C 214 10
C 215 9
C 216 4
C 217 7
C 218 25
C 219 0
C 220 22
C 221 12
C 222 7
C 223 26
C 224 10
C 225 26
C 226 16
C 227 6
C 228 12
C 229 19
C 230 5
C 231 15
C 232 1
C 233 11
C 234 6
C 235 3
C 236 3
C 237 21
C 238 5
C 239 0
C 240 26
C 241 0
C 242 23
C 243 26
C 244 23
C 245 7
C 246 11
C 247 23
C 248 16
C 249 26
C 250 14
C 251 0
C 252 24
C 253 23
C 254 15
C 255 22
C 256 10
C 257 8
C 258 7
C 259 2
C 260 17
C 261 7
C 262 11
C 263 9
C 264 11
C 265 25
C 266 11
C 267 9
C 268 6
C 269 10
C 270 23
C 271 8
C 272 5
C 273 22
C 274 0
C 275 0
C 276 0
C 277 0
C 278 0
C 279 0
C 280 0
C 281 0
C 282 0
C 283 0
C 284 0
C 285 0
C 286 0
C 287 0
C 288 0
C 289 0
C 290 0
C 291 0
C 292 0
C 293 0
C 294 0
C 295 0
C 296 0
C 297 0
C 298 0
C 299 0
C 300 0
C 301 0
C 302 0
C 303 0
C 304 0
C 305 0
C 306 0
C 307 0
C 308 0
C 309 0
C 310 0
C 311 0
C 312 0
C 313 0
C 314 0
C 315 0
C 316 0
C 317 0
C 318 0
C 319 0
C 320 0
C 321 0
C 322 0
C 323 0
C 324 0
C 325 0
C 326 24
C 327 20
C 328 21
C 329 5
C 330 11
C 331 12
C 332 25
C 333 14
C 334 4
C 335 16
C 336 1
C 337 9
C 338 7
C 339 18
C 340 7
C 341 17
C 342 16
C 343 19
C 344 19
C 345 16
C 346 14
C 347 25
C 348 6
C 349 8
C 350 8
I 0 3 9 (3,0,1) (1,1,1,0)
I 5 3 20 (5,5,2) (1,-1,-1,0)|(-1,0,1,0)
