D (8,-1,-1) (0,2,3)
D (10,-1,-1) (1,3,3)
D (11,12,-1) (5,2,2)
D (9,-1,-1) (5,3,0)
D (11,12,-1) (2,0,5)
D (9,-1,-1) (1,3,1)
D (12,-1,-1) (5,4,2)
D (10,-1,-1) (3,5,4)
D (7,8,9) (4,2,5)
D (8,9,-1) (0,0,3)
D (10,-1,-1) (5,2,4)
D (9,-1,-1) (0,0,5)
D (10,-1,-1) (5,3,2)
D (7,8,-1) (4,2,4)
D (8,9,10) (3,3,1)
D (10,11,12) (3,2,4)
D (8,-1,-1) (0,3,2)
D (12,-1,-1) (4,0,4)
D (9,-1,-1) (4,4,4)
D (9,-1,-1) (3,5,3)
D (11,12,-1) (5,3,1)
D (8,9,10) (5,5,4)
D (7,8,-1) (0,4,5)
D (8,9,10) (5,5,2)
D (7,8,-1) (3,3,3)
D (11,12,-1) (3,0,4)
D (10,11,-1) (5,4,3)
D (8,9,10) (1,1,1)
D (12,-1,-1) (3,1,0)
D (12,-1,-1) (3,5,0)
D (10,-1,-1) (2,1,2)
D (7,8,-1) (3,0,3)
D (11,12,-1) (5,2,0)
D (7,8,9) (2,5,0)
D (11,12,-1) (2,5,4)
D (11,12,-1) (3,1,2)
D (9,10,11) (0,3,1)
D (12,-1,-1) (1,4,3)
D (9,-1,-1) (1,0,0)
D (11,12,-1) (3,1,3)
D (10,11,-1) (3,3,5)
C 0 5
C 1 17
C 2 21
C 3 6
C 4 6
C 5 23
C 6 18
C 7 0
C 8 2
C 9 0
C 10 0
C 11 0
C 12 0
C 13 0
C 14 0
C 15 0
C 16 0
C 17 0
C 18 0
C 19 0
C 20 0
C 21 0
C 22 0
C 23 0
C 24 0
C 25 0
C 26 0
C 27 0
C 28 0
C 29 0
C 30 0
C 31 0
C 32 0
C 33 0
C 34 0
C 35 0
C 36 0
C 37 0
C 38 0
C 39 0
C 40 0
C 41 0
C 42 0
C 43 0
C 44 0
C 45 0
C 46 0
C 47 0
C 48 0
C 49 0
C 50 0
C 51 0
C 52 0
C 53 0
C 54 0
C 55 0
C 56 0
C 57 0
C 58 0
C 59 0
C 60 0
C 61 0
C 62 0
C 63 0
C 64 0
C 65 0
C 66 0
C 67 0
C 68 0
C 69 0
C 70 0
C 71 0
C 72 0
C 73 0
C 74 0
C 75 0
C 76 0
C 77 0
C 78 0
C 79 0
C 80 0
C 81 0
C 82 0
C 83 0
C 84 0
C 85 0
C 86 0
C 87 0
C 88 0
C 89 0
C 90 0
C 91 0
C 92 0
C 93 0
C 94 0
C 95 0
C 96 0
C 97 0
C 98 0
C 99 0
C 100 0
C 101 0
C 102 0
C 103 0
C 104 0
C 105 0
C 106 19
C 107 6
C 108 24
C 109 25
C 110 18
C 111 26
C 112 14
C 113 20
C 114 20
C 115 3
C 116 1
C 117 10
C 118 18
C 119 23
C 120 26
C 121 7
C 122 10
C 123 7
C 124 4
C 125 3
C 126 5
C 127 21
C 128 10
C 129 14
C 130 23
C 131 3
C 132 9
C 133 5
C 134 26
C 135 22
C 136 2
C 137 1
C 138 23
C 139 4
C 140 16
C 141 15
C 142 0
C 143 18
C 144 1
C 145 12
C 146 23
C 147 26
C 148 7
C 149 4
C 150 5
C 151 25
C 152 15
C 153 25
C 154 20
C 155 8
C 156 16
C 157 5
C 158 14
C 159 18
C 160 24
C 161 7
C 162 16
C 163 22
C 164 24
C 165 20
C 166 20
C 167 12
C 168 6
C 169 14
C 170 17
C 171 9
C 172 9
C 173 24
C 174 11
C 175 3
C 176 25
C 177 17
C 178 23
C 179 18
C 180 3
C 181 0
C 182 21
C 183 21
C 184 14
C 185 22
C 186 20
C 187 15
C 188 25
C 189 26
C 190 1
C 191 17
C 192 2
C 193 6
C 194 14
C 195 9
C 196 16
C 197 10
C 198 15
C 199 10
C 200 17
C 201 20
C 202 6
C 203 2
C 204 6
C 205 24
C 206 10
C 207 4
C 208 7
C 209 6
C 210 22
C 211 20
C 212 6
C 213 4
C 214 2
C 215 0
C 216 4
C 217 12
C 218 2
C 219 24
C 220 5
C 221 3
C 222 11
C 223 9
C 224 3
C 225 18
C 226 26
C 227 24
C 228 2
C 229 22
C 230 21
C 231 10
C 232 23
C 233 5
C 234 1
C 235 15
C 236 7
C 237 19
C 238 23
C 239 14
C 240 17
C 241 22
C 242 4
C 243 5
C 244 18
C 245 18
C 246 25
C 247 1
C 248 8
C 249 4
C 250 0
C 251 20
C 252 0
C 253 0
C 254 0
C 255 0
C 256 0
C 257 0
C 258 0
C 259 0
C 260 0
C 261 0
C 262 0
C 263 0
C 264 0
C 265 0
C 266 0
C 267 0
C 268 0
C 269 0
C 270 0
C 271 0
C 272 0
C 273 0
C 274 0
C 275 0
C 276 0
C 277 0
C 278 0
C 279 0
C 280 0
C 281 0
C 282 0
C 283 0
C 284 0
C 285 0
C 286 0
C 287 0
C 288 0
C 289 0
C 290 0
C 291 0
C 292 0
C 293 0
C 294 0
C 295 0
C 296 0
C 297 0
C 298 0
C 299 0
C 300 0
C 301 0
C 302 0
C 303 5
C 304 1
C 305 6
C 306 3
C 307 19
C 308 2
C 309 2
C 310 16
C 311 10
C 312 9
C 313 3
C 314 21
C 315 15
C 316 17
C 317 0
C 318 4
C 319 17
C 320 6
C 321 14
C 322 20
C 323 16
C 324 0
C 325 15
C 326 4
C 327 7
C 328 22
C 329 21
C 330 23
C 331 25
C 332 8
C 333 1
C 334 9
C 335 24
C 336 6
C 337 6
C 338 23
C 339 17
C 340 12
C 341 17
C 342 8
C 343 7
C 344 24
C 345 0
C 346 23
C 347 26
C 348 24
C 349 15
C 350 11
I 4 3 17 (1,3,2) (-1,-1,0,0)
I 1 3 6 (2,0,3) (1,1,1,0)|(-1,1,1,0)|(0,1,0,0)
I 3 1 17 (1,5,3) (0,0,1,0)|(0,-1,0,0)
