D (12,-1,-1) (4,0,0)
D (7,8,-1) (5,3,5)
D (10,11,-1) (0,0,2)
D (11,12,-1) (2,5,3)
D (7,8,-1) (4,1,1)
D (8,9,-1) (4,5,1)
D (7,8,-1) (5,2,3)
D (9,10,11) (4,1,0)
D (9,10,-1) (2,0,0)
D (12,-1,-1) (3,1,2)
D (9,-1,-1) (0,1,5)
D (12,-1,-1) (2,4,0)
D (9,10,-1) (0,0,0)
D (11,-1,-1) (2,2,3)
D (9,-1,-1) (2,2,0)
D (9,10,11) (0,3,1)
D (7,-1,-1) (5,5,3)
D (9,10,-1) (2,0,2)
D (8,-1,-1) (2,5,0)
D (8,-1,-1) (4,1,3)
D (11,12,-1) (1,1,5)
D (10,11,-1) (0,1,1)
D (12,-1,-1) (5,3,0)
D (12,-1,-1) (3,5,4)
D (7,8,-1) (3,5,0)
D (11,-1,-1) (4,0,2)
D (7,8,-1) (4,0,1)
D (10,-1,-1) (3,4,0)
D (10,11,12) (0,4,4)
D (8,9,-1) (3,2,0)
D (8,9,10) (1,3,0)
D (8,-1,-1) (0,5,0)
D (11,12,-1) (0,4,3)
D (12,-1,-1) (3,3,3)
D (12,-1,-1) (0,5,4)
D (10,-1,-1) (3,1,5)
D (12,-1,-1) (2,4,4)
D (10,-1,-1) (3,5,3)
D (11,-1,-1) (1,2,3)
D (9,-1,-1) (2,3,5)
D (9,10,11) (4,1,5)
D (7,-1,-1) (1,0,1)
D (11,12,-1) (5,2,2)
D (7,-1,-1) (2,4,3)
D (9,10,11) (5,4,5)
D (10,11,12) (3,0,5)
D (10,11,12) (3,4,3)
D (11,12,-1) (2,3,0)
D (11,-1,-1) (2,4,5)
D (12,-1,-1) (1,1,3)
D (8,-1,-1) (3,4,4)
D (9,10,-1) (4,5,0)
C 0 16
C 1 10
C 2 17
C 3 25
C 4 5
C 5 22
C 6 3
C 7 24
C 8 12
C 9 8
C 10 24
C 11 8
C 12 25
C 13 7
C 14 9
C 15 19
C 16 17
C 17 23
C 18 2
C 19 4
C 20 11
C 21 25
C 22 19
C 23 1
C 24 5
C 25 19
C 26 3
C 27 12
C 28 11
C 29 6
C 30 26
C 31 1
C 32 22
C 33 21
C 34 3
C 35 21
C 36 1
C 37 18
C 38 21
C 39 20
C 40 16
C 41 19
C 42 18
C 43 11
C 44 3
C 45 16
C 46 0
C 47 11
C 48 19
C 49 7
C 50 25
C 51 5
C 52 19
C 53 12
C 54 3
C 55 5
C 56 7
C 57 19
C 58 25
C 59 8
C 60 23
C 61 22
C 62 3
C 63 8
C 64 0
C 65 2
C 66 21
C 67 11
C 68 23
C 69 14
C 70 10
C 71 25
C 72 17
C 73 5
C 74 20
C 75 25
C 76 25
C 77 16
C 78 23
C 79 19
C 80 1
C 81 18
C 82 14
C 83 12
C 84 8
C 85 16
C 86 4
C 87 16
C 88 3
C 89 8
C 90 22
C 91 16
C 92 7
C 93 22
C 94 23
C 95 26
C 96 1
C 97 11
C 98 3
C 99 26
C 100 24
C 101 0
C 102 2
C 103 26
C 104 22
C 105 0
C 106 21
C 107 5
C 108 6
C 109 12
C 110 25
C 111 14
C 112 5
C 113 11
C 114 21
C 115 0
C 116 25
C 117 4
C 118 18
C 119 8
C 120 17
C 121 6
C 122 14
C 123 24
C 124 26
C 125 23
C 126 16
C 127 22
C 128 4
C 129 23
C 130 2
C 131 26
C 132 11
C 133 18
C 134 5
C 135 26
C 136 22
C 137 24
C 138 9
C 139 18
C 140 9
C 141 24
C 142 24
C 143 22
C 144 20
C 145 0
C 146 21
C 147 20
C 148 0
C 149 8
C 150 5
C 151 2
C 152 2
C 153 15
C 154 19
C 155 21
C 156 10
C 157 0
C 158 17
C 159 21
C 160 1
C 161 14
C 162 3
C 163 8
C 164 10
C 165 16
C 166 25
C 167 19
C 168 2
C 169 15
C 170 12
C 171 26
C 172 9
C 173 5
C 174 3
C 175 7
C 176 4
C 177 10
C 178 20
C 179 15
C 180 16
C 181 1
C 182 4
C 183 16
C 184 3
C 185 20
C 186 26
C 187 3
C 188 5
C 189 20
C 190 18
C 191 14
C 192 9
C 193 4
C 194 21
C 195 26
C 196 3
C 197 25
C 198 0
C 199 10
C 200 10
C 201 26
C 202 0
C 203 7
C 204 16
C 205 19
C 206 2
C 207 8
C 208 16
C 209 7
C 210 8
C 211 16
C 212 15
C 213 12
C 214 7
C 215 0
C 216 0
C 217 0
C 218 0
C 219 0
C 220 0
C 221 0
C 222 0
C 223 0
C 224 0
C 225 0
C 226 0
C 227 0
C 228 0
C 229 0
C 230 0
C 231 0
C 232 0
C 233 0
C 234 0
C 235 0
C 236 0
C 237 0
C 238 0
C 239 0
C 240 0
C 241 0
C 242 0
C 243 0
C 244 0
C 245 0
C 246 0
C 247 0
C 248 0
C 249 0
C 250 0
C 251 0
C 252 0
C 253 0
C 254 0
C 255 0
C 256 0
C 257 0
C 258 0
C 259 0
C 260 0
C 261 0
C 262 0
C 263 0
C 264 0
C 265 0
C 266 0
C 267 0
C 268 0
C 269 0
C 270 0
C 271 0
C 272 0
C 273 0
C 274 0
C 275 0
C 276 0
C 277 0
C 278 0
C 279 0
C 280 0
C 281 0
C 282 0
C 283 0
C 284 0
C 285 0
C 286 0
C 287 0
C 288 0
C 289 0
C 290 0
C 291 0
C 292 0
C 293 0
C 294 0
C 295 0
C 296 0
C 297 0
C 298 0
C 299 0
C 300 0
C 301 0
C 302 0
C 303 0
C 304 0
C 305 0
C 306 0
C 307 0
C 308 0
C 309 0
C 310 0
C 311 0
C 312 0
C 313 0
C 314 0
C 315 0
C 316 0
C 317 0
C 318 0
C 319 0
C 320 0
C 321 0
C 322 0
C 323 0
C 324 0
C 325 0
C 326 0
C 327 0
C 328 0
C 329 0
C 330 0
C 331 0
C 332 0
C 333 23
C 334 19
C 335 22
C 336 7
C 337 17
C 338 4
C 339 10
C 340 1
C 341 8
C 342 22
C 343 22
C 344 11
C 345 9
C 346 12
C 347 10
C 348 17
C 349 20
C 350 15
I 1 2 12 (1,1,1) (0,1,1,0)
I 2 3 18 (2,4,5) (0,-1,1,0)|(-1,1,-1,0)
I 0 1 13 (2,3,1) (1,-1,0,0)|(0,1,-1,0)|(-1,0,1,0)
