D (9,-1,-1) (2,1,5)
D (12,-1,-1) (5,2,1)
D (11,-1,-1) (1,4,3)
D (11,-1,-1) (0,0,2)
D (7,8,9) (2,3,0)
D (12,-1,-1) (4,2,3)
D (8,-1,-1) (0,1,4)
D (10,11,12) (0,0,1)
D (10,11,-1) (4,4,1)
D (8,9,-1) (3,4,4)
D (12,-1,-1) (0,4,3)
D (10,11,-1) (4,4,5)
D (7,8,-1) (0,3,4)
D (9,10,11) (5,0,1)
D (10,11,-1) (2,5,3)
D (7,-1,-1) (4,5,4)
D (7,8,9) (5,4,3)
D (7,8,-1) (2,3,2)
D (10,11,-1) (4,0,0)
D (10,-1,-1) (2,4,1)
D (11,12,-1) (1,1,3)
D (11,-1,-1) (2,0,4)
D (11,12,-1) (5,4,5)
D (9,10,11) (2,2,3)
D (12,-1,-1) (1,2,5)
D (7,8,9) (3,3,5)
D (7,8,9) (5,4,4)
D (12,-1,-1) (2,2,2)
D (7,8,9) (4,2,4)
D (7,8,-1) (0,5,0)
D (8,9,-1) (0,2,1)
D (8,9,10) (2,0,2)
D (11,12,-1) (3,0,4)
D (12,-1,-1) (1,5,5)
D (9,10,11) (4,4,4)
D (8,9,10) (0,1,0)
D (7,8,9) (0,3,2)
D (7,8,9) (5,1,2)
D (12,-1,-1) (1,4,5)
D (8,-1,-1) (3,0,3)
D (10,11,12) (1,1,0)
D (9,10,-1) (0,3,5)
D (7,-1,-1) (2,2,5)
D (8,-1,-1) (2,3,3)
D (11,-1,-1) (3,2,5)
D (10,11,12) (1,1,4)
D (8,-1,-1) (4,0,3)
D (10,-1,-1) (1,2,3)
D (8,9,-1) (4,1,3)
D (12,-1,-1) (1,2,2)
D (10,-1,-1) (1,5,2)
D (11,12,-1) (1,4,4)
C 0 7
C 1 5
C 2 12
C 3 1
C 4 20
C 5 8
C 6 22
C 7 2
C 8 22
C 9 4
C 10 25
C 11 22
C 12 16
C 13 26
C 14 5
C 15 10
C 16 6
C 17 16
C 18 21
C 19 9
C 20 17
C 21 16
C 22 25
C 23 10
C 24 15
C 25 24
C 26 26
C 27 17
C 28 21
C 29 20
C 30 9
C 31 15
C 32 5
C 33 2
C 34 26
C 35 20
C 36 4
C 37 20
C 38 25
C 39 26
C 40 22
C 41 10
C 42 17
C 43 7
C 44 4
C 45 26
C 46 0
C 47 8
C 48 14
C 49 12
C 50 3
C 51 17
C 52 4
C 53 6
C 54 23
C 55 17
C 56 16
C 57 26
C 58 12
C 59 1
C 60 23
C 61 7
C 62 8
C 63 25
C 64 4
C 65 26
C 66 8
C 67 23
C 68 23
C 69 10
C 70 14
C 71 15
C 72 4
C 73 22
C 74 10
C 75 11
C 76 14
C 77 1
C 78 15
C 79 4
C 80 22
C 81 9
C 82 7
C 83 7
C 84 18
C 85 17
C 86 14
C 87 14
C 88 1
C 89 26
C 90 6
C 91 3
C 92 15
C 93 11
C 94 18
C 95 21
C 96 10
C 97 11
C 98 8
C 99 20
C 100 19
C 101 18
C 102 3
C 103 7
C 104 5
C 105 15
C 106 0
C 107 17
C 108 17
C 109 10
C 110 11
C 111 12
C 112 2
C 113 4
C 114 1
C 115 7
C 116 6
C 117 3
C 118 26
C 119 7
C 120 26
C 121 19
C 122 15
C 123 6
C 124 7
C 125 23
C 126 25
C 127 11
C 128 14
C 129 20
C 130 10
C 131 2
C 132 3
C 133 7
C 134 6
C 135 20
C 136 4
C 137 17
C 138 1
C 139 11
C 140 0
C 141 0
C 142 0
C 143 0
C 144 0
C 145 0
C 146 0
C 147 0
C 148 0
C 149 0
C 150 0
C 151 0
C 152 0
C 153 0
C 154 0
C 155 0
C 156 0
C 157 0
C 158 0
C 159 0
C 160 0
C 161 0
C 162 0
C 163 0
C 164 0
C 165 0
C 166 0
C 167 0
C 168 0
C 169 0
C 170 0
C 171 0
C 172 0
C 173 0
C 174 0
C 175 0
C 176 0
C 177 0
C 178 0
C 179 0
C 180 0
C 181 0
C 182 0
C 183 0
C 184 0
C 185 0
C 186 0
C 187 0
C 188 0
C 189 0
C 190 0
C 191 0
C 192 0
C 193 0
C 194 0
C 195 0
C 196 0
C 197 0
C 198 0
C 199 0
C 200 0
C 201 0
C 202 0
C 203 0
C 204 0
C 205 0
C 206 0
C 207 0
C 208 0
C 209 0
C 210 0
C 211 0
C 212 0
C 213 0
C 214 0
C 215 0
C 216 0
C 217 0
C 218 0
C 219 0
C 220 0
C 221 0
C 222 0
C 223 0
C 224 0
C 225 0
C 226 0
C 227 0
C 228 23
C 229 25
C 230 0
C 231 5
C 232 18
C 233 6
C 234 3
C 235 8
C 236 1
C 237 9
C 238 26
C 239 0
C 240 1
C 241 26
C 242 7
C 243 17
C 244 2
C 245 25
C 246 0
C 247 22
C 248 2
C 249 19
C 250 11
C 251 16
C 252 24
C 253 23
C 254 16
C 255 4
C 256 10
C 257 0
C 258 0
C 259 17
C 260 19
C 261 22
C 262 16
C 263 4
C 264 9
C 265 10
C 266 7
C 267 8
C 268 22
C 269 8
C 270 4
C 271 0
C 272 6
C 273 4
C 274 11
C 275 18
C 276 8
C 277 18
C 278 0
C 279 6
C 280 18
C 281 17
C 282 20
C 283 22
C 284 11
C 285 4
C 286 11
C 287 0
C 288 12
C 289 23
C 290 8
C 291 17
C 292 17
C 293 23
C 294 24
C 295 3
C 296 21
C 297 21
C 298 0
C 299 0
C 300 17
C 301 6
C 302 5
C 303 12
C 304 3
C 305 16
C 306 10
C 307 2
C 308 5
C 309 26
C 310 3
C 311 4
C 312 6
C 313 7
C 314 1
C 315 22
C 316 25
C 317 7
C 318 19
C 319 19
C 320 10
C 321 26
C 322 6
C 323 19
C 324 0
C 325 0
C 326 0
C 327 0
C 328 0
C 329 0
C 330 0
C 331 0
C 332 0
C 333 0
C 334 0
C 335 0
C 336 0
C 337 0
C 338 0
C 339 0
C 340 0
C 341 0
C 342 0
C 343 0
C 344 0
C 345 12
C 346 14
C 347 5
C 348 19
C 349 7
C 350 14
I 0 1 14 (5,1,0) (0,0,1,0)|(-1,-1,-1,0)
I 4 2 6 (0,2,1) (1,-1,0,0)|(1,1,-1,0)|(-1,0,0,0)
I 0 1 12 (4,0,5) (1,1,0,0)|(-1,-1,0,0)|(-1,0,0,0)|(-1,1,-1,0)
