D (11,-1,-1) (5,2,1)
D (12,-1,-1) (2,0,0)
D (9,-1,-1) (0,3,1)
D (10,-1,-1) (3,2,3)
D (9,10,11) (4,1,0)
D (11,-1,-1) (0,1,0)
D (8,9,10) (5,5,3)
D (10,11,-1) (4,0,5)
D (11,-1,-1) (2,3,3)
D (12,-1,-1) (0,1,3)
D (12,-1,-1) (4,1,1)
D (8,9,10) (5,3,2)
D (7,-1,-1) (1,4,0)
D (10,11,-1) (5,1,3)
D (7,-1,-1) (2,1,0)
D (8,9,-1) (2,3,1)
D (12,-1,-1) (1,5,3)
D (12,-1,-1) (1,2,0)
D (8,9,10) (4,5,1)
D (12,-1,-1) (5,3,3)
D (10,11,12) (1,4,4)
D (9,10,-1) (4,5,5)
D (10,-1,-1) (3,1,0)
D (11,12,-1) (0,0,2)
D (7,8,9) (1,5,5)
D (9,-1,-1) (3,2,2)
D (12,-1,-1) (5,1,2)
D (9,-1,-1) (5,2,0)
D (10,11,-1) (0,3,0)
D (10,11,12) (5,3,4)
D (8,9,10) (3,4,4)
D (7,8,9) (1,0,4)
D (11,12,-1) (5,0,2)
D (7,8,-1) (2,2,2)
D (11,12,-1) (0,1,4)
D (12,-1,-1) (3,5,0)
D (9,-1,-1) (3,3,1)
D (10,11,12) (2,4,1)
D (8,9,10) (3,4,2)
D (12,-1,-1) (2,2,1)
D (8,9,10) (5,4,4)
D (11,-1,-1) (2,0,5)
C 0 22
C 1 26
C 2 9
C 3 20
C 4 19
C 5 15
C 6 4
C 7 19
C 8 2
C 9 12
C 10 15
C 11 5
C 12 0
C 13 10
C 14 26
C 15 2
C 16 14
C 17 19
C 18 5
C 19 4
C 20 23
C 21 19
C 22 16
C 23 12
C 24 3
C 25 5
C 26 18
C 27 16
C 28 20
C 29 24
C 30 9
C 31 3
C 32 0
C 33 17
C 34 20
C 35 15
C 36 23
C 37 26
C 38 19
C 39 0
C 40 12
C 41 16
C 42 2
C 43 24
C 44 0
C 45 1
C 46 3
C 47 22
C 48 15
C 49 18
C 50 10
C 51 23
C 52 20
C 53 22
C 54 26
C 55 4
C 56 26
C 57 17
C 58 11
C 59 11
C 60 1
C 61 21
C 62 23
C 63 9
C 64 18
C 65 7
C 66 23
C 67 26
C 68 15
C 69 19
C 70 1
C 71 10
C 72 19
C 73 10
C 74 25
C 75 26
C 76 23
C 77 1
C 78 3
C 79 26
C 80 9
C 81 23
C 82 22
C 83 11
C 84 1
C 85 14
C 86 0
C 87 4
C 88 8
C 89 26
C 90 7
C 91 8
C 92 11
C 93 3
C 94 0
C 95 7
C 96 19
C 97 14
C 98 1
C 99 9
C 100 11
C 101 21
C 102 14
C 103 23
C 104 8
C 105 5
C 106 4
C 107 12
C 108 12
C 109 1
C 110 10
C 111 16
C 112 15
C 113 24
C 114 5
C 115 14
C 116 7
C 117 16
C 118 24
C 119 16
C 120 21
C 121 20
C 122 15
C 123 21
C 124 10
C 125 2
C 126 11
C 127 5
C 128 7
C 129 17
C 130 24
C 131 24
C 132 25
C 133 18
C 134 19
C 135 25
C 136 16
C 137 25
C 138 5
C 139 7
C 140 1
C 141 9
C 142 5
C 143 6
C 144 9
C 145 17
C 146 22
C 147 10
C 148 22
C 149 9
C 150 3
C 151 10
C 152 19
C 153 15
C 154 12
C 155 12
C 156 22
C 157 12
C 158 19
C 159 9
C 160 3
C 161 3
C 162 18
C 163 4
C 164 25
C 165 10
C 166 11
C 167 16
C 168 24
C 169 10
C 170 4
C 171 10
C 172 3
C 173 11
C 174 25
C 175 10
C 176 17
C 177 23
C 178 3
C 179 4
C 180 6
C 181 14
C 182 9
C 183 17
C 184 6
C 185 7
C 186 6
C 187 9
C 188 21
C 189 21
C 190 24
C 191 0
C 192 24
C 193 0
C 194 21
C 195 22
C 196 15
C 197 2
C 198 20
C 199 16
C 200 5
C 201 16
C 202 0
C 203 17
C 204 4
C 205 22
C 206 16
C 207 26
C 208 3
C 209 25
C 210 10
C 211 7
C 212 8
C 213 10
C 214 10
C 215 25
C 216 0
C 217 2
C 218 25
C 219 10
C 220 26
C 221 3
C 222 23
C 223 19
C 224 15
C 225 4
C 226 21
C 227 7
C 228 0
C 229 9
C 230 10
C 231 15
C 232 26
C 233 6
C 234 1
C 235 16
C 236 15
C 237 19
C 238 26
C 239 8
C 240 5
C 241 2
C 242 1
C 243 1
C 244 21
C 245 21
C 246 18
C 247 1
C 248 11
C 249 6
C 250 11
C 251 21
C 252 8
C 253 12
C 254 7
C 255 14
C 256 20
C 257 11
C 258 20
C 259 15
C 260 18
C 261 18
C 262 24
C 263 24
C 264 22
C 265 18
C 266 1
C 267 25
C 268 6
C 269 15
C 270 12
C 271 26
C 272 19
C 273 4
C 274 5
C 275 3
C 276 24
C 277 23
C 278 1
C 279 20
C 280 12
C 281 4
C 282 9
C 283 10
C 284 1
C 285 5
C 286 4
C 287 18
C 288 12
C 289 10
C 290 11
C 291 8
C 292 23
C 293 25
C 294 19
C 295 20
C 296 18
C 297 22
C 298 23
C 299 16
C 300 10
C 301 5
C 302 4
C 303 25
C 304 1
C 305 12
C 306 0
C 307 9
C 308 11
C 309 14
C 310 0
C 311 14
C 312 20
C 313 8
C 314 14
C 315 22
C 316 1
C 317 10
C 318 1
C 319 23
C 320 3
C 321 14
C 322 22
C 323 4
C 324 9
C 325 3
C 326 15
C 327 10
C 328 26
C 329 26
C 330 2
C 331 25
C 332 3
C 333 7
C 334 3
C 335 1
C 336 1
C 337 0
C 338 25
C 339 0
C 340 0
C 341 15
C 342 15
C 343 9
C 344 23
C 345 0
C 346 20
C 347 10
C 348 7
C 349 12
C 350 6
I 0 1 8 (3,3,3) (-1,0,1,0)
I 3 2 18 (3,2,4) (0,0,1,0)|(-1,1,1,0)|(0,0,1,0)
I 0 3 10 (1,0,5) (0,1,-1,0)|(0,0,1,0)
