D (8,9,-1) (1,4,5)
D (10,11,12) (5,5,5)
D (10,11,12) (5,2,1)
D (8,9,10) (5,3,0)
D (7,8,9) (5,0,5)
D (8,-1,-1) (1,2,2)
D (8,-1,-1) (0,4,1)
D (10,11,-1) (0,4,4)
D (11,-1,-1) (4,1,1)
D (8,-1,-1) (5,3,3)
D (7,8,9) (1,2,5)
D (8,-1,-1) (1,0,1)
D (7,-1,-1) (1,5,5)
D (12,-1,-1) (3,1,4)
D (10,11,12) (4,4,4)
D (9,10,11) (2,3,2)
D (10,11,12) (1,2,3)
D (8,9,-1) (3,2,1)
D (8,-1,-1) (1,0,0)
D (12,-1,-1) (1,1,0)
D (12,-1,-1) (4,2,5)
D (11,12,-1) (5,1,3)
D (9,10,11) (4,3,5)
D (10,11,-1) (2,5,2)
D (11,12,-1) (2,3,3)
D (12,-1,-1) (1,0,3)
D (9,10,11) (3,1,3)
D (7,-1,-1) (4,4,2)
D (9,-1,-1) (4,3,1)
D (8,9,-1) (2,3,5)
D (8,-1,-1) (5,3,4)
D (12,-1,-1) (0,0,2)
D (9,10,11) (4,2,3)
D (9,-1,-1) (2,0,0)
D (12,-1,-1) (1,3,1)
D (9,10,11) (5,0,0)
D (8,9,-1) (5,1,2)
D (12,-1,-1) (5,2,3)
D (7,8,-1) (0,3,4)
D (12,-1,-1) (0,5,0)
D (8,9,10) (4,5,4)
D (7,8,9) (5,4,3)
D (8,-1,-1) (3,3,1)
C 0 16
C 1 21
C 2 10
C 3 22
C 4 2
C 5 15
C 6 11
C 7 6
C 8 20
C 9 3
C 10 25
C 11 23
C 12 2
C 13 22
C 14 5
C 15 16
C 16 9
C 17 7
C 18 16
C 19 0
C 20 0
C 21 0
C 22 0
C 23 0
C 24 0
C 25 0
C 26 0
C 27 0
C 28 0
C 29 0
C 30 0
C 31 0
C 32 0
C 33 0
C 34 0
C 35 0
C 36 0
C 37 0
C 38 0
C 39 0
C 40 0
C 41 0
C 42 0
C 43 0
C 44 0
C 45 0
C 46 0
C 47 0
C 48 0
C 49 0
C 50 0
C 51 0
C 52 0
C 53 0
C 54 0
C 55 0
C 56 0
C 57 0
C 58 0
C 59 0
C 60 0
C 61 0
C 62 0
C 63 0
C 64 0
C 65 0
C 66 0
C 67 0
C 68 0
C 69 0
C 70 0
C 71 0
C 72 0
C 73 0
C 74 0
C 75 0
C 76 0
C 77 0
C 78 0
C 79 0
C 80 0
C 81 0
C 82 0
C 83 0
C 84 0
C 85 0
C 86 0
C 87 0
C 88 0
C 89 0
C 90 0
C 91 0
C 92 0
C 93 0
C 94 0
C 95 0
C 96 0
C 97 0
C 98 0
C 99 0
C 100 0
C 101 0
C 102 0
C 103 0
C 104 0
C 105 0
C 106 0
C 107 0
C 108 0
C 109 0
C 110 10
C 111 20
C 112 9
C 113 16
C 114 25
C 115 25
C 116 19
C 117 6
C 118 12
C 119 22
C 120 24
C 121 16
C 122 14
C 123 14
C 124 16
C 125 5
C 126 7
C 127 16
C 128 14
C 129 7
C 130 8
C 131 17
C 132 14
C 133 12
C 134 7
C 135 15
C 136 12
C 137 4
C 138 22
C 139 17
C 140 5
C 141 18
C 142 23
C 143 11
C 144 18
C 145 23
C 146 12
C 147 21
C 148 24
C 149 12
C 150 2
C 151 23
C 152 17
C 153 4
C 154 4
C 155 4
C 156 4
C 157 3
C 158 10
C 159 5
C 160 7
C 161 24
C 162 10
C 163 21
C 164 10
C 165 18
C 166 12
C 167 9
C 168 24
C 169 11
C 170 2
C 171 12
C 172 26
C 173 20
C 174 15
C 175 11
C 176 15
C 177 23
C 178 10
C 179 0
C 180 10
C 181 2
C 182 3
C 183 11
C 184 1
C 185 26
C 186 0
C 187 0
C 188 0
C 189 0
C 190 0
C 191 0
C 192 0
C 193 0
C 194 0
C 195 0
C 196 0
C 197 0
C 198 0
C 199 12
C 200 8
C 201 1
C 202 7
C 203 7
C 204 5
C 205 20
C 206 11
C 207 10
C 208 2
C 209 25
C 210 18
C 211 7
C 212 8
C 213 3
C 214 10
C 215 25
C 216 3
C 217 6
C 218 11
C 219 17
C 220 5
C 221 23
C 222 0
C 223 8
C 224 9
C 225 24
C 226 0
C 227 7
C 228 17
C 229 10
C 230 5
C 231 4
C 232 6
C 233 1
C 234 22
C 235 8
C 236 0
C 237 5
C 238 17
C 239 25
C 240 4
C 241 5
C 242 5
C 243 23
C 244 19
C 245 18
C 246 6
C 247 26
C 248 4
C 249 6
C 250 26
C 251 1
C 252 10
C 253 16
C 254 2
C 255 25
C 256 8
C 257 10
C 258 17
C 259 11
C 260 5
C 261 8
C 262 21
C 263 14
C 264 6
C 265 10
C 266 0
C 267 9
C 268 3
C 269 5
C 270 15
C 271 18
C 272 11
C 273 21
C 274 1
C 275 18
C 276 8
C 277 19
C 278 8
C 279 9
C 280 8
C 281 25
C 282 21
C 283 18
C 284 18
C 285 22
C 286 21
C 287 7
C 288 15
C 289 1
C 290 5
C 291 16
C 292 7
C 293 12
C 294 0
C 295 8
C 296 19
C 297 21
C 298 26
C 299 19
C 300 9
C 301 1
C 302 11
C 303 9
C 304 20
C 305 0
C 306 3
C 307 1
C 308 12
C 309 6
C 310 3
C 311 20
C 312 4
C 313 15
C 314 9
C 315 22
C 316 25
C 317 18
C 318 16
C 319 24
C 320 9
C 321 15
C 322 14
C 323 12
C 324 9
C 325 16
C 326 18
C 327 8
C 328 14
C 329 24
C 330 12
C 331 14
C 332 16
C 333 25
C 334 20
C 335 5
C 336 1
C 337 26
C 338 21
C 339 12
C 340 12
C 341 11
C 342 14
C 343 20
C 344 26
C 345 19
C 346 6
C 347 7
C 348 20
C 349 15
C 350 18
I 0 1 13 (4,2,3) (-1,1,-1,0)
I 3 1 17 (0,4,5) (-1,-1,1,0)
I 1 2 7 (4,0,2) (0,1,0,0)
