D (11,-1,-1) (1,3,5)
D (9,10,11) (2,2,0)
D (9,10,-1) (2,2,3)
D (12,-1,-1) (1,4,5)
D (8,9,10) (3,2,3)
D (12,-1,-1) (5,0,2)
D (7,8,9) (3,3,3)
D (11,-1,-1) (5,5,1)
D (9,10,-1) (3,3,1)
D (7,8,9) (2,1,4)
D (9,10,-1) (5,4,4)
D (10,11,-1) (0,0,2)
D (7,8,9) (5,1,1)
D (10,11,12) (3,0,3)
D (12,-1,-1) (3,4,3)
D (10,-1,-1) (5,4,2)
D (9,10,11) (5,5,4)
D (12,-1,-1) (3,0,2)
D (11,-1,-1) (4,5,2)
D (12,-1,-1) (0,3,4)
D (8,9,10) (1,0,3)
D (9,10,-1) (3,4,1)
D (11,-1,-1) (2,4,5)
D (9,-1,-1) (0,2,3)
D (8,9,10) (3,0,5)
D (10,11,-1) (5,2,2)
D (8,9,10) (5,1,2)
D (12,-1,-1) (5,0,5)
D (9,10,11) (3,0,1)
D (9,10,-1) (1,5,4)
D (10,11,12) (1,3,1)
D (11,12,-1) (3,2,1)
D (11,12,-1) (3,2,0)
D (11,-1,-1) (2,2,2)
D (10,11,-1) (0,1,1)
D (10,-1,-1) (3,4,2)
D (12,-1,-1) (0,5,2)
D (8,9,10) (1,4,1)
D (9,10,-1) (0,1,2)
D (10,-1,-1) (2,1,2)
D (10,11,12) (5,1,3)
D (12,-1,-1) (0,5,0)
D (9,-1,-1) (5,4,5)
D (10,11,12) (0,3,2)
D (9,-1,-1) (0,2,0)
D (8,9,-1) (2,0,2)
D (9,-1,-1) (1,3,4)
D (7,-1,-1) (1,2,0)
D (8,-1,-1) (3,4,4)
C 0 26
C 1 0
C 2 0
C 3 0
C 4 0
C 5 0
C 6 0
C 7 0
C 8 0
C 9 0
C 10 0
C 11 0
C 12 0
C 13 0
C 14 0
C 15 0
C 16 0
C 17 0
C 18 0
C 19 0
C 20 0
C 21 0
C 22 0
C 23 0
C 24 0
C 25 0
C 26 0
C 27 0
C 28 0
C 29 0
C 30 0
C 31 0
C 32 0
C 33 0
C 34 0
C 35 0
C 36 0
C 37 0
C 38 0
C 39 0
C 40 0
C 41 0
C 42 0
C 43 0
C 44 0
C 45 0
C 46 0
C 47 0
C 48 0
C 49 0
C 50 0
C 51 0
C 52 0
C 53 0
C 54 0
C 55 0
C 56 0
C 57 0
C 58 0
C 59 0
C 60 0
C 61 0
C 62 0
C 63 0
C 64 0
C 65 0
C 66 0
C 67 0
C 68 0
C 69 0
C 70 0
C 71 0
C 72 0
C 73 0
C 74 0
C 75 0
C 76 0
C 77 0
C 78 0
C 79 0
C 80 0
C 81 0
C 82 0
C 83 0
C 84 0
C 85 0
C 86 0
C 87 0
C 88 0
C 89 0
C 90 0
C 91 0
C 92 0
C 93 0
C 94 0
C 95 0
C 96 0
C 97 0
C 98 0
C 99 0
C 100 7
C 101 15
C 102 11
C 103 21
C 104 14
C 105 19
C 106 17
C 107 7
C 108 0
C 109 14
C 110 1
C 111 19
C 112 21
C 113 22
C 114 15
C 115 3
C 116 16
C 117 25
C 118 23
C 119 21
C 120 22
C 121 26
C 122 16
C 123 15
C 124 3
C 125 19
C 126 1
C 127 14
C 128 23
C 129 20
C 130 15
C 131 2
C 132 17
C 133 2
C 134 11
C 135 7
C 136 14
C 137 21
C 138 14
C 139 16
C 140 22
C 141 5
C 142 5
C 143 12
C 144 1
C 145 14
C 146 2
C 147 7
C 148 26
C 149 0
C 150 16
C 151 2
C 152 12
C 153 7
C 154 0
C 155 24
C 156 26
C 157 4
C 158 7
C 159 22
C 160 21
C 161 17
C 162 14
C 163 18
C 164 4
C 165 12
C 166 26
C 167 7
C 168 1
C 169 5
C 170 11
C 171 0
C 172 23
C 173 26
C 174 26
C 175 20
C 176 22
C 177 3
C 178 23
C 179 12
C 180 9
C 181 3
C 182 6
C 183 8
C 184 12
C 185 5
C 186 7
C 187 11
C 188 26
C 189 26
C 190 2
C 191 7
C 192 2
C 193 9
C 194 1
C 195 23
C 196 20
C 197 16
C 198 1
C 199 22
C 200 7
C 201 20
C 202 7
C 203 18
C 204 15
C 205 24
C 206 7
C 207 23
C 208 5
C 209 22
C 210 5
C 211 21
C 212 25
C 213 11
C 214 0
C 215 12
C 216 19
C 217 4
C 218 15
C 219 4
C 220 5
C 221 25
C 222 7
C 223 4
C 224 23
C 225 3
C 226 22
C 227 1
C 228 9
C 229 0
C 230 0
C 231 0
C 232 0
C 233 0
C 234 0
C 235 0
C 236 0
C 237 0
C 238 0
C 239 0
C 240 0
C 241 0
C 242 0
C 243 0
C 244 0
C 245 0
C 246 0
C 247 0
C 248 0
C 249 0
C 250 0
C 251 0
C 252 0
C 253 0
C 254 0
C 255 0
C 256 0
C 257 0
C 258 0
C 259 0
C 260 0
C 261 0
C 262 0
C 263 0
C 264 0
C 265 0
C 266 0
C 267 0
C 268 0
C 269 0
C 270 0
C 271 0
C 272 0
C 273 0
C 274 0
C 275 0
C 276 0
C 277 0
C 278 0
C 279 0
C 280 0
C 281 0
C 282 0
C 283 17
C 284 25
C 285 9
C 286 4
C 287 10
C 288 21
C 289 5
C 290 0
C 291 9
C 292 11
C 293 20
C 294 10
C 295 14
C 296 0
C 297 19
C 298 7
C 299 8
C 300 2
C 301 11
C 302 25
C 303 2
C 304 0
C 305 23
C 306 14
C 307 25
C 308 15
C 309 10
C 310 26
C 311 0
C 312 10
C 313 22
C 314 3
C 315 0
C 316 5
C 317 12
C 318 16
C 319 24
C 320 9
C 321 19
C 322 4
C 323 6
C 324 17
C 325 6
C 326 10
C 327 10
C 328 2
C 329 12
C 330 19
C 331 25
C 332 10
C 333 19
C 334 8
C 335 9
C 336 11
C 337 1
C 338 15
C 339 2
C 340 0
C 341 6
C 342 20
C 343 12
C 344 10
C 345 1
C 346 0
C 347 21
C 348 8
C 349 24
C 350 20
I 0 1 13 (1,1,4) (1,1,0,0)|(-1,0,1,0)|(1,-1,-1,0)|(1,0,0,0)
I 1 1 15 (0,1,2) (0,1,0,0)
