D (7,8,-1) (5,0,5)
D (9,10,-1) (1,0,5)
D (10,11,12) (5,3,3)
D (10,11,12) (1,5,4)
D (7,-1,-1) (3,2,4)
D (10,11,-1) (4,5,0)
D (8,9,-1) (4,4,2)
D (12,-1,-1) (1,3,0)
D (9,10,11) (2,0,1)
D (8,9,-1) (0,2,3)
D (11,12,-1) (3,3,5)
D (11,12,-1) (2,5,2)
D (9,10,11) (4,3,2)
D (10,11,-1) (2,1,0)
D (10,11,12) (4,3,1)
D (10,11,12) (1,0,4)
D (9,10,11) (0,0,5)
D (7,-1,-1) (3,0,3)
D (9,-1,-1) (3,2,0)
D (8,-1,-1) (0,2,4)
D (8,9,-1) (3,0,2)
D (8,-1,-1) (4,4,1)
D (11,12,-1) (1,1,4)
D (12,-1,-1) (4,1,0)
D (12,-1,-1) (5,2,4)
D (12,-1,-1) (1,5,1)
D (9,10,11) (0,1,1)
D (12,12,-1) (1,5,5)
D (10,-1,-1) (1,5,2)
D (11,-1,-1) (3,3,4)
D (8,-1,-1) (4,0,5)
D (9,10,-1) (0,4,1)
D (8,-1,-1) (5,5,1)
D (12,-1,-1) (2,5,0)
D (12,-1,-1) (3,3,0)
D (9,10,-1) (1,4,3)
D (11,12,-1) (5,5,4)
D (9,10,11) (5,1,2)
D (8,9,-1) (1,5,0)
D (8,9,10) (5,1,4)
D (10,-1,-1) (4,0,2)
D (7,8,-1) (2,4,1)
D (12,-1,-1) (3,1,2)
D (8,9,-1) (5,3,4)
D (11,12,-1) (4,2,2)
D (7,8,9) (2,2,1)
D (12,-1,-1) (1,4,4)
D (12,-1,-1) (5,0,0)
D (7,8,9) (3,3,3)
D (11,-1,-1) (2,1,1)
D (10,-1,-1) (5,1,1)
D (10,11,12) (5,2,3)
D (8,9,10) (2,1,4)
D (8,-1,-1) (3,4,1)
D (8,9,-1) (2,4,4)
D (9,10,-1) (0,1,2)
D (11,-1,-1) (2,0,2)
D (10,11,-1) (1,4,5)
D (10,11,12) (2,3,0)
D (8,-1,-1) (1,0,0)
D (8,9,-1) (1,2,1)
D (12,-1,-1) (3,4,0)
D (10,11,-1) (0,1,3)
D (10,-1,-1) (4,4,4)
D (7,-1,-1) (1,2,4)
D (10,11,12) (0,4,3)
D (8,9,-1) (5,2,5)
D (8,9,-1) (1,3,2)
D (12,-1,-1) (2,5,1)
D (7,8,9) (4,2,1)
D (9,-1,-1) (3,1,4)
D (11,-1,-1) (2,2,3)
D (8,-1,-1) (1,5,3)
D (12,-1,-1) (3,5,5)
D (9,-1,-1) (5,0,3)
D (11,-1,-1) (0,5,5)
D (9,10,-1) (2,2,2)
D (8,-1,-1) (1,4,1)
D (7,8,9) (1,2,0)
D (10,11,-1) (3,1,0)
D (7,8,9) (4,0,1)
D (10,11,-1) (0,5,1)
D (12,-1,-1) (4,2,5)
D (8,9,-1) (2,1,2)
C 0 9
C 1 22
C 2 23
C 3 23
C 4 12
C 5 8
C 6 23
C 7 17
C 8 21
C 9 19
C 10 20
C 11 3
C 12 25
C 13 3
C 14 20
C 15 17
C 16 25
C 17 10
C 18 21
C 19 2
C 20 16
C 21 26
C 22 26
C 23 4
C 24 22
C 25 8
C 26 23
C 27 12
C 28 11
C 29 12
C 30 19
C 31 1
C 32 26
C 33 2
C 34 11
C 35 7
C 36 25
C 37 22
C 38 18
C 39 23
C 40 25
C 41 14
C 42 14
C 43 5
C 44 2
C 45 26
C 46 11
C 47 1
C 48 4
C 49 2
C 50 17
C 51 8
C 52 20
C 53 23
C 54 24
C 55 22
C 56 20
C 57 23
C 58 22
C 59 26
C 60 0
C 61 17
C 62 24
C 63 2
C 64 20
C 65 25
C 66 6
C 67 5
C 68 3
C 69 2
C 70 22
C 71 22
C 72 22
C 73 22
C 74 26
C 75 10
C 76 25
C 77 14
C 78 16
C 79 8
C 80 12
C 81 11
C 82 2
C 83 24
C 84 22
C 85 4
C 86 12
C 87 18
C 88 1
C 89 6
C 90 5
C 91 5
C 92 23
C 93 8
C 94 4
C 95 7
C 96 20
C 97 21
C 98 21
C 99 18
C 100 4
C 101 12
C 102 17
C 103 21
C 104 26
C 105 2
C 106 4
C 107 21
C 108 5
C 109 0
C 110 8
C 111 15
C 112 9
C 113 2
C 114 7
C 115 7
C 116 6
C 117 19
C 118 9
C 119 3
C 120 15
C 121 2
C 122 25
C 123 18
C 124 15
C 125 4
C 126 10
C 127 6
C 128 22
C 129 6
C 130 3
C 131 3
C 132 22
C 133 6
C 134 15
C 135 17
C 136 11
C 137 0
C 138 0
C 139 0
C 140 0
C 141 0
C 142 0
C 143 0
C 144 0
C 145 0
C 146 0
C 147 0
C 148 0
C 149 0
C 150 0
C 151 0
C 152 0
C 153 0
C 154 0
C 155 0
C 156 0
C 157 0
C 158 0
C 159 0
C 160 0
C 161 0
C 162 0
C 163 0
C 164 0
C 165 0
C 166 0
C 167 0
C 168 0
C 169 0
C 170 0
C 171 0
C 172 0
C 173 0
C 174 0
C 175 0
C 176 0
C 177 0
C 178 0
C 179 0
C 180 0
C 181 0
C 182 0
C 183 0
C 184 0
C 185 0
C 186 0
C 187 0
C 188 0
C 189 0
C 190 10
C 191 4
C 192 8
C 193 24
C 194 24
C 195 0
C 196 2
C 197 20
C 198 7
C 199 25
C 200 21
C 201 21
C 202 0
C 203 12
C 204 3
C 205 17
C 206 20
C 207 22
C 208 15
C 209 2
C 210 5
C 211 1
C 212 18
C 213 11
C 214 11
C 215 9
C 216 14
C 217 1
C 218 12
C 219 1
C 220 18
C 221 21
C 222 16
C 223 19
C 224 19
C 225 2
C 226 6
C 227 11
C 228 19
C 229 10
C 230 21
C 231 0
C 232 0
C 233 0
C 234 0
C 235 0
C 236 0
C 237 0
C 238 0
C 239 0
C 240 0
C 241 0
C 242 0
C 243 0
C 244 0
C 245 0
C 246 0
C 247 0
C 248 0
C 249 0
C 250 0
C 251 0
C 252 0
C 253 0
C 254 0
C 255 0
C 256 0
C 257 0
C 258 18
C 259 9
C 260 3
C 261 16
C 262 18
C 263 22
C 264 17
C 265 0
C 266 17
C 267 11
C 268 3
C 269 3
C 270 14
C 271 1
C 272 6
C 273 1
C 274 2
C 275 8
C 276 6
C 277 8
C 278 11
C 279 8
C 280 16
C 281 8
C 282 17
C 283 0
C 284 7
C 285 10
C 286 15
C 287 14
C 288 3
C 289 1
C 290 0
C 291 26
C 292 21
C 293 24
C 294 11
C 295 3
C 296 18
C 297 19
C 298 17
C 299 3
C 300 11
C 301 14
C 302 19
C 303 3
C 304 6
C 305 14
C 306 17
C 307 15
C 308 23
C 309 2
C 310 19
C 311 8
C 312 15
C 313 5
C 314 22
C 315 26
C 316 11
C 317 20
C 318 10
C 319 16
C 320 5
C 321 1
C 322 2
C 323 19
C 324 26
C 325 4
C 326 7
C 327 6
C 328 26
C 329 22
C 330 2
C 331 1
C 332 2
C 333 1
C 334 4
C 335 2
C 336 22
C 337 12
C 338 15
C 339 25
C 340 16
C 341 11
C 342 20
C 343 17
C 344 7
C 345 26
C 346 2
C 347 18
C 348 5
C 349 21
C 350 4
I 1 1 10 (5,4,1) (1,-1,0,0)
I 1 1 10 (5,4,1) (0,0,-1,0)|(-1,-1,1,0)
I 1 1 4 (5,5,0) (0,-1,0,0)|(-1,-1,1,0)
