D (10,11,12) (2,1,3)
D (11,-1,-1) (1,2,5)
D (7,-1,-1) (1,3,0)
D (8,9,10) (3,5,1)
D (10,11,-1) (4,0,0)
D (10,11,12) (0,3,0)
D (12,-1,-1) (5,3,3)
D (7,8,9) (2,5,4)
D (7,8,9) (5,0,0)
D (12,-1,-1) (5,0,2)
D (9,10,-1) (2,5,1)
D (8,9,10) (4,4,4)
D (12,-1,-1) (1,1,1)
D (10,11,-1) (0,0,1)
D (9,-1,-1) (2,3,0)
D (7,-1,-1) (4,5,3)
D (7,8,-1) (0,1,1)
D (7,8,9) (1,5,2)
D (8,9,-1) (1,5,5)
D (10,11,-1) (0,2,2)
D (10,11,12) (4,5,1)
D (12,-1,-1) (5,0,4)
D (8,9,10) (4,2,0)
D (10,-1,-1) (1,2,3)
D (11,-1,-1) (0,2,1)
D (12,-1,-1) (3,2,2)
D (7,8,9) (4,2,4)
D (12,-1,-1) (4,1,0)
D (12,-1,-1) (1,2,2)
D (7,8,-1) (5,4,2)
D (9,10,11) (3,3,0)
D (10,11,12) (4,5,4)
D (11,-1,-1) (1,4,3)
D (9,10,-1) (1,1,2)
D (8,-1,-1) (1,3,4)
D (11,12,-1) (2,2,1)
D (8,9,-1) (1,0,4)
D (12,-1,-1) (0,1,0)
D (10,-1,-1) (3,4,0)
D (12,-1,-1) (1,5,0)
D (9,10,11) (0,0,2)
D (10,11,-1) (3,2,5)
D (7,8,9) (3,0,1)
C 0 2
C 1 24
C 2 5
C 3 17
C 4 18
C 5 20
C 6 15
C 7 24
C 8 3
C 9 7
C 10 24
C 11 0
C 12 19
C 13 23
C 14 9
C 15 19
C 16 20
C 17 21
C 18 9
C 19 16
C 20 10
C 21 4
C 22 21
C 23 18
C 24 2
C 25 24
C 26 24
C 27 4
C 28 7
C 29 23
C 30 1
C 31 25
C 32 5
C 33 19
C 34 22
C 35 6
C 36 20
C 37 22
C 38 20
C 39 12
C 40 12
C 41 2
C 42 15
C 43 6
C 44 14
C 45 11
C 46 9
C 47 12
C 48 15
C 49 10
C 50 11
C 51 12
C 52 4
C 53 26
C 54 26
C 55 25
C 56 1
C 57 19
C 58 17
C 59 18
C 60 3
C 61 3
C 62 1
C 63 4
C 64 15
C 65 12
C 66 12
C 67 2
C 68 10
C 69 22
C 70 6
C 71 20
C 72 16
C 73 12
C 74 25
C 75 15
C 76 23
C 77 17
C 78 25
C 79 17
C 80 8
C 81 9
C 82 11
C 83 0
C 84 9
C 85 21
C 86 14
C 87 21
C 88 21
C 89 21
C 90 15
C 91 19
C 92 15
C 93 5
C 94 22
C 95 19
C 96 8
C 97 26
C 98 16
C 99 9
C 100 10
C 101 17
C 102 16
C 103 2
C 104 24
C 105 20
C 106 20
C 107 18
C 108 15
C 109 2
C 110 16
C 111 0
C 112 19
C 113 8
C 114 17
C 115 20
C 116 25
C 117 20
C 118 19
C 119 14
C 120 23
C 121 25
C 122 17
C 123 10
C 124 18
C 125 10
C 126 1
C 127 15
C 128 9
C 129 21
C 130 20
C 131 6
C 132 18
C 133 20
C 134 23
C 135 2
C 136 2
C 137 9
C 138 12
C 139 24
C 140 22
C 141 12
C 142 7
C 143 7
C 144 0
C 145 5
C 146 11
C 147 21
C 148 5
C 149 22
C 150 8
C 151 16
C 152 25
C 153 3
C 154 2
C 155 0
C 156 5
C 157 9
C 158 4
C 159 6
C 160 5
C 161 8
C 162 12
C 163 16
C 164 7
C 165 8
C 166 1
C 167 8
C 168 23
C 169 0
C 170 17
C 171 14
C 172 24
C 173 20
C 174 20
C 175 6
C 176 11
C 177 7
C 178 14
C 179 4
C 180 6
C 181 26
C 182 10
C 183 10
C 184 22
C 185 2
C 186 19
C 187 26
C 188 23
C 189 1
C 190 23
C 191 16
C 192 20
C 193 22
C 194 6
C 195 22
C 196 25
C 197 9
C 198 6
C 199 16
C 200 3
C 201 26
C 202 6
C 203 3
C 204 5
C 205 16
C 206 20
C 207 3
C 208 24
C 209 5
C 210 16
C 211 24
C 212 12
C 213 9
C 214 14
C 215 25
C 216 1
C 217 4
C 218 17
C 219 12
C 220 20
C 221 1
C 222 25
C 223 26
C 224 7
C 225 19
C 226 3
C 227 26
C 228 1
C 229 0
C 230 20
C 231 0
C 232 23
C 233 6
C 234 4
C 235 12
C 236 15
C 237 16
C 238 23
C 239 6
C 240 10
C 241 12
C 242 17
C 243 21
C 244 18
C 245 16
C 246 10
C 247 2
C 248 23
C 249 18
C 250 7
C 251 2
C 252 15
C 253 26
C 254 7
C 255 16
C 256 19
C 257 12
C 258 15
C 259 19
C 260 3
C 261 6
C 262 8
C 263 16
C 264 21
C 265 2
C 266 10
C 267 4
C 268 4
C 269 8
C 270 3
C 271 12
C 272 16
C 273 14
C 274 22
C 275 12
C 276 14
C 277 1
C 278 24
C 279 26
C 280 21
C 281 8
C 282 11
C 283 3
C 284 26
C 285 24
C 286 3
C 287 8
C 288 17
C 289 6
C 290 15
C 291 0
C 292 12
C 293 18
C 294 0
C 295 6
C 296 5
C 297 18
C 298 22
C 299 15
C 300 11
C 301 10
C 302 22
C 303 15
C 304 0
C 305 18
C 306 22
C 307 3
C 308 10
C 309 19
C 310 9
C 311 21
C 312 1
C 313 2
C 314 5
C 315 0
C 316 0
C 317 0
C 318 0
C 319 0
C 320 0
C 321 0
C 322 0
C 323 0
C 324 0
C 325 0
C 326 0
C 327 0
C 328 0
C 329 0
C 330 0
C 331 0
C 332 0
C 333 0
C 334 0
C 335 0
C 336 0
C 337 0
C 338 0
C 339 17
C 340 17
C 341 26
C 342 15
C 343 12
C 344 7
C 345 18
C 346 2
C 347 6
C 348 8
C 349 5
C 350 8
I 0 1 7 (5,3,5) (-1,0,0,0)|(1,1,0,0)|(-1,1,-1,0)
I 2 1 15 (3,5,4) (0,-1,1,0)|(0,0,0,0)|(0,1,0,0)
I 0 3 10 (2,3,1) (1,0,0,0)|(1,1,0,0)|(1,-1,1,0)|(0,1,-1,0)|(-1,0,1,0)
