D (8,9,10) (3,4,0)
D (10,11,12) (5,2,5)
D (9,-1,-1) (5,0,1)
D (8,9,-1) (1,1,2)
D (7,-1,-1) (1,2,1)
D (8,9,-1) (4,1,3)
D (8,-1,-1) (0,4,1)
D (8,9,-1) (2,1,4)
D (8,9,-1) (3,1,5)
D (7,8,-1) (4,2,3)
D (11,-1,-1) (0,0,4)
D (11,-1,-1) (2,3,0)
D (9,10,-1) (5,4,3)
D (8,9,-1) (1,5,1)
D (7,8,9) (5,3,4)
D (7,8,9) (1,3,4)
D (9,10,11) (5,4,1)
D (11,12,-1) (5,3,3)
D (8,-1,-1) (4,2,1)
D (12,-1,-1) (3,2,0)
D (7,8,-1) (0,0,1)
D (10,11,12) (2,4,4)
D (7,8,9) (4,3,3)
D (8,-1,-1) (1,1,1)
D (8,-1,-1) (4,3,1)
D (7,8,9) (1,2,0)
D (8,9,10) (1,0,3)
D (12,-1,-1) (2,4,5)
D (12,-1,-1) (3,0,5)
D (11,12,-1) (3,0,4)
D (9,10,-1) (2,0,3)
D (9,10,11) (5,0,2)
D (9,10,-1) (0,3,2)
D (12,-1,-1) (5,4,2)
C 0 4
C 1 18
C 2 12
C 3 11
C 4 9
C 5 19
C 6 3
C 7 10
C 8 21
C 9 7
C 10 0
C 11 12
C 12 6
C 13 7
C 14 7
C 15 6
C 16 5
C 17 11
C 18 0
C 19 14
C 20 26
C 21 12
C 22 21
C 23 16
C 24 4
C 25 26
C 26 0
C 27 0
C 28 0
C 29 0
C 30 0
C 31 0
C 32 0
C 33 0
C 34 0
C 35 0
C 36 0
C 37 0
C 38 0
C 39 0
C 40 0
C 41 0
C 42 0
C 43 0
C 44 0
C 45 0
C 46 0
C 47 0
C 48 0
C 49 0
C 50 3
C 51 2
C 52 26
C 53 21
C 54 20
C 55 9
C 56 9
C 57 6
C 58 14
C 59 16
C 60 26
C 61 3
C 62 22
C 63 0
C 64 8
C 65 12
C 66 24
C 67 9
C 68 12
C 69 20
C 70 19
C 71 23
C 72 26
C 73 1
C 74 15
C 75 17
C 76 23
C 77 0
C 78 15
C 79 23
C 80 18
C 81 26
C 82 0
C 83 19
C 84 3
C 85 10
C 86 15
C 87 24
C 88 4
C 89 3
C 90 26
C 91 15
C 92 20
C 93 18
C 94 20
C 95 4
C 96 2
C 97 6
C 98 16
C 99 15
C 100 0
C 101 3
C 102 7
C 103 21
C 104 2
C 105 26
C 106 23
C 107 1
C 108 19
C 109 17
C 110 12
C 111 4
C 112 15
C 113 2
C 114 17
C 115 18
C 116 23
C 117 3
C 118 7
C 119 16
C 120 22
C 121 18
C 122 9
C 123 11
C 124 2
C 125 2
C 126 5
C 127 14
C 128 1
C 129 26
C 130 9
C 131 23
C 132 8
C 133 17
C 134 24
C 135 1
C 136 0
C 137 23
C 138 2
C 139 21
C 140 1
C 141 8
C 142 8
C 143 22
C 144 1
C 145 25
C 146 3
C 147 8
C 148 1
C 149 6
C 150 16
C 151 4
C 152 19
C 153 12
C 154 8
C 155 6
C 156 12
C 157 21
C 158 4
C 159 12
C 160 20
C 161 18
C 162 18
C 163 15
C 164 24
C 165 15
C 166 3
C 167 21
C 168 22
C 169 12
C 170 17
C 171 10
C 172 14
C 173 1
C 174 2
C 175 1
C 176 17
C 177 23
C 178 10
C 179 17
C 180 4
C 181 4
C 182 3
C 183 8
C 184 19
C 185 1
C 186 1
C 187 25
C 188 12
C 189 17
C 190 1
C 191 21
C 192 20
C 193 7
C 194 20
C 195 12
C 196 24
C 197 8
C 198 25
C 199 15
C 200 19
C 201 0
C 202 0
C 203 18
C 204 8
C 205 22
C 206 11
C 207 24
C 208 10
C 209 0
C 210 16
C 211 21
C 212 6
C 213 26
C 214 16
C 215 24
C 216 21
C 217 21
C 218 4
C 219 10
C 220 25
C 221 15
C 222 21
C 223 1
C 224 21
C 225 12
C 226 16
C 227 22
C 228 8
C 229 16
C 230 14
C 231 11
C 232 16
C 233 21
C 234 12
C 235 14
C 236 18
C 237 8
C 238 18
C 239 23
C 240 0
C 241 6
C 242 26
C 243 24
C 244 1
C 245 4
C 246 7
C 247 21
C 248 10
C 249 21
C 250 12
C 251 23
C 252 22
C 253 20
C 254 0
C 255 15
C 256 9
C 257 4
C 258 7
C 259 8
C 260 17
C 261 15
C 262 17
C 263 25
C 264 1
C 265 8
C 266 5
C 267 2
C 268 25
C 269 25
C 270 17
C 271 4
C 272 1
C 273 15
C 274 0
C 275 4
C 276 10
C 277 18
C 278 2
C 279 20
C 280 4
C 281 19
C 282 3
C 283 1
C 284 10
C 285 11
C 286 17
C 287 2
C 288 25
C 289 23
C 290 26
C 291 23
C 292 19
C 293 19
C 294 7
C 295 15
C 296 8
C 297 2
C 298 26
C 299 2
C 300 1
C 301 3
C 302 5
C 303 1
C 304 15
C 305 12
C 306 19
C 307 19
C 308 24
C 309 2
C 310 5
C 311 22
C 312 5
C 313 0
C 314 16
C 315 24
C 316 14
C 317 9
C 318 19
C 319 5
C 320 1
C 321 23
C 322 25
C 323 1
C 324 15
C 325 11
C 326 11
C 327 21
C 328 26
C 329 24
C 330 24
C 331 8
C 332 17
C 333 18
C 334 16
C 335 6
C 336 17
C 337 24
C 338 18
C 339 20
C 340 18
C 341 6
C 342 9
C 343 16
C 344 19
C 345 21
C 346 9
C 347 1
C 348 22
C 349 26
C 350 5
I 5 2 18 (4,0,4) (-1,0,-1,0)|(0,1,0,0)|(-1,-1,0,0)
I 0 1 18 (2,2,3) (-1,1,1,0)|(-1,-1,-1,0)
I 0 3 8 (5,0,5) (0,1,0,0)|(-1,0,0,0)
