D (9,10,11) (5,4,2)
D (12,-1,-1) (2,3,3)
D (9,10,-1) (3,2,2)
D (11,12,-1) (2,3,0)
D (9,-1,-1) (2,4,2)
D (7,8,-1) (4,1,1)
D (8,9,-1) (2,4,5)
D (12,-1,-1) (1,4,1)
D (8,9,10) (2,4,4)
D (9,10,-1) (1,3,2)
D (8,-1,-1) (0,4,2)
D (8,-1,-1) (0,3,1)
D (8,9,-1) (0,3,3)
D (11,12,-1) (0,3,2)
D (7,8,9) (1,0,5)
D (8,-1,-1) (2,2,5)
D (7,-1,-1) (1,2,3)
D (12,-1,-1) (4,3,5)
D (7,8,-1) (3,1,0)
D (11,12,-1) (5,0,2)
D (11,-1,-1) (2,0,1)
D (9,-1,-1) (4,0,1)
D (9,-1,-1) (5,0,4)
D (12,-1,-1) (3,3,3)
D (7,8,-1) (0,5,4)
D (10,11,12) (2,5,0)
D (10,11,12) (0,5,2)
D (9,10,-1) (5,0,1)
D (10,-1,-1) (2,4,1)
D (9,10,11) (4,4,2)
D (12,-1,-1) (5,1,5)
D (12,-1,-1) (0,2,2)
D (10,11,12) (5,5,0)
D (7,8,-1) (1,3,4)
D (8,9,-1) (0,1,5)
D (12,-1,-1) (3,4,3)
D (11,-1,-1) (1,0,1)
D (11,-1,-1) (5,4,4)
D (10,11,-1) (5,3,0)
D (9,-1,-1) (4,4,5)
D (12,-1,-1) (0,1,1)
D (7,8,-1) (4,3,2)
D (7,-1,-1) (4,5,1)
D (10,11,12) (2,5,4)
D (9,-1,-1) (4,5,5)
D (7,8,-1) (4,0,0)
D (10,11,12) (3,0,5)
D (10,-1,-1) (1,5,2)
D (8,9,10) (2,2,2)
D (9,-1,-1) (3,0,1)
D (8,9,10) (2,0,0)
D (7,-1,-1) (4,0,4)
D (10,11,12) (0,4,3)
D (9,10,11) (0,4,4)
D (9,10,-1) (4,4,4)
D (10,11,-1) (4,3,4)
D (7,8,-1) (1,5,5)
C 0 2
C 1 17
C 2 6
C 3 4
C 4 10
C 5 17
C 6 14
C 7 18
C 8 14
C 9 7
C 10 20
C 11 17
C 12 2
C 13 7
C 14 25
C 15 10
C 16 14
C 17 5
C 18 24
C 19 11
C 20 21
C 21 17
C 22 25
C 23 14
C 24 25
C 25 9
C 26 26
C 27 15
C 28 4
C 29 9
C 30 5
C 31 21
C 32 8
C 33 2
C 34 4
C 35 20
C 36 25
C 37 9
C 38 4
C 39 2
C 40 26
C 41 17
C 42 4
C 43 5
C 44 24
C 45 17
C 46 25
C 47 11
C 48 18
C 49 18
C 50 5
C 51 24
C 52 26
C 53 4
C 54 16
C 55 0
C 56 0
C 57 0
C 58 0
C 59 0
C 60 0
C 61 0
C 62 0
C 63 0
C 64 0
C 65 0
C 66 0
C 67 0
C 68 0
C 69 0
C 70 0
C 71 0
C 72 0
C 73 0
C 74 0
C 75 0
C 76 0
C 77 0
C 78 0
C 79 0
C 80 0
C 81 0
C 82 0
C 83 0
C 84 0
C 85 0
C 86 0
C 87 0
C 88 0
C 89 0
C 90 0
C 91 0
C 92 0
C 93 0
C 94 0
C 95 0
C 96 0
C 97 0
C 98 0
C 99 0
C 100 0
C 101 26
C 102 26
C 103 20
C 104 21
C 105 9
C 106 6
C 107 10
C 108 8
C 109 12
C 110 11
C 111 19
C 112 6
C 113 21
C 114 3
C 115 2
C 116 23
C 117 25
C 118 4
C 119 10
C 120 22
C 121 6
C 122 7
C 123 17
C 124 19
C 125 19
C 126 7
C 127 2
C 128 22
C 129 9
C 130 2
C 131 9
C 132 24
C 133 2
C 134 23
C 135 25
C 136 23
C 137 16
C 138 12
C 139 16
C 140 2
C 141 22
C 142 22
C 143 4
C 144 23
C 145 2
C 146 8
C 147 8
C 148 1
C 149 21
C 150 3
C 151 2
C 152 7
C 153 25
C 154 22
C 155 17
C 156 20
C 157 7
C 158 11
C 159 16
C 160 12
C 161 4
C 162 15
C 163 12
C 164 10
C 165 12
C 166 9
C 167 1
C 168 6
C 169 26
C 170 10
C 171 8
C 172 8
C 173 22
C 174 19
C 175 5
C 176 15
C 177 2
C 178 18
C 179 8
C 180 18
C 181 14
C 182 12
C 183 15
C 184 1
C 185 0
C 186 12
C 187 10
C 188 4
C 189 2
C 190 11
C 191 2
C 192 12
C 193 15
C 194 20
C 195 0
C 196 6
C 197 26
C 198 21
C 199 25
C 200 12
C 201 10
C 202 23
C 203 14
C 204 10
C 205 9
C 206 15
C 207 9
C 208 23
C 209 10
C 210 18
C 211 19
C 212 15
C 213 4
C 214 21
C 215 20
C 216 26
C 217 6
C 218 18
C 219 4
C 220 3
C 221 5
C 222 9
C 223 16
C 224 25
C 225 20
C 226 26
C 227 2
C 228 18
C 229 0
C 230 11
C 231 6
C 232 11
C 233 8
C 234 2
C 235 14
C 236 12
C 237 14
C 238 1
C 239 9
C 240 22
C 241 16
C 242 5
C 243 26
C 244 8
C 245 21
C 246 26
C 247 19
C 248 12
C 249 19
C 250 23
C 251 1
C 252 25
C 253 5
C 254 26
C 255 16
C 256 17
C 257 10
C 258 26
C 259 4
C 260 19
C 261 20
C 262 4
C 263 1
C 264 26
C 265 24
C 266 16
C 267 8
C 268 2
C 269 15
C 270 26
C 271 15
C 272 21
C 273 22
C 274 6
C 275 18
C 276 3
C 277 9
C 278 19
C 279 10
C 280 12
C 281 3
C 282 4
C 283 4
C 284 5
C 285 20
C 286 25
C 287 20
C 288 4
C 289 12
C 290 26
C 291 8
C 292 23
C 293 9
C 294 24
C 295 17
C 296 3
C 297 17
C 298 15
C 299 25
C 300 8
C 301 26
C 302 3
C 303 22
C 304 7
C 305 25
C 306 8
C 307 3
C 308 26
C 309 10
C 310 10
C 311 10
C 312 22
C 313 23
C 314 16
C 315 9
C 316 12
C 317 25
C 318 20
C 319 6
C 320 2
C 321 22
C 322 6
C 323 19
C 324 21
C 325 20
C 326 2
C 327 14
C 328 1
C 329 21
C 330 8
C 331 0
C 332 24
C 333 17
C 334 12
C 335 0
C 336 20
C 337 12
C 338 22
C 339 18
C 340 18
C 341 8
C 342 12
C 343 22
C 344 7
C 345 25
C 346 16
C 347 8
C 348 15
C 349 22
C 350 15
I 5 2 16 (1,3,3) (1,0,1,0)|(0,0,-1,0)
I 3 1 1 (4,5,4) (-1,-1,0,0)|(-1,-1,0,0)|(1,0,-1,0)|(-1,-1,-1,0)
I 3 3 18 (4,3,3) (1,0,0,0)|(1,0,-1,0)
