D (8,9,10) (4,4,1)
D (8,-1,-1) (4,3,3)
D (8,9,10) (5,2,3)
D (12,-1,-1) (5,3,3)
D (12,-1,-1) (3,4,3)
D (12,-1,-1) (4,1,3)
D (8,-1,-1) (2,4,1)
D (11,12,-1) (4,0,5)
D (7,-1,-1) (4,1,1)
D (7,-1,-1) (3,2,2)
D (11,-1,-1) (4,5,3)
D (7,8,9) (3,4,2)
D (10,11,12) (0,3,4)
D (9,10,-1) (5,4,5)
D (7,-1,-1) (0,2,1)
D (10,11,-1) (1,5,2)
D (7,8,9) (2,4,5)
D (8,-1,-1) (0,2,2)
D (9,-1,-1) (2,3,4)
D (7,-1,-1) (1,2,0)
D (11,-1,-1) (3,4,4)
D (7,-1,-1) (5,3,5)
D (11,12,-1) (4,2,2)
D (11,-1,-1) (0,2,0)
D (7,8,9) (2,3,3)
D (8,-1,-1) (4,5,5)
D (9,-1,-1) (3,4,0)
D (8,9,10) (0,1,4)
D (11,12,-1) (1,1,0)
D (10,11,-1) (4,3,4)
D (12,-1,-1) (5,5,2)
D (8,9,-1) (1,5,3)
D (12,11,-1) (0,0,1)
D (9,-1,-1) (3,0,5)
D (9,10,-1) (3,0,3)
D (7,-1,-1) (4,5,4)
D (12,-1,-1) (4,0,2)
D (9,10,-1) (4,4,0)
D (9,-1,-1) (1,0,2)
D (9,10,11) (2,1,5)
D (11,12,-1) (2,2,4)
D (7,8,9) (5,5,0)
D (9,10,11) (0,2,5)
D (9,10,11) (1,1,3)
D (9,10,-1) (1,3,5)
D (12,-1,-1) (0,4,4)
D (7,8,9) (4,0,3)
D (9,-1,-1) (4,2,3)
D (7,-1,-1) (2,1,2)
D (8,9,-1) (1,3,3)
D (7,-1,-1) (1,1,2)
D (8,9,-1) (0,0,5)
D (7,8,-1) (4,0,0)
D (9,10,-1) (1,2,5)
D (11,-1,-1) (1,3,4)
D (9,10,11) (2,1,4)
D (9,10,-1) (2,3,0)
D (10,11,-1) (4,1,2)
D (8,9,10) (1,5,1)
D (9,10,-1) (4,5,2)
D (7,8,9) (2,0,4)
D (8,9,-1) (3,2,0)
D (10,11,12) (5,1,2)
D (8,9,10) (4,3,5)
D (10,-1,-1) (3,2,5)
D (8,9,-1) (5,5,3)
D (7,8,-1) (5,4,0)
D (7,8,9) (0,5,4)
D (7,8,9) (1,5,0)
D (11,-1,-1) (3,3,3)
D (7,-1,-1) (3,3,5)
D (7,8,9) (4,3,2)
D (9,10,11) (4,4,5)
D (9,-1,-1) (1,2,1)
D (10,11,12) (1,3,1)
D (10,-1,-1) (2,0,3)
D (10,11,12) (3,0,2)
C 0 17
C 1 9
C 2 20
C 3 11
C 4 9
C 5 24
C 6 12
C 7 0
C 8 0
C 9 0
C 10 0
C 11 0
C 12 0
C 13 0
C 14 0
C 15 0
C 16 0
C 17 0
C 18 0
C 19 0
C 20 0
C 21 0
C 22 0
C 23 0
C 24 0
C 25 0
C 26 0
C 27 0
C 28 0
C 29 0
C 30 0
C 31 0
C 32 0
C 33 0
C 34 0
C 35 0
C 36 0
C 37 0
C 38 0
C 39 0
C 40 0
C 41 0
C 42 0
C 43 0
C 44 0
C 45 0
C 46 0
C 47 0
C 48 0
C 49 0
C 50 0
C 51 0
C 52 0
C 53 0
C 54 0
C 55 20
C 56 24
C 57 21
C 58 15
C 59 14
C 60 5
C 61 22
C 62 1
C 63 0
C 64 0
C 65 0
C 66 0
C 67 0
C 68 0
C 69 0
C 70 0
C 71 0
C 72 0
C 73 0
C 74 0
C 75 0
C 76 0
C 77 0
C 78 0
C 79 0
C 80 0
C 81 0
C 82 0
C 83 0
C 84 0
C 85 0
C 86 0
C 87 0
C 88 0
C 89 0
C 90 0
C 91 0
C 92 0
C 93 0
C 94 0
C 95 0
C 96 0
C 97 0
C 98 0
C 99 17
C 100 19
C 101 18
C 102 20
C 103 6
C 104 23
C 105 19
C 106 15
C 107 9
C 108 10
C 109 3
C 110 15
C 111 10
C 112 19
C 113 0
C 114 15
C 115 1
C 116 23
C 117 15
C 118 18
C 119 3
C 120 0
C 121 4
C 122 12
C 123 9
C 124 12
C 125 4
C 126 17
C 127 5
C 128 9
C 129 11
C 130 14
C 131 9
C 132 23
C 133 14
C 134 25
C 135 11
C 136 18
C 137 14
C 138 25
C 139 26
C 140 26
C 141 9
C 142 6
C 143 14
C 144 8
C 145 18
C 146 9
C 147 15
C 148 10
C 149 12
C 150 4
C 151 19
C 152 4
C 153 10
C 154 10
C 155 4
C 156 14
C 157 8
C 158 24
C 159 0
C 160 21
C 161 26
C 162 4
C 163 12
C 164 9
C 165 7
C 166 0
C 167 10
C 168 25
C 169 3
C 170 2
C 171 20
C 172 10
C 173 25
C 174 1
C 175 17
C 176 7
C 177 25
C 178 5
C 179 0
C 180 21
C 181 15
C 182 23
C 183 2
C 184 22
C 185 5
C 186 6
C 187 6
C 188 14
C 189 0
C 190 0
C 191 15
C 192 25
C 193 1
C 194 4
C 195 12
C 196 18
C 197 4
C 198 19
C 199 21
C 200 23
C 201 16
C 202 14
C 203 5
C 204 0
C 205 4
C 206 7
C 207 12
C 208 24
C 209 3
C 210 9
C 211 10
C 212 3
C 213 7
C 214 2
C 215 18
C 216 17
C 217 15
C 218 3
C 219 12
C 220 7
C 221 9
C 222 22
C 223 0
C 224 22
C 225 26
C 226 16
C 227 18
C 228 4
C 229 6
C 230 10
C 231 7
C 232 7
C 233 5
C 234 4
C 235 18
C 236 11
C 237 7
C 238 9
C 239 19
C 240 7
C 241 20
C 242 15
C 243 23
C 244 4
C 245 21
C 246 10
C 247 12
C 248 4
C 249 17
C 250 14
C 251 2
C 252 20
C 253 18
C 254 23
C 255 10
C 256 4
C 257 19
C 258 17
C 259 10
C 260 3
C 261 17
C 262 10
C 263 4
C 264 5
C 265 26
C 266 11
C 267 22
C 268 2
C 269 12
C 270 17
C 271 3
C 272 3
C 273 21
C 274 3
C 275 17
C 276 11
C 277 19
C 278 11
C 279 21
C 280 24
C 281 19
C 282 15
C 283 24
C 284 4
C 285 4
C 286 24
C 287 4
C 288 15
C 289 11
C 290 1
C 291 14
C 292 25
C 293 0
C 294 12
C 295 4
C 296 0
C 297 1
C 298 6
C 299 18
C 300 23
C 301 1
C 302 15
C 303 3
C 304 11
C 305 11
C 306 11
C 307 20
C 308 21
C 309 21
C 310 4
C 311 12
C 312 6
C 313 8
C 314 10
C 315 20
C 316 7
C 317 12
C 318 5
C 319 19
C 320 6
C 321 8
C 322 8
C 323 2
C 324 1
C 325 12
C 326 0
C 327 16
C 328 0
C 329 26
C 330 24
C 331 15
C 332 23
C 333 17
C 334 3
C 335 24
C 336 6
C 337 15
C 338 12
C 339 22
C 340 11
C 341 25
C 342 7
C 343 19
C 344 9
C 345 9
C 346 7
C 347 22
C 348 24
C 349 5
C 350 16
I 0 3 16 (2,5,1) (0,-1,1,0)|(-1,1,0,0)
I 1 2 17 (3,5,0) (0,0,0,0)|(0,0,0,0)
