D (11,12,-1) (5,0,4)
D (10,11,12) (4,0,0)
D (9,10,11) (1,0,4)
D (9,10,-1) (3,1,4)
D (12,-1,-1) (1,4,0)
D (11,12,-1) (5,0,2)
D (9,-1,-1) (0,3,0)
D (11,-1,-1) (2,0,0)
D (9,-1,-1) (3,0,4)
D (10,-1,-1) (3,0,3)
D (7,-1,-1) (0,1,1)
D (10,-1,-1) (3,3,4)
D (9,10,11) (4,2,5)
D (8,9,10) (5,1,2)
D (7,8,9) (1,0,1)
D (10,11,-1) (0,3,3)
D (12,-1,-1) (3,3,3)
D (10,-1,-1) (5,1,5)
D (7,-1,-1) (3,5,0)
D (11,12,-1) (1,4,1)
D (11,12,-1) (1,0,2)
D (11,12,-1) (2,1,5)
D (9,-1,-1) (0,2,0)
D (8,-1,-1) (4,3,0)
D (7,8,-1) (0,5,0)
D (9,-1,-1) (2,0,4)
D (10,11,-1) (3,4,3)
D (11,12,-1) (2,3,0)
D (10,11,-1) (2,4,5)
D (7,8,9) (4,1,5)
D (7,-1,-1) (0,5,5)
D (10,11,12) (5,4,4)
D (7,8,9) (5,4,3)
D (11,12,-1) (2,0,3)
D (10,11,-1) (3,1,0)
D (9,10,-1) (3,5,4)
D (12,-1,-1) (2,2,4)
D (10,11,-1) (1,2,3)
D (11,-1,-1) (1,3,3)
D (12,-1,-1) (0,2,5)
D (12,-1,-1) (4,1,0)
D (7,-1,-1) (0,5,1)
D (10,11,-1) (0,3,1)
D (8,9,-1) (1,2,1)
D (10,11,12) (4,0,4)
D (9,-1,-1) (2,5,4)
D (7,8,-1) (3,2,0)
D (9,-1,-1) (1,1,3)
C 0 15
C 1 17
C 2 3
C 3 6
C 4 10
C 5 23
C 6 11
C 7 1
C 8 3
C 9 25
C 10 8
C 11 18
C 12 24
C 13 19
C 14 23
C 15 4
C 16 8
C 17 25
C 18 17
C 19 23
C 20 2
C 21 18
C 22 14
C 23 0
C 24 12
C 25 11
C 26 25
C 27 15
C 28 6
C 29 4
C 30 24
C 31 9
C 32 14
C 33 14
C 34 3
C 35 11
C 36 20
C 37 15
C 38 0
C 39 18
C 40 1
C 41 24
C 42 0
C 43 7
C 44 6
C 45 9
C 46 1
C 47 0
C 48 23
C 49 12
C 50 1
C 51 22
C 52 17
C 53 26
C 54 26
C 55 1
C 56 15
C 57 25
C 58 18
C 59 0
C 60 5
C 61 19
C 62 18
C 63 17
C 64 14
C 65 5
C 66 17
C 67 8
C 68 2
C 69 18
C 70 10
C 71 7
C 72 24
C 73 20
C 74 23
C 75 21
C 76 10
C 77 2
C 78 2
C 79 4
C 80 24
C 81 0
C 82 22
C 83 16
C 84 2
C 85 17
C 86 25
C 87 6
C 88 8
C 89 23
C 90 17
C 91 22
C 92 21
C 93 19
C 94 19
C 95 12
C 96 9
C 97 21
C 98 25
C 99 0
C 100 24
C 101 25
C 102 6
C 103 24
C 104 14
C 105 26
C 106 0
C 107 6
C 108 21
C 109 20
C 110 9
C 111 5
C 112 25
C 113 1
C 114 0
C 115 21
C 116 4
C 117 15
C 118 21
C 119 23
C 120 14
C 121 3
C 122 26
C 123 2
C 124 5
C 125 11
C 126 19
C 127 9
C 128 26
C 129 11
C 130 7
C 131 6
C 132 16
C 133 26
C 134 18
C 135 14
C 136 2
C 137 6
C 138 2
C 139 11
C 140 8
C 141 8
C 142 11
C 143 11
C 144 1
C 145 26
C 146 2
C 147 7
C 148 6
C 149 14
C 150 21
C 151 23
C 152 24
C 153 10
C 154 25
C 155 12
C 156 16
C 157 0
C 158 3
C 159 12
C 160 8
C 161 18
C 162 12
C 163 14
C 164 21
C 165 22
C 166 8
C 167 20
C 168 7
C 169 12
C 170 10
C 171 5
C 172 2
C 173 9
C 174 9
C 175 4
C 176 8
C 177 20
C 178 17
C 179 0
C 180 0
C 181 23
C 182 21
C 183 10
C 184 22
C 185 15
C 186 7
C 187 16
C 188 24
C 189 0
C 190 25
C 191 12
C 192 8
C 193 24
C 194 18
C 195 14
C 196 21
C 197 8
C 198 5
C 199 12
C 200 1
C 201 23
C 202 19
C 203 10
C 204 21
C 205 25
C 206 15
C 207 7
C 208 11
C 209 14
C 210 15
C 211 14
C 212 22
C 213 2
C 214 8
C 215 10
C 216 23
C 217 10
C 218 17
C 219 26
C 220 1
C 221 4
C 222 17
C 223 19
C 224 2
C 225 25
C 226 0
C 227 21
C 228 23
C 229 19
C 230 3
C 231 12
C 232 7
C 233 14
C 234 10
C 235 19
C 236 25
C 237 22
C 238 24
C 239 18
C 240 19
C 241 2
C 242 6
C 243 1
C 244 14
C 245 14
C 246 17
C 247 15
C 248 3
C 249 7
C 250 24
C 251 8
C 252 26
C 253 11
C 254 11
C 255 22
C 256 1
C 257 0
C 258 12
C 259 20
C 260 9
C 261 14
C 262 3
C 263 22
C 264 25
C 265 8
C 266 2
C 267 24
C 268 9
C 269 17
C 270 26
C 271 22
C 272 21
C 273 10
C 274 24
C 275 0
C 276 6
C 277 23
C 278 14
C 279 7
C 280 0
C 281 0
C 282 0
C 283 0
C 284 0
C 285 0
C 286 0
C 287 0
C 288 0
C 289 0
C 290 0
C 291 0
C 292 0
C 293 0
C 294 0
C 295 0
C 296 0
C 297 0
C 298 0
C 299 0
C 300 0
C 301 0
C 302 0
C 303 0
C 304 0
C 305 0
C 306 0
C 307 0
C 308 0
C 309 0
C 310 0
C 311 0
C 312 0
C 313 0
C 314 0
C 315 0
C 316 0
C 317 0
C 318 0
C 319 0
C 320 0
C 321 0
C 322 0
C 323 0
C 324 0
C 325 0
C 326 0
C 327 0
C 328 0
C 329 0
C 330 0
C 331 0
C 332 0
C 333 0
C 334 0
C 335 0
C 336 0
C 337 0
C 338 0
C 339 23
C 340 7
C 341 14
C 342 6
C 343 2
C 344 18
C 345 4
C 346 16
C 347 1
C 348 26
C 349 21
C 350 26
I 4 3 9 (5,0,5) (1,0,-1,0)
I 1 3 1 (2,4,0) (1,0,1,0)
I 4 1 2 (1,2,4) (-1,1,1,0)|(0,-1,0,0)|(-1,0,-1,0)
