D (7,-1,-1) (4,2,5)
D (9,10,11) (1,1,3)
D (7,8,9) (5,4,4)
D (10,11,12) (0,5,3)
D (10,11,12) (2,3,3)
D (11,12,-1) (1,2,5)
D (12,-1,-1) (0,1,3)
D (9,10,11) (0,0,5)
D (10,-1,-1) (1,3,4)
D (11,12,-1) (5,5,2)
D (7,8,-1) (4,2,3)
D (8,-1,-1) (0,2,4)
D (10,-1,-1) (1,5,2)
D (11,12,-1) (5,3,4)
D (12,-1,-1) (3,3,0)
D (7,8,-1) (5,1,0)
D (8,9,-1) (5,2,4)
D (11,12,-1) (2,3,2)
D (12,-1,-1) (1,2,3)
D (7,8,9) (2,3,4)
D (8,9,-1) (0,4,2)
D (11,12,-1) (3,4,3)
D (11,12,-1) (0,3,1)
D (12,-1,-1) (4,3,5)
D (9,-1,-1) (0,0,2)
D (10,-1,-1) (4,4,5)
D (8,-1,-1) (5,1,3)
D (11,-1,-1) (4,5,0)
D (8,9,-1) (4,2,1)
D (8,9,-1) (2,5,4)
D (11,12,-1) (1,0,1)
D (9,10,-1) (0,2,2)
D (12,-1,-1) (4,3,0)
D (10,11,-1) (2,5,1)
D (10,11,12) (1,1,1)
D (12,-1,-1) (1,5,3)
D (12,-1,-1) (5,2,2)
D (9,-1,-1) (2,4,0)
D (12,-1,-1) (5,4,1)
D (11,-1,-1) (0,0,1)
D (8,-1,-1) (5,4,0)
C 0 21
C 1 23
C 2 15
C 3 19
C 4 21
C 5 26
C 6 23
C 7 5
C 8 22
C 9 1
C 10 1
C 11 23
C 12 24
C 13 5
C 14 26
C 15 1
C 16 3
C 17 11
C 18 22
C 19 9
C 20 10
C 21 11
C 22 5
C 23 14
C 24 8
C 25 4
C 26 20
C 27 7
C 28 6
C 29 23
C 30 10
C 31 0
C 32 20
C 33 9
C 34 26
C 35 1
C 36 6
C 37 24
C 38 21
C 39 14
C 40 5
C 41 4
C 42 25
C 43 24
C 44 4
C 45 15
C 46 21
C 47 1
C 48 24
C 49 16
C 50 14
C 51 6
C 52 22
C 53 25
C 54 22
C 55 6
C 56 1
C 57 4
C 58 17
C 59 10
C 60 1
C 61 10
C 62 1
C 63 15
C 64 5
C 65 6
C 66 1
C 67 5
C 68 24
C 69 8
C 70 9
C 71 4
C 72 9
C 73 11
C 74 26
C 75 6
C 76 15
C 77 2
C 78 24
C 79 5
C 80 22
C 81 15
C 82 24
C 83 1
C 84 12
C 85 8
C 86 12
C 87 15
C 88 23
C 89 21
C 90 3
C 91 19
C 92 10
C 93 26
C 94 9
C 95 14
C 96 7
C 97 16
C 98 5
C 99 12
C 100 0
C 101 20
C 102 20
C 103 4
C 104 1
C 105 9
C 106 7
C 107 24
C 108 1
C 109 12
C 110 4
C 111 24
C 112 22
C 113 5
C 114 12
C 115 24
C 116 15
C 117 3
C 118 22
C 119 17
C 120 6
C 121 23
C 122 11
C 123 18
C 124 8
C 125 11
C 126 21
C 127 1
C 128 2
C 129 4
C 130 12
C 131 18
C 132 17
C 133 16
C 134 24
C 135 9
C 136 24
C 137 19
C 138 24
C 139 21
C 140 5
C 141 15
C 142 26
C 143 20
C 144 10
C 145 20
C 146 10
C 147 23
C 148 4
C 149 5
C 150 6
C 151 24
C 152 3
C 153 7
C 154 20
C 155 24
C 156 11
C 157 15
C 158 11
C 159 4
C 160 11
C 161 9
C 162 19
C 163 25
C 164 16
C 165 6
C 166 5
C 167 14
C 168 23
C 169 23
C 170 0
C 171 14
C 172 10
C 173 20
C 174 4
C 175 18
C 176 24
C 177 3
C 178 20
C 179 2
C 180 11
C 181 26
C 182 2
C 183 18
C 184 22
C 185 1
C 186 21
C 187 6
C 188 9
C 189 25
C 190 7
C 191 10
C 192 4
C 193 25
C 194 23
C 195 17
C 196 5
C 197 3
C 198 1
C 199 8
C 200 0
C 201 0
C 202 0
C 203 0
C 204 0
C 205 0
C 206 0
C 207 0
C 208 0
C 209 0
C 210 0
C 211 0
C 212 0
C 213 0
C 214 0
C 215 0
C 216 0
C 217 0
C 218 0
C 219 0
C 220 0
C 221 0
C 222 0
C 223 0
C 224 0
C 225 0
C 226 0
C 227 0
C 228 0
C 229 0
C 230 0
C 231 0
C 232 0
C 233 0
C 234 0
C 235 0
C 236 0
C 237 0
C 238 0
C 239 0
C 240 0
C 241 0
C 242 0
C 243 0
C 244 0
C 245 0
C 246 0
C 247 0
C 248 0
C 249 0
C 250 0
C 251 0
C 252 0
C 253 0
C 254 0
C 255 0
C 256 0
C 257 0
C 258 0
C 259 0
C 260 0
C 261 0
C 262 0
C 263 0
C 264 0
C 265 0
C 266 0
C 267 0
C 268 0
C 269 0
C 270 0
C 271 0
C 272 0
C 273 0
C 274 0
C 275 0
C 276 0
C 277 0
C 278 0
C 279 0
C 280 0
C 281 0
C 282 0
C 283 0
C 284 0
C 285 0
C 286 0
C 287 0
C 288 0
C 289 0
C 290 0
C 291 0
C 292 0
C 293 0
C 294 0
C 295 8
C 296 0
C 297 0
C 298 0
C 299 0
C 300 0
C 301 0
C 302 0
C 303 0
C 304 0
C 305 0
C 306 0
C 307 0
C 308 0
C 309 0
C 310 0
C 311 0
C 312 0
C 313 0
C 314 0
C 315 0
C 316 0
C 317 0
C 318 0
C 319 0
C 320 0
C 321 0
C 322 0
C 323 0
C 324 0
C 325 0
C 326 0
C 327 0
C 328 0
C 329 0
C 330 0
C 331 0
C 332 0
C 333 0
C 334 0
C 335 0
C 336 0
C 337 0
C 338 0
C 339 0
C 340 0
C 341 0
C 342 0
C 343 0
C 344 0
C 345 0
C 346 0
C 347 0
C 348 3
C 349 14
C 350 3
I 0 2 8 (0,3,2) (1,0,1,0)|(-1,0,1,0)|(1,-1,0,0)|(-1,1,0,0)
I 3 1 12 (4,5,0) (1,1,0,0)
I 4 1 10 (4,3,0) (1,0,0,0)|(0,1,1,0)
