D (11,12,-1) (3,4,0)
D (11,12,-1) (0,4,1)
D (9,-1,-1) (1,0,1)
D (11,12,-1) (3,0,0)
D (8,9,10) (3,2,2)
D (10,11,-1) (0,3,5)
D (10,11,12) (1,1,1)
D (7,-1,-1) (1,1,2)
D (7,8,9) (2,0,1)
D (10,-1,-1) (3,3,1)
D (8,-1,-1) (3,3,0)
D (8,9,-1) (0,0,0)
D (8,9,10) (5,5,0)
D (10,11,-1) (5,5,3)
D (12,-1,-1) (0,3,2)
D (7,8,-1) (4,5,4)
D (10,-1,-1) (5,4,0)
D (7,-1,-1) (5,1,3)
D (8,9,-1) (0,0,2)
D (9,-1,-1) (2,2,0)
D (9,10,11) (1,3,1)
D (12,-1,-1) (5,2,3)
D (7,8,-1) (1,5,2)
D (10,-1,-1) (5,1,0)
D (11,12,-1) (0,4,0)
D (7,8,-1) (4,2,2)
D (10,11,12) (1,1,0)
D (11,-1,-1) (3,2,4)
D (11,-1,-1) (2,0,2)
D (7,-1,-1) (1,3,3)
D (10,-1,-1) (3,2,3)
D (11,-1,-1) (3,3,4)
D (10,11,-1) (1,1,4)
D (7,8,-1) (5,2,2)
D (9,10,11) (1,0,0)
D (10,11,-1) (0,4,5)
D (11,12,-1) (5,0,3)
D (9,-1,-1) (2,4,5)
D (8,9,-1) (2,4,0)
D (7,8,-1) (0,2,0)
D (12,-1,-1) (2,2,4)
D (12,-1,-1) (3,1,2)
D (9,10,-1) (1,2,3)
D (10,11,12) (0,4,4)
D (11,12,-1) (4,2,1)
D (7,8,-1) (5,5,5)
D (8,9,10) (4,5,0)
D (10,11,-1) (2,5,2)
D (8,-1,-1) (2,2,2)
D (12,-1,-1) (0,2,2)
D (7,8,9) (4,4,1)
D (12,-1,-1) (0,0,4)
D (9,-1,-1) (2,1,4)
C 0 24
C 1 6
C 2 24
C 3 12
C 4 2
C 5 26
C 6 16
C 7 18
C 8 1
C 9 7
C 10 2
C 11 8
C 12 3
C 13 5
C 14 1
C 15 25
C 16 26
C 17 5
C 18 5
C 19 7
C 20 26
C 21 4
C 22 4
C 23 25
C 24 6
C 25 24
C 26 19
C 27 24
C 28 16
C 29 17
C 30 24
C 31 8
C 32 21
C 33 2
C 34 20
C 35 24
C 36 6
C 37 0
C 38 5
C 39 14
C 40 4
C 41 25
C 42 14
C 43 9
C 44 9
C 45 24
C 46 6
C 47 1
C 48 1
C 49 22
C 50 18
C 51 2
C 52 1
C 53 23
C 54 8
C 55 11
C 56 5
C 57 10
C 58 10
C 59 22
C 60 15
C 61 24
C 62 6
C 63 5
C 64 7
C 65 11
C 66 18
C 67 22
C 68 10
C 69 1
C 70 8
C 71 4
C 72 21
C 73 11
C 74 1
C 75 22
C 76 20
C 77 3
C 78 24
C 79 0
C 80 0
C 81 0
C 82 12
C 83 26
C 84 20
C 85 0
C 86 22
C 87 19
C 88 20
C 89 9
C 90 14
C 91 24
C 92 10
C 93 1
C 94 2
C 95 5
C 96 1
C 97 22
C 98 9
C 99 3
C 100 16
C 101 14
C 102 18
C 103 6
C 104 6
C 105 4
C 106 18
C 107 24
C 108 2
C 109 3
C 110 16
C 111 5
C 112 7
C 113 19
C 114 24
C 115 22
C 116 14
C 117 25
C 118 12
C 119 26
C 120 10
C 121 19
C 122 0
C 123 15
C 124 2
C 125 19
C 126 5
C 127 15
C 128 11
C 129 4
C 130 17
C 131 7
C 132 21
C 133 5
C 134 18
C 135 21
C 136 21
C 137 24
C 138 26
C 139 3
C 140 22
C 141 14
C 142 21
C 143 21
C 144 19
C 145 0
C 146 4
C 147 24
C 148 15
C 149 14
C 150 16
C 151 4
C 152 7
C 153 5
C 154 14
C 155 3
C 156 24
C 157 16
C 158 16
C 159 23
C 160 19
C 161 12
C 162 12
C 163 21
C 164 25
C 165 23
C 166 12
C 167 10
C 168 26
C 169 0
C 170 10
C 171 1
C 172 10
C 173 16
C 174 0
C 175 1
C 176 19
C 177 8
C 178 3
C 179 21
C 180 12
C 181 10
C 182 11
C 183 14
C 184 16
C 185 21
C 186 5
C 187 11
C 188 26
C 189 15
C 190 3
C 191 11
C 192 21
C 193 8
C 194 0
C 195 25
C 196 23
C 197 6
C 198 26
C 199 10
C 200 4
C 201 18
C 202 26
C 203 24
C 204 8
C 205 0
C 206 1
C 207 24
C 208 21
C 209 5
C 210 14
C 211 8
C 212 25
C 213 25
C 214 10
C 215 2
C 216 2
C 217 4
C 218 0
C 219 0
C 220 0
C 221 0
C 222 0
C 223 0
C 224 0
C 225 21
C 226 9
C 227 15
C 228 15
C 229 1
C 230 5
C 231 5
C 232 26
C 233 3
C 234 25
C 235 22
C 236 17
C 237 16
C 238 21
C 239 8
C 240 23
C 241 4
C 242 10
C 243 1
C 244 1
C 245 24
C 246 10
C 247 25
C 248 19
C 249 7
C 250 14
C 251 12
C 252 14
C 253 5
C 254 2
C 255 18
C 256 6
C 257 8
C 258 9
C 259 23
C 260 17
C 261 22
C 262 3
C 263 18
C 264 6
C 265 7
C 266 1
C 267 18
C 268 20
C 269 18
C 270 3
C 271 14
C 272 11
C 273 6
C 274 20
C 275 7
C 276 1
C 277 22
C 278 23
C 279 26
C 280 2
C 281 2
C 282 25
C 283 18
C 284 3
C 285 10
C 286 1
C 287 10
C 288 21
C 289 19
C 290 26
C 291 24
C 292 26
C 293 16
C 294 15
C 295 0
C 296 0
C 297 21
C 298 0
C 299 3
C 300 21
C 301 21
C 302 19
C 303 15
C 304 16
C 305 2
C 306 0
C 307 20
C 308 11
C 309 26
C 310 2
C 311 10
C 312 1
C 313 9
C 314 26
C 315 11
C 316 17
C 317 17
C 318 20
C 319 9
C 320 17
C 321 17
C 322 0
C 323 9
C 324 19
C 325 10
C 326 18
C 327 21
C 328 11
C 329 21
C 330 10
C 331 2
C 332 12
C 333 24
C 334 8
C 335 1
C 336 2
C 337 12
C 338 5
C 339 2
C 340 9
C 341 16
C 342 9
C 343 12
C 344 9
C 345 24
C 346 9
C 347 22
C 348 20
C 349 4
C 350 24
I 0 1 2 (4,2,3) (0,1,-1,0)|(1,-1,0,0)
I 5 1 11 (4,0,2) (0,0,1,0)|(0,0,0,0)
I 0 2 10 (2,2,4) (1,1,-1,0)
