D (10,11,-1) (1,5,4)
D (12,-1,-1) (4,4,3)
D (11,12,-1) (0,3,2)
D (10,11,12) (5,5,4)
D (9,10,11) (5,4,5)
D (7,8,9) (0,2,4)
D (7,8,9) (1,0,1)
D (7,-1,-1) (5,3,5)
D (11,12,-1) (1,1,4)
D (10,11,12) (4,4,4)
D (12,-1,-1) (2,1,4)
D (7,8,9) (3,2,0)
D (7,8,9) (3,0,5)
D (10,11,12) (5,2,0)
D (9,10,11) (4,4,0)
D (10,-1,-1) (3,3,3)
D (10,11,12) (4,1,1)
D (12,-1,-1) (4,5,5)
D (8,-1,-1) (1,2,5)
D (9,-1,-1) (5,0,2)
D (11,-1,-1) (4,5,3)
D (7,8,9) (3,1,2)
D (8,9,10) (3,5,3)
D (12,-1,-1) (2,3,2)
D (10,-1,-1) (1,3,3)
D (11,-1,-1) (2,2,5)
D (12,-1,-1) (1,3,4)
D (11,12,-1) (3,2,2)
D (11,-1,-1) (0,2,3)
D (11,12,-1) (4,4,1)
D (7,-1,-1) (3,5,2)
D (8,-1,-1) (5,2,4)
D (10,-1,-1) (5,0,5)
D (10,11,12) (0,3,3)
D (11,12,-1) (4,5,0)
D (9,-1,-1) (5,1,5)
D (9,10,11) (5,1,1)
D (9,-1,-1) (2,2,1)
D (11,12,-1) (0,1,0)
D (12,-1,-1) (2,3,0)
D (12,-1,-1) (5,5,2)
D (10,11,12) (2,0,4)
D (7,-1,-1) (1,3,0)
D (7,8,9) (0,4,4)
C 0 25
C 1 15
C 2 0
C 3 9
C 4 7
C 5 17
C 6 8
C 7 4
C 8 16
C 9 24
C 10 16
C 11 9
C 12 14
C 13 8
C 14 20
C 15 12
C 16 26
C 17 21
C 18 26
C 19 12
C 20 21
C 21 15
C 22 24
C 23 8
C 24 1
C 25 11
C 26 16
C 27 8
C 28 11
C 29 24
C 30 22
C 31 22
C 32 17
C 33 8
C 34 1
C 35 22
C 36 20
C 37 15
C 38 1
C 39 12
C 40 22
C 41 20
C 42 6
C 43 7
C 44 6
C 45 16
C 46 1
C 47 17
C 48 7
C 49 5
C 50 15
C 51 21
C 52 21
C 53 12
C 54 1
C 55 16
C 56 14
C 57 24
C 58 14
C 59 12
C 60 11
C 61 3
C 62 11
C 63 23
C 64 0
C 65 0
C 66 0
C 67 0
C 68 0
C 69 0
C 70 0
C 71 0
C 72 0
C 73 0
C 74 0
C 75 0
C 76 0
C 77 0
C 78 0
C 79 0
C 80 0
C 81 0
C 82 0
C 83 0
C 84 0
C 85 0
C 86 0
C 87 0
C 88 0
C 89 0
C 90 0
C 91 0
C 92 0
C 93 0
C 94 0
C 95 0
C 96 0
C 97 0
C 98 0
C 99 0
C 100 0
C 101 0
C 102 0
C 103 0
C 104 0
C 105 0
C 106 0
C 107 19
C 108 10
C 109 15
C 110 25
C 111 2
C 112 22
C 113 12
C 114 26
C 115 20
C 116 15
C 117 12
C 118 21
C 119 12
C 120 1
C 121 6
C 122 25
C 123 26
C 124 3
C 125 18
C 126 3
C 127 3
C 128 20
C 129 20
C 130 10
C 131 11
C 132 12
C 133 15
C 134 3
C 135 14
C 136 8
C 137 20
C 138 15
C 139 2
C 140 26
C 141 23
C 142 19
C 143 7
C 144 2
C 145 22
C 146 21
C 147 26
C 148 26
C 149 21
C 150 11
C 151 22
C 152 15
C 153 22
C 154 1
C 155 12
C 156 14
C 157 18
C 158 16
C 159 6
C 160 11
C 161 20
C 162 20
C 163 25
C 164 17
C 165 0
C 166 4
C 167 7
C 168 10
C 169 11
C 170 16
C 171 22
C 172 6
C 173 1
C 174 21
C 175 21
C 176 23
C 177 7
C 178 25
C 179 4
C 180 26
C 181 12
C 182 20
C 183 25
C 184 14
C 185 14
C 186 18
C 187 10
C 188 17
C 189 8
C 190 25
C 191 24
C 192 12
C 193 22
C 194 24
C 195 21
C 196 12
C 197 26
C 198 20
C 199 23
C 200 23
C 201 18
C 202 9
C 203 4
C 204 18
C 205 2
C 206 8
C 207 24
C 208 24
C 209 15
C 210 3
C 211 17
C 212 16
C 213 22
C 214 1
C 215 17
C 216 20
C 217 3
C 218 26
C 219 22
C 220 11
C 221 16
C 222 12
C 223 20
C 224 23
C 225 16
C 226 21
C 227 2
C 228 24
C 229 4
C 230 14
C 231 26
C 232 17
C 233 26
C 234 17
C 235 18
C 236 1
C 237 17
C 238 0
C 239 24
C 240 0
C 241 18
C 242 21
C 243 1
C 244 15
C 245 25
C 246 17
C 247 21
C 248 21
C 249 24
C 250 18
C 251 6
C 252 17
C 253 5
C 254 19
C 255 12
C 256 10
C 257 0
C 258 9
C 259 26
C 260 16
C 261 18
C 262 7
C 263 15
C 264 0
C 265 22
C 266 21
C 267 10
C 268 0
C 269 15
C 270 8
C 271 19
C 272 8
C 273 16
C 274 6
C 275 9
C 276 19
C 277 23
C 278 7
C 279 8
C 280 6
C 281 24
C 282 24
C 283 9
C 284 20
C 285 15
C 286 2
C 287 25
C 288 19
C 289 14
C 290 21
C 291 17
C 292 2
C 293 17
C 294 23
C 295 21
C 296 5
C 297 10
C 298 3
C 299 18
C 300 20
C 301 18
C 302 19
C 303 6
C 304 19
C 305 6
C 306 1
C 307 7
C 308 6
C 309 20
C 310 5
C 311 26
C 312 19
C 313 0
C 314 14
C 315 19
C 316 21
C 317 15
C 318 7
C 319 14
C 320 9
C 321 19
C 322 5
C 323 24
C 324 16
C 325 21
C 326 10
C 327 25
C 328 1
C 329 3
C 330 7
C 331 25
C 332 10
C 333 15
C 334 10
C 335 26
C 336 14
C 337 21
C 338 25
C 339 3
C 340 12
C 341 12
C 342 2
C 343 18
C 344 10
C 345 21
C 346 3
C 347 21
C 348 23
C 349 7
C 350 18
I 1 1 7 (1,0,1) (0,-1,0,0)|(1,1,1,0)|(1,-1,1,0)
I 0 1 10 (0,5,1) (1,0,0,0)|(1,-1,1,0)|(1,1,1,0)
I 4 2 13 (3,2,1) (1,0,-1,0)
