D (9,10,11) (1,5,4)
D (7,-1,-1) (0,2,2)
D (8,-1,-1) (4,5,4)
D (8,-1,-1) (0,1,1)
D (8,9,-1) (5,3,5)
D (9,10,-1) (5,5,0)
D (7,8,-1) (2,4,5)
D (12,-1,-1) (1,2,4)
D (11,-1,-1) (3,0,2)
D (10,11,12) (2,3,3)
D (7,-1,-1) (0,4,1)
D (7,8,9) (3,1,0)
D (9,10,-1) (3,1,1)
D (12,-1,-1) (0,4,4)
D (9,10,11) (4,3,0)
D (7,-1,-1) (0,1,0)
D (8,9,10) (0,0,2)
D (8,-1,-1) (3,2,3)
D (9,-1,-1) (1,4,2)
D (12,-1,-1) (5,5,3)
D (11,12,-1) (2,0,1)
D (10,11,12) (3,2,1)
D (10,11,-1) (5,2,0)
D (12,-1,-1) (5,1,2)
D (12,-1,-1) (1,3,1)
D (10,11,-1) (4,0,0)
D (7,-1,-1) (1,4,4)
D (11,-1,-1) (0,5,3)
D (9,-1,-1) (2,5,5)
D (11,12,-1) (0,3,5)
D (9,10,-1) (1,2,0)
D (12,-1,-1) (5,0,2)
D (9,10,11) (4,2,0)
D (8,9,-1) (5,3,1)
D (9,10,-1) (3,0,5)
D (8,9,10) (3,4,5)
D (11,12,-1) (4,5,5)
D (11,-1,-1) (2,3,4)
D (11,12,-1) (5,0,3)
D (11,12,-1) (4,3,1)
D (12,-1,-1) (5,2,1)
D (9,10,-1) (3,0,0)
D (10,11,12) (4,3,2)
D (9,10,-1) (0,4,0)
D (9,10,-1) (5,5,5)
D (12,-1,-1) (2,2,2)
D (10,11,-1) (1,4,5)
D (9,-1,-1) (2,5,3)
D (9,-1,-1) (4,4,5)
C 0 14
C 1 24
C 2 16
C 3 11
C 4 1
C 5 14
C 6 22
C 7 0
C 8 18
C 9 26
C 10 16
C 11 20
C 12 17
C 13 22
C 14 1
C 15 14
C 16 1
C 17 11
C 18 12
C 19 12
C 20 5
C 21 0
C 22 4
C 23 21
C 24 11
C 25 3
C 26 21
C 27 19
C 28 15
C 29 1
C 30 7
C 31 14
C 32 20
C 33 26
C 34 22
C 35 24
C 36 7
C 37 21
C 38 26
C 39 2
C 40 1
C 41 16
C 42 21
C 43 16
C 44 3
C 45 11
C 46 15
C 47 16
C 48 26
C 49 1
C 50 5
C 51 24
C 52 17
C 53 10
C 54 11
C 55 5
C 56 7
C 57 0
C 58 14
C 59 1
C 60 5
C 61 18
C 62 21
C 63 8
C 64 5
C 65 14
C 66 4
C 67 25
C 68 5
C 69 3
C 70 17
C 71 22
C 72 14
C 73 15
C 74 20
C 75 24
C 76 16
C 77 15
C 78 5
C 79 24
C 80 0
C 81 1
C 82 5
C 83 21
C 84 1
C 85 3
C 86 26
C 87 0
C 88 1
C 89 14
C 90 5
C 91 14
C 92 3
C 93 24
C 94 23
C 95 21
C 96 16
C 97 0
C 98 17
C 99 8
C 100 19
C 101 26
C 102 10
C 103 20
C 104 12
C 105 25
C 106 1
C 107 16
C 108 20
C 109 3
C 110 21
C 111 10
C 112 17
C 113 8
C 114 23
C 115 0
C 116 25
C 117 3
C 118 18
C 119 3
C 120 19
C 121 2
C 122 11
C 123 12
C 124 17
C 125 8
C 126 1
C 127 18
C 128 21
C 129 3
C 130 11
C 131 6
C 132 25
C 133 1
C 134 24
C 135 1
C 136 17
C 137 18
C 138 2
C 139 21
C 140 20
C 141 0
C 142 0
C 143 0
C 144 0
C 145 0
C 146 21
C 147 18
C 148 15
C 149 20
C 150 12
C 151 7
C 152 7
C 153 14
C 154 0
C 155 6
C 156 20
C 157 8
C 158 19
C 159 7
C 160 24
C 161 6
C 162 23
C 163 5
C 164 5
C 165 24
C 166 5
C 167 7
C 168 14
C 169 14
C 170 8
C 171 23
C 172 25
C 173 1
C 174 10
C 175 3
C 176 17
C 177 22
C 178 0
C 179 15
C 180 3
C 181 2
C 182 19
C 183 8
C 184 19
C 185 11
C 186 18
C 187 4
C 188 23
C 189 1
C 190 26
C 191 0
C 192 0
C 193 0
C 194 0
C 195 0
C 196 19
C 197 7
C 198 19
C 199 18
C 200 7
C 201 21
C 202 2
C 203 26
C 204 1
C 205 19
C 206 0
C 207 8
C 208 14
C 209 10
C 210 6
C 211 4
C 212 0
C 213 26
C 214 21
C 215 15
C 216 14
C 217 11
C 218 17
C 219 2
C 220 8
C 221 0
C 222 21
C 223 20
C 224 22
C 225 1
C 226 6
C 227 26
C 228 24
C 229 11
C 230 26
C 231 24
C 232 12
C 233 1
C 234 21
C 235 23
C 236 12
C 237 23
C 238 19
C 239 18
C 240 17
C 241 25
C 242 7
C 243 0
C 244 6
C 245 2
C 246 3
C 247 0
C 248 8
C 249 21
C 250 22
C 251 20
C 252 2
C 253 3
C 254 24
C 255 3
C 256 15
C 257 18
C 258 5
C 259 26
C 260 16
C 261 23
C 262 25
C 263 0
C 264 0
C 265 0
C 266 0
C 267 0
C 268 0
C 269 0
C 270 0
C 271 0
C 272 0
C 273 0
C 274 0
C 275 0
C 276 0
C 277 0
C 278 0
C 279 0
C 280 0
C 281 0
C 282 0
C 283 0
C 284 0
C 285 0
C 286 0
C 287 0
C 288 0
C 289 0
C 290 0
C 291 0
C 292 0
C 293 0
C 294 0
C 295 0
C 296 0
C 297 0
C 298 0
C 299 0
C 300 0
C 301 0
C 302 0
C 303 0
C 304 0
C 305 0
C 306 0
C 307 0
C 308 0
C 309 0
C 310 3
C 311 2
C 312 15
C 313 8
C 314 17
C 315 16
C 316 25
C 317 3
C 318 26
C 319 10
C 320 14
C 321 16
C 322 23
C 323 26
C 324 16
C 325 6
C 326 4
C 327 18
C 328 22
C 329 16
C 330 10
C 331 3
C 332 11
C 333 23
C 334 14
C 335 4
C 336 8
C 337 0
C 338 15
C 339 2
C 340 19
C 341 18
C 342 9
C 343 17
C 344 25
C 345 5
C 346 1
C 347 26
C 348 7
C 349 2
C 350 23
I 1 3 19 (5,4,5) (0,-1,-1,0)|(0,1,0,0)|(0,0,1,0)|(1,1,-1,0)
I 5 1 5 (1,4,3) (0,-1,0,0)|(0,-1,1,0)
I 1 3 1 (2,1,0) (1,0,0,0)|(-1,0,1,0)
