D (7,8,9) (1,4,2)
D (9,-1,-1) (2,4,3)
D (10,11,-1) (0,2,1)
D (9,-1,-1) (1,4,1)
D (12,-1,-1) (4,2,3)
D (9,-1,-1) (1,0,3)
D (12,-1,-1) (1,3,1)
D (10,-1,-1) (2,0,2)
D (9,10,11) (3,1,2)
D (12,-1,-1) (1,3,4)
D (12,-1,-1) (5,3,3)
D (12,-1,-1) (2,3,5)
D (11,12,-1) (1,5,5)
D (12,-1,-1) (0,2,3)
D (11,-1,-1) (4,4,0)
D (7,-1,-1) (1,3,3)
D (9,-1,-1) (2,1,0)
D (9,-1,-1) (2,3,3)
D (7,8,-1) (1,5,2)
D (11,12,-1) (1,1,0)
D (9,10,-1) (2,4,0)
D (8,-1,-1) (5,5,1)
D (12,-1,-1) (0,3,4)
D (9,10,-1) (5,5,4)
D (9,10,11) (4,5,1)
D (7,-1,-1) (3,3,4)
D (11,12,-1) (2,2,3)
D (7,-1,-1) (4,2,4)
D (7,-1,-1) (1,3,0)
D (10,-1,-1) (0,3,1)
D (7,-1,-1) (3,5,3)
D (7,8,-1) (0,0,5)
D (12,-1,-1) (4,1,3)
D (10,-1,-1) (0,0,1)
D (7,8,-1) (4,4,1)
D (12,-1,-1) (1,0,1)
D (11,-1,-1) (0,2,4)
D (8,9,-1) (5,3,2)
D (12,-1,-1) (5,0,5)
D (11,12,-1) (5,5,5)
D (10,11,-1) (2,1,3)
D (10,-1,-1) (5,1,4)
D (7,8,9) (2,5,3)
D (12,-1,-1) (4,2,0)
D (11,12,-1) (4,5,4)
D (12,-1,-1) (5,4,3)
D (11,12,-1) (4,3,1)
D (12,-1,-1) (4,1,1)
D (7,8,9) (0,3,3)
D (11,12,-1) (3,2,3)
D (12,-1,-1) (3,5,5)
D (8,9,10) (3,4,0)
D (12,-1,-1) (1,2,5)
D (12,-1,-1) (4,1,0)
C 0 3
C 1 22
C 2 22
C 3 7
C 4 20
C 5 0
C 6 10
C 7 10
C 8 3
C 9 7
C 10 15
C 11 23
C 12 20
C 13 22
C 14 23
C 15 0
C 16 0
C 17 0
C 18 0
C 19 0
C 20 6
C 21 14
C 22 16
C 23 26
C 24 2
C 25 3
C 26 22
C 27 20
C 28 1
C 29 14
C 30 15
C 31 2
C 32 22
C 33 9
C 34 15
C 35 6
C 36 24
C 37 17
C 38 21
C 39 12
C 40 3
C 41 18
C 42 26
C 43 25
C 44 11
C 45 11
C 46 3
C 47 0
C 48 16
C 49 2
C 50 26
C 51 21
C 52 0
C 53 0
C 54 0
C 55 0
C 56 23
C 57 11
C 58 3
C 59 20
C 60 21
C 61 0
C 62 9
C 63 14
C 64 3
C 65 15
C 66 12
C 67 14
C 68 17
C 69 7
C 70 5
C 71 3
C 72 5
C 73 10
C 74 4
C 75 26
C 76 15
C 77 2
C 78 4
C 79 16
C 80 5
C 81 15
C 82 9
C 83 16
C 84 11
C 85 14
C 86 6
C 87 20
C 88 14
C 89 25
C 90 21
C 91 18
C 92 18
C 93 21
C 94 11
C 95 25
C 96 14
C 97 6
C 98 19
C 99 23
C 100 21
C 101 7
C 102 10
C 103 0
C 104 7
C 105 11
C 106 8
C 107 24
C 108 14
C 109 15
C 110 23
C 111 20
C 112 5
C 113 19
C 114 15
C 115 5
C 116 7
C 117 15
C 118 18
C 119 12
C 120 8
C 121 21
C 122 19
C 123 5
C 124 1
C 125 8
C 126 2
C 127 22
C 128 25
C 129 0
C 130 22
C 131 0
C 132 5
C 133 2
C 134 1
C 135 8
C 136 4
C 137 0
C 138 12
C 139 10
C 140 20
C 141 18
C 142 11
C 143 0
C 144 15
C 145 18
C 146 20
C 147 22
C 148 9
C 149 10
C 150 9
C 151 2
C 152 20
C 153 19
C 154 17
C 155 14
C 156 14
C 157 25
C 158 8
C 159 23
C 160 23
C 161 21
C 162 2
C 163 14
C 164 21
C 165 20
C 166 14
C 167 12
C 168 16
C 169 18
C 170 4
C 171 3
C 172 12
C 173 12
C 174 11
C 175 23
C 176 26
C 177 15
C 178 1
C 179 11
C 180 5
C 181 10
C 182 7
C 183 5
C 184 7
C 185 7
C 186 14
C 187 14
C 188 20
C 189 5
C 190 26
C 191 15
C 192 23
C 193 23
C 194 25
C 195 6
C 196 2
C 197 19
C 198 12
C 199 25
C 200 9
C 201 25
C 202 22
C 203 24
C 204 26
C 205 7
C 206 14
C 207 26
C 208 18
C 209 19
C 210 10
C 211 17
C 212 9
C 213 20
C 214 14
C 215 24
C 216 14
C 217 23
C 218 25
C 219 8
C 220 24
C 221 15
C 222 21
C 223 26
C 224 23
C 225 19
C 226 6
C 227 11
C 228 19
C 229 24
C 230 7
C 231 20
C 232 21
C 233 1
C 234 25
C 235 22
C 236 4
C 237 6
C 238 18
C 239 24
C 240 14
C 241 0
C 242 1
C 243 12
C 244 5
C 245 10
C 246 4
C 247 7
C 248 16
C 249 4
C 250 18
C 251 7
C 252 10
C 253 7
C 254 8
C 255 9
C 256 8
C 257 24
C 258 9
C 259 15
C 260 15
C 261 7
C 262 8
C 263 22
C 264 11
C 265 10
C 266 16
C 267 24
C 268 11
C 269 3
C 270 19
C 271 4
C 272 5
C 273 17
C 274 11
C 275 12
C 276 10
C 277 7
C 278 8
C 279 7
C 280 6
C 281 1
C 282 10
C 283 26
C 284 10
C 285 18
C 286 26
C 287 22
C 288 20
C 289 14
C 290 14
C 291 10
C 292 21
C 293 3
C 294 15
C 295 18
C 296 1
C 297 12
C 298 6
C 299 11
C 300 6
C 301 8
C 302 23
C 303 12
C 304 5
C 305 6
C 306 7
C 307 17
C 308 15
C 309 2
C 310 0
C 311 24
C 312 24
C 313 0
C 314 16
C 315 25
C 316 14
C 317 10
C 318 19
C 319 15
C 320 25
C 321 6
C 322 19
C 323 0
C 324 26
C 325 18
C 326 7
C 327 7
C 328 9
C 329 1
C 330 22
C 331 17
C 332 19
C 333 17
C 334 20
C 335 18
C 336 6
C 337 1
C 338 16
C 339 18
C 340 7
C 341 0
C 342 9
C 343 0
C 344 20
C 345 25
C 346 3
C 347 20
C 348 11
C 349 9
C 350 8
I 4 1 8 (4,2,3) (1,1,-1,0)|(0,0,1,0)
I 0 2 17 (1,1,2) (0,1,0,0)
I 1 2 16 (4,0,1) (-1,0,0,0)|(1,0,1,0)|(1,-1,1,0)
