D (10,11,12) (0,1,5)
D (7,8,-1) (1,1,4)
D (11,-1,-1) (4,2,1)
D (9,10,11) (4,5,2)
D (7,8,9) (2,2,3)
D (10,11,12) (4,5,3)
D (9,10,-1) (1,3,3)
D (7,8,-1) (1,0,3)
D (11,12,-1) (5,3,4)
D (7,-1,-1) (4,0,5)
D (9,10,11) (4,4,4)
D (12,-1,-1) (0,4,0)
D (8,9,10) (1,1,5)
D (10,11,12) (0,5,1)
D (11,-1,-1) (1,2,1)
D (9,10,11) (0,2,0)
D (10,-1,-1) (0,1,1)
D (7,-1,-1) (0,1,2)
D (10,11,-1) (2,5,0)
D (7,8,-1) (5,4,2)
D (10,11,-1) (0,4,3)
D (12,-1,-1) (5,1,1)
D (12,-1,-1) (0,4,1)
D (10,11,-1) (4,1,0)
D (10,-1,-1) (3,3,5)
D (7,8,-1) (1,4,1)
D (11,12,-1) (3,5,0)
D (11,12,-1) (1,0,1)
D (12,-1,-1) (4,5,1)
D (11,12,-1) (1,4,2)
D (9,-1,-1) (0,0,4)
D (10,-1,-1) (5,5,0)
D (7,8,9) (0,0,3)
D (9,10,-1) (1,2,0)
D (7,8,-1) (1,3,0)
D (9,10,-1) (5,0,2)
D (9,-1,-1) (0,4,5)
D (11,12,-1) (3,2,5)
D (7,8,-1) (5,0,1)
D (11,12,-1) (3,3,0)
D (11,12,-1) (2,1,2)
D (7,-1,-1) (2,1,5)
D (9,-1,-1) (0,5,0)
D (10,11,-1) (3,0,1)
D (7,-1,-1) (2,2,1)
D (11,-1,-1) (0,3,0)
D (7,8,9) (3,4,5)
D (7,8,9) (1,4,4)
D (7,-1,-1) (4,5,0)
D (8,9,-1) (0,0,1)
C 0 12
C 1 16
C 2 17
C 3 22
C 4 9
C 5 2
C 6 25
C 7 14
C 8 2
C 9 24
C 10 20
C 11 17
C 12 15
C 13 19
C 14 7
C 15 26
C 16 20
C 17 1
C 18 4
C 19 12
C 20 8
C 21 7
C 22 3
C 23 17
C 24 14
C 25 17
C 26 19
C 27 6
C 28 15
C 29 0
C 30 0
C 31 0
C 32 0
C 33 0
C 34 0
C 35 0
C 36 0
C 37 0
C 38 0
C 39 0
C 40 0
C 41 0
C 42 0
C 43 0
C 44 0
C 45 0
C 46 0
C 47 0
C 48 0
C 49 0
C 50 0
C 51 0
C 52 0
C 53 0
C 54 0
C 55 0
C 56 0
C 57 0
C 58 0
C 59 0
C 60 0
C 61 0
C 62 0
C 63 0
C 64 0
C 65 0
C 66 0
C 67 0
C 68 0
C 69 0
C 70 0
C 71 0
C 72 0
C 73 0
C 74 0
C 75 0
C 76 0
C 77 0
C 78 0
C 79 0
C 80 0
C 81 0
C 82 0
C 83 0
C 84 0
C 85 0
C 86 0
C 87 0
C 88 0
C 89 0
C 90 0
C 91 0
C 92 0
C 93 0
C 94 0
C 95 0
C 96 0
C 97 0
C 98 5
C 99 11
C 100 10
C 101 1
C 102 15
C 103 17
C 104 26
C 105 9
C 106 19
C 107 15
C 108 6
C 109 6
C 110 23
C 111 21
C 112 9
C 113 7
C 114 18
C 115 2
C 116 0
C 117 15
C 118 3
C 119 7
C 120 17
C 121 16
C 122 5
C 123 23
C 124 12
C 125 2
C 126 26
C 127 2
C 128 22
C 129 20
C 130 26
C 131 26
C 132 7
C 133 22
C 134 16
C 135 19
C 136 26
C 137 16
C 138 10
C 139 20
C 140 6
C 141 10
C 142 2
C 143 3
C 144 19
C 145 7
C 146 1
C 147 22
C 148 11
C 149 14
C 150 23
C 151 2
C 152 12
C 153 22
C 154 3
C 155 18
C 156 16
C 157 19
C 158 10
C 159 17
C 160 0
C 161 2
C 162 21
C 163 0
C 164 16
C 165 3
C 166 19
C 167 20
C 168 4
C 169 3
C 170 6
C 171 0
C 172 19
C 173 23
C 174 17
C 175 2
C 176 11
C 177 4
C 178 14
C 179 0
C 180 22
C 181 15
C 182 9
C 183 23
C 184 22
C 185 15
C 186 15
C 187 9
C 188 12
C 189 25
C 190 2
C 191 17
C 192 20
C 193 7
C 194 19
C 195 15
C 196 9
C 197 2
C 198 20
C 199 9
C 200 16
C 201 8
C 202 8
C 203 3
C 204 3
C 205 9
C 206 9
C 207 23
C 208 8
C 209 4
C 210 17
C 211 23
C 212 9
C 213 22
C 214 18
C 215 5
C 216 17
C 217 10
C 218 0
C 219 21
C 220 9
C 221 23
C 222 2
C 223 9
C 224 17
C 225 11
C 226 20
C 227 4
C 228 18
C 229 1
C 230 1
C 231 11
C 232 1
C 233 8
C 234 19
C 235 12
C 236 4
C 237 26
C 238 15
C 239 23
C 240 10
C 241 16
C 242 2
C 243 3
C 244 12
C 245 8
C 246 20
C 247 23
C 248 23
C 249 22
C 250 23
C 251 22
C 252 25
C 253 18
C 254 9
C 255 10
C 256 8
C 257 26
C 258 6
C 259 14
C 260 9
C 261 15
C 262 14
C 263 5
C 264 20
C 265 14
C 266 9
C 267 19
C 268 15
C 269 11
C 270 17
C 271 7
C 272 25
C 273 24
C 274 2
C 275 14
C 276 1
C 277 8
C 278 10
C 279 6
C 280 26
C 281 3
C 282 15
C 283 9
C 284 21
C 285 7
C 286 14
C 287 26
C 288 12
C 289 17
C 290 14
C 291 17
C 292 22
C 293 6
C 294 1
C 295 16
C 296 2
C 297 16
C 298 17
C 299 0
C 300 9
C 301 2
C 302 10
C 303 16
C 304 22
C 305 5
C 306 18
C 307 15
C 308 6
C 309 12
C 310 0
C 311 14
C 312 8
C 313 11
C 314 22
C 315 15
C 316 14
C 317 15
C 318 5
C 319 17
C 320 6
C 321 19
C 322 18
C 323 5
C 324 0
C 325 18
C 326 17
C 327 20
C 328 19
C 329 7
C 330 3
C 331 18
C 332 14
C 333 11
C 334 23
C 335 12
C 336 26
C 337 16
C 338 18
C 339 16
C 340 9
C 341 23
C 342 11
C 343 2
C 344 19
C 345 20
C 346 5
C 347 16
C 348 17
C 349 4
C 350 2
I 0 1 7 (3,1,4) (-1,1,0,0)|(1,0,-1,0)|(0,1,1,0)
I 0 3 20 (2,4,1) (1,0,1,0)
I 0 1 6 (4,5,5) (-1,-1,0,0)|(-1,0,0,0)|(1,-1,0,0)
