D (10,11,12) (1,0,4)
D (12,-1,-1) (2,2,2)
D (12,-1,-1) (0,1,5)
D (8,9,-1) (2,1,4)
D (12,-1,-1) (0,4,1)
D (8,-1,-1) (5,4,4)
D (10,-1,-1) (2,4,5)
D (7,8,-1) (0,5,1)
D (10,11,12) (2,5,1)
D (7,8,9) (1,2,2)
D (10,11,-1) (3,1,0)
D (7,-1,-1) (2,3,2)
D (10,11,-1) (4,1,5)
D (10,-1,-1) (3,4,5)
D (7,8,-1) (1,4,1)
D (9,10,11) (4,2,1)
D (9,-1,-1) (4,5,5)
D (7,8,9) (2,2,0)
D (8,9,10) (3,4,0)
D (10,11,12) (1,4,5)
D (10,11,12) (4,5,2)
D (10,11,-1) (4,2,4)
D (9,10,-1) (5,1,4)
D (12,-1,-1) (4,2,5)
D (10,-1,-1) (3,1,5)
D (9,-1,-1) (3,3,5)
D (7,8,-1) (3,2,4)
D (7,8,-1) (0,5,3)
D (12,-1,-1) (4,3,0)
D (11,12,-1) (5,5,5)
D (7,8,9) (3,0,2)
D (8,-1,-1) (4,3,2)
D (12,-1,-1) (0,5,2)
D (8,-1,-1) (1,2,0)
D (11,-1,-1) (0,2,0)
D (12,-1,-1) (0,4,5)
D (11,12,-1) (5,4,2)
D (10,-1,-1) (2,5,4)
D (12,-1,-1) (3,3,2)
D (9,10,-1) (5,5,4)
D (8,9,-1) (3,3,0)
D (12,-1,-1) (3,4,2)
D (9,-1,-1) (1,2,1)
D (12,-1,-1) (4,5,3)
D (8,9,10) (5,4,5)
D (12,-1,-1) (3,2,5)
D (9,-1,-1) (0,2,5)
D (9,10,-1) (1,0,3)
D (12,-1,-1) (3,0,1)
C 0 7
C 1 25
C 2 24
C 3 26
C 4 20
C 5 0
C 6 0
C 7 0
C 8 0
C 9 0
C 10 0
C 11 0
C 12 0
C 13 0
C 14 0
C 15 0
C 16 0
C 17 0
C 18 0
C 19 0
C 20 0
C 21 0
C 22 0
C 23 0
C 24 0
C 25 0
C 26 0
C 27 0
C 28 0
C 29 0
C 30 0
C 31 0
C 32 0
C 33 11
C 34 26
C 35 3
C 36 1
C 37 16
C 38 3
C 39 23
C 40 4
C 41 20
C 42 23
C 43 12
C 44 22
C 45 22
C 46 12
C 47 2
C 48 7
C 49 12
C 50 12
C 51 17
C 52 24
C 53 15
C 54 21
C 55 0
C 56 15
C 57 1
C 58 24
C 59 25
C 60 26
C 61 8
C 62 7
C 63 6
C 64 11
C 65 8
C 66 10
C 67 7
C 68 25
C 69 21
C 70 9
C 71 6
C 72 24
C 73 22
C 74 5
C 75 4
C 76 3
C 77 5
C 78 7
C 79 3
C 80 18
C 81 2
C 82 10
C 83 1
C 84 22
C 85 11
C 86 5
C 87 7
C 88 23
C 89 23
C 90 20
C 91 21
C 92 2
C 93 19
C 94 4
C 95 12
C 96 0
C 97 6
C 98 22
C 99 19
C 100 4
C 101 20
C 102 5
C 103 24
C 104 1
C 105 6
C 106 20
C 107 9
C 108 0
C 109 11
C 110 10
C 111 18
C 112 5
C 113 11
C 114 7
C 115 16
C 116 20
C 117 26
C 118 15
C 119 3
C 120 8
C 121 22
C 122 20
C 123 8
C 124 16
C 125 16
C 126 15
C 127 22
C 128 15
C 129 10
C 130 6
C 131 24
C 132 10
C 133 23
C 134 10
C 135 16
C 136 18
C 137 21
C 138 7
C 139 20
C 140 24
C 141 0
C 142 0
C 143 0
C 144 0
C 145 0
C 146 0
C 147 0
C 148 0
C 149 0
C 150 0
C 151 0
C 152 0
C 153 0
C 154 0
C 155 0
C 156 0
C 157 0
C 158 0
C 159 0
C 160 0
C 161 0
C 162 0
C 163 0
C 164 0
C 165 0
C 166 0
C 167 0
C 168 0
C 169 0
C 170 0
C 171 0
C 172 0
C 173 0
C 174 0
C 175 0
C 176 0
C 177 0
C 178 0
C 179 0
C 180 0
C 181 0
C 182 0
C 183 0
C 184 0
C 185 0
C 186 0
C 187 0
C 188 0
C 189 0
C 190 0
C 191 0
C 192 0
C 193 0
C 194 0
C 195 0
C 196 0
C 197 0
C 198 0
C 199 0
C 200 0
C 201 0
C 202 0
C 203 0
C 204 0
C 205 0
C 206 0
C 207 0
C 208 0
C 209 0
C 210 0
C 211 0
C 212 0
C 213 0
C 214 0
C 215 0
C 216 0
C 217 0
C 218 0
C 219 0
C 220 0
C 221 0
C 222 0
C 223 0
C 224 0
C 225 0
C 226 0
C 227 0
C 228 0
C 229 0
C 230 0
C 231 0
C 232 0
C 233 0
C 234 0
C 235 0
C 236 0
C 237 0
C 238 0
C 239 0
C 240 0
C 241 0
C 242 0
C 243 0
C 244 0
C 245 0
C 246 0
C 247 0
C 248 0
C 249 0
C 250 0
C 251 0
C 252 0
C 253 0
C 254 0
C 255 0
C 256 0
C 257 0
C 258 0
C 259 0
C 260 0
C 261 0
C 262 0
C 263 0
C 264 0
C 265 0
C 266 0
C 267 0
C 268 1
C 269 8
C 270 3
C 271 10
C 272 10
C 273 6
C 274 16
C 275 7
C 276 15
C 277 10
C 278 2
C 279 8
C 280 0
C 281 16
C 282 6
C 283 21
C 284 22
C 285 12
C 286 8
C 287 12
C 288 8
C 289 26
C 290 17
C 291 7
C 292 7
C 293 25
C 294 22
C 295 19
C 296 1
C 297 17
C 298 6
C 299 3
C 300 26
C 301 19
C 302 19
C 303 6
C 304 5
C 305 20
C 306 5
C 307 11
C 308 15
C 309 25
C 310 5
C 311 18
C 312 24
C 313 16
C 314 8
C 315 5
C 316 5
C 317 25
C 318 14
C 319 16
C 320 16
C 321 8
C 322 7
C 323 26
C 324 24
C 325 21
C 326 16
C 327 8
C 328 1
C 329 23
C 330 1
C 331 17
C 332 3
C 333 5
C 334 2
C 335 18
C 336 26
C 337 2
C 338 25
C 339 25
C 340 3
C 341 12
C 342 8
C 343 18
C 344 21
C 345 9
C 346 9
C 347 11
C 348 21
C 349 7
C 350 20
I 0 3 5 (4,3,3) (-1,-1,-1,0)|(0,0,1,0)|(1,0,-1,0)|(0,0,0,0)
I 5 2 2 (0,5,5) (-1,0,0,0)
I 1 3 12 (2,2,1) (0,0,-1,0)
