D (12,-1,-1) (0,0,0)
D (12,-1,-1) (4,1,1)
D (12,-1,-1) (1,1,5)
D (8,9,10) (0,4,2)
D (7,8,9) (5,5,1)
D (10,11,-1) (0,3,4)
D (7,8,-1) (5,3,4)
D (8,9,10) (1,4,5)
D (11,12,-1) (3,1,3)
D (10,11,12) (1,2,0)
D (7,8,9) (2,5,0)
D (9,10,-1) (0,0,1)
D (8,9,-1) (4,4,1)
D (11,12,-1) (2,2,2)
D (10,11,12) (4,5,2)
D (7,8,9) (1,2,4)
D (7,-1,-1) (5,1,1)
D (12,-1,-1) (2,5,5)
D (9,10,11) (0,3,3)
D (7,8,-1) (5,0,5)
D (12,-1,-1) (4,3,4)
D (12,-1,-1) (3,2,0)
D (9,-1,-1) (0,1,2)
D (7,8,-1) (0,5,0)
D (9,10,11) (0,2,4)
D (11,12,-1) (4,2,0)
D (9,10,11) (2,5,3)
D (10,11,-1) (4,5,3)
D (11,12,-1) (5,1,0)
D (8,9,-1) (2,3,2)
D (12,-1,-1) (1,1,1)
D (10,11,12) (4,2,3)
D (11,12,-1) (3,1,4)
D (8,-1,-1) (2,1,5)
D (9,10,11) (2,0,1)
D (12,-1,-1) (1,3,3)
D (7,8,-1) (5,5,0)
D (7,8,-1) (3,5,0)
D (10,-1,-1) (4,0,4)
D (12,-1,-1) (5,4,4)
D (10,11,-1) (2,2,5)
C 0 5
C 1 26
C 2 14
C 3 0
C 4 8
C 5 24
C 6 22
C 7 4
C 8 23
C 9 5
C 10 11
C 11 21
C 12 26
C 13 24
C 14 15
C 15 23
C 16 2
C 17 1
C 18 9
C 19 0
C 20 11
C 21 5
C 22 19
C 23 1
C 24 1
C 25 9
C 26 14
C 27 15
C 28 24
C 29 5
C 30 0
C 31 0
C 32 0
C 33 0
C 34 0
C 35 0
C 36 0
C 37 0
C 38 0
C 39 0
C 40 0
C 41 0
C 42 0
C 43 0
C 44 10
C 45 5
C 46 19
C 47 24
C 48 19
C 49 12
C 50 16
C 51 12
C 52 1
C 53 6
C 54 3
C 55 0
C 56 25
C 57 19
C 58 25
C 59 21
C 60 24
C 61 19
C 62 17
C 63 7
C 64 22
C 65 24
C 66 7
C 67 25
C 68 10
C 69 9
C 70 23
C 71 22
C 72 6
C 73 19
C 74 7
C 75 16
C 76 15
C 77 23
C 78 10
C 79 6
C 80 8
C 81 2
C 82 8
C 83 7
C 84 2
C 85 21
C 86 2
C 87 6
C 88 20
C 89 22
C 90 23
C 91 24
C 92 20
C 93 4
C 94 5
C 95 12
C 96 21
C 97 17
C 98 2
C 99 25
C 100 18
C 101 24
C 102 14
C 103 22
C 104 3
C 105 16
C 106 22
C 107 19
C 108 24
C 109 11
C 110 5
C 111 1
C 112 3
C 113 19
C 114 20
C 115 16
C 116 5
C 117 4
C 118 2
C 119 2
C 120 1
C 121 18
C 122 7
C 123 3
C 124 22
C 125 11
C 126 4
C 127 9
C 128 0
C 129 16
C 130 6
C 131 8
C 132 21
C 133 21
C 134 12
C 135 24
C 136 0
C 137 24
C 138 23
C 139 14
C 140 9
C 141 12
C 142 11
C 143 3
C 144 17
C 145 17
C 146 22
C 147 3
C 148 0
C 149 2
C 150 15
C 151 6
C 152 9
C 153 10
C 154 4
C 155 22
C 156 1
C 157 24
C 158 24
C 159 15
C 160 21
C 161 6
C 162 2
C 163 11
C 164 20
C 165 14
C 166 9
C 167 17
C 168 8
C 169 15
C 170 16
C 171 22
C 172 22
C 173 5
C 174 8
C 175 26
C 176 10
C 177 7
C 178 21
C 179 18
C 180 8
C 181 10
C 182 12
C 183 21
C 184 4
C 185 2
C 186 0
C 187 2
C 188 11
C 189 9
C 190 24
C 191 12
C 192 20
C 193 12
C 194 1
C 195 4
C 196 15
C 197 3
C 198 26
C 199 5
C 200 15
C 201 20
C 202 16
C 203 19
C 204 3
C 205 19
C 206 12
C 207 20
C 208 17
C 209 16
C 210 20
C 211 9
C 212 1
C 213 4
C 214 9
C 215 24
C 216 6
C 217 0
C 218 12
C 219 16
C 220 25
C 221 22
C 222 25
C 223 21
C 224 23
C 225 19
C 226 5
C 227 9
C 228 16
C 229 15
C 230 23
C 231 24
C 232 3
C 233 15
C 234 9
C 235 9
C 236 6
C 237 5
C 238 18
C 239 21
C 240 3
C 241 14
C 242 26
C 243 26
C 244 15
C 245 10
C 246 20
C 247 23
C 248 11
C 249 14
C 250 6
C 251 18
C 252 10
C 253 11
C 254 22
C 255 10
C 256 24
C 257 21
C 258 25
C 259 4
C 260 3
C 261 17
C 262 14
C 263 19
C 264 2
C 265 23
C 266 5
C 267 23
C 268 15
C 269 18
C 270 24
C 271 15
C 272 11
C 273 22
C 274 22
C 275 9
C 276 3
C 277 3
C 278 20
C 279 4
C 280 0
C 281 12
C 282 4
C 283 16
C 284 22
C 285 6
C 286 20
C 287 21
C 288 25
C 289 16
C 290 10
C 291 25
C 292 12
C 293 3
C 294 2
C 295 26
C 296 4
C 297 15
C 298 23
C 299 15
C 300 5
C 301 6
C 302 6
C 303 24
C 304 7
C 305 6
C 306 9
C 307 12
C 308 24
C 309 0
C 310 9
C 311 16
C 312 11
C 313 12
C 314 23
C 315 14
C 316 1
C 317 17
C 318 18
C 319 23
C 320 19
C 321 14
C 322 11
C 323 4
C 324 18
C 325 0
C 326 4
C 327 24
C 328 25
C 329 7
C 330 17
C 331 24
C 332 5
C 333 3
C 334 4
C 335 26
C 336 7
C 337 19
C 338 7
C 339 4
C 340 26
C 341 20
C 342 17
C 343 11
C 344 2
C 345 3
C 346 9
C 347 7
C 348 26
C 349 10
C 350 22
I 2 2 14 (1,0,0) (-1,-1,1,0)|(-1,-1,0,0)|(-1,1,0,0)
I 1 2 12 (3,2,1) (1,1,1,0)|(-1,0,0,0)|(1,0,-1,0)|(0,1,-1,0)
I 4 2 2 (5,1,0) (1,-1,0,0)|(0,-1,-1,0)|(1,-1,1,0)
