D (12,-1,-1) (3,5,2)
D (12,-1,-1) (0,5,2)
D (8,9,-1) (3,1,3)
D (10,-1,-1) (0,5,1)
D (10,-1,-1) (0,4,2)
D (7,8,9) (5,5,5)
D (7,8,-1) (2,5,1)
D (10,11,-1) (1,4,3)
D (7,8,-1) (0,3,5)
D (9,10,-1) (2,2,1)
D (7,8,9) (5,2,1)
D (9,-1,-1) (3,4,1)
D (11,12,-1) (3,4,2)
D (11,12,-1) (1,3,1)
D (12,-1,-1) (5,3,4)
D (8,9,10) (5,1,1)
D (9,10,-1) (2,3,1)
D (10,11,-1) (3,5,5)
D (7,-1,-1) (5,1,3)
D (8,9,10) (0,5,0)
D (12,-1,-1) (2,5,5)
D (10,11,12) (2,3,5)
D (7,-1,-1) (5,0,2)
D (8,9,10) (2,2,0)
D (12,-1,-1) (0,4,3)
D (10,11,12) (0,2,2)
D (7,8,-1) (1,1,2)
D (10,11,-1) (0,0,5)
D (11,-1,-1) (2,1,5)
D (10,11,12) (4,1,4)
D (7,8,9) (4,1,5)
D (10,11,12) (5,1,0)
D (12,-1,-1) (4,2,4)
D (9,-1,-1) (2,1,4)
D (9,10,-1) (2,0,1)
D (9,10,11) (1,4,5)
D (9,-1,-1) (3,3,4)
D (11,12,-1) (3,1,2)
D (7,8,9) (0,0,1)
D (11,12,-1) (2,4,4)
D (12,-1,-1) (4,2,0)
D (9,10,11) (4,0,3)
D (8,9,10) (0,5,3)
D (12,-1,-1) (5,0,1)
D (9,10,-1) (1,3,3)
D (7,8,-1) (3,5,4)
D (12,-1,-1) (0,0,0)
D (12,-1,-1) (1,5,4)
D (12,-1,-1) (4,0,2)
D (8,9,-1) (4,2,1)
D (12,-1,-1) (4,5,2)
D (8,9,-1) (5,2,3)
D (8,9,10) (0,1,2)
D (7,-1,-1) (5,1,4)
D (12,-1,-1) (2,5,0)
D (7,-1,-1) (1,0,4)
D (11,12,-1) (5,4,5)
D (7,8,9) (4,4,5)
D (9,-1,-1) (1,4,1)
D (8,-1,-1) (2,4,0)
D (8,-1,-1) (1,5,0)
D (8,9,-1) (3,1,0)
D (8,9,10) (0,0,4)
D (10,-1,-1) (3,0,5)
D (8,9,10) (4,3,0)
D (10,11,-1) (3,0,2)
D (12,-1,-1) (2,3,2)
D (11,12,-1) (4,4,2)
D (10,11,-1) (0,3,0)
D (11,-1,-1) (0,1,0)
D (10,-1,-1) (5,4,1)
D (9,-1,-1) (1,5,2)
D (8,8,10) (3,0,1)
C 0 18
C 1 0
C 2 0
C 3 0
C 4 0
C 5 0
C 6 0
C 7 0
C 8 0
C 9 0
C 10 0
C 11 0
C 12 0
C 13 0
C 14 0
C 15 0
C 16 0
C 17 0
C 18 0
C 19 0
C 20 0
C 21 0
C 22 0
C 23 0
C 24 0
C 25 0
C 26 0
C 27 0
C 28 0
C 29 0
C 30 0
C 31 0
C 32 0
C 33 0
C 34 0
C 35 0
C 36 0
C 37 0
C 38 0
C 39 0
C 40 0
C 41 0
C 42 0
C 43 0
C 44 0
C 45 0
C 46 0
C 47 0
C 48 0
C 49 0
C 50 0
C 51 0
C 52 0
C 53 0
C 54 0
C 55 0
C 56 0
C 57 0
C 58 0
C 59 0
C 60 0
C 61 0
C 62 0
C 63 0
C 64 0
C 65 0
C 66 0
C 67 0
C 68 0
C 69 0
C 70 0
C 71 0
C 72 0
C 73 0
C 74 0
C 75 0
C 76 0
C 77 0
C 78 0
C 79 0
C 80 0
C 81 0
C 82 0
C 83 0
C 84 0
C 85 0
C 86 0
C 87 0
C 88 0
C 89 0
C 90 0
C 91 0
C 92 0
C 93 0
C 94 0
C 95 0
C 96 0
C 97 0
C 98 0
C 99 0
C 100 0
C 101 0
C 102 0
C 103 0
C 104 0
C 105 0
C 106 0
C 107 0
C 108 1
C 109 10
C 110 15
C 111 17
C 112 1
C 113 3
C 114 12
C 115 26
C 116 7
C 117 1
C 118 0
C 119 24
C 120 7
C 121 10
C 122 19
C 123 22
C 124 24
C 125 10
C 126 11
C 127 2
C 128 0
C 129 0
C 130 0
C 131 0
C 132 0
C 133 0
C 134 0
C 135 0
C 136 0
C 137 0
C 138 0
C 139 0
C 140 0
C 141 0
C 142 0
C 143 0
C 144 0
C 145 0
C 146 0
C 147 0
C 148 0
C 149 0
C 150 0
C 151 0
C 152 0
C 153 0
C 154 0
C 155 0
C 156 0
C 157 0
C 158 26
C 159 6
C 160 24
C 161 9
C 162 4
C 163 25
C 164 23
C 165 11
C 166 1
C 167 6
C 168 4
C 169 16
C 170 3
C 171 2
C 172 26
C 173 4
C 174 22
C 175 0
C 176 15
C 177 7
C 178 25
C 179 24
C 180 5
C 181 6
C 182 23
C 183 9
C 184 23
C 185 14
C 186 24
C 187 18
C 188 1
C 189 18
C 190 10
C 191 24
C 192 17
C 193 7
C 194 3
C 195 18
C 196 6
C 197 8
C 198 20
C 199 19
C 200 0
C 201 12
C 202 9
C 203 5
C 204 15
C 205 5
C 206 5
C 207 26
C 208 17
C 209 8
C 210 3
C 211 7
C 212 23
C 213 6
C 214 20
C 215 23
C 216 23
C 217 6
C 218 16
C 219 25
C 220 21
C 221 12
C 222 0
C 223 0
C 224 1
C 225 25
C 226 7
C 227 17
C 228 15
C 229 16
C 230 0
C 231 7
C 232 22
C 233 11
C 234 0
C 235 0
C 236 0
C 237 0
C 238 0
C 239 0
C 240 0
C 241 0
C 242 0
C 243 0
C 244 0
C 245 0
C 246 0
C 247 0
C 248 0
C 249 0
C 250 0
C 251 0
C 252 0
C 253 0
C 254 0
C 255 0
C 256 0
C 257 0
C 258 0
C 259 0
C 260 0
C 261 0
C 262 0
C 263 0
C 264 0
C 265 0
C 266 0
C 267 0
C 268 0
C 269 0
C 270 0
C 271 0
C 272 0
C 273 0
C 274 0
C 275 0
C 276 0
C 277 0
C 278 0
C 279 0
C 280 0
C 281 0
C 282 0
C 283 0
C 284 0
C 285 0
C 286 0
C 287 0
C 288 0
C 289 0
C 290 0
C 291 0
C 292 0
C 293 0
C 294 0
C 295 0
C 296 0
C 297 0
C 298 0
C 299 0
C 300 0
C 301 0
C 302 0
C 303 0
C 304 0
C 305 0
C 306 0
C 307 0
C 308 0
C 309 0
C 310 0
C 311 0
C 312 0
C 313 0
C 314 0
C 315 0
C 316 0
C 317 0
C 318 0
C 319 0
C 320 0
C 321 0
C 322 0
C 323 0
C 324 18
C 325 11
C 326 20
C 327 25
C 328 11
C 329 23
C 330 2
C 331 18
C 332 19
C 333 20
C 334 12
C 335 14
C 336 21
C 337 6
C 338 14
C 339 22
C 340 22
C 341 22
C 342 14
C 343 19
C 344 20
C 345 19
C 346 2
C 347 20
C 348 3
C 349 3
C 350 21
I 5 3 6 (4,3,5) (-1,-1,1,0)|(0,1,1,0)|(1,1,1,0)|(0,1,1,0)
I 2 2 6 (3,0,4) (1,1,-1,0)|(1,0,0,0)
I 0 1 15 (5,5,3) (0,0,1,0)|(-1,0,-1,0)
