D (10,11,12) (3,0,1)
D (9,-1,-1) (5,5,4)
D (10,11,12) (4,1,4)
D (12,-1,-1) (1,3,3)
D (8,-1,-1) (3,3,5)
D (12,-1,-1) (1,0,0)
D (9,-1,-1) (5,2,0)
D (10,-1,-1) (0,5,0)
D (8,-1,-1) (5,4,5)
D (11,12,-1) (2,1,3)
D (12,-1,-1) (0,1,5)
D (7,8,-1) (1,1,5)
D (10,-1,-1) (1,4,0)
D (8,9,-1) (4,2,5)
D (7,8,9) (2,5,3)
D (8,-1,-1) (1,3,0)
D (9,10,-1) (0,1,1)
D (11,12,-1) (4,5,1)
D (8,9,-1) (3,0,4)
D (8,9,-1) (0,2,0)
D (9,10,-1) (2,3,0)
D (12,-1,-1) (5,1,5)
D (10,11,8) (1,3,4)
D (10,11,-1) (1,1,2)
D (7,8,9) (5,2,4)
D (8,9,-1) (1,4,1)
D (8,9,10) (2,1,2)
D (12,-1,-1) (1,0,4)
D (10,-1,-1) (2,3,4)
D (7,8,9) (4,5,0)
D (7,-1,-1) (3,2,0)
D (11,-1,-1) (0,1,4)
D (11,12,-1) (3,5,2)
D (9,10,11) (2,0,0)
D (10,11,12) (3,1,0)
D (7,8,9) (4,1,5)
D (11,12,-1) (4,4,0)
D (11,12,-1) (3,0,3)
D (7,-1,-1) (2,5,5)
D (8,-1,-1) (5,0,4)
D (11,12,-1) (3,5,3)
D (7,-1,-1) (1,0,5)
D (9,10,11) (3,2,1)
D (10,-1,-1) (2,5,1)
D (11,12,-1) (0,2,4)
D (7,8,-1) (3,1,5)
D (10,-1,-1) (3,0,5)
D (9,10,11) (5,1,1)
D (10,11,12) (5,4,3)
C 0 15
C 1 18
C 2 15
C 3 23
C 4 21
C 5 17
C 6 15
C 7 2
C 8 17
C 9 20
C 10 3
C 11 16
C 12 21
C 13 0
C 14 11
C 15 4
C 16 14
C 17 5
C 18 3
C 19 21
C 20 11
C 21 12
C 22 10
C 23 12
C 24 21
C 25 17
C 26 19
C 27 21
C 28 0
C 29 22
C 30 16
C 31 21
C 32 12
C 33 20
C 34 22
C 35 15
C 36 9
C 37 25
C 38 3
C 39 24
C 40 4
C 41 21
C 42 11
C 43 7
C 44 1
C 45 10
C 46 9
C 47 23
C 48 26
C 49 25
C 50 2
C 51 24
C 52 6
C 53 20
C 54 14
C 55 1
C 56 26
C 57 25
C 58 11
C 59 16
C 60 18
C 61 25
C 62 15
C 63 12
C 64 16
C 65 5
C 66 4
C 67 4
C 68 17
C 69 4
C 70 24
C 71 7
C 72 19
C 73 9
C 74 2
C 75 15
C 76 11
C 77 18
C 78 23
C 79 3
C 80 16
C 81 18
C 82 23
C 83 25
C 84 7
C 85 15
C 86 9
C 87 22
C 88 14
C 89 2
C 90 3
C 91 4
C 92 17
C 93 16
C 94 4
C 95 3
C 96 5
C 97 0
C 98 21
C 99 2
C 100 20
C 101 20
C 102 9
C 103 3
C 104 25
C 105 12
C 106 21
C 107 17
C 108 11
C 109 20
C 110 1
C 111 12
C 112 3
C 113 16
C 114 3
C 115 17
C 116 23
C 117 15
C 118 3
C 119 18
C 120 19
C 121 0
C 122 9
C 123 23
C 124 26
C 125 18
C 126 0
C 127 15
C 128 16
C 129 11
C 130 10
C 131 12
C 132 3
C 133 10
C 134 18
C 135 16
C 136 18
C 137 14
C 138 0
C 139 8
C 140 20
C 141 21
C 142 10
C 143 20
C 144 1
C 145 21
C 146 2
C 147 10
C 148 11
C 149 23
C 150 4
C 151 2
C 152 9
C 153 9
C 154 17
C 155 21
C 156 4
C 157 11
C 158 16
C 159 21
C 160 11
C 161 2
C 162 23
C 163 9
C 164 1
C 165 14
C 166 2
C 167 6
C 168 7
C 169 26
C 170 10
C 171 17
C 172 4
C 173 10
C 174 9
C 175 6
C 176 17
C 177 14
C 178 25
C 179 24
C 180 0
C 181 1
C 182 19
C 183 24
C 184 15
C 185 20
C 186 9
C 187 16
C 188 9
C 189 14
C 190 18
C 191 3
C 192 11
C 193 4
C 194 18
C 195 24
C 196 7
C 197 20
C 198 20
C 199 22
C 200 26
C 201 23
C 202 21
C 203 17
C 204 7
C 205 20
C 206 22
C 207 24
C 208 5
C 209 20
C 210 21
C 211 12
C 212 2
C 213 2
C 214 23
C 215 25
C 216 26
C 217 3
C 218 26
C 219 19
C 220 3
C 221 17
C 222 3
C 223 4
C 224 20
C 225 4
C 226 22
C 227 2
C 228 19
C 229 23
C 230 14
C 231 5
C 232 6
C 233 18
C 234 17
C 235 20
C 236 16
C 237 11
C 238 2
C 239 1
C 240 19
C 241 10
C 242 7
C 243 5
C 244 25
C 245 9
C 246 2
C 247 26
C 248 9
C 249 6
C 250 20
C 251 25
C 252 5
C 253 9
C 254 22
C 255 6
C 256 1
C 257 8
C 258 5
C 259 2
C 260 4
C 261 23
C 262 9
C 263 2
C 264 16
C 265 19
C 266 7
C 267 9
C 268 14
C 269 4
C 270 20
C 271 18
C 272 26
C 273 9
C 274 1
C 275 22
C 276 19
C 277 0
C 278 15
C 279 3
C 280 16
C 281 11
C 282 9
C 283 1
C 284 17
C 285 14
C 286 22
C 287 21
C 288 26
C 289 24
C 290 6
C 291 9
C 292 1
C 293 21
C 294 3
C 295 26
C 296 22
C 297 18
C 298 22
C 299 0
C 300 7
C 301 6
C 302 3
C 303 16
C 304 10
C 305 26
C 306 23
C 307 14
C 308 26
C 309 7
C 310 21
C 311 12
C 312 22
C 313 5
C 314 5
C 315 5
C 316 0
C 317 22
C 318 10
C 319 8
C 320 15
C 321 11
C 322 6
C 323 4
C 324 8
C 325 22
C 326 15
C 327 14
C 328 0
C 329 4
C 330 24
C 331 0
C 332 26
C 333 23
C 334 26
C 335 9
C 336 5
C 337 16
C 338 5
C 339 16
C 340 18
C 341 10
C 342 17
C 343 16
C 344 14
C 345 17
C 346 23
C 347 21
C 348 8
C 349 14
C 350 3
I 3 1 17 (4,5,3) (0,0,0,0)
I 5 2 10 (5,1,2) (0,0,0,0)|(0,0,0,0)|(0,0,1,0)|(1,1,-1,0)|(0,1,0,0)
I 1 2 3 (3,5,4) (1,-1,-1,0)|(1,1,1,0)
I 2 2 17 (5,2,3) (0,0,1,0)|(1,-1,0,0)|(1,1,1,0)|(1,0,-1,0)
