D (9,10,11) (5,1,0)
D (12,-1,-1) (1,3,5)
D (9,-1,-1) (3,0,3)
D (11,-1,-1) (3,1,5)
D (10,-1,-1) (1,4,1)
D (9,-1,-1) (2,5,5)
D (8,9,10) (3,1,0)
D (12,-1,-1) (3,0,2)
D (7,-1,-1) (3,0,1)
D (9,-1,-1) (2,4,5)
D (9,10,11) (1,5,1)
D (8,9,10) (0,3,4)
D (9,-1,-1) (4,5,1)
D (7,-1,-1) (4,0,2)
D (8,9,-1) (2,2,3)
D (12,-1,-1) (5,0,4)
D (12,-1,-1) (2,5,1)
D (11,-1,-1) (0,1,5)
D (12,-1,-1) (5,3,0)
D (9,10,-1) (4,4,0)
D (11,12,-1) (3,3,1)
D (12,-1,-1) (5,1,2)
D (10,-1,-1) (4,1,0)
D (8,-1,-1) (5,1,1)
D (8,9,10) (2,4,1)
D (12,-1,-1) (4,0,4)
D (9,-1,-1) (5,3,1)
D (10,11,12) (5,5,1)
D (11,12,-1) (4,5,5)
D (11,-1,-1) (4,4,5)
D (12,-1,-1) (2,3,2)
D (8,9,10) (1,4,4)
D (11,12,-1) (5,2,1)
D (9,10,-1) (1,2,2)
D (10,11,12) (0,2,3)
D (7,8,9) (3,2,0)
D (9,10,-1) (0,1,2)
D (8,9,10) (2,1,5)
D (7,-1,-1) (1,0,4)
D (11,12,-1) (3,4,4)
D (11,12,-1) (1,3,2)
D (8,9,-1) (3,3,2)
D (9,10,11) (2,4,2)
D (11,-1,-1) (2,2,1)
D (9,10,11) (4,5,3)
D (7,8,9) (4,2,1)
D (9,10,-1) (1,3,3)
D (11,12,-1) (3,2,3)
C 0 12
C 1 0
C 2 0
C 3 0
C 4 0
C 5 0
C 6 0
C 7 0
C 8 0
C 9 0
C 10 0
C 11 0
C 12 0
C 13 0
C 14 0
C 15 0
C 16 0
C 17 0
C 18 0
C 19 0
C 20 0
C 21 0
C 22 0
C 23 0
C 24 0
C 25 0
C 26 0
C 27 0
C 28 0
C 29 0
C 30 0
C 31 0
C 32 0
C 33 0
C 34 0
C 35 0
C 36 0
C 37 0
C 38 0
C 39 0
C 40 0
C 41 0
C 42 0
C 43 0
C 44 0
C 45 0
C 46 0
C 47 0
C 48 0
C 49 0
C 50 0
C 51 0
C 52 0
C 53 0
C 54 0
C 55 0
C 56 12
C 57 19
C 58 14
C 59 12
C 60 7
C 61 7
C 62 6
C 63 2
C 64 19
C 65 22
C 66 8
C 67 14
C 68 12
C 69 16
C 70 23
C 71 15
C 72 0
C 73 0
C 74 0
C 75 0
C 76 0
C 77 0
C 78 0
C 79 0
C 80 0
C 81 0
C 82 0
C 83 0
C 84 0
C 85 0
C 86 0
C 87 0
C 88 0
C 89 0
C 90 0
C 91 0
C 92 0
C 93 0
C 94 0
C 95 0
C 96 0
C 97 0
C 98 0
C 99 0
C 100 0
C 101 0
C 102 0
C 103 0
C 104 0
C 105 0
C 106 0
C 107 0
C 108 0
C 109 0
C 110 0
C 111 0
C 112 0
C 113 0
C 114 0
C 115 0
C 116 0
C 117 0
C 118 0
C 119 0
C 120 0
C 121 0
C 122 0
C 123 0
C 124 0
C 125 0
C 126 10
C 127 8
C 128 18
C 129 21
C 130 21
C 131 14
C 132 18
C 133 12
C 134 19
C 135 11
C 136 2
C 137 12
C 138 24
C 139 4
C 140 16
C 141 10
C 142 21
C 143 11
C 144 26
C 145 12
C 146 22
C 147 18
C 148 6
C 149 23
C 150 10
C 151 20
C 152 7
C 153 20
C 154 15
C 155 1
C 156 17
C 157 12
C 158 14
C 159 18
C 160 26
C 161 16
C 162 11
C 163 18
C 164 24
C 165 20
C 166 6
C 167 19
C 168 19
C 169 0
C 170 1
C 171 1
C 172 1
C 173 16
C 174 16
C 175 8
C 176 15
C 177 16
C 178 0
C 179 1
C 180 7
C 181 17
C 182 20
C 183 22
C 184 9
C 185 10
C 186 24
C 187 26
C 188 22
C 189 11
C 190 0
C 191 5
C 192 17
C 193 15
C 194 14
C 195 6
C 196 21
C 197 4
C 198 3
C 199 6
C 200 26
C 201 11
C 202 25
C 203 17
C 204 15
C 205 25
C 206 21
C 207 20
C 208 15
C 209 10
C 210 16
C 211 26
C 212 24
C 213 17
C 214 8
C 215 19
C 216 9
C 217 1
C 218 1
C 219 10
C 220 7
C 221 22
C 222 16
C 223 12
C 224 2
C 225 2
C 226 5
C 227 24
C 228 21
C 229 3
C 230 2
C 231 5
C 232 10
C 233 10
C 234 18
C 235 23
C 236 3
C 237 12
C 238 23
C 239 6
C 240 18
C 241 2
C 242 21
C 243 25
C 244 19
C 245 7
C 246 11
C 247 0
C 248 24
C 249 0
C 250 6
C 251 16
C 252 1
C 253 22
C 254 24
C 255 11
C 256 0
C 257 24
C 258 7
C 259 18
C 260 12
C 261 25
C 262 20
C 263 9
C 264 21
C 265 24
C 266 20
C 267 6
C 268 17
C 269 20
C 270 1
C 271 19
C 272 0
C 273 0
C 274 0
C 275 0
C 276 0
C 277 0
C 278 0
C 279 0
C 280 0
C 281 0
C 282 0
C 283 0
C 284 0
C 285 0
C 286 0
C 287 0
C 288 0
C 289 0
C 290 0
C 291 0
C 292 0
C 293 11
C 294 0
C 295 20
C 296 18
C 297 14
C 298 9
C 299 22
C 300 24
C 301 18
C 302 22
C 303 26
C 304 5
C 305 11
C 306 12
C 307 9
C 308 6
C 309 25
C 310 22
C 311 5
C 312 9
C 313 21
C 314 3
C 315 18
C 316 0
C 317 3
C 318 24
C 319 14
C 320 16
C 321 12
C 322 23
C 323 0
C 324 18
C 325 19
C 326 20
C 327 9
C 328 4
C 329 6
C 330 23
C 331 5
C 332 23
C 333 4
C 334 0
C 335 17
C 336 7
C 337 8
C 338 5
C 339 17
C 340 23
C 341 22
C 342 8
C 343 4
C 344 10
C 345 9
C 346 17
C 347 16
C 348 8
C 349 5
C 350 1
I 3 3 19 (3,0,3) (1,1,0,0)
I 1 2 17 (2,4,2) (0,-1,1,0)
I 0 3 8 (5,2,2) (0,1,0,0)|(-1,-1,-1,0)|(0,0,-1,0)
