D (7,-1,-1) (3,0,3)
D (7,-1,-1) (4,2,4)
D (9,10,-1) (2,1,3)
D (9,-1,-1) (5,2,2)
D (12,-1,-1) (3,3,2)
D (8,9,-1) (1,1,2)
D (9,10,11) (2,4,5)
D (8,-1,-1) (5,5,4)
D (12,-1,-1) (4,0,1)
D (7,-1,-1) (0,3,1)
D (10,11,12) (2,0,4)
D (9,10,-1) (4,1,2)
D (8,-1,-1) (4,3,5)
D (11,12,-1) (5,5,1)
D (10,11,12) (0,5,1)
D (9,10,-1) (4,3,4)
D (12,-1,-1) (2,1,0)
D (9,-1,-1) (1,5,3)
D (8,9,-1) (1,2,0)
D (7,-1,-1) (4,5,1)
D (7,8,-1) (0,1,1)
D (8,9,10) (5,5,3)
D (8,-1,-1) (0,4,5)
D (10,-1,-1) (5,2,1)
D (9,10,-1) (1,3,0)
D (9,10,11) (4,0,2)
D (8,9,10) (4,4,4)
D (11,12,-1) (1,3,3)
D (12,-1,-1) (2,2,2)
D (10,-1,-1) (2,3,2)
D (12,-1,-1) (2,2,0)
D (10,-1,-1) (3,3,5)
D (7,8,-1) (2,3,1)
D (10,11,-1) (4,5,2)
D (11,12,-1) (2,3,3)
D (11,12,-1) (1,4,1)
D (9,10,11) (4,4,1)
D (12,-1,-1) (2,0,3)
D (10,11,12) (5,3,3)
D (9,-1,-1) (1,4,3)
D (12,-1,-1) (3,5,1)
C 0 21
C 1 26
C 2 14
C 3 26
C 4 6
C 5 3
C 6 7
C 7 25
C 8 21
C 9 3
C 10 15
C 11 7
C 12 14
C 13 5
C 14 6
C 15 0
C 16 1
C 17 4
C 18 15
C 19 21
C 20 11
C 21 6
C 22 21
C 23 15
C 24 9
C 25 10
C 26 24
C 27 23
C 28 4
C 29 2
C 30 15
C 31 18
C 32 9
C 33 11
C 34 11
C 35 25
C 36 3
C 37 17
C 38 14
C 39 24
C 40 20
C 41 10
C 42 11
C 43 25
C 44 23
C 45 24
C 46 18
C 47 22
C 48 25
C 49 3
C 50 5
C 51 26
C 52 3
C 53 19
C 54 6
C 55 6
C 56 6
C 57 24
C 58 15
C 59 10
C 60 9
C 61 25
C 62 11
C 63 2
C 64 7
C 65 4
C 66 2
C 67 5
C 68 4
C 69 19
C 70 5
C 71 18
C 72 14
C 73 12
C 74 14
C 75 17
C 76 20
C 77 23
C 78 8
C 79 6
C 80 26
C 81 16
C 82 10
C 83 21
C 84 22
C 85 15
C 86 6
C 87 16
C 88 25
C 89 26
C 90 19
C 91 6
C 92 0
C 93 7
C 94 24
C 95 7
C 96 5
C 97 5
C 98 10
C 99 25
C 100 16
C 101 16
C 102 25
C 103 12
C 104 6
C 105 20
C 106 20
C 107 10
C 108 9
C 109 1
C 110 25
C 111 0
C 112 0
C 113 0
C 114 0
C 115 20
C 116 5
C 117 18
C 118 19
C 119 26
C 120 3
C 121 0
C 122 0
C 123 0
C 124 0
C 125 0
C 126 0
C 127 0
C 128 0
C 129 0
C 130 0
C 131 0
C 132 0
C 133 0
C 134 0
C 135 0
C 136 0
C 137 0
C 138 0
C 139 0
C 140 0
C 141 0
C 142 0
C 143 0
C 144 0
C 145 0
C 146 0
C 147 0
C 148 0
C 149 0
C 150 0
C 151 0
C 152 0
C 153 0
C 154 0
C 155 0
C 156 0
C 157 0
C 158 0
C 159 0
C 160 0
C 161 0
C 162 0
C 163 24
C 164 11
C 165 17
C 166 5
C 167 7
C 168 5
C 169 2
C 170 24
C 171 21
C 172 18
C 173 25
C 174 8
C 175 25
C 176 10
C 177 5
C 178 26
C 179 5
C 180 1
C 181 5
C 182 23
C 183 4
C 184 19
C 185 15
C 186 8
C 187 10
C 188 2
C 189 16
C 190 18
C 191 18
C 192 0
C 193 0
C 194 25
C 195 2
C 196 26
C 197 12
C 198 22
C 199 19
C 200 23
C 201 6
C 202 21
C 203 16
C 204 4
C 205 1
C 206 21
C 207 11
C 208 18
C 209 14
C 210 11
C 211 21
C 212 5
C 213 8
C 214 0
C 215 22
C 216 14
C 217 7
C 218 0
C 219 9
C 220 8
C 221 7
C 222 2
C 223 3
C 224 6
C 225 3
C 226 22
C 227 26
C 228 8
C 229 20
C 230 5
C 231 21
C 232 2
C 233 6
C 234 12
C 235 17
C 236 18
C 237 15
C 238 26
C 239 17
C 240 15
C 241 24
C 242 23
C 243 17
C 244 23
C 245 18
C 246 25
C 247 4
C 248 8
C 249 26
C 250 19
C 251 14
C 252 4
C 253 18
C 254 12
C 255 12
C 256 26
C 257 7
C 258 20
C 259 5
C 260 6
C 261 21
C 262 0
C 263 24
C 264 19
C 265 18
C 266 8
C 267 25
C 268 15
C 269 7
C 270 15
C 271 16
C 272 20
C 273 18
C 274 11
C 275 6
C 276 10
C 277 23
C 278 10
C 279 4
C 280 0
C 281 22
C 282 5
C 283 8
C 284 19
C 285 15
C 286 9
C 287 12
C 288 19
C 289 14
C 290 17
C 291 2
C 292 25
C 293 23
C 294 12
C 295 25
C 296 1
C 297 1
C 298 5
C 299 11
C 300 9
C 301 8
C 302 10
C 303 20
C 304 23
C 305 18
C 306 4
C 307 20
C 308 5
C 309 16
C 310 16
C 311 18
C 312 6
C 313 25
C 314 18
C 315 22
C 316 3
C 317 8
C 318 18
C 319 17
C 320 10
C 321 7
C 322 9
C 323 25
C 324 26
C 325 16
C 326 4
C 327 0
C 328 1
C 329 9
C 330 24
C 331 7
C 332 17
C 333 0
C 334 14
C 335 7
C 336 11
C 337 12
C 338 5
C 339 18
C 340 24
C 341 19
C 342 15
C 343 20
C 344 20
C 345 23
C 346 3
C 347 18
C 348 26
C 349 17
C 350 14
I 1 3 20 (5,3,1) (-1,0,0,0)
I 2 1 17 (5,4,5) (1,1,0,0)
I 5 2 12 (1,4,2) (1,-1,0,0)|(-1,0,1,0)
