D (8,9,10) (1,1,0)
D (10,-1,-1) (5,2,5)
D (10,11,12) (2,1,5)
D (7,8,9) (5,4,5)
D (10,11,12) (5,5,1)
D (7,-1,-1) (1,2,2)
D (9,10,-1) (2,0,3)
D (12,-1,-1) (2,2,2)
D (11,12,-1) (2,5,0)
D (8,9,-1) (5,5,2)
D (9,10,-1) (0,1,2)
D (7,-1,-1) (3,5,5)
D (9,10,11) (1,4,0)
D (7,8,-1) (3,0,1)
D (11,12,-1) (2,0,4)
D (11,12,-1) (2,4,5)
D (8,9,10) (1,3,2)
D (8,9,-1) (4,2,5)
D (7,-1,-1) (5,1,4)
D (10,11,12) (5,3,3)
D (8,-1,-1) (0,1,5)
D (11,-1,-1) (4,3,0)
D (7,8,9) (4,0,4)
D (10,-1,-1) (2,3,1)
D (12,-1,-1) (4,1,0)
D (9,-1,-1) (1,5,2)
D (7,-1,-1) (2,4,2)
D (7,-1,-1) (1,5,4)
D (12,-1,-1) (4,5,0)
D (9,10,11) (3,1,5)
D (12,-1,-1) (1,0,1)
D (11,12,-1) (0,2,2)
D (8,9,10) (3,4,3)
D (12,-1,-1) (1,0,0)
D (9,10,-1) (2,5,2)
D (7,-1,-1) (3,2,5)
D (12,-1,-1) (5,4,3)
D (11,12,-1) (5,5,3)
D (8,-1,-1) (2,0,1)
D (8,9,10) (3,4,5)
D (7,8,-1) (2,3,2)
D (10,11,12) (5,2,4)
D (7,8,9) (0,2,5)
D (9,10,-1) (4,1,1)
D (12,-1,-1) (5,3,5)
D (8,9,-1) (5,3,4)
D (10,11,-1) (0,2,3)
D (12,-1,-1) (1,3,1)
C 0 5
C 1 9
C 2 11
C 3 7
C 4 1
C 5 18
C 6 20
C 7 22
C 8 7
C 9 5
C 10 0
C 11 6
C 12 26
C 13 12
C 14 0
C 15 9
C 16 2
C 17 15
C 18 2
C 19 5
C 20 22
C 21 11
C 22 6
C 23 4
C 24 8
C 25 22
C 26 6
C 27 0
C 28 26
C 29 19
C 30 5
C 31 1
C 32 8
C 33 14
C 34 1
C 35 4
C 36 19
C 37 23
C 38 2
C 39 15
C 40 6
C 41 0
C 42 0
C 43 0
C 44 0
C 45 0
C 46 0
C 47 0
C 48 0
C 49 0
C 50 0
C 51 0
C 52 0
C 53 0
C 54 0
C 55 0
C 56 0
C 57 0
C 58 0
C 59 0
C 60 0
C 61 0
C 62 0
C 63 0
C 64 0
C 65 0
C 66 0
C 67 0
C 68 0
C 69 0
C 70 14
C 71 1
C 72 19
C 73 22
C 74 25
C 75 14
C 76 9
C 77 10
C 78 1
C 79 12
C 80 5
C 81 8
C 82 18
C 83 3
C 84 26
C 85 21
C 86 18
C 87 5
C 88 17
C 89 3
C 90 25
C 91 3
C 92 7
C 93 19
C 94 8
C 95 5
C 96 22
C 97 21
C 98 11
C 99 23
C 100 26
C 101 8
C 102 26
C 103 12
C 104 3
C 105 5
C 106 24
C 107 11
C 108 7
C 109 26
C 110 7
C 111 8
C 112 20
C 113 10
C 114 5
C 115 23
C 116 19
C 117 12
C 118 26
C 119 6
C 120 7
C 121 22
C 122 15
C 123 17
C 124 6
C 125 24
C 126 21
C 127 7
C 128 10
C 129 17
C 130 24
C 131 4
C 132 1
C 133 18
C 134 21
C 135 14
C 136 0
C 137 23
C 138 1
C 139 7
C 140 19
C 141 3
C 142 16
C 143 10
C 144 10
C 145 5
C 146 6
C 147 14
C 148 1
C 149 10
C 150 11
C 151 3
C 152 5
C 153 15
C 154 10
C 155 24
C 156 4
C 157 15
C 158 23
C 159 18
C 160 21
C 161 11
C 162 11
C 163 22
C 164 2
C 165 7
C 166 16
C 167 14
C 168 18
C 169 10
C 170 1
C 171 24
C 172 26
C 173 26
C 174 2
C 175 5
C 176 5
C 177 11
C 178 18
C 179 18
C 180 8
C 181 8
C 182 11
C 183 6
C 184 4
C 185 22
C 186 15
C 187 18
C 188 10
C 189 15
C 190 1
C 191 11
C 192 23
C 193 12
C 194 21
C 195 6
C 196 21
C 197 17
C 198 25
C 199 1
C 200 8
C 201 22
C 202 14
C 203 15
C 204 23
C 205 17
C 206 4
C 207 6
C 208 21
C 209 8
C 210 22
C 211 22
C 212 10
C 213 6
C 214 26
C 215 1
C 216 23
C 217 0
C 218 5
C 219 9
C 220 24
C 221 11
C 222 17
C 223 0
C 224 21
C 225 26
C 226 1
C 227 16
C 228 1
C 229 19
C 230 10
C 231 2
C 232 10
C 233 1
C 234 22
C 235 18
C 236 7
C 237 10
C 238 7
C 239 3
C 240 9
C 241 11
C 242 0
C 243 0
C 244 17
C 245 23
C 246 2
C 247 4
C 248 24
C 249 20
C 250 25
C 251 26
C 252 10
C 253 10
C 254 0
C 255 14
C 256 18
C 257 7
C 258 23
C 259 8
C 260 11
C 261 3
C 262 17
C 263 15
C 264 9
C 265 4
C 266 19
C 267 8
C 268 5
C 269 12
C 270 19
C 271 19
C 272 2
C 273 18
C 274 26
C 275 24
C 276 20
C 277 21
C 278 19
C 279 23
C 280 8
C 281 18
C 282 6
C 283 5
C 284 21
C 285 6
C 286 26
C 287 11
C 288 6
C 289 23
C 290 18
C 291 8
C 292 20
C 293 22
C 294 22
C 295 6
C 296 19
C 297 5
C 298 22
C 299 4
C 300 26
C 301 22
C 302 11
C 303 14
C 304 6
C 305 20
C 306 11
C 307 26
C 308 18
C 309 8
C 310 10
C 311 22
C 312 6
C 313 0
C 314 24
C 315 17
C 316 8
C 317 15
C 318 14
C 319 24
C 320 4
C 321 5
C 322 18
C 323 9
C 324 17
C 325 0
C 326 0
C 327 23
C 328 10
C 329 25
C 330 16
C 331 18
C 332 17
C 333 23
C 334 23
C 335 20
C 336 5
C 337 8
C 338 21
C 339 6
C 340 4
C 341 9
C 342 21
C 343 18
C 344 0
C 345 25
C 346 19
C 347 26
C 348 26
C 349 19
C 350 25
I 4 3 13 (5,3,1) (0,1,0,0)|(1,0,0,0)
I 1 3 13 (4,0,4) (0,-1,1,0)
I 0 3 9 (0,4,4) (1,-1,0,0)
