D (12,-1,-1) (2,5,0)
D (10,-1,-1) (1,5,1)
D (10,11,12) (3,4,2)
D (7,-1,-1) (2,3,3)
D (10,11,12) (4,0,2)
D (12,-1,-1) (4,1,1)
D (12,-1,-1) (4,2,1)
D (12,-1,-1) (0,2,4)
D (10,11,12) (4,2,4)
D (9,10,-1) (1,3,1)
D (8,9,-1) (0,0,4)
D (10,11,12) (1,2,4)
D (8,9,10) (2,5,3)
D (10,11,-1) (3,3,1)
D (10,-1,-1) (5,1,1)
D (11,12,-1) (1,0,5)
D (9,-1,-1) (0,5,1)
D (12,-1,-1) (3,0,3)
D (11,12,-1) (3,3,3)
D (12,-1,-1) (4,3,2)
D (7,-1,-1) (2,5,2)
D (7,8,9) (4,0,3)
D (10,-1,-1) (1,4,0)
D (11,12,-1) (0,1,0)
D (7,8,9) (5,4,5)
D (8,9,10) (4,1,0)
D (12,-1,-1) (3,4,5)
D (9,10,11) (4,4,3)
D (12,-1,-1) (2,3,4)
D (12,-1,-1) (2,4,3)
D (10,11,-1) (2,3,2)
D (10,11,-1) (5,3,2)
D (7,8,9) (3,4,0)
D (11,12,-1) (2,0,4)
D (7,-1,-1) (0,4,0)
D (9,-1,-1) (0,4,4)
D (12,-1,-1) (4,4,0)
D (9,-1,-1) (3,3,4)
D (7,8,-1) (2,5,1)
D (8,9,10) (1,2,0)
D (11,12,-1) (5,2,2)
D (10,-1,-1) (4,4,2)
D (8,9,-1) (1,2,1)
D (8,9,10) (0,3,5)
D (8,9,10) (1,2,5)
D (11,12,-1) (2,1,0)
D (8,-1,-1) (5,0,3)
D (7,-1,-1) (0,1,1)
D (7,8,9) (1,0,4)
D (9,10,-1) (2,2,4)
D (7,-1,-1) (4,0,0)
D (9,10,11) (3,3,0)
D (8,9,10) (5,3,0)
D (7,8,9) (3,5,3)
C 0 8
C 1 26
C 2 3
C 3 20
C 4 15
C 5 1
C 6 2
C 7 20
C 8 4
C 9 26
C 10 11
C 11 20
C 12 3
C 13 0
C 14 0
C 15 0
C 16 0
C 17 0
C 18 0
C 19 0
C 20 0
C 21 0
C 22 0
C 23 0
C 24 0
C 25 0
C 26 0
C 27 0
C 28 0
C 29 0
C 30 0
C 31 0
C 32 0
C 33 0
C 34 0
C 35 0
C 36 0
C 37 0
C 38 0
C 39 0
C 40 0
C 41 0
C 42 0
C 43 0
C 44 0
C 45 0
C 46 0
C 47 0
C 48 0
C 49 0
C 50 0
C 51 0
C 52 0
C 53 0
C 54 0
C 55 0
C 56 0
C 57 0
C 58 0
C 59 0
C 60 0
C 61 0
C 62 0
C 63 0
C 64 0
C 65 0
C 66 0
C 67 0
C 68 0
C 69 0
C 70 0
C 71 0
C 72 0
C 73 0
C 74 0
C 75 0
C 76 0
C 77 0
C 78 0
C 79 0
C 80 0
C 81 0
C 82 0
C 83 0
C 84 0
C 85 0
C 86 0
C 87 0
C 88 0
C 89 0
C 90 0
C 91 0
C 92 0
C 93 0
C 94 0
C 95 0
C 96 0
C 97 0
C 98 0
C 99 0
C 100 0
C 101 0
C 102 0
C 103 0
C 104 0
C 105 0
C 106 0
C 107 0
C 108 0
C 109 0
C 110 0
C 111 0
C 112 0
C 113 0
C 114 0
C 115 26
C 116 1
C 117 20
C 118 6
C 119 24
C 120 26
C 121 11
C 122 19
C 123 23
C 124 16
C 125 18
C 126 15
C 127 0
C 128 15
C 129 5
C 130 7
C 131 9
C 132 14
C 133 19
C 134 18
C 135 17
C 136 26
C 137 20
C 138 21
C 139 8
C 140 25
C 141 17
C 142 18
C 143 0
C 144 9
C 145 8
C 146 6
C 147 8
C 148 6
C 149 22
C 150 17
C 151 9
C 152 0
C 153 8
C 154 3
C 155 6
C 156 10
C 157 24
C 158 18
C 159 19
C 160 24
C 161 1
C 162 24
C 163 19
C 164 4
C 165 4
C 166 19
C 167 18
C 168 26
C 169 9
C 170 21
C 171 21
C 172 9
C 173 10
C 174 10
C 175 3
C 176 14
C 177 23
C 178 23
C 179 8
C 180 17
C 181 20
C 182 1
C 183 21
C 184 7
C 185 17
C 186 24
C 187 16
C 188 12
C 189 18
C 190 19
C 191 15
C 192 9
C 193 21
C 194 25
C 195 21
C 196 3
C 197 5
C 198 7
C 199 10
C 200 24
C 201 22
C 202 1
C 203 2
C 204 10
C 205 19
C 206 1
C 207 12
C 208 8
C 209 24
C 210 9
C 211 5
C 212 25
C 213 21
C 214 10
C 215 17
C 216 26
C 217 0
C 218 14
C 219 23
C 220 10
C 221 23
C 222 18
C 223 0
C 224 0
C 225 0
C 226 0
C 227 0
C 228 0
C 229 0
C 230 0
C 231 0
C 232 0
C 233 0
C 234 0
C 235 0
C 236 0
C 237 0
C 238 0
C 239 0
C 240 0
C 241 0
C 242 0
C 243 0
C 244 0
C 245 0
C 246 0
C 247 0
C 248 0
C 249 0
C 250 0
C 251 0
C 252 0
C 253 0
C 254 0
C 255 0
C 256 0
C 257 0
C 258 0
C 259 0
C 260 0
C 261 0
C 262 0
C 263 0
C 264 0
C 265 0
C 266 0
C 267 0
C 268 18
C 269 17
C 270 8
C 271 18
C 272 3
C 273 22
C 274 26
C 275 5
C 276 3
C 277 23
C 278 17
C 279 3
C 280 2
C 281 15
C 282 0
C 283 4
C 284 23
C 285 4
C 286 25
C 287 12
C 288 10
C 289 0
C 290 0
C 291 0
C 292 0
C 293 0
C 294 0
C 295 0
C 296 0
C 297 0
C 298 0
C 299 0
C 300 0
C 301 0
C 302 0
C 303 0
C 304 0
C 305 0
C 306 0
C 307 0
C 308 0
C 309 0
C 310 0
C 311 0
C 312 0
C 313 0
C 314 0
C 315 0
C 316 0
C 317 21
C 318 15
C 319 12
C 320 20
C 321 7
C 322 3
C 323 8
C 324 26
C 325 23
C 326 19
C 327 5
C 328 3
C 329 7
C 330 3
C 331 21
C 332 14
C 333 17
C 334 8
C 335 8
C 336 16
C 337 0
C 338 20
C 339 10
C 340 8
C 341 19
C 342 17
C 343 25
C 344 0
C 345 5
C 346 10
C 347 23
C 348 24
C 349 10
C 350 18
I 3 3 3 (1,4,2) (-1,1,0,0)|(-1,0,1,0)
I 5 1 20 (3,4,5) (0,0,1,0)
I 1 2 1 (5,0,5) (0,1,0,0)
