D (7,8,-1) (3,3,4)
D (9,10,-1) (3,4,2)
D (7,-1,-1) (1,0,3)
D (10,11,-1) (3,1,2)
D (9,-1,-1) (4,0,5)
D (10,11,12) (1,3,0)
D (10,-1,-1) (0,0,3)
D (12,-1,-1) (5,0,3)
D (8,-1,-1) (0,5,3)
D (12,-1,-1) (1,0,4)
D (8,-1,-1) (0,2,5)
D (11,12,-1) (1,1,1)
D (7,-1,-1) (2,3,1)
D (11,12,-1) (1,0,1)
D (9,10,-1) (0,2,4)
D (11,12,-1) (4,3,5)
D (7,8,9) (4,1,4)
D (12,-1,-1) (1,3,1)
D (8,9,10) (0,0,1)
D (7,-1,-1) (5,0,4)
D (8,9,-1) (3,5,1)
D (9,-1,-1) (2,4,3)
D (7,8,9) (3,4,0)
D (7,-1,-1) (2,5,1)
D (12,-1,-1) (4,3,1)
D (11,12,-1) (0,2,1)
D (11,12,-1) (3,1,3)
D (10,-1,-1) (5,4,4)
D (7,-1,-1) (5,2,1)
D (9,-1,-1) (0,3,2)
D (10,11,12) (1,3,3)
D (10,11,-1) (0,4,4)
D (12,-1,-1) (4,0,3)
D (11,12,-1) (1,2,1)
D (8,9,10) (1,0,2)
D (10,11,-1) (3,3,1)
D (10,-1,-1) (1,2,3)
D (11,12,-1) (4,0,0)
D (11,12,-1) (1,5,2)
D (12,-1,-1) (3,2,1)
D (12,-1,-1) (3,0,0)
D (10,11,-1) (3,1,4)
D (11,12,-1) (4,3,0)
D (12,-1,-1) (3,4,1)
D (7,8,9) (4,5,0)
D (9,10,-1) (0,0,4)
D (11,12,-1) (5,0,1)
D (11,12,-1) (0,0,2)
D (11,12,-1) (0,5,5)
D (8,-1,-1) (3,3,5)
D (7,-1,-1) (5,4,0)
D (7,8,-1) (0,3,5)
D (7,8,9) (2,2,1)
D (11,-1,-1) (4,2,4)
D (7,8,9) (1,3,5)
D (11,-1,-1) (1,3,2)
D (10,-1,-1) (2,3,3)
D (9,-1,-1) (3,4,3)
D (8,-1,-1) (3,3,2)
D (7,-1,-1) (1,3,4)
D (8,-1,-1) (0,4,5)
D (8,9,10) (3,1,0)
D (7,8,-1) (5,1,5)
D (10,11,12) (2,2,2)
D (12,-1,-1) (4,5,1)
D (12,-1,-1) (4,0,4)
D (9,-1,-1) (4,4,5)
D (11,12,-1) (4,3,2)
D (9,-1,-1) (5,4,2)
D (10,11,12) (5,3,3)
D (10,-1,-1) (5,5,4)
D (12,-1,-1) (3,1,1)
D (10,-1,-1) (5,2,5)
D (7,-1,-1) (1,1,2)
D (8,-1,-1) (2,4,5)
D (10,11,-1) (5,1,2)
D (7,8,9) (0,4,0)
D (12,-1,-1) (0,3,4)
D (10,11,-1) (2,3,0)
D (7,8,-1) (4,3,3)
C 0 10
C 1 18
C 2 25
C 3 2
C 4 20
C 5 24
C 6 26
C 7 17
C 8 1
C 9 21
C 10 3
C 11 6
C 12 10
C 13 21
C 14 26
C 15 21
C 16 14
C 17 11
C 18 11
C 19 21
C 20 5
C 21 17
C 22 21
C 23 11
C 24 10
C 25 21
C 26 22
C 27 2
C 28 19
C 29 15
C 30 26
C 31 12
C 32 5
C 33 24
C 34 0
C 35 0
C 36 0
C 37 0
C 38 0
C 39 0
C 40 0
C 41 0
C 42 0
C 43 0
C 44 0
C 45 0
C 46 0
C 47 0
C 48 0
C 49 0
C 50 0
C 51 0
C 52 0
C 53 0
C 54 0
C 55 0
C 56 0
C 57 0
C 58 0
C 59 0
C 60 0
C 61 0
C 62 0
C 63 0
C 64 0
C 65 0
C 66 0
C 67 0
C 68 0
C 69 0
C 70 0
C 71 0
C 72 0
C 73 0
C 74 0
C 75 0
C 76 0
C 77 0
C 78 0
C 79 0
C 80 0
C 81 0
C 82 0
C 83 0
C 84 0
C 85 0
C 86 0
C 87 0
C 88 0
C 89 0
C 90 0
C 91 0
C 92 0
C 93 0
C 94 0
C 95 0
C 96 0
C 97 0
C 98 0
C 99 0
C 100 0
C 101 0
C 102 0
C 103 0
C 104 0
C 105 0
C 106 0
C 107 0
C 108 0
C 109 0
C 110 0
C 111 0
C 112 0
C 113 0
C 114 0
C 115 0
C 116 0
C 117 0
C 118 0
C 119 0
C 120 0
C 121 0
C 122 0
C 123 0
C 124 0
C 125 0
C 126 0
C 127 0
C 128 0
C 129 0
C 130 0
C 131 24
C 132 21
C 133 9
C 134 1
C 135 2
C 136 7
C 137 17
C 138 9
C 139 5
C 140 5
C 141 10
C 142 2
C 143 14
C 144 22
C 145 4
C 146 26
C 147 18
C 148 22
C 149 10
C 150 25
C 151 20
C 152 7
C 153 11
C 154 1
C 155 12
C 156 6
C 157 22
C 158 5
C 159 15
C 160 11
C 161 8
C 162 3
C 163 10
C 164 21
C 165 2
C 166 15
C 167 12
C 168 19
C 169 22
C 170 5
C 171 25
C 172 10
C 173 1
C 174 26
C 175 22
C 176 23
C 177 11
C 178 14
C 179 22
C 180 7
C 181 21
C 182 19
C 183 15
C 184 21
C 185 21
C 186 20
C 187 2
C 188 4
C 189 17
C 190 10
C 191 19
C 192 14
C 193 15
C 194 18
C 195 2
C 196 7
C 197 22
C 198 1
C 199 18
C 200 7
C 201 10
C 202 25
C 203 7
C 204 5
C 205 1
C 206 21
C 207 11
C 208 20
C 209 10
C 210 10
C 211 19
C 212 15
C 213 16
C 214 1
C 215 5
C 216 2
C 217 12
C 218 5
C 219 25
C 220 8
C 221 2
C 222 17
C 223 1
C 224 10
C 225 20
C 226 24
C 227 18
C 228 5
C 229 12
C 230 16
C 231 15
C 232 19
C 233 9
C 234 26
C 235 24
C 236 12
C 237 7
C 238 18
C 239 14
C 240 21
C 241 2
C 242 26
C 243 2
C 244 16
C 245 2
C 246 20
C 247 0
C 248 23
C 249 1
C 250 22
C 251 19
C 252 14
C 253 8
C 254 4
C 255 26
C 256 0
C 257 22
C 258 4
C 259 3
C 260 7
C 261 10
C 262 24
C 263 25
C 264 19
C 265 25
C 266 23
C 267 14
C 268 0
C 269 23
C 270 24
C 271 24
C 272 3
C 273 19
C 274 24
C 275 16
C 276 20
C 277 25
C 278 25
C 279 18
C 280 10
C 281 5
C 282 15
C 283 3
C 284 8
C 285 6
C 286 18
C 287 10
C 288 10
C 289 0
C 290 9
C 291 12
C 292 20
C 293 15
C 294 19
C 295 26
C 296 17
C 297 12
C 298 25
C 299 14
C 300 2
C 301 23
C 302 0
C 303 8
C 304 25
C 305 25
C 306 0
C 307 7
C 308 11
C 309 11
C 310 20
C 311 15
C 312 12
C 313 16
C 314 8
C 315 11
C 316 20
C 317 23
C 318 24
C 319 4
C 320 3
C 321 22
C 322 0
C 323 25
C 324 16
C 325 19
C 326 4
C 327 20
C 328 26
C 329 16
C 330 8
C 331 4
C 332 8
C 333 26
C 334 7
C 335 8
C 336 12
C 337 21
C 338 6
C 339 17
C 340 12
C 341 17
C 342 9
C 343 24
C 344 24
C 345 23
C 346 7
C 347 26
C 348 9
C 349 6
C 350 1
I 0 1 12 (0,2,0) (0,1,0,0)|(1,0,-1,0)|(1,1,0,0)
I 1 3 10 (4,2,0) (-1,0,0,0)|(0,1,-1,0)
I 3 2 2 (0,1,4) (1,0,1,0)|(1,0,0,0)|(0,-1,1,0)|(0,-1,0,0)
