D (12,-1,-1) (5,4,4)
D (7,8,9) (4,4,5)
D (12,-1,-1) (3,4,1)
D (10,11,-1) (0,5,0)
D (10,11,-1) (0,0,5)
D (9,10,11) (4,2,4)
D (8,9,-1) (4,3,2)
D (12,-1,-1) (4,2,1)
D (9,10,11) (0,4,4)
D (10,-1,-1) (0,1,3)
D (9,10,11) (5,0,1)
D (12,-1,-1) (1,0,0)
D (9,10,-1) (1,3,5)
D (10,11,-1) (4,1,5)
D (11,-1,-1) (3,2,2)
D (12,-1,-1) (4,1,3)
D (10,11,-1) (4,3,5)
D (11,12,-1) (4,3,1)
D (7,8,9) (5,0,2)
D (9,-1,-1) (4,2,2)
D (10,-1,-1) (4,3,0)
D (11,12,-1) (0,5,2)
D (8,9,-1) (0,4,2)
D (12,-1,-1) (2,0,0)
D (9,10,11) (3,2,3)
D (12,-1,-1) (1,3,3)
D (9,10,11) (5,2,2)
D (8,-1,-1) (0,4,5)
D (8,-1,-1) (2,2,2)
D (12,-1,-1) (3,0,3)
D (9,10,-1) (1,0,3)
D (11,12,-1) (4,0,1)
D (12,-1,-1) (1,5,2)
D (8,9,10) (3,1,5)
D (12,-1,-1) (0,3,1)
D (10,11,12) (3,3,2)
D (8,9,-1) (5,4,3)
D (10,11,-1) (3,1,3)
D (7,-1,-1) (1,3,1)
D (7,8,-1) (2,0,5)
D (7,8,-1) (5,3,5)
D (11,12,-1) (3,0,0)
D (10,11,12) (2,2,4)
D (7,-1,-1) (3,5,1)
D (10,11,-1) (3,0,4)
D (12,-1,-1) (2,3,4)
D (7,8,-1) (3,1,2)
D (11,12,-1) (1,0,5)
D (11,12,-1) (4,2,5)
D (7,-1,-1) (0,3,2)
D (7,8,9) (3,5,5)
C 0 2
C 1 3
C 2 16
C 3 8
C 4 18
C 5 21
C 6 25
C 7 14
C 8 2
C 9 16
C 10 17
C 11 24
C 12 3
C 13 6
C 14 25
C 15 9
C 16 18
C 17 10
C 18 0
C 19 14
C 20 16
C 21 24
C 22 2
C 23 26
C 24 26
C 25 5
C 26 8
C 27 25
C 28 5
C 29 12
C 30 6
C 31 11
C 32 24
C 33 5
C 34 21
C 35 11
C 36 2
C 37 15
C 38 14
C 39 1
C 40 10
C 41 18
C 42 11
C 43 16
C 44 6
C 45 3
C 46 8
C 47 7
C 48 11
C 49 20
C 50 20
C 51 23
C 52 4
C 53 24
C 54 25
C 55 2
C 56 5
C 57 24
C 58 9
C 59 21
C 60 18
C 61 16
C 62 2
C 63 22
C 64 17
C 65 16
C 66 26
C 67 21
C 68 24
C 69 7
C 70 16
C 71 23
C 72 0
C 73 14
C 74 12
C 75 16
C 76 12
C 77 23
C 78 12
C 79 22
C 80 6
C 81 4
C 82 6
C 83 11
C 84 5
C 85 11
C 86 26
C 87 1
C 88 25
C 89 10
C 90 8
C 91 1
C 92 20
C 93 14
C 94 3
C 95 18
C 96 17
C 97 1
C 98 24
C 99 26
C 100 24
C 101 15
C 102 26
C 103 20
C 104 4
C 105 9
C 106 21
C 107 8
C 108 15
C 109 19
C 110 3
C 111 18
C 112 10
C 113 21
C 114 20
C 115 23
C 116 25
C 117 10
C 118 3
C 119 7
C 120 12
C 121 21
C 122 12
C 123 23
C 124 22
C 125 8
C 126 14
C 127 25
C 128 10
C 129 21
C 130 22
C 131 15
C 132 18
C 133 22
C 134 20
C 135 8
C 136 16
C 137 0
C 138 0
C 139 5
C 140 23
C 141 18
C 142 17
C 143 21
C 144 6
C 145 19
C 146 19
C 147 10
C 148 9
C 149 0
C 150 16
C 151 26
C 152 15
C 153 22
C 154 2
C 155 1
C 156 15
C 157 6
C 158 20
C 159 20
C 160 11
C 161 7
C 162 24
C 163 20
C 164 19
C 165 4
C 166 8
C 167 9
C 168 7
C 169 25
C 170 10
C 171 2
C 172 1
C 173 16
C 174 3
C 175 7
C 176 8
C 177 6
C 178 19
C 179 25
C 180 15
C 181 1
C 182 26
C 183 2
C 184 26
C 185 0
C 186 24
C 187 8
C 188 23
C 189 15
C 190 12
C 191 7
C 192 6
C 193 20
C 194 17
C 195 24
C 196 8
C 197 4
C 198 18
C 199 0
C 200 9
C 201 4
C 202 16
C 203 26
C 204 15
C 205 21
C 206 10
C 207 0
C 208 22
C 209 21
C 210 1
C 211 5
C 212 20
C 213 20
C 214 2
C 215 14
C 216 16
C 217 18
C 218 12
C 219 20
C 220 18
C 221 10
C 222 23
C 223 6
C 224 8
C 225 2
C 226 9
C 227 23
C 228 5
C 229 11
C 230 7
C 231 5
C 232 11
C 233 8
C 234 8
C 235 23
C 236 26
C 237 22
C 238 5
C 239 19
C 240 18
C 241 25
C 242 25
C 243 2
C 244 25
C 245 6
C 246 15
C 247 20
C 248 12
C 249 17
C 250 18
C 251 10
C 252 3
C 253 8
C 254 10
C 255 18
C 256 1
C 257 1
C 258 1
C 259 22
C 260 19
C 261 6
C 262 8
C 263 21
C 264 10
C 265 4
C 266 11
C 267 8
C 268 7
C 269 19
C 270 11
C 271 18
C 272 17
C 273 8
C 274 5
C 275 19
C 276 17
C 277 23
C 278 2
C 279 8
C 280 9
C 281 22
C 282 16
C 283 0
C 284 10
C 285 22
C 286 11
C 287 15
C 288 0
C 289 4
C 290 12
C 291 2
C 292 24
C 293 12
C 294 0
C 295 16
C 296 21
C 297 23
C 298 0
C 299 2
C 300 11
C 301 1
C 302 2
C 303 20
C 304 3
C 305 0
C 306 25
C 307 2
C 308 15
C 309 16
C 310 3
C 311 19
C 312 22
C 313 17
C 314 11
C 315 2
C 316 20
C 317 21
C 318 26
C 319 9
C 320 10
C 321 18
C 322 9
C 323 20
C 324 21
C 325 0
C 326 12
C 327 23
C 328 25
C 329 8
C 330 4
C 331 15
C 332 17
C 333 5
C 334 5
C 335 22
C 336 10
C 337 26
C 338 5
C 339 15
C 340 10
C 341 21
C 342 9
C 343 24
C 344 1
C 345 17
C 346 25
C 347 12
C 348 2
C 349 24
C 350 20
I 1 1 11 (5,3,2) (-1,0,1,0)|(0,0,0,0)|(1,0,-1,0)|(-1,1,0,0)
I 5 2 11 (4,2,3) (-1,-1,-1,0)
I 1 1 3 (0,4,3) (-1,1,-1,0)
