D (10,11,12) (3,0,3)
D (12,-1,-1) (1,2,0)
D (11,12,-1) (1,2,1)
D (11,-1,-1) (0,1,4)
D (11,12,-1) (5,2,4)
D (10,11,-1) (4,1,1)
D (10,-1,-1) (4,3,1)
D (7,8,-1) (4,0,3)
D (12,-1,-1) (5,0,2)
D (9,10,-1) (4,0,0)
D (9,-1,-1) (3,3,2)
D (11,-1,-1) (5,3,5)
D (12,-1,-1) (1,3,2)
D (12,-1,-1) (5,4,3)
D (9,-1,-1) (1,4,2)
D (11,12,-1) (3,1,1)
D (10,-1,-1) (1,2,2)
D (8,9,10) (1,4,4)
D (12,-1,-1) (3,2,0)
D (8,-1,-1) (3,4,2)
D (7,8,-1) (2,0,1)
D (11,12,-1) (2,2,2)
D (11,12,-1) (0,2,2)
D (11,12,-1) (1,2,3)
D (7,8,-1) (5,0,3)
D (11,12,-1) (0,1,3)
D (11,12,-1) (5,4,0)
D (9,-1,-1) (0,5,2)
D (9,10,-1) (2,4,3)
D (11,12,-1) (1,1,4)
D (10,11,12) (2,3,3)
D (12,-1,-1) (2,1,4)
D (9,10,11) (1,4,5)
D (8,9,10) (3,1,5)
D (7,-1,-1) (4,2,4)
D (10,11,12) (1,3,0)
D (10,11,12) (4,4,3)
D (7,8,-1) (3,5,1)
D (8,9,10) (0,2,4)
D (7,-1,-1) (0,4,0)
D (7,8,9) (1,3,4)
C 0 12
C 1 8
C 2 23
C 3 9
C 4 25
C 5 11
C 6 24
C 7 9
C 8 11
C 9 26
C 10 19
C 11 23
C 12 26
C 13 10
C 14 3
C 15 23
C 16 10
C 17 26
C 18 0
C 19 25
C 20 21
C 21 17
C 22 7
C 23 9
C 24 17
C 25 2
C 26 15
C 27 12
C 28 12
C 29 4
C 30 11
C 31 1
C 32 9
C 33 25
C 34 24
C 35 0
C 36 5
C 37 23
C 38 22
C 39 5
C 40 3
C 41 11
C 42 9
C 43 22
C 44 15
C 45 26
C 46 12
C 47 2
C 48 4
C 49 24
C 50 12
C 51 9
C 52 10
C 53 14
C 54 20
C 55 8
C 56 9
C 57 23
C 58 17
C 59 19
C 60 11
C 61 5
C 62 12
C 63 26
C 64 21
C 65 20
C 66 6
C 67 7
C 68 5
C 69 12
C 70 6
C 71 24
C 72 6
C 73 18
C 74 26
C 75 11
C 76 26
C 77 22
C 78 14
C 79 6
C 80 14
C 81 1
C 82 26
C 83 17
C 84 25
C 85 23
C 86 23
C 87 23
C 88 20
C 89 8
C 90 25
C 91 22
C 92 12
C 93 4
C 94 17
C 95 8
C 96 7
C 97 0
C 98 10
C 99 23
C 100 23
C 101 20
C 102 19
C 103 3
C 104 20
C 105 16
C 106 4
C 107 6
C 108 25
C 109 25
C 110 14
C 111 20
C 112 16
C 113 24
C 114 18
C 115 25
C 116 16
C 117 8
C 118 11
C 119 26
C 120 6
C 121 15
C 122 1
C 123 17
C 124 15
C 125 24
C 126 21
C 127 15
C 128 17
C 129 17
C 130 18
C 131 23
C 132 25
C 133 10
C 134 6
C 135 6
C 136 0
C 137 26
C 138 9
C 139 14
C 140 6
C 141 3
C 142 11
C 143 11
C 144 9
C 145 25
C 146 25
C 147 20
C 148 8
C 149 8
C 150 6
C 151 11
C 152 8
C 153 18
C 154 12
C 155 12
C 156 2
C 157 9
C 158 20
C 159 10
C 160 23
C 161 22
C 162 2
C 163 20
C 164 15
C 165 21
C 166 0
C 167 2
C 168 10
C 169 4
C 170 12
C 171 23
C 172 4
C 173 21
C 174 7
C 175 24
C 176 4
C 177 7
C 178 12
C 179 8
C 180 10
C 181 23
C 182 21
C 183 11
C 184 1
C 185 9
C 186 2
C 187 24
C 188 26
C 189 18
C 190 20
C 191 0
C 192 1
C 193 1
C 194 17
C 195 3
C 196 0
C 197 12
C 198 9
C 199 9
C 200 11
C 201 4
C 202 4
C 203 4
C 204 11
C 205 19
C 206 4
C 207 3
C 208 14
C 209 14
C 210 6
C 211 4
C 212 0
C 213 6
C 214 15
C 215 26
C 216 4
C 217 22
C 218 11
C 219 15
C 220 23
C 221 4
C 222 22
C 223 14
C 224 20
C 225 11
C 226 24
C 227 10
C 228 10
C 229 1
C 230 17
C 231 22
C 232 12
C 233 22
C 234 11
C 235 17
C 236 15
C 237 21
C 238 12
C 239 7
C 240 3
C 241 15
C 242 5
C 243 7
C 244 2
C 245 12
C 246 14
C 247 6
C 248 0
C 249 10
C 250 21
C 251 8
C 252 8
C 253 9
C 254 9
C 255 26
C 256 9
C 257 26
C 258 22
C 259 10
C 260 4
C 261 12
C 262 18
C 263 21
C 264 9
C 265 10
C 266 2
C 267 25
C 268 0
C 269 18
C 270 23
C 271 22
C 272 7
C 273 20
C 274 15
C 275 24
C 276 18
C 277 5
C 278 12
C 279 7
C 280 22
C 281 6
C 282 10
C 283 25
C 284 1
C 285 22
C 286 7
C 287 15
C 288 14
C 289 0
C 290 18
C 291 17
C 292 14
C 293 20
C 294 1
C 295 8
C 296 6
C 297 24
C 298 11
C 299 0
C 300 26
C 301 25
C 302 25
C 303 12
C 304 0
C 305 0
C 306 0
C 307 0
C 308 0
C 309 0
C 310 0
C 311 0
C 312 0
C 313 0
C 314 0
C 315 0
C 316 0
C 317 0
C 318 0
C 319 0
C 320 0
C 321 0
C 322 0
C 323 0
C 324 0
C 325 0
C 326 0
C 327 0
C 328 0
C 329 0
C 330 0
C 331 0
C 332 0
C 333 0
C 334 0
C 335 0
C 336 0
C 337 0
C 338 0
C 339 0
C 340 0
C 341 0
C 342 0
C 343 0
C 344 0
C 345 0
C 346 0
C 347 0
C 348 0
C 349 0
C 350 15
I 5 2 13 (1,0,2) (-1,1,-1,0)
I 0 2 18 (0,4,2) (1,-1,1,0)|(-1,1,0,0)|(-1,0,-1,0)
I 4 2 17 (0,5,1) (1,-1,0,0)|(-1,0,-1,0)|(1,0,1,0)|(-1,-1,-1,0)|(0,1,0,0)
