D (8,-1,-1) (3,0,2)
D (9,10,-1) (4,4,0)
D (10,11,-1) (2,1,1)
D (12,-1,-1) (1,1,3)
D (7,8,9) (4,1,1)
D (12,-1,-1) (3,3,3)
D (12,-1,-1) (2,4,1)
D (12,-1,-1) (1,2,4)
D (9,10,11) (2,3,3)
D (8,-1,-1) (5,5,0)
D (7,-1,-1) (2,5,4)
D (11,-1,-1) (5,5,1)
D (8,-1,-1) (2,2,2)
D (11,12,-1) (5,1,5)
D (8,9,-1) (1,3,5)
D (11,12,-1) (5,3,2)
D (10,11,12) (5,2,2)
D (9,10,-1) (0,5,3)
D (11,12,-1) (0,0,1)
D (7,8,-1) (4,4,3)
D (9,10,-1) (2,5,1)
D (10,-1,-1) (3,2,4)
D (11,-1,-1) (3,5,0)
D (10,11,-1) (4,3,4)
D (12,-1,-1) (0,2,2)
D (9,-1,-1) (1,2,5)
D (9,10,-1) (1,2,2)
D (7,8,9) (4,2,5)
D (7,8,9) (5,1,3)
D (9,10,-1) (0,3,0)
D (12,-1,-1) (4,0,3)
D (12,-1,-1) (0,1,4)
D (12,-1,-1) (1,0,1)
D (9,10,11) (4,5,3)
D (11,12,-1) (3,2,3)
D (12,-1,-1) (0,0,0)
D (10,11,12) (1,3,2)
D (9,10,11) (2,1,5)
D (10,-1,-1) (0,2,3)
D (11,-1,-1) (1,5,1)
D (8,9,-1) (1,1,0)
D (9,10,-1) (3,0,0)
D (12,-1,-1) (4,3,0)
D (11,12,-1) (3,1,0)
D (8,9,-1) (4,1,3)
D (11,-1,-1) (5,4,2)
D (9,10,11) (3,3,2)
D (8,9,-1) (0,5,2)
D (9,10,11) (3,1,1)
D (8,9,10) (0,3,1)
D (9,-1,-1) (1,3,3)
D (10,-1,-1) (2,3,1)
D (9,10,11) (2,1,3)
D (7,8,9) (5,1,1)
D (10,11,-1) (2,5,3)
D (10,11,-1) (3,3,5)
D (8,9,10) (5,0,4)
D (9,10,11) (0,1,5)
D (7,8,-1) (2,0,3)
D (7,-1,-1) (2,3,5)
D (10,11,12) (0,0,3)
D (10,11,12) (0,3,4)
D (10,-1,-1) (4,5,4)
D (8,9,-1) (5,0,1)
D (10,11,12) (4,1,0)
D (12,-1,-1) (5,4,4)
D (9,-1,-1) (1,1,5)
D (10,11,-1) (0,5,0)
D (9,-1,-1) (1,2,0)
C 0 1
C 1 3
C 2 26
C 3 2
C 4 6
C 5 1
C 6 25
C 7 19
C 8 20
C 9 8
C 10 21
C 11 0
C 12 24
C 13 22
C 14 24
C 15 3
C 16 0
C 17 5
C 18 3
C 19 11
C 20 10
C 21 25
C 22 0
C 23 25
C 24 2
C 25 2
C 26 4
C 27 12
C 28 21
C 29 11
C 30 14
C 31 15
C 32 19
C 33 9
C 34 18
C 35 21
C 36 8
C 37 5
C 38 18
C 39 1
C 40 1
C 41 11
C 42 12
C 43 4
C 44 1
C 45 14
C 46 16
C 47 4
C 48 1
C 49 10
C 50 4
C 51 23
C 52 22
C 53 21
C 54 3
C 55 17
C 56 18
C 57 21
C 58 26
C 59 1
C 60 7
C 61 0
C 62 4
C 63 26
C 64 6
C 65 4
C 66 19
C 67 11
C 68 25
C 69 7
C 70 0
C 71 22
C 72 17
C 73 19
C 74 21
C 75 19
C 76 5
C 77 1
C 78 23
C 79 0
C 80 20
C 81 2
C 82 17
C 83 10
C 84 1
C 85 25
C 86 26
C 87 26
C 88 17
C 89 16
C 90 2
C 91 26
C 92 12
C 93 10
C 94 1
C 95 0
C 96 16
C 97 8
C 98 2
C 99 8
C 100 10
C 101 16
C 102 19
C 103 10
C 104 21
C 105 17
C 106 17
C 107 2
C 108 26
C 109 4
C 110 22
C 111 5
C 112 2
C 113 18
C 114 26
C 115 26
C 116 16
C 117 23
C 118 9
C 119 24
C 120 8
C 121 9
C 122 15
C 123 26
C 124 3
C 125 6
C 126 18
C 127 17
C 128 10
C 129 2
C 130 24
C 131 26
C 132 25
C 133 6
C 134 9
C 135 20
C 136 0
C 137 8
C 138 26
C 139 8
C 140 0
C 141 15
C 142 18
C 143 3
C 144 11
C 145 23
C 146 19
C 147 7
C 148 5
C 149 26
C 150 17
C 151 26
C 152 16
C 153 7
C 154 3
C 155 11
C 156 19
C 157 15
C 158 4
C 159 8
C 160 6
C 161 18
C 162 15
C 163 24
C 164 14
C 165 0
C 166 26
C 167 18
C 168 3
C 169 24
C 170 8
C 171 8
C 172 8
C 173 1
C 174 23
C 175 25
C 176 22
C 177 3
C 178 6
C 179 7
C 180 17
C 181 8
C 182 5
C 183 22
C 184 3
C 185 2
C 186 7
C 187 22
C 188 4
C 189 24
C 190 5
C 191 20
C 192 1
C 193 17
C 194 0
C 195 0
C 196 0
C 197 0
C 198 0
C 199 0
C 200 0
C 201 0
C 202 0
C 203 0
C 204 0
C 205 0
C 206 0
C 207 0
C 208 0
C 209 0
C 210 0
C 211 0
C 212 0
C 213 0
C 214 0
C 215 0
C 216 0
C 217 0
C 218 0
C 219 0
C 220 0
C 221 0
C 222 0
C 223 0
C 224 0
C 225 0
C 226 0
C 227 0
C 228 0
C 229 0
C 230 0
C 231 0
C 232 0
C 233 0
C 234 0
C 235 0
C 236 0
C 237 0
C 238 0
C 239 0
C 240 0
C 241 0
C 242 0
C 243 0
C 244 0
C 245 0
C 246 0
C 247 0
C 248 0
C 249 0
C 250 0
C 251 0
C 252 0
C 253 0
C 254 0
C 255 0
C 256 0
C 257 0
C 258 0
C 259 0
C 260 0
C 261 0
C 262 0
C 263 0
C 264 0
C 265 0
C 266 0
C 267 0
C 268 0
C 269 0
C 270 0
C 271 0
C 272 0
C 273 0
C 274 0
C 275 0
C 276 0
C 277 0
C 278 0
C 279 0
C 280 0
C 281 0
C 282 0
C 283 0
C 284 0
C 285 0
C 286 0
C 287 0
C 288 0
C 289 0
C 290 0
C 291 0
C 292 0
C 293 0
C 294 0
C 295 0
C 296 0
C 297 0
C 298 0
C 299 0
C 300 0
C 301 0
C 302 0
C 303 0
C 304 0
C 305 0
C 306 0
C 307 0
C 308 0
C 309 0
C 310 0
C 311 0
C 312 0
C 313 0
C 314 0
C 315 0
C 316 0
C 317 0
C 318 0
C 319 0
C 320 0
C 321 0
C 322 0
C 323 0
C 324 0
C 325 0
C 326 0
C 327 0
C 328 0
C 329 0
C 330 0
C 331 7
C 332 11
C 333 3
C 334 5
C 335 26
C 336 14
C 337 19
C 338 10
C 339 20
C 340 19
C 341 5
C 342 10
C 343 11
C 344 16
C 345 11
C 346 26
C 347 18
C 348 15
C 349 15
C 350 3
I 5 1 5 (5,2,0) (-1,-1,0,0)
I 1 3 3 (4,2,0) (0,0,1,0)
I 5 2 13 (5,4,2) (1,1,-1,0)|(0,-1,1,0)|(0,-1,0,0)|(-1,1,-1,0)
