D (8,9,-1) (0,2,0)
D (8,9,-1) (4,5,5)
D (9,-1,-1) (1,4,5)
D (12,-1,-1) (1,0,4)
D (10,11,-1) (1,2,1)
D (7,-1,-1) (2,2,4)
D (11,12,-1) (3,5,0)
D (9,10,11) (5,1,5)
D (12,-1,-1) (1,4,1)
D (11,-1,-1) (5,4,3)
D (8,9,10) (2,2,0)
D (12,-1,-1) (3,2,5)
D (12,-1,-1) (3,0,3)
D (7,8,9) (3,4,2)
D (7,-1,-1) (5,0,5)
D (7,8,9) (2,0,2)
D (8,-1,-1) (5,1,3)
D (7,-1,-1) (1,4,4)
D (10,-1,-1) (2,3,2)
D (9,10,-1) (0,0,3)
D (11,-1,-1) (3,4,3)
D (10,11,-1) (2,4,4)
D (11,12,-1) (3,1,1)
D (12,-1,-1) (2,2,2)
D (9,10,-1) (0,0,2)
D (8,9,10) (4,1,1)
D (8,9,-1) (5,4,0)
D (10,11,12) (2,5,4)
D (10,-1,-1) (4,0,1)
D (8,9,10) (2,1,4)
D (7,8,-1) (0,3,0)
D (12,-1,-1) (2,5,2)
D (12,-1,-1) (3,2,4)
D (10,11,12) (3,2,2)
D (7,8,9) (0,0,4)
D (7,8,9) (5,0,4)
D (10,11,-1) (2,5,3)
D (12,-1,-1) (1,1,1)
D (9,-1,-1) (5,2,2)
D (10,11,12) (4,2,4)
D (9,10,11) (4,3,0)
C 0 2
C 1 2
C 2 25
C 3 12
C 4 22
C 5 9
C 6 22
C 7 1
C 8 26
C 9 8
C 10 18
C 11 8
C 12 23
C 13 11
C 14 25
C 15 17
C 16 19
C 17 4
C 18 21
C 19 6
C 20 9
C 21 3
C 22 21
C 23 12
C 24 1
C 25 9
C 26 20
C 27 23
C 28 25
C 29 21
C 30 9
C 31 6
C 32 22
C 33 15
C 34 14
C 35 12
C 36 25
C 37 22
C 38 4
C 39 12
C 40 15
C 41 0
C 42 3
C 43 10
C 44 12
C 45 6
C 46 18
C 47 1
C 48 2
C 49 2
C 50 14
C 51 24
C 52 25
C 53 14
C 54 0
C 55 14
C 56 0
C 57 21
C 58 10
C 59 26
C 60 21
C 61 11
C 62 7
C 63 23
C 64 4
C 65 19
C 66 9
C 67 3
C 68 9
C 69 23
C 70 9
C 71 26
C 72 3
C 73 0
C 74 19
C 75 26
C 76 14
C 77 0
C 78 16
C 79 15
C 80 4
C 81 7
C 82 12
C 83 6
C 84 4
C 85 9
C 86 0
C 87 14
C 88 0
C 89 0
C 90 0
C 91 0
C 92 0
C 93 0
C 94 0
C 95 0
C 96 0
C 97 0
C 98 0
C 99 0
C 100 0
C 101 0
C 102 0
C 103 0
C 104 0
C 105 0
C 106 0
C 107 0
C 108 0
C 109 0
C 110 0
C 111 0
C 112 0
C 113 0
C 114 0
C 115 0
C 116 0
C 117 0
C 118 0
C 119 0
C 120 0
C 121 0
C 122 0
C 123 0
C 124 0
C 125 0
C 126 0
C 127 0
C 128 0
C 129 0
C 130 0
C 131 0
C 132 0
C 133 0
C 134 0
C 135 0
C 136 0
C 137 0
C 138 0
C 139 0
C 140 0
C 141 0
C 142 0
C 143 0
C 144 0
C 145 0
C 146 0
C 147 0
C 148 0
C 149 0
C 150 0
C 151 0
C 152 0
C 153 0
C 154 0
C 155 0
C 156 0
C 157 0
C 158 0
C 159 0
C 160 0
C 161 0
C 162 0
C 163 0
C 164 0
C 165 0
C 166 0
C 167 0
C 168 0
C 169 0
C 170 0
C 171 0
C 172 0
C 173 0
C 174 0
C 175 0
C 176 0
C 177 0
C 178 9
C 179 18
C 180 12
C 181 26
C 182 18
C 183 9
C 184 6
C 185 4
C 186 2
C 187 16
C 188 14
C 189 16
C 190 11
C 191 15
C 192 24
C 193 2
C 194 21
C 195 25
C 196 22
C 197 3
C 198 24
C 199 14
C 200 12
C 201 11
C 202 11
C 203 2
C 204 9
C 205 25
C 206 26
C 207 24
C 208 15
C 209 14
C 210 17
C 211 5
C 212 15
C 213 26
C 214 4
C 215 19
C 216 24
C 217 4
C 218 25
C 219 1
C 220 0
C 221 8
C 222 24
C 223 21
C 224 12
C 225 10
C 226 1
C 227 2
C 228 0
C 229 24
C 230 19
C 231 26
C 232 1
C 233 14
C 234 20
C 235 3
C 236 1
C 237 11
C 238 16
C 239 12
C 240 17
C 241 20
C 242 2
C 243 8
C 244 14
C 245 3
C 246 8
C 247 10
C 248 10
C 249 0
C 250 14
C 251 24
C 252 17
C 253 24
C 254 5
C 255 20
C 256 7
C 257 8
C 258 3
C 259 16
C 260 14
C 261 0
C 262 1
C 263 9
C 264 8
C 265 11
C 266 1
C 267 24
C 268 25
C 269 26
C 270 14
C 271 15
C 272 9
C 273 14
C 274 4
C 275 4
C 276 24
C 277 24
C 278 5
C 279 0
C 280 9
C 281 25
C 282 0
C 283 12
C 284 21
C 285 1
C 286 1
C 287 10
C 288 5
C 289 7
C 290 2
C 291 25
C 292 26
C 293 4
C 294 15
C 295 3
C 296 22
C 297 18
C 298 15
C 299 12
C 300 22
C 301 5
C 302 20
C 303 22
C 304 9
C 305 14
C 306 17
C 307 26
C 308 26
C 309 12
C 310 2
C 311 15
C 312 3
C 313 25
C 314 22
C 315 1
C 316 19
C 317 16
C 318 14
C 319 26
C 320 11
C 321 18
C 322 11
C 323 19
C 324 8
C 325 24
C 326 11
C 327 9
C 328 21
C 329 14
C 330 3
C 331 21
C 332 15
C 333 23
C 334 10
C 335 25
C 336 20
C 337 16
C 338 6
C 339 3
C 340 19
C 341 9
C 342 11
C 343 16
C 344 5
C 345 20
C 346 24
C 347 26
C 348 19
C 349 25
C 350 16
I 2 1 3 (2,4,5) (1,-1,-1,0)|(0,-1,0,0)|(-1,-1,-1,0)
I 5 1 18 (0,1,1) (0,-1,-1,0)|(1,0,1,0)
I 0 2 19 (3,2,0) (0,1,1,0)
