D (12,-1,-1) (1,5,2)
D (9,10,-1) (3,5,2)
D (9,10,11) (1,3,4)
D (8,9,-1) (2,5,5)
D (7,8,9) (3,4,0)
D (9,10,-1) (4,5,5)
D (10,10,-1) (0,2,0)
D (9,10,-1) (5,5,1)
D (10,11,12) (5,2,2)
D (11,12,-1) (4,3,4)
D (10,-1,-1) (2,3,1)
D (11,12,-1) (0,4,2)
D (12,-1,-1) (0,3,5)
D (8,9,-1) (2,2,5)
D (10,11,-1) (5,1,0)
D (12,-1,-1) (0,0,5)
D (8,9,-1) (0,3,3)
D (9,10,11) (3,5,3)
D (7,8,9) (5,3,4)
D (11,12,-1) (3,3,3)
D (12,-1,-1) (0,0,2)
D (9,10,11) (3,2,5)
D (7,-1,-1) (1,0,1)
D (11,-1,-1) (5,2,4)
D (8,9,-1) (0,1,3)
D (10,11,12) (4,3,5)
D (7,-1,-1) (5,5,4)
D (7,8,9) (3,3,1)
D (8,9,-1) (4,5,1)
D (7,-1,-1) (4,4,1)
D (11,12,-1) (2,4,3)
D (8,-1,-1) (0,0,1)
D (7,8,9) (3,0,0)
D (11,12,-1) (1,0,2)
D (12,-1,-1) (1,5,0)
D (10,11,-1) (3,5,0)
D (8,9,-1) (2,5,0)
D (9,10,-1) (4,0,0)
D (8,9,10) (4,4,0)
D (10,11,12) (1,3,3)
D (7,-1,-1) (2,0,2)
D (11,-1,-1) (4,5,0)
D (7,8,9) (5,3,5)
D (10,-1,-1) (5,2,1)
D (11,12,-1) (4,3,2)
D (11,12,-1) (3,4,2)
D (11,12,-1) (1,4,3)
D (9,10,-1) (0,5,5)
D (7,8,9) (0,4,1)
C 0 1
C 1 16
C 2 15
C 3 26
C 4 24
C 5 4
C 6 24
C 7 14
C 8 11
C 9 26
C 10 21
C 11 20
C 12 8
C 13 15
C 14 19
C 15 25
C 16 7
C 17 26
C 18 23
C 19 11
C 20 15
C 21 14
C 22 23
C 23 0
C 24 16
C 25 8
C 26 9
C 27 14
C 28 21
C 29 24
C 30 10
C 31 7
C 32 14
C 33 8
C 34 2
C 35 18
C 36 6
C 37 6
C 38 0
C 39 5
C 40 11
C 41 6
C 42 22
C 43 16
C 44 26
C 45 4
C 46 23
C 47 2
C 48 16
C 49 16
C 50 0
C 51 18
C 52 9
C 53 21
C 54 8
C 55 12
C 56 25
C 57 7
C 58 23
C 59 20
C 60 12
C 61 23
C 62 12
C 63 2
C 64 6
C 65 18
C 66 6
C 67 0
C 68 8
C 69 25
C 70 16
C 71 7
C 72 22
C 73 17
C 74 24
C 75 16
C 76 22
C 77 23
C 78 7
C 79 23
C 80 16
C 81 25
C 82 19
C 83 20
C 84 25
C 85 15
C 86 9
C 87 15
C 88 17
C 89 7
C 90 14
C 91 4
C 92 25
C 93 26
C 94 21
C 95 25
C 96 11
C 97 9
C 98 2
C 99 20
C 100 1
C 101 9
C 102 23
C 103 15
C 104 0
C 105 0
C 106 0
C 107 0
C 108 0
C 109 0
C 110 0
C 111 0
C 112 0
C 113 0
C 114 0
C 115 0
C 116 0
C 117 0
C 118 0
C 119 0
C 120 0
C 121 0
C 122 0
C 123 0
C 124 0
C 125 0
C 126 0
C 127 0
C 128 0
C 129 0
C 130 0
C 131 0
C 132 0
C 133 0
C 134 0
C 135 0
C 136 0
C 137 0
C 138 0
C 139 0
C 140 0
C 141 0
C 142 0
C 143 0
C 144 0
C 145 0
C 146 0
C 147 0
C 148 0
C 149 0
C 150 0
C 151 0
C 152 0
C 153 0
C 154 0
C 155 0
C 156 0
C 157 0
C 158 0
C 159 0
C 160 0
C 161 0
C 162 0
C 163 0
C 164 0
C 165 0
C 166 0
C 167 0
C 168 0
C 169 0
C 170 0
C 171 0
C 172 0
C 173 0
C 174 0
C 175 0
C 176 0
C 177 0
C 178 0
C 179 0
C 180 0
C 181 0
C 182 0
C 183 0
C 184 0
C 185 0
C 186 0
C 187 0
C 188 0
C 189 0
C 190 0
C 191 0
C 192 0
C 193 0
C 194 0
C 195 0
C 196 0
C 197 0
C 198 0
C 199 0
C 200 0
C 201 0
C 202 0
C 203 0
C 204 0
C 205 0
C 206 0
C 207 0
C 208 0
C 209 0
C 210 0
C 211 0
C 212 0
C 213 0
C 214 0
C 215 0
C 216 0
C 217 0
C 218 0
C 219 0
C 220 0
C 221 0
C 222 0
C 223 0
C 224 0
C 225 0
C 226 0
C 227 0
C 228 0
C 229 0
C 230 0
C 231 0
C 232 0
C 233 0
C 234 0
C 235 0
C 236 0
C 237 0
C 238 0
C 239 0
C 240 0
C 241 0
C 242 0
C 243 0
C 244 0
C 245 0
C 246 0
C 247 0
C 248 0
C 249 0
C 250 0
C 251 0
C 252 0
C 253 0
C 254 0
C 255 0
C 256 0
C 257 0
C 258 0
C 259 0
C 260 0
C 261 0
C 262 0
C 263 0
C 264 0
C 265 0
C 266 0
C 267 0
C 268 0
C 269 0
C 270 0
C 271 0
C 272 0
C 273 0
C 274 0
C 275 0
C 276 0
C 277 0
C 278 0
C 279 0
C 280 0
C 281 0
C 282 0
C 283 0
C 284 0
C 285 0
C 286 0
C 287 0
C 288 0
C 289 0
C 290 0
C 291 0
C 292 0
C 293 0
C 294 0
C 295 2
C 296 12
C 297 17
C 298 8
C 299 26
C 300 6
C 301 25
C 302 19
C 303 14
C 304 26
C 305 15
C 306 15
C 307 2
C 308 16
C 309 8
C 310 23
C 311 1
C 312 19
C 313 6
C 314 15
C 315 6
C 316 2
C 317 17
C 318 0
C 319 19
C 320 24
C 321 0
C 322 2
C 323 2
C 324 8
C 325 26
C 326 24
C 327 18
C 328 4
C 329 21
C 330 2
C 331 20
C 332 6
C 333 15
C 334 20
C 335 14
C 336 8
C 337 4
C 338 7
C 339 26
C 340 16
C 341 22
C 342 8
C 343 10
C 344 16
C 345 15
C 346 24
C 347 24
C 348 8
C 349 5
C 350 22
I 4 1 6 (3,0,0) (-1,1,1,0)
I 1 1 2 (0,3,0) (0,1,1,0)
I 0 3 6 (3,2,0) (1,0,1,0)|(-1,0,1,0)
