D (10,11,12) (1,4,1)
D (9,-1,-1) (5,2,0)
D (11,12,-1) (0,3,1)
D (9,10,-1) (4,2,2)
D (7,8,-1) (5,1,4)
D (10,-1,-1) (4,1,2)
D (7,8,-1) (5,0,5)
D (12,-1,-1) (1,0,4)
D (9,10,11) (5,3,4)
D (7,8,9) (3,1,4)
D (12,-1,-1) (5,0,1)
D (7,8,-1) (5,5,0)
D (7,8,-1) (1,1,0)
D (9,10,11) (3,2,2)
D (12,-1,-1) (3,1,3)
D (8,9,-1) (4,1,4)
D (9,-1,-1) (4,4,3)
D (10,11,-1) (3,5,5)
D (12,-1,-1) (4,3,5)
D (7,8,-1) (5,2,1)
D (7,8,9) (2,5,1)
D (7,8,-1) (5,1,5)
D (11,12,-1) (2,4,0)
D (8,9,-1) (3,1,5)
D (12,-1,-1) (2,3,4)
D (12,-1,-1) (2,4,4)
D (9,10,-1) (5,5,4)
D (8,-1,-1) (5,4,4)
D (10,-1,-1) (0,2,5)
D (10,-1,-1) (4,5,3)
D (12,-1,-1) (2,1,0)
D (10,11,12) (2,0,5)
D (9,10,11) (4,1,1)
D (7,8,-1) (0,3,3)
D (11,12,-1) (2,5,0)
D (9,10,11) (2,2,4)
D (7,8,9) (2,0,0)
D (7,8,-1) (1,2,1)
D (10,11,12) (0,4,4)
D (10,-1,-1) (1,2,4)
D (9,-1,-1) (4,0,3)
D (7,-1,-1) (2,4,5)
C 0 26
C 1 3
C 2 20
C 3 10
C 4 1
C 5 16
C 6 7
C 7 21
C 8 26
C 9 8
C 10 25
C 11 6
C 12 19
C 13 8
C 14 4
C 15 16
C 16 3
C 17 16
C 18 21
C 19 0
C 20 23
C 21 0
C 22 17
C 23 0
C 24 0
C 25 0
C 26 0
C 27 0
C 28 0
C 29 0
C 30 0
C 31 10
C 32 1
C 33 17
C 34 17
C 35 12
C 36 0
C 37 0
C 38 0
C 39 0
C 40 0
C 41 0
C 42 0
C 43 0
C 44 0
C 45 0
C 46 0
C 47 0
C 48 0
C 49 0
C 50 0
C 51 0
C 52 0
C 53 0
C 54 0
C 55 20
C 56 21
C 57 0
C 58 0
C 59 12
C 60 16
C 61 26
C 62 20
C 63 7
C 64 18
C 65 21
C 66 25
C 67 19
C 68 5
C 69 1
C 70 17
C 71 0
C 72 26
C 73 25
C 74 25
C 75 12
C 76 17
C 77 14
C 78 17
C 79 16
C 80 0
C 81 22
C 82 18
C 83 6
C 84 20
C 85 4
C 86 9
C 87 25
C 88 12
C 89 5
C 90 3
C 91 10
C 92 16
C 93 23
C 94 23
C 95 22
C 96 2
C 97 3
C 98 19
C 99 9
C 100 19
C 101 1
C 102 7
C 103 5
C 104 17
C 105 23
C 106 7
C 107 22
C 108 17
C 109 22
C 110 10
C 111 17
C 112 26
C 113 12
C 114 14
C 115 20
C 116 5
C 117 24
C 118 15
C 119 22
C 120 19
C 121 21
C 122 0
C 123 10
C 124 23
C 125 10
C 126 6
C 127 5
C 128 1
C 129 7
C 130 5
C 131 17
C 132 7
C 133 17
C 134 5
C 135 19
C 136 18
C 137 0
C 138 0
C 139 0
C 140 0
C 141 0
C 142 0
C 143 0
C 144 0
C 145 0
C 146 0
C 147 0
C 148 8
C 149 23
C 150 10
C 151 15
C 152 12
C 153 5
C 154 17
C 155 0
C 156 19
C 157 15
C 158 0
C 159 0
C 160 0
C 161 0
C 162 0
C 163 0
C 164 0
C 165 24
C 166 16
C 167 19
C 168 14
C 169 6
C 170 5
C 171 26
C 172 22
C 173 15
C 174 17
C 175 26
C 176 18
C 177 20
C 178 20
C 179 0
C 180 26
C 181 5
C 182 17
C 183 6
C 184 1
C 185 0
C 186 0
C 187 0
C 188 0
C 189 0
C 190 0
C 191 0
C 192 0
C 193 0
C 194 0
C 195 0
C 196 0
C 197 0
C 198 0
C 199 0
C 200 0
C 201 0
C 202 0
C 203 0
C 204 0
C 205 0
C 206 0
C 207 0
C 208 0
C 209 0
C 210 0
C 211 0
C 212 0
C 213 0
C 214 0
C 215 0
C 216 0
C 217 0
C 218 0
C 219 0
C 220 0
C 221 0
C 222 0
C 223 0
C 224 0
C 225 0
C 226 0
C 227 0
C 228 0
C 229 0
C 230 0
C 231 0
C 232 0
C 233 0
C 234 0
C 235 0
C 236 0
C 237 0
C 238 0
C 239 0
C 240 0
C 241 0
C 242 0
C 243 0
C 244 0
C 245 0
C 246 0
C 247 0
C 248 0
C 249 0
C 250 0
C 251 0
C 252 0
C 253 0
C 254 0
C 255 0
C 256 0
C 257 0
C 258 0
C 259 0
C 260 0
C 261 0
C 262 0
C 263 0
C 264 0
C 265 0
C 266 0
C 267 0
C 268 0
C 269 0
C 270 0
C 271 0
C 272 0
C 273 0
C 274 0
C 275 0
C 276 0
C 277 0
C 278 0
C 279 0
C 280 0
C 281 0
C 282 0
C 283 0
C 284 0
C 285 0
C 286 0
C 287 0
C 288 0
C 289 0
C 290 0
C 291 0
C 292 0
C 293 0
C 294 0
C 295 0
C 296 0
C 297 0
C 298 0
C 299 0
C 300 0
C 301 0
C 302 0
C 303 0
C 304 0
C 305 0
C 306 0
C 307 0
C 308 0
C 309 0
C 310 0
C 311 9
C 312 8
C 313 20
C 314 11
C 315 7
C 316 14
C 317 0
C 318 8
C 319 2
C 320 7
C 321 24
C 322 20
C 323 14
C 324 20
C 325 7
C 326 26
C 327 22
C 328 23
C 329 3
C 330 8
C 331 25
C 332 11
C 333 11
C 334 19
C 335 10
C 336 7
C 337 21
C 338 5
C 339 19
C 340 14
C 341 5
C 342 8
C 343 14
C 344 16
C 345 14
C 346 22
C 347 1
C 348 15
C 349 16
C 350 5
I 5 2 18 (0,0,2) (1,0,0,0)
I 3 2 11 (4,2,0) (0,0,-1,0)
I 0 2 11 (0,5,1) (1,0,0,0)
