D (9,10,11) (3,2,2)
D (8,-1,-1) (0,5,5)
D (12,-1,-1) (4,5,1)
D (7,8,9) (0,3,2)
D (7,8,9) (1,2,5)
D (8,-1,-1) (3,5,2)
D (10,11,-1) (4,5,3)
D (8,9,10) (1,0,1)
D (12,-1,-1) (0,2,1)
D (10,11,12) (2,1,5)
D (11,12,-1) (0,5,3)
D (10,11,-1) (5,2,5)
D (12,-1,-1) (5,3,1)
D (11,12,-1) (0,4,0)
D (11,12,-1) (0,2,0)
D (8,-1,-1) (3,4,4)
D (11,12,-1) (3,2,3)
D (12,-1,-1) (1,4,2)
D (11,-1,-1) (3,2,1)
D (8,9,10) (4,2,4)
D (7,8,9) (3,4,5)
D (7,8,-1) (3,3,2)
D (9,-1,-1) (4,3,5)
D (12,-1,-1) (2,3,3)
D (7,8,-1) (3,4,0)
D (10,11,-1) (3,3,1)
D (10,11,12) (4,0,4)
D (11,-1,-1) (4,5,5)
D (9,10,11) (3,2,4)
D (10,11,12) (3,0,2)
D (8,-1,-1) (2,4,5)
D (8,-1,-1) (2,0,1)
D (8,9,-1) (2,1,4)
D (9,10,-1) (5,3,5)
D (11,12,-1) (4,1,1)
D (10,11,12) (3,3,5)
D (9,-1,-1) (0,0,4)
D (11,-1,-1) (2,2,4)
D (10,11,12) (5,5,2)
D (10,11,-1) (3,5,3)
D (12,-1,-1) (0,1,0)
D (10,-1,-1) (5,1,4)
D (9,-1,-1) (1,0,4)
D (7,8,-1) (4,1,5)
D (9,10,-1) (1,1,0)
D (8,9,-1) (3,4,2)
D (11,-1,-1) (4,0,5)
D (10,11,12) (0,1,1)
D (10,11,-1) (3,4,3)
D (10,11,12) (1,4,3)
D (9,10,-1) (1,5,3)
D (11,12,-1) (4,3,1)
D (10,11,12) (3,1,2)
D (10,11,-1) (1,4,1)
D (12,-1,-1) (5,4,3)
D (7,8,-1) (4,3,4)
D (8,9,-1) (3,5,4)
D (7,8,-1) (1,0,2)
D (8,-1,-1) (4,4,4)
D (9,10,-1) (3,3,4)
D (12,-1,-1) (3,0,4)
D (7,-1,-1) (1,3,5)
D (12,-1,-1) (1,1,3)
D (12,-1,-1) (0,0,1)
D (11,-1,-1) (1,2,3)
D (10,-1,-1) (5,2,4)
D (10,-1,-1) (5,2,0)
C 0 9
C 1 26
C 2 11
C 3 9
C 4 5
C 5 17
C 6 1
C 7 0
C 8 16
C 9 20
C 10 16
C 11 26
C 12 22
C 13 4
C 14 10
C 15 18
C 16 1
C 17 19
C 18 26
C 19 0
C 20 10
C 21 19
C 22 17
C 23 11
C 24 4
C 25 26
C 26 24
C 27 10
C 28 22
C 29 8
C 30 10
C 31 17
C 32 20
C 33 3
C 34 17
C 35 6
C 36 9
C 37 25
C 38 15
C 39 8
C 40 17
C 41 24
C 42 7
C 43 2
C 44 7
C 45 14
C 46 25
C 47 22
C 48 14
C 49 1
C 50 22
C 51 10
C 52 10
C 53 9
C 54 0
C 55 6
C 56 16
C 57 21
C 58 9
C 59 1
C 60 7
C 61 17
C 62 15
C 63 15
C 64 14
C 65 0
C 66 26
C 67 7
C 68 26
C 69 6
C 70 11
C 71 6
C 72 21
C 73 12
C 74 0
C 75 0
C 76 0
C 77 0
C 78 0
C 79 0
C 80 0
C 81 0
C 82 0
C 83 0
C 84 0
C 85 0
C 86 0
C 87 0
C 88 0
C 89 0
C 90 0
C 91 0
C 92 0
C 93 0
C 94 0
C 95 0
C 96 0
C 97 0
C 98 0
C 99 0
C 100 0
C 101 0
C 102 0
C 103 0
C 104 0
C 105 0
C 106 0
C 107 0
C 108 0
C 109 0
C 110 0
C 111 0
C 112 0
C 113 0
C 114 0
C 115 0
C 116 0
C 117 0
C 118 0
C 119 0
C 120 0
C 121 0
C 122 0
C 123 0
C 124 0
C 125 0
C 126 0
C 127 0
C 128 0
C 129 0
C 130 0
C 131 0
C 132 0
C 133 0
C 134 0
C 135 0
C 136 0
C 137 0
C 138 0
C 139 0
C 140 0
C 141 0
C 142 0
C 143 0
C 144 0
C 145 0
C 146 0
C 147 0
C 148 0
C 149 0
C 150 0
C 151 0
C 152 0
C 153 0
C 154 0
C 155 0
C 156 0
C 157 0
C 158 0
C 159 0
C 160 0
C 161 0
C 162 0
C 163 0
C 164 0
C 165 0
C 166 0
C 167 0
C 168 0
C 169 0
C 170 0
C 171 0
C 172 0
C 173 0
C 174 0
C 175 0
C 176 0
C 177 0
C 178 0
C 179 0
C 180 0
C 181 0
C 182 0
C 183 0
C 184 0
C 185 0
C 186 0
C 187 0
C 188 0
C 189 0
C 190 0
C 191 0
C 192 0
C 193 0
C 194 0
C 195 0
C 196 0
C 197 0
C 198 0
C 199 0
C 200 0
C 201 0
C 202 0
C 203 0
C 204 0
C 205 0
C 206 0
C 207 0
C 208 0
C 209 0
C 210 0
C 211 0
C 212 0
C 213 0
C 214 0
C 215 0
C 216 0
C 217 0
C 218 0
C 219 0
C 220 0
C 221 0
C 222 0
C 223 0
C 224 0
C 225 0
C 226 0
C 227 0
C 228 0
C 229 0
C 230 0
C 231 0
C 232 0
C 233 0
C 234 0
C 235 0
C 236 0
C 237 0
C 238 0
C 239 0
C 240 0
C 241 0
C 242 0
C 243 16
C 244 21
C 245 10
C 246 2
C 247 14
C 248 10
C 249 22
C 250 15
C 251 10
C 252 0
C 253 0
C 254 21
C 255 15
C 256 4
C 257 5
C 258 14
C 259 11
C 260 17
C 261 19
C 262 16
C 263 6
C 264 16
C 265 24
C 266 16
C 267 10
C 268 14
C 269 11
C 270 26
C 271 19
C 272 4
C 273 8
C 274 8
C 275 3
C 276 24
C 277 21
C 278 10
C 279 5
C 280 19
C 281 26
C 282 18
C 283 11
C 284 9
C 285 15
C 286 1
C 287 7
C 288 4
C 289 22
C 290 25
C 291 6
C 292 17
C 293 11
C 294 22
C 295 22
C 296 16
C 297 24
C 298 7
C 299 7
C 300 10
C 301 20
C 302 26
C 303 9
C 304 16
C 305 21
C 306 21
C 307 12
C 308 23
C 309 16
C 310 7
C 311 21
C 312 5
C 313 23
C 314 17
C 315 16
C 316 10
C 317 14
C 318 26
C 319 19
C 320 19
C 321 25
C 322 0
C 323 16
C 324 9
C 325 16
C 326 21
C 327 17
C 328 15
C 329 2
C 330 17
C 331 8
C 332 15
C 333 15
C 334 1
C 335 3
C 336 12
C 337 18
C 338 8
C 339 10
C 340 3
C 341 24
C 342 14
C 343 9
C 344 26
C 345 22
C 346 23
C 347 7
C 348 14
C 349 5
C 350 3
I 2 2 9 (3,1,3) (1,1,0,0)
I 2 1 19 (0,2,1) (0,1,1,0)
I 0 2 20 (0,1,3) (1,1,1,0)|(-1,-1,0,0)|(1,1,1,0)|(0,1,-1,0)|(-1,1,1,0)
