D (8,9,10) (0,0,4)
D (8,-1,-1) (0,1,5)
D (11,-1,-1) (2,1,2)
D (7,-1,-1) (1,2,4)
D (7,-1,-1) (3,1,3)
D (7,8,9) (1,1,5)
D (7,8,9) (4,0,5)
D (9,-1,-1) (4,3,1)
D (8,-1,-1) (5,0,5)
D (8,9,-1) (1,2,1)
D (9,10,-1) (0,1,0)
D (11,-1,-1) (2,0,4)
D (7,8,-1) (1,2,0)
D (10,11,12) (4,1,4)
D (8,-1,-1) (1,1,4)
D (10,-1,-1) (4,3,3)
D (8,9,10) (5,2,0)
D (9,10,11) (0,3,1)
D (10,11,12) (3,3,2)
D (11,12,-1) (5,2,1)
D (12,-1,-1) (3,3,0)
D (7,8,9) (0,0,5)
D (11,-1,-1) (5,3,4)
D (12,-1,-1) (4,3,4)
D (12,-1,-1) (5,2,5)
D (9,-1,-1) (3,2,4)
D (12,-1,-1) (4,5,4)
D (9,10,-1) (4,4,5)
D (10,-1,-1) (1,0,0)
D (11,11,-1) (4,0,2)
D (12,-1,-1) (0,4,3)
D (8,9,-1) (0,3,3)
D (8,9,-1) (4,0,0)
D (7,-1,-1) (1,3,1)
D (10,11,12) (1,5,3)
D (12,-1,-1) (5,5,0)
D (9,-1,-1) (1,4,2)
D (12,-1,-1) (3,4,5)
D (7,8,9) (0,2,2)
D (7,8,-1) (0,5,0)
D (10,11,12) (0,2,5)
D (11,12,-1) (1,5,1)
D (11,12,-1) (1,5,5)
D (12,-1,-1) (0,1,2)
D (7,8,9) (0,2,1)
D (11,-1,-1) (2,5,4)
D (9,10,11) (1,4,5)
D (9,10,11) (2,2,3)
D (10,11,-1) (2,1,4)
D (11,12,-1) (2,3,5)
D (12,-1,-1) (0,0,0)
D (11,12,-1) (2,3,3)
D (7,-1,-1) (5,2,2)
D (10,11,-1) (0,4,0)
C 0 12
C 1 4
C 2 15
C 3 12
C 4 11
C 5 26
C 6 1
C 7 2
C 8 9
C 9 22
C 10 3
C 11 14
C 12 24
C 13 6
C 14 11
C 15 24
C 16 24
C 17 24
C 18 25
C 19 25
C 20 25
C 21 10
C 22 2
C 23 15
C 24 9
C 25 11
C 26 10
C 27 14
C 28 20
C 29 11
C 30 5
C 31 6
C 32 26
C 33 6
C 34 22
C 35 10
C 36 0
C 37 12
C 38 5
C 39 7
C 40 1
C 41 0
C 42 26
C 43 24
C 44 5
C 45 25
C 46 24
C 47 26
C 48 3
C 49 12
C 50 10
C 51 24
C 52 10
C 53 4
C 54 19
C 55 23
C 56 20
C 57 20
C 58 25
C 59 16
C 60 23
C 61 2
C 62 16
C 63 24
C 64 19
C 65 21
C 66 2
C 67 26
C 68 2
C 69 15
C 70 17
C 71 21
C 72 2
C 73 14
C 74 23
C 75 4
C 76 11
C 77 26
C 78 8
C 79 19
C 80 8
C 81 2
C 82 15
C 83 6
C 84 17
C 85 6
C 86 14
C 87 2
C 88 7
C 89 15
C 90 22
C 91 6
C 92 6
C 93 26
C 94 17
C 95 3
C 96 14
C 97 26
C 98 26
C 99 22
C 100 3
C 101 11
C 102 20
C 103 9
C 104 22
C 105 15
C 106 26
C 107 20
C 108 18
C 109 22
C 110 24
C 111 9
C 112 14
C 113 23
C 114 16
C 115 17
C 116 8
C 117 18
C 118 20
C 119 25
C 120 19
C 121 18
C 122 22
C 123 21
C 124 7
C 125 25
C 126 19
C 127 10
C 128 22
C 129 4
C 130 23
C 131 12
C 132 22
C 133 19
C 134 17
C 135 8
C 136 8
C 137 18
C 138 15
C 139 4
C 140 14
C 141 3
C 142 25
C 143 15
C 144 26
C 145 2
C 146 15
C 147 0
C 148 6
C 149 0
C 150 22
C 151 25
C 152 4
C 153 16
C 154 8
C 155 2
C 156 16
C 157 19
C 158 4
C 159 0
C 160 15
C 161 16
C 162 10
C 163 3
C 164 10
C 165 0
C 166 18
C 167 7
C 168 18
C 169 11
C 170 10
C 171 0
C 172 7
C 173 15
C 174 0
C 175 23
C 176 18
C 177 23
C 178 15
C 179 3
C 180 11
C 181 12
C 182 12
C 183 17
C 184 26
C 185 23
C 186 11
C 187 4
C 188 19
C 189 2
C 190 25
C 191 4
C 192 2
C 193 9
C 194 23
C 195 15
C 196 8
C 197 12
C 198 15
C 199 1
C 200 25
C 201 23
C 202 5
C 203 0
C 204 10
C 205 10
C 206 5
C 207 1
C 208 20
C 209 14
C 210 12
C 211 4
C 212 1
C 213 22
C 214 11
C 215 1
C 216 10
C 217 16
C 218 7
C 219 14
C 220 9
C 221 1
C 222 20
C 223 19
C 224 15
C 225 21
C 226 6
C 227 0
C 228 19
C 229 22
C 230 7
C 231 17
C 232 11
C 233 11
C 234 21
C 235 18
C 236 21
C 237 7
C 238 22
C 239 4
C 240 16
C 241 2
C 242 7
C 243 5
C 244 7
C 245 23
C 246 3
C 247 14
C 248 20
C 249 11
C 250 10
C 251 3
C 252 21
C 253 26
C 254 16
C 255 0
C 256 0
C 257 0
C 258 0
C 259 0
C 260 0
C 261 0
C 262 0
C 263 0
C 264 0
C 265 0
C 266 0
C 267 0
C 268 0
C 269 0
C 270 0
C 271 0
C 272 0
C 273 0
C 274 0
C 275 0
C 276 0
C 277 0
C 278 0
C 279 0
C 280 0
C 281 0
C 282 0
C 283 0
C 284 0
C 285 0
C 286 0
C 287 0
C 288 0
C 289 0
C 290 0
C 291 0
C 292 0
C 293 0
C 294 0
C 295 0
C 296 0
C 297 0
C 298 0
C 299 24
C 300 19
C 301 4
C 302 23
C 303 3
C 304 16
C 305 16
C 306 18
C 307 7
C 308 24
C 309 11
C 310 12
C 311 3
C 312 21
C 313 24
C 314 11
C 315 1
C 316 15
C 317 19
C 318 11
C 319 9
C 320 11
C 321 14
C 322 21
C 323 9
C 324 17
C 325 12
C 326 11
C 327 9
C 328 22
C 329 4
C 330 4
C 331 8
C 332 5
C 333 10
C 334 19
C 335 26
C 336 0
C 337 11
C 338 5
C 339 25
C 340 11
C 341 7
C 342 17
C 343 19
C 344 11
C 345 22
C 346 0
C 347 25
C 348 2
C 349 2
C 350 0
I 4 3 10 (0,1,1) (0,1,1,0)|(1,-1,1,0)
I 1 1 14 (0,3,1) (0,-1,1,0)
I 0 2 18 (4,5,2) (-1,-1,-1,0)|(1,1,0,0)|(-1,0,1,0)
