D (11,-1,-1) (3,3,4)
D (11,-1,-1) (3,5,4)
D (9,10,-1) (3,2,2)
D (9,-1,-1) (3,1,4)
D (12,-1,-1) (3,5,5)
D (7,-1,-1) (2,0,3)
D (12,-1,-1) (2,5,1)
D (10,11,-1) (4,3,0)
D (10,-1,-1) (2,2,5)
D (7,8,9) (4,5,1)
D (10,-1,-1) (0,0,2)
D (11,-1,-1) (2,1,3)
D (11,12,-1) (1,3,2)
D (7,8,-1) (4,3,5)
D (7,8,9) (1,5,4)
D (9,10,11) (5,0,4)
D (7,8,9) (0,0,0)
D (11,12,-1) (5,4,3)
D (8,9,10) (1,2,2)
D (9,-1,-1) (3,1,5)
D (7,8,-1) (5,1,2)
D (11,12,-1) (0,4,3)
D (7,8,-1) (4,5,0)
D (10,11,-1) (5,3,0)
D (7,-1,-1) (0,2,0)
D (8,9,10) (3,4,3)
D (9,10,-1) (0,1,1)
D (9,-1,-1) (4,0,3)
D (8,9,-1) (2,0,2)
D (9,10,-1) (0,4,2)
D (12,-1,-1) (3,0,4)
D (9,10,11) (5,0,2)
D (9,-1,-1) (1,4,3)
D (9,10,-1) (3,5,0)
D (12,-1,-1) (4,4,3)
D (9,-1,-1) (0,5,2)
D (7,8,9) (1,2,5)
D (10,11,12) (4,3,2)
D (8,-1,-1) (2,5,5)
D (7,-1,-1) (4,2,1)
D (8,-1,-1) (1,0,5)
D (11,12,-1) (3,5,2)
D (8,-1,-1) (5,2,1)
D (10,-1,-1) (2,2,1)
D (11,12,-1) (5,1,3)
D (9,-1,-1) (0,3,3)
D (10,11,-1) (2,4,0)
D (12,-1,-1) (2,4,5)
D (11,-1,-1) (3,2,5)
D (11,12,-1) (0,5,5)
D (8,9,-1) (5,1,5)
D (12,-1,-1) (0,2,1)
D (12,-1,-1) (2,1,0)
D (10,-1,-1) (0,3,4)
D (9,-1,-1) (4,5,5)
D (12,-1,-1) (5,0,0)
D (9,-1,-1) (4,2,2)
D (8,9,10) (2,3,3)
D (12,-1,-1) (2,2,2)
D (7,8,-1) (3,0,5)
D (11,12,-1) (0,3,0)
D (10,11,12) (0,1,2)
D (7,-1,-1) (3,3,1)
D (8,9,-1) (4,1,2)
D (9,10,11) (3,5,1)
D (11,12,-1) (0,1,5)
D (9,10,-1) (4,0,1)
C 0 20
C 1 7
C 2 22
C 3 22
C 4 3
C 5 16
C 6 0
C 7 19
C 8 1
C 9 0
C 10 12
C 11 4
C 12 22
C 13 3
C 14 1
C 15 11
C 16 18
C 17 6
C 18 17
C 19 23
C 20 11
C 21 22
C 22 9
C 23 14
C 24 26
C 25 0
C 26 2
C 27 7
C 28 20
C 29 7
C 30 22
C 31 24
C 32 14
C 33 20
C 34 20
C 35 3
C 36 12
C 37 8
C 38 20
C 39 7
C 40 11
C 41 12
C 42 26
C 43 21
C 44 19
C 45 23
C 46 19
C 47 1
C 48 3
C 49 17
C 50 22
C 51 14
C 52 26
C 53 25
C 54 8
C 55 1
C 56 24
C 57 19
C 58 20
C 59 14
C 60 24
C 61 23
C 62 26
C 63 16
C 64 15
C 65 16
C 66 19
C 67 14
C 68 24
C 69 15
C 70 6
C 71 20
C 72 14
C 73 4
C 74 23
C 75 24
C 76 19
C 77 5
C 78 5
C 79 12
C 80 24
C 81 20
C 82 20
C 83 16
C 84 14
C 85 23
C 86 20
C 87 18
C 88 3
C 89 18
C 90 3
C 91 15
C 92 9
C 93 3
C 94 9
C 95 9
C 96 6
C 97 26
C 98 1
C 99 16
C 100 1
C 101 9
C 102 18
C 103 22
C 104 8
C 105 0
C 106 21
C 107 11
C 108 9
C 109 2
C 110 16
C 111 18
C 112 23
C 113 24
C 114 8
C 115 5
C 116 0
C 117 11
C 118 5
C 119 8
C 120 22
C 121 14
C 122 11
C 123 9
C 124 10
C 125 19
C 126 14
C 127 24
C 128 9
C 129 9
C 130 19
C 131 12
C 132 16
C 133 4
C 134 0
C 135 15
C 136 26
C 137 20
C 138 3
C 139 0
C 140 1
C 141 10
C 142 15
C 143 12
C 144 12
C 145 4
C 146 7
C 147 24
C 148 12
C 149 8
C 150 19
C 151 10
C 152 10
C 153 25
C 154 18
C 155 1
C 156 2
C 157 10
C 158 4
C 159 6
C 160 5
C 161 18
C 162 15
C 163 9
C 164 25
C 165 8
C 166 26
C 167 17
C 168 17
C 169 0
C 170 20
C 171 18
C 172 18
C 173 21
C 174 0
C 175 11
C 176 8
C 177 16
C 178 12
C 179 7
C 180 25
C 181 16
C 182 3
C 183 5
C 184 6
C 185 6
C 186 19
C 187 9
C 188 21
C 189 14
C 190 7
C 191 0
C 192 6
C 193 10
C 194 6
C 195 9
C 196 15
C 197 11
C 198 3
C 199 5
C 200 19
C 201 20
C 202 23
C 203 9
C 204 17
C 205 9
C 206 11
C 207 22
C 208 10
C 209 25
C 210 6
C 211 7
C 212 6
C 213 12
C 214 14
C 215 15
C 216 26
C 217 14
C 218 12
C 219 15
C 220 24
C 221 25
C 222 2
C 223 14
C 224 22
C 225 26
C 226 2
C 227 23
C 228 1
C 229 4
C 230 24
C 231 26
C 232 3
C 233 4
C 234 9
C 235 4
C 236 21
C 237 21
C 238 26
C 239 12
C 240 0
C 241 12
C 242 7
C 243 24
C 244 0
C 245 4
C 246 20
C 247 12
C 248 10
C 249 7
C 250 26
C 251 10
C 252 5
C 253 9
C 254 1
C 255 14
C 256 1
C 257 0
C 258 12
C 259 0
C 260 9
C 261 26
C 262 20
C 263 2
C 264 24
C 265 21
C 266 5
C 267 11
C 268 11
C 269 26
C 270 15
C 271 3
C 272 10
C 273 9
C 274 8
C 275 5
C 276 7
C 277 7
C 278 1
C 279 14
C 280 2
C 281 14
C 282 3
C 283 16
C 284 4
C 285 8
C 286 17
C 287 18
C 288 21
C 289 23
C 290 9
C 291 9
C 292 16
C 293 26
C 294 18
C 295 26
C 296 15
C 297 5
C 298 26
C 299 5
C 300 0
C 301 0
C 302 0
C 303 0
C 304 0
C 305 0
C 306 0
C 307 0
C 308 0
C 309 0
C 310 0
C 311 0
C 312 0
C 313 0
C 314 0
C 315 0
C 316 0
C 317 0
C 318 0
C 319 0
C 320 0
C 321 0
C 322 0
C 323 26
C 324 22
C 325 4
C 326 3
C 327 2
C 328 6
C 329 22
C 330 20
C 331 18
C 332 17
C 333 16
C 334 19
C 335 4
C 336 2
C 337 12
C 338 14
C 339 7
C 340 4
C 341 12
C 342 16
C 343 6
C 344 10
C 345 1
C 346 19
C 347 10
C 348 24
C 349 14
C 350 7
I 3 2 6 (3,3,1) (-1,0,1,0)|(0,0,1,0)
I 0 2 10 (1,3,3) (0,-1,1,0)|(-1,-1,0,0)|(-1,0,1,0)|(1,0,0,0)
I 4 3 5 (1,4,2) (0,-1,1,0)
