D (10,11,12) (1,0,1)
D (10,11,12) (0,2,3)
D (9,10,11) (2,2,4)
D (9,-1,-1) (1,2,4)
D (7,-1,-1) (4,4,0)
D (9,-1,-1) (5,0,0)
D (7,8,9) (2,4,1)
D (7,-1,-1) (0,4,5)
D (12,-1,-1) (5,1,1)
D (7,8,9) (4,2,0)
D (8,9,10) (5,4,3)
D (10,11,12) (2,3,0)
D (10,-1,-1) (0,3,5)
D (7,8,9) (4,4,4)
D (8,-1,-1) (3,4,5)
D (7,8,9) (3,4,4)
D (7,8,-1) (1,3,4)
D (12,-1,-1) (4,5,3)
D (12,-1,-1) (2,0,2)
D (7,8,-1) (2,0,0)
D (9,-1,-1) (1,4,1)
D (10,11,-1) (2,4,2)
D (10,-1,-1) (2,3,3)
D (12,-1,-1) (0,3,1)
D (8,9,-1) (3,0,3)
D (9,10,11) (3,4,1)
D (8,-1,-1) (3,2,4)
D (12,-1,-1) (5,3,4)
D (10,11,-1) (0,0,0)
D (8,-1,-1) (3,5,5)
D (12,-1,-1) (5,0,5)
D (11,12,-1) (4,3,2)
D (12,-1,-1) (1,3,1)
D (9,10,11) (3,5,3)
D (8,9,10) (5,2,3)
D (10,11,-1) (1,1,5)
D (11,-1,-1) (0,0,5)
D (8,-1,-1) (2,2,3)
D (7,-1,-1) (1,1,4)
D (8,9,10) (1,1,3)
D (11,12,-1) (0,3,2)
D (9,10,-1) (2,4,0)
D (9,-1,-1) (2,5,4)
D (7,8,-1) (3,2,0)
D (8,9,10) (4,3,4)
D (9,-1,-1) (3,2,5)
D (9,10,-1) (0,3,0)
D (7,8,9) (3,4,2)
D (7,8,-1) (4,0,0)
D (7,-1,-1) (1,3,0)
D (7,8,-1) (3,1,0)
D (12,-1,-1) (4,2,3)
D (11,12,-1) (2,5,1)
D (11,12,-1) (0,3,4)
D (8,9,-1) (0,2,1)
D (12,-1,-1) (5,0,1)
D (9,10,11) (0,1,1)
D (12,-1,-1) (3,4,0)
D (7,-1,-1) (1,1,2)
D (10,11,12) (4,5,4)
D (7,-1,-1) (5,2,5)
D (8,9,-1) (1,1,0)
D (9,-1,-1) (1,4,5)
D (12,-1,-1) (5,5,4)
D (10,11,12) (2,4,3)
D (8,-1,-1) (4,5,5)
D (11,-1,-1) (1,5,4)
D (8,-1,-1) (0,4,1)
D (12,-1,-1) (0,2,5)
D (10,-1,-1) (0,2,0)
D (8,9,-1) (3,5,0)
D (7,8,-1) (5,3,5)
C 0 22
C 1 21
C 2 12
C 3 12
C 4 20
C 5 16
C 6 2
C 7 26
C 8 3
C 9 21
C 10 17
C 11 3
C 12 26
C 13 15
C 14 6
C 15 21
C 16 21
C 17 15
C 18 0
C 19 3
C 20 21
C 21 19
C 22 25
C 23 19
C 24 21
C 25 17
C 26 21
C 27 22
C 28 16
C 29 0
C 30 0
C 31 0
C 32 0
C 33 0
C 34 0
C 35 0
C 36 0
C 37 0
C 38 0
C 39 0
C 40 0
C 41 0
C 42 0
C 43 0
C 44 0
C 45 0
C 46 0
C 47 0
C 48 0
C 49 0
C 50 0
C 51 0
C 52 0
C 53 0
C 54 0
C 55 0
C 56 0
C 57 0
C 58 0
C 59 0
C 60 0
C 61 0
C 62 0
C 63 0
C 64 0
C 65 0
C 66 0
C 67 0
C 68 0
C 69 0
C 70 0
C 71 0
C 72 0
C 73 0
C 74 0
C 75 0
C 76 0
C 77 0
C 78 0
C 79 0
C 80 0
C 81 0
C 82 0
C 83 0
C 84 0
C 85 0
C 86 0
C 87 0
C 88 0
C 89 0
C 90 0
C 91 0
C 92 0
C 93 0
C 94 0
C 95 0
C 96 0
C 97 0
C 98 0
C 99 0
C 100 0
C 101 0
C 102 0
C 103 0
C 104 0
C 105 0
C 106 0
C 107 0
C 108 0
C 109 0
C 110 0
C 111 0
C 112 0
C 113 0
C 114 0
C 115 0
C 116 0
C 117 0
C 118 0
C 119 0
C 120 0
C 121 0
C 122 0
C 123 0
C 124 0
C 125 0
C 126 0
C 127 0
C 128 0
C 129 0
C 130 0
C 131 0
C 132 0
C 133 0
C 134 0
C 135 0
C 136 0
C 137 0
C 138 0
C 139 0
C 140 0
C 141 0
C 142 0
C 143 0
C 144 0
C 145 0
C 146 0
C 147 0
C 148 0
C 149 0
C 150 0
C 151 0
C 152 0
C 153 0
C 154 0
C 155 0
C 156 0
C 157 0
C 158 0
C 159 0
C 160 0
C 161 0
C 162 0
C 163 0
C 164 0
C 165 0
C 166 0
C 167 0
C 168 0
C 169 0
C 170 0
C 171 0
C 172 0
C 173 0
C 174 0
C 175 0
C 176 0
C 177 0
C 178 0
C 179 0
C 180 0
C 181 0
C 182 0
C 183 0
C 184 0
C 185 0
C 186 0
C 187 0
C 188 0
C 189 0
C 190 0
C 191 0
C 192 0
C 193 0
C 194 0
C 195 0
C 196 0
C 197 0
C 198 0
C 199 0
C 200 11
C 201 17
C 202 11
C 203 15
C 204 5
C 205 14
C 206 16
C 207 14
C 208 18
C 209 21
C 210 8
C 211 25
C 212 14
C 213 26
C 214 15
C 215 12
C 216 23
C 217 19
C 218 3
C 219 4
C 220 16
C 221 8
C 222 7
C 223 0
C 224 9
C 225 23
C 226 17
C 227 20
C 228 4
C 229 11
C 230 11
C 231 2
C 232 12
C 233 6
C 234 14
C 235 16
C 236 15
C 237 17
C 238 26
C 239 11
C 240 4
C 241 19
C 242 5
C 243 2
C 244 9
C 245 22
C 246 22
C 247 25
C 248 16
C 249 19
C 250 4
C 251 15
C 252 7
C 253 11
C 254 6
C 255 26
C 256 4
C 257 9
C 258 8
C 259 12
C 260 16
C 261 22
C 262 20
C 263 12
C 264 5
C 265 21
C 266 10
C 267 2
C 268 10
C 269 1
C 270 24
C 271 9
C 272 26
C 273 2
C 274 8
C 275 6
C 276 23
C 277 16
C 278 7
C 279 22
C 280 1
C 281 10
C 282 19
C 283 11
C 284 14
C 285 0
C 286 6
C 287 11
C 288 0
C 289 10
C 290 6
C 291 0
C 292 19
C 293 25
C 294 11
C 295 3
C 296 23
C 297 19
C 298 3
C 299 24
C 300 8
C 301 10
C 302 12
C 303 18
C 304 14
C 305 1
C 306 19
C 307 11
C 308 15
C 309 7
C 310 16
C 311 7
C 312 17
C 313 19
C 314 16
C 315 21
C 316 11
C 317 12
C 318 20
C 319 1
C 320 24
C 321 8
C 322 12
C 323 25
C 324 21
C 325 3
C 326 12
C 327 9
C 328 0
C 329 1
C 330 22
C 331 4
C 332 6
C 333 22
C 334 26
C 335 16
C 336 14
C 337 24
C 338 16
C 339 25
C 340 8
C 341 0
C 342 9
C 343 15
C 344 9
C 345 19
C 346 10
C 347 24
C 348 7
C 349 2
C 350 19
I 0 1 10 (4,4,2) (0,0,1,0)|(-1,1,0,0)|(1,1,1,0)|(-1,1,0,0)
I 1 1 5 (3,4,5) (1,1,-1,0)
I 2 2 15 (5,5,4) (1,0,1,0)
