D (10,11,12) (0,2,4)
D (11,-1,-1) (2,4,5)
D (12,-1,-1) (0,4,2)
D (10,-1,-1) (3,2,4)
D (9,10,11) (0,5,2)
D (7,-1,-1) (2,3,0)
D (12,-1,-1) (1,2,5)
D (7,-1,-1) (4,5,4)
D (8,9,-1) (1,3,2)
D (12,-1,-1) (3,0,1)
D (9,10,-1) (5,2,1)
D (10,11,12) (0,1,2)
D (12,-1,-1) (2,4,2)
D (7,8,-1) (3,5,2)
D (10,-1,-1) (1,4,1)
D (10,11,12) (5,0,5)
D (7,8,9) (0,3,2)
D (12,-1,-1) (3,1,1)
D (12,-1,-1) (2,1,4)
D (8,9,10) (2,3,4)
D (10,-1,-1) (1,5,3)
D (11,12,-1) (5,4,0)
D (7,8,9) (1,0,2)
D (10,11,12) (4,5,3)
D (8,9,-1) (4,1,1)
D (9,10,11) (0,1,0)
D (8,9,-1) (5,0,3)
D (9,10,-1) (1,3,5)
D (10,11,12) (3,1,5)
D (10,11,12) (2,0,1)
D (10,11,-1) (5,2,3)
D (12,-1,-1) (4,4,1)
D (9,10,-1) (5,1,0)
D (11,-1,-1) (4,0,2)
D (9,10,11) (2,4,3)
D (8,-1,-1) (2,1,5)
D (9,10,11) (5,3,0)
D (10,11,12) (0,1,4)
D (7,8,9) (2,0,4)
D (7,8,-1) (4,1,4)
D (9,-1,-1) (2,3,3)
D (8,-1,-1) (5,5,5)
D (12,-1,-1) (1,1,4)
D (10,11,12) (0,5,5)
D (10,11,12) (5,0,2)
D (10,11,12) (4,3,5)
D (10,-1,-1) (5,0,0)
D (7,8,9) (0,2,2)
D (7,8,-1) (4,4,0)
D (10,11,12) (0,4,1)
D (10,11,12) (3,2,1)
D (11,12,-1) (2,2,1)
D (8,9,10) (0,3,5)
D (7,8,-1) (2,0,0)
D (9,10,11) (4,5,5)
D (9,10,-1) (1,1,1)
D (7,-1,-1) (4,4,4)
D (11,-1,-1) (1,0,0)
D (8,-1,-1) (2,1,0)
D (9,10,-1) (5,3,2)
D (9,10,-1) (2,2,5)
D (9,10,11) (1,4,5)
D (8,9,10) (5,3,4)
D (12,-1,-1) (0,0,1)
D (9,-1,-1) (1,5,0)
D (9,-1,-1) (1,3,0)
D (10,-1,-1) (0,5,3)
D (9,10,-1) (5,3,5)
D (11,12,-1) (2,5,0)
D (7,8,-1) (4,3,1)
D (7,8,9) (3,1,3)
D (8,-1,-1) (0,4,4)
D (8,9,-1) (3,4,0)
D (10,11,-1) (2,4,4)
D (12,-1,-1) (3,1,2)
D (10,11,-1) (5,2,0)
D (7,8,-1) (3,5,1)
D (12,-1,-1) (3,3,1)
D (12,-1,-1) (0,4,5)
D (12,-1,-1) (5,4,1)
D (7,8,-1) (3,1,0)
D (10,-1,-1) (3,2,3)
D (7,-1,-1) (1,0,1)
D (11,-1,-1) (4,5,2)
D (8,9,-1) (3,4,5)
D (10,11,12) (4,3,0)
D (9,10,11) (4,1,5)
D (11,-1,-1) (4,3,4)
D (8,9,-1) (0,2,3)
D (8,-1,-1) (4,1,3)
D (7,8,-1) (4,2,5)
D (11,12,-1) (0,4,3)
D (10,11,-1) (1,5,1)
D (7,-1,-1) (0,5,0)
C 0 9
C 1 14
C 2 1
C 3 12
C 4 5
C 5 23
C 6 23
C 7 4
C 8 19
C 9 24
C 10 12
C 11 24
C 12 6
C 13 4
C 14 4
C 15 8
C 16 20
C 17 16
C 18 21
C 19 26
C 20 5
C 21 17
C 22 18
C 23 10
C 24 7
C 25 23
C 26 17
C 27 11
C 28 21
C 29 11
C 30 26
C 31 17
C 32 10
C 33 2
C 34 23
C 35 23
C 36 24
C 37 5
C 38 25
C 39 11
C 40 21
C 41 7
C 42 15
C 43 1
C 44 20
C 45 2
C 46 11
C 47 17
C 48 0
C 49 0
C 50 0
C 51 0
C 52 0
C 53 0
C 54 0
C 55 0
C 56 0
C 57 0
C 58 0
C 59 0
C 60 0
C 61 0
C 62 0
C 63 0
C 64 0
C 65 0
C 66 0
C 67 0
C 68 0
C 69 0
C 70 0
C 71 0
C 72 0
C 73 0
C 74 0
C 75 0
C 76 0
C 77 0
C 78 0
C 79 0
C 80 0
C 81 0
C 82 0
C 83 16
C 84 1
C 85 5
C 86 7
C 87 6
C 88 4
C 89 5
C 90 7
C 91 11
C 92 23
C 93 7
C 94 17
C 95 5
C 96 12
C 97 5
C 98 17
C 99 24
C 100 6
C 101 5
C 102 7
C 103 12
C 104 23
C 105 2
C 106 18
C 107 12
C 108 16
C 109 10
C 110 26
C 111 20
C 112 23
C 113 24
C 114 0
C 115 0
C 116 11
C 117 22
C 118 3
C 119 0
C 120 7
C 121 5
C 122 3
C 123 18
C 124 12
C 125 18
C 126 20
C 127 15
C 128 25
C 129 7
C 130 1
C 131 26
C 132 1
C 133 6
C 134 8
C 135 0
C 136 24
C 137 19
C 138 10
C 139 26
C 140 3
C 141 21
C 142 3
C 143 9
C 144 26
C 145 7
C 146 12
C 147 18
C 148 25
C 149 14
C 150 2
C 151 11
C 152 23
C 153 21
C 154 5
C 155 12
C 156 18
C 157 7
C 158 7
C 159 19
C 160 16
C 161 9
C 162 20
C 163 11
C 164 20
C 165 17
C 166 9
C 167 24
C 168 3
C 169 12
C 170 15
C 171 1
C 172 21
C 173 21
C 174 2
C 175 12
C 176 17
C 177 22
C 178 17
C 179 20
C 180 1
C 181 16
C 182 22
C 183 21
C 184 1
C 185 4
C 186 26
C 187 9
C 188 15
C 189 20
C 190 6
C 191 20
C 192 11
C 193 6
C 194 19
C 195 3
C 196 7
C 197 20
C 198 3
C 199 19
C 200 26
C 201 25
C 202 14
C 203 5
C 204 8
C 205 22
C 206 15
C 207 20
C 208 25
C 209 11
C 210 11
C 211 8
C 212 2
C 213 2
C 214 21
C 215 6
C 216 2
C 217 0
C 218 0
C 219 0
C 220 0
C 221 0
C 222 0
C 223 0
C 224 0
C 225 0
C 226 0
C 227 0
C 228 0
C 229 0
C 230 0
C 231 0
C 232 0
C 233 0
C 234 0
C 235 0
C 236 0
C 237 0
C 238 0
C 239 0
C 240 0
C 241 0
C 242 0
C 243 0
C 244 0
C 245 0
C 246 0
C 247 0
C 248 0
C 249 0
C 250 0
C 251 0
C 252 0
C 253 0
C 254 0
C 255 0
C 256 0
C 257 0
C 258 0
C 259 0
C 260 0
C 261 0
C 262 0
C 263 0
C 264 0
C 265 0
C 266 0
C 267 0
C 268 0
C 269 0
C 270 0
C 271 0
C 272 0
C 273 0
C 274 0
C 275 0
C 276 0
C 277 0
C 278 0
C 279 0
C 280 0
C 281 0
C 282 0
C 283 0
C 284 0
C 285 0
C 286 0
C 287 0
C 288 0
C 289 0
C 290 0
C 291 0
C 292 0
C 293 0
C 294 0
C 295 0
C 296 0
C 297 0
C 298 0
C 299 0
C 300 0
C 301 0
C 302 26
C 303 11
C 304 5
C 305 3
C 306 14
C 307 14
C 308 9
C 309 2
C 310 21
C 311 2
C 312 15
C 313 3
C 314 24
C 315 12
C 316 20
C 317 23
C 318 10
C 319 6
C 320 22
C 321 1
C 322 23
C 323 1
C 324 3
C 325 2
C 326 7
C 327 18
C 328 14
C 329 1
C 330 7
C 331 9
C 332 25
C 333 16
C 334 20
C 335 12
C 336 3
C 337 3
C 338 4
C 339 8
C 340 0
C 341 4
C 342 9
C 343 22
C 344 9
C 345 17
C 346 5
C 347 12
C 348 20
C 349 14
C 350 9
I 3 1 6 (5,0,4) (1,-1,0,0)|(0,1,-1,0)|(-1,-1,0,0)
I 2 2 4 (3,1,3) (1,0,1,0)|(0,0,1,0)
I 1 2 19 (1,2,2) (0,-1,0,0)|(-1,-1,0,0)
