D (7,-1,-1) (4,0,0)
D (10,-1,-1) (1,2,2)
D (7,8,9) (1,1,0)
D (12,-1,-1) (3,4,1)
D (12,-1,-1) (4,5,2)
D (11,12,-1) (5,5,5)
D (12,-1,-1) (0,2,0)
D (10,-1,-1) (0,0,4)
D (7,8,-1) (5,5,2)
D (11,-1,-1) (1,0,3)
D (12,-1,-1) (1,2,1)
D (7,8,9) (5,0,2)
D (10,11,12) (3,2,2)
D (12,-1,-1) (3,2,4)
D (11,12,-1) (2,4,1)
D (8,9,-1) (3,2,3)
D (12,-1,-1) (0,2,1)
D (12,-1,-1) (2,0,5)
D (11,12,-1) (2,1,4)
D (9,10,-1) (2,5,4)
D (10,11,-1) (2,5,3)
D (7,-1,-1) (5,1,3)
D (8,-1,-1) (1,2,3)
D (12,-1,-1) (3,4,2)
D (9,10,-1) (3,2,5)
D (11,-1,-1) (4,4,4)
D (7,8,9) (0,1,3)
D (12,-1,-1) (5,3,0)
D (9,10,11) (1,5,3)
D (11,12,-1) (5,4,2)
D (12,-1,-1) (5,0,3)
D (10,11,12) (2,5,2)
D (10,11,12) (2,0,1)
D (7,8,9) (3,3,5)
D (12,-1,-1) (2,4,0)
D (8,-1,-1) (0,5,0)
D (10,11,12) (0,4,4)
D (10,11,-1) (4,5,5)
D (7,8,9) (3,3,3)
D (10,11,-1) (1,3,5)
D (12,-1,-1) (3,1,0)
D (7,-1,-1) (4,1,2)
D (10,-1,-1) (3,0,0)
D (8,9,10) (5,3,3)
D (11,-1,-1) (1,2,0)
D (11,-1,-1) (3,3,1)
D (8,9,-1) (4,0,1)
D (7,8,9) (5,3,2)
D (8,-1,-1) (4,2,1)
D (9,10,11) (5,3,4)
C 0 18
C 1 8
C 2 21
C 3 20
C 4 23
C 5 10
C 6 16
C 7 2
C 8 9
C 9 0
C 10 20
C 11 20
C 12 8
C 13 8
C 14 16
C 15 20
C 16 9
C 17 4
C 18 17
C 19 12
C 20 12
C 21 19
C 22 21
C 23 22
C 24 8
C 25 14
C 26 3
C 27 23
C 28 22
C 29 0
C 30 16
C 31 11
C 32 18
C 33 21
C 34 1
C 35 26
C 36 21
C 37 16
C 38 19
C 39 3
C 40 5
C 41 4
C 42 7
C 43 0
C 44 20
C 45 12
C 46 12
C 47 0
C 48 21
C 49 14
C 50 22
C 51 14
C 52 3
C 53 14
C 54 8
C 55 2
C 56 3
C 57 20
C 58 15
C 59 22
C 60 11
C 61 6
C 62 25
C 63 7
C 64 11
C 65 17
C 66 26
C 67 17
C 68 19
C 69 3
C 70 25
C 71 7
C 72 15
C 73 17
C 74 14
C 75 19
C 76 12
C 77 11
C 78 20
C 79 7
C 80 25
C 81 10
C 82 1
C 83 12
C 84 4
C 85 23
C 86 19
C 87 23
C 88 4
C 89 23
C 90 3
C 91 10
C 92 9
C 93 11
C 94 3
C 95 9
C 96 1
C 97 12
C 98 5
C 99 8
C 100 12
C 101 16
C 102 15
C 103 20
C 104 1
C 105 19
C 106 19
C 107 14
C 108 8
C 109 22
C 110 10
C 111 15
C 112 12
C 113 1
C 114 18
C 115 12
C 116 11
C 117 19
C 118 15
C 119 18
C 120 5
C 121 9
C 122 4
C 123 7
C 124 4
C 125 2
C 126 0
C 127 6
C 128 8
C 129 9
C 130 23
C 131 12
C 132 17
C 133 9
C 134 3
C 135 25
C 136 22
C 137 3
C 138 4
C 139 22
C 140 25
C 141 19
C 142 9
C 143 6
C 144 11
C 145 0
C 146 0
C 147 0
C 148 0
C 149 0
C 150 0
C 151 0
C 152 0
C 153 0
C 154 0
C 155 0
C 156 0
C 157 0
C 158 0
C 159 0
C 160 0
C 161 0
C 162 0
C 163 0
C 164 0
C 165 0
C 166 0
C 167 0
C 168 0
C 169 0
C 170 0
C 171 0
C 172 0
C 173 0
C 174 0
C 175 0
C 176 0
C 177 0
C 178 0
C 179 0
C 180 0
C 181 0
C 182 0
C 183 0
C 184 0
C 185 0
C 186 0
C 187 0
C 188 0
C 189 0
C 190 0
C 191 0
C 192 0
C 193 0
C 194 8
C 195 25
C 196 19
C 197 16
C 198 15
C 199 3
C 200 0
C 201 21
C 202 12
C 203 25
C 204 10
C 205 21
C 206 21
C 207 15
C 208 14
C 209 0
C 210 0
C 211 0
C 212 0
C 213 0
C 214 0
C 215 0
C 216 0
C 217 0
C 218 0
C 219 0
C 220 0
C 221 0
C 222 0
C 223 0
C 224 0
C 225 0
C 226 0
C 227 0
C 228 0
C 229 0
C 230 0
C 231 0
C 232 0
C 233 0
C 234 0
C 235 0
C 236 0
C 237 0
C 238 0
C 239 0
C 240 0
C 241 0
C 242 0
C 243 0
C 244 0
C 245 0
C 246 0
C 247 0
C 248 0
C 249 0
C 250 0
C 251 0
C 252 22
C 253 5
C 254 15
C 255 12
C 256 25
C 257 18
C 258 7
C 259 20
C 260 3
C 261 22
C 262 15
C 263 21
C 264 19
C 265 6
C 266 19
C 267 14
C 268 10
C 269 1
C 270 16
C 271 22
C 272 18
C 273 10
C 274 21
C 275 14
C 276 22
C 277 26
C 278 11
C 279 11
C 280 1
C 281 5
C 282 21
C 283 26
C 284 0
C 285 16
C 286 8
C 287 19
C 288 7
C 289 10
C 290 3
C 291 20
C 292 24
C 293 19
C 294 1
C 295 12
C 296 6
C 297 8
C 298 23
C 299 11
C 300 5
C 301 14
C 302 9
C 303 5
C 304 10
C 305 7
C 306 16
C 307 9
C 308 7
C 309 16
C 310 26
C 311 17
C 312 24
C 313 8
C 314 8
C 315 9
C 316 24
C 317 14
C 318 1
C 319 2
C 320 9
C 321 25
C 322 19
C 323 4
C 324 15
C 325 20
C 326 23
C 327 3
C 328 6
C 329 24
C 330 15
C 331 10
C 332 19
C 333 16
C 334 11
C 335 16
C 336 21
C 337 21
C 338 9
C 339 4
C 340 9
C 341 8
C 342 15
C 343 22
C 344 16
C 345 0
C 346 12
C 347 22
C 348 2
C 349 5
C 350 19
I 1 2 17 (0,0,5) (1,1,0,0)
I 4 1 4 (4,0,1) (-1,0,-1,0)
I 5 2 14 (1,4,2) (-1,-1,-1,0)
