D (9,-1,-1) (0,0,1)
D (11,12,-1) (3,5,3)
D (8,-1,-1) (4,0,2)
D (7,8,9) (5,1,1)
D (7,-1,-1) (3,3,3)
D (11,-1,-1) (4,1,2)
D (9,10,11) (4,2,4)
D (7,8,-1) (1,5,5)
D (12,-1,-1) (5,0,3)
D (8,9,-1) (3,0,0)
D (12,-1,-1) (5,0,5)
D (12,-1,-1) (5,5,5)
D (10,11,12) (4,3,1)
D (9,10,-1) (1,3,0)
D (7,-1,-1) (4,1,3)
D (10,11,-1) (0,5,5)
D (7,8,-1) (4,4,5)
D (7,8,-1) (1,1,4)
D (7,8,9) (1,2,3)
D (10,-1,-1) (1,3,2)
D (7,-1,-1) (2,2,4)
D (8,9,-1) (3,5,1)
D (7,8,-1) (3,2,4)
D (10,11,12) (5,3,0)
D (7,8,-1) (0,3,2)
D (8,9,-1) (2,4,0)
D (7,8,-1) (3,0,1)
D (9,10,11) (1,2,4)
D (10,-1,-1) (4,4,4)
D (8,9,10) (4,5,4)
D (7,-1,-1) (5,3,4)
D (7,8,9) (2,4,1)
D (11,12,-1) (3,4,3)
D (7,-1,-1) (2,4,4)
D (9,10,11) (1,1,5)
D (8,-1,-1) (4,4,1)
D (9,10,-1) (3,2,0)
D (9,10,11) (5,1,0)
D (8,9,10) (2,0,1)
D (7,8,-1) (2,1,4)
D (8,9,-1) (5,1,2)
D (10,11,12) (5,1,5)
D (12,-1,-1) (3,0,2)
D (7,-1,-1) (0,4,4)
D (11,12,-1) (4,2,0)
D (12,-1,-1) (4,4,2)
D (7,8,-1) (0,2,1)
D (12,-1,-1) (2,1,1)
D (11,12,-1) (4,1,0)
D (8,9,-1) (4,3,2)
D (11,12,-1) (3,5,5)
D (7,-1,-1) (2,4,3)
D (7,8,9) (1,2,1)
D (11,12,-1) (5,5,3)
D (12,-1,-1) (4,1,5)
D (12,-1,-1) (3,4,4)
D (7,8,-1) (2,5,4)
D (8,-1,-1) (4,3,0)
D (7,8,9) (3,5,2)
D (8,9,10) (0,1,5)
D (12,-1,-1) (2,3,2)
D (12,-1,-1) (3,4,1)
C 0 21
C 1 3
C 2 0
C 3 26
C 4 20
C 5 23
C 6 25
C 7 6
C 8 9
C 9 19
C 10 24
C 11 6
C 12 6
C 13 1
C 14 24
C 15 20
C 16 12
C 17 12
C 18 5
C 19 1
C 20 24
C 21 11
C 22 0
C 23 18
C 24 8
C 25 5
C 26 23
C 27 25
C 28 1
C 29 19
C 30 5
C 31 22
C 32 12
C 33 17
C 34 3
C 35 22
C 36 8
C 37 3
C 38 11
C 39 16
C 40 24
C 41 3
C 42 10
C 43 18
C 44 0
C 45 17
C 46 12
C 47 14
C 48 19
C 49 24
C 50 8
C 51 1
C 52 25
C 53 23
C 54 11
C 55 17
C 56 2
C 57 6
C 58 7
C 59 12
C 60 16
C 61 0
C 62 5
C 63 3
C 64 25
C 65 14
C 66 6
C 67 4
C 68 17
C 69 2
C 70 14
C 71 14
C 72 4
C 73 8
C 74 9
C 75 26
C 76 0
C 77 0
C 78 0
C 79 0
C 80 0
C 81 0
C 82 0
C 83 0
C 84 0
C 85 0
C 86 0
C 87 0
C 88 0
C 89 0
C 90 0
C 91 0
C 92 0
C 93 0
C 94 0
C 95 16
C 96 4
C 97 24
C 98 6
C 99 19
C 100 12
C 101 8
C 102 14
C 103 26
C 104 24
C 105 4
C 106 10
C 107 9
C 108 25
C 109 22
C 110 21
C 111 23
C 112 19
C 113 24
C 114 26
C 115 10
C 116 10
C 117 15
C 118 22
C 119 18
C 120 26
C 121 23
C 122 22
C 123 8
C 124 19
C 125 12
C 126 9
C 127 14
C 128 19
C 129 2
C 130 11
C 131 3
C 132 0
C 133 15
C 134 7
C 135 9
C 136 23
C 137 2
C 138 4
C 139 18
C 140 0
C 141 0
C 142 0
C 143 0
C 144 0
C 145 0
C 146 0
C 147 0
C 148 0
C 149 0
C 150 0
C 151 0
C 152 0
C 153 0
C 154 0
C 155 0
C 156 0
C 157 0
C 158 0
C 159 0
C 160 0
C 161 0
C 162 0
C 163 0
C 164 0
C 165 0
C 166 0
C 167 0
C 168 0
C 169 0
C 170 0
C 171 0
C 172 0
C 173 0
C 174 0
C 175 0
C 176 21
C 177 6
C 178 8
C 179 5
C 180 1
C 181 12
C 182 6
C 183 2
C 184 21
C 185 21
C 186 16
C 187 7
C 188 20
C 189 12
C 190 17
C 191 21
C 192 20
C 193 0
C 194 8
C 195 21
C 196 19
C 197 26
C 198 0
C 199 7
C 200 3
C 201 15
C 202 23
C 203 11
C 204 16
C 205 15
C 206 17
C 207 26
C 208 17
C 209 18
C 210 9
C 211 10
C 212 17
C 213 9
C 214 15
C 215 24
C 216 9
C 217 15
C 218 11
C 219 6
C 220 21
C 221 21
C 222 26
C 223 18
C 224 21
C 225 16
C 226 11
C 227 7
C 228 23
C 229 7
C 230 6
C 231 6
C 232 1
C 233 24
C 234 4
C 235 23
C 236 14
C 237 18
C 238 12
C 239 2
C 240 14
C 241 5
C 242 7
C 243 10
C 244 25
C 245 22
C 246 0
C 247 2
C 248 8
C 249 16
C 250 22
C 251 14
C 252 4
C 253 21
C 254 10
C 255 24
C 256 2
C 257 18
C 258 17
C 259 19
C 260 26
C 261 9
C 262 12
C 263 15
C 264 10
C 265 6
C 266 20
C 267 0
C 268 19
C 269 15
C 270 5
C 271 4
C 272 1
C 273 8
C 274 15
C 275 22
C 276 25
C 277 3
C 278 3
C 279 5
C 280 8
C 281 19
C 282 2
C 283 5
C 284 9
C 285 6
C 286 7
C 287 22
C 288 8
C 289 20
C 290 3
C 291 12
C 292 12
C 293 4
C 294 19
C 295 3
C 296 19
C 297 20
C 298 22
C 299 3
C 300 11
C 301 24
C 302 25
C 303 10
C 304 16
C 305 11
C 306 6
C 307 24
C 308 11
C 309 4
C 310 0
C 311 19
C 312 17
C 313 23
C 314 20
C 315 6
C 316 12
C 317 24
C 318 23
C 319 12
C 320 4
C 321 8
C 322 4
C 323 15
C 324 5
C 325 6
C 326 10
C 327 3
C 328 6
C 329 2
C 330 19
C 331 8
C 332 19
C 333 11
C 334 18
C 335 0
C 336 6
C 337 1
C 338 20
C 339 16
C 340 0
C 341 22
C 342 0
C 343 20
C 344 10
C 345 4
C 346 10
C 347 0
C 348 7
C 349 23
C 350 10
I 0 2 6 (3,3,0) (0,1,0,0)|(1,-1,0,0)
I 0 1 2 (1,0,3) (-1,0,-1,0)
I 0 2 4 (0,1,2) (1,1,1,0)|(0,0,-1,0)
