D (11,12,-1) (0,3,2)
D (9,10,-1) (3,4,1)
D (9,10,11) (4,5,4)
D (10,-1,-1) (2,4,5)
D (7,-1,-1) (5,5,4)
D (10,11,-1) (5,1,1)
D (11,12,-1) (3,4,5)
D (8,9,10) (5,2,3)
D (9,10,11) (1,5,1)
D (9,-1,-1) (1,3,2)
D (11,12,-1) (1,1,3)
D (11,-1,-1) (1,1,1)
D (12,-1,-1) (1,4,2)
D (12,-1,-1) (4,0,3)
D (7,8,9) (0,3,3)
D (7,8,-1) (1,1,4)
D (11,12,-1) (0,2,0)
D (11,12,-1) (1,4,4)
D (7,8,-1) (0,2,3)
D (11,12,-1) (2,0,0)
D (7,8,9) (2,1,5)
D (9,10,-1) (2,4,0)
D (10,11,12) (3,0,1)
D (10,11,12) (2,3,5)
D (12,-1,-1) (5,1,4)
D (7,-1,-1) (3,0,3)
D (11,-1,-1) (0,3,4)
D (7,8,9) (5,3,4)
D (7,-1,-1) (4,2,5)
D (9,10,-1) (4,5,2)
D (8,9,-1) (0,1,2)
D (11,12,-1) (4,4,5)
D (11,-1,-1) (0,1,1)
D (9,10,11) (4,2,4)
D (9,-1,-1) (5,4,5)
D (11,12,-1) (1,5,2)
D (12,-1,-1) (4,5,1)
D (7,8,-1) (4,0,1)
D (9,10,-1) (1,0,1)
D (11,12,-1) (1,2,0)
D (10,11,12) (1,1,5)
D (8,9,10) (1,1,2)
D (10,-1,-1) (2,3,1)
D (9,-1,-1) (3,5,5)
D (9,10,11) (4,2,1)
D (11,12,-1) (2,3,3)
D (11,12,-1) (3,1,2)
D (7,8,9) (2,3,2)
D (11,-1,-1) (1,2,1)
D (12,-1,-1) (0,0,4)
D (11,-1,-1) (2,5,5)
D (11,12,-1) (2,1,3)
D (11,12,-1) (1,3,1)
D (11,12,-1) (4,4,0)
D (7,-1,-1) (4,2,3)
D (7,8,-1) (5,4,0)
D (10,-1,-1) (4,1,2)
D (10,-1,-1) (3,5,2)
C 0 15
C 1 26
C 2 17
C 3 24
C 4 22
C 5 19
C 6 1
C 7 14
C 8 3
C 9 18
C 10 12
C 11 4
C 12 22
C 13 7
C 14 26
C 15 11
C 16 0
C 17 11
C 18 19
C 19 3
C 20 24
C 21 14
C 22 11
C 23 20
C 24 3
C 25 9
C 26 19
C 27 24
C 28 4
C 29 20
C 30 18
C 31 17
C 32 23
C 33 9
C 34 16
C 35 19
C 36 14
C 37 0
C 38 2
C 39 16
C 40 9
C 41 8
C 42 1
C 43 19
C 44 26
C 45 5
C 46 6
C 47 5
C 48 20
C 49 1
C 50 10
C 51 24
C 52 0
C 53 0
C 54 0
C 55 0
C 56 0
C 57 0
C 58 0
C 59 0
C 60 0
C 61 0
C 62 0
C 63 0
C 64 0
C 65 0
C 66 0
C 67 0
C 68 0
C 69 0
C 70 0
C 71 0
C 72 0
C 73 0
C 74 0
C 75 0
C 76 0
C 77 0
C 78 0
C 79 0
C 80 0
C 81 0
C 82 0
C 83 0
C 84 0
C 85 0
C 86 0
C 87 0
C 88 0
C 89 0
C 90 0
C 91 0
C 92 0
C 93 0
C 94 0
C 95 0
C 96 0
C 97 0
C 98 0
C 99 0
C 100 0
C 101 0
C 102 0
C 103 0
C 104 0
C 105 0
C 106 0
C 107 0
C 108 0
C 109 0
C 110 0
C 111 0
C 112 0
C 113 0
C 114 0
C 115 0
C 116 0
C 117 0
C 118 0
C 119 0
C 120 0
C 121 0
C 122 0
C 123 0
C 124 0
C 125 0
C 126 0
C 127 0
C 128 0
C 129 15
C 130 2
C 131 2
C 132 10
C 133 9
C 134 20
C 135 4
C 136 0
C 137 2
C 138 9
C 139 0
C 140 6
C 141 17
C 142 25
C 143 14
C 144 4
C 145 12
C 146 10
C 147 8
C 148 2
C 149 16
C 150 11
C 151 19
C 152 19
C 153 20
C 154 12
C 155 18
C 156 3
C 157 20
C 158 4
C 159 8
C 160 9
C 161 14
C 162 19
C 163 9
C 164 10
C 165 1
C 166 7
C 167 22
C 168 24
C 169 15
C 170 22
C 171 22
C 172 18
C 173 7
C 174 5
C 175 5
C 176 14
C 177 0
C 178 18
C 179 2
C 180 16
C 181 22
C 182 4
C 183 9
C 184 26
C 185 11
C 186 6
C 187 1
C 188 12
C 189 6
C 190 26
C 191 4
C 192 15
C 193 0
C 194 26
C 195 23
C 196 22
C 197 5
C 198 25
C 199 21
C 200 9
C 201 8
C 202 14
C 203 26
C 204 24
C 205 15
C 206 21
C 207 2
C 208 21
C 209 19
C 210 14
C 211 8
C 212 2
C 213 20
C 214 24
C 215 6
C 216 5
C 217 6
C 218 25
C 219 10
C 220 7
C 221 17
C 222 17
C 223 20
C 224 20
C 225 10
C 226 3
C 227 5
C 228 22
C 229 17
C 230 17
C 231 0
C 232 14
C 233 6
C 234 26
C 235 10
C 236 19
C 237 14
C 238 10
C 239 19
C 240 12
C 241 17
C 242 22
C 243 21
C 244 9
C 245 4
C 246 20
C 247 12
C 248 25
C 249 18
C 250 4
C 251 0
C 252 3
C 253 17
C 254 2
C 255 0
C 256 25
C 257 24
C 258 6
C 259 16
C 260 7
C 261 24
C 262 19
C 263 15
C 264 24
C 265 17
C 266 0
C 267 9
C 268 25
C 269 19
C 270 7
C 271 8
C 272 1
C 273 3
C 274 23
C 275 25
C 276 15
C 277 0
C 278 1
C 279 15
C 280 11
C 281 22
C 282 18
C 283 21
C 284 19
C 285 10
C 286 21
C 287 25
C 288 20
C 289 7
C 290 19
C 291 21
C 292 9
C 293 20
C 294 17
C 295 25
C 296 3
C 297 1
C 298 25
C 299 18
C 300 5
C 301 8
C 302 19
C 303 0
C 304 24
C 305 23
C 306 11
C 307 12
C 308 10
C 309 19
C 310 3
C 311 2
C 312 6
C 313 12
C 314 8
C 315 22
C 316 17
C 317 23
C 318 26
C 319 6
C 320 12
C 321 23
C 322 4
C 323 12
C 324 25
C 325 2
C 326 1
C 327 9
C 328 5
C 329 20
C 330 5
C 331 8
C 332 4
C 333 12
C 334 8
C 335 8
C 336 17
C 337 2
C 338 11
C 339 25
C 340 9
C 341 5
C 342 25
C 343 19
C 344 0
C 345 15
C 346 21
C 347 8
C 348 23
C 349 23
C 350 9
I 2 1 1 (1,1,3) (1,0,1,0)|(1,0,-1,0)|(-1,-1,-1,0)
I 0 1 14 (4,1,3) (-1,0,1,0)|(-1,-1,-1,0)|(0,0,-1,0)
I 5 2 4 (3,1,4) (1,1,-1,0)|(1,-1,-1,0)|(0,1,1,0)
