D (8,-1,-1) (2,3,4)
D (12,-1,-1) (2,3,3)
D (9,10,-1) (2,1,3)
D (9,-1,-1) (2,5,2)
D (12,-1,-1) (5,1,0)
D (12,-1,-1) (5,5,0)
D (11,12,-1) (5,4,2)
D (7,8,-1) (4,5,0)
D (10,11,-1) (5,3,4)
D (9,10,11) (0,0,0)
D (11,-1,-1) (5,2,1)
D (7,8,-1) (5,4,3)
D (12,-1,-1) (2,1,5)
D (7,8,-1) (1,5,3)
D (10,-1,-1) (1,2,5)
D (12,-1,-1) (1,4,2)
D (8,9,10) (3,0,4)
D (7,8,-1) (3,0,0)
D (12,-1,-1) (0,1,0)
D (8,9,-1) (0,4,5)
D (9,10,11) (2,0,0)
D (12,-1,-1) (0,3,1)
D (10,11,12) (5,1,2)
D (12,-1,-1) (1,0,2)
D (8,9,-1) (4,5,3)
D (12,-1,-1) (5,3,0)
D (7,8,9) (1,2,1)
D (7,-1,-1) (2,4,2)
D (7,-1,-1) (4,3,5)
D (8,9,10) (4,0,2)
D (12,-1,-1) (3,2,2)
D (7,8,9) (4,2,5)
D (12,-1,-1) (0,4,3)
D (10,11,-1) (4,5,4)
D (11,12,-1) (1,1,2)
D (11,-1,-1) (3,5,0)
D (10,11,12) (0,3,5)
D (8,9,-1) (1,4,3)
D (10,11,-1) (4,4,5)
D (7,8,9) (4,3,3)
D (8,9,10) (5,5,2)
D (11,12,-1) (4,2,3)
D (8,-1,-1) (5,0,3)
D (11,-1,-1) (1,2,4)
D (9,10,11) (2,0,2)
D (8,-1,-1) (3,1,0)
D (12,-1,-1) (3,1,2)
D (7,8,9) (3,2,0)
D (10,11,12) (4,1,4)
D (7,-1,-1) (2,2,3)
D (10,-1,-1) (2,0,5)
D (11,12,-1) (2,5,0)
D (10,11,12) (4,5,2)
D (9,10,11) (4,4,2)
C 0 10
C 1 8
C 2 20
C 3 2
C 4 26
C 5 24
C 6 8
C 7 21
C 8 26
C 9 18
C 10 11
C 11 19
C 12 10
C 13 19
C 14 3
C 15 16
C 16 4
C 17 21
C 18 10
C 19 26
C 20 26
C 21 1
C 22 6
C 23 19
C 24 11
C 25 4
C 26 15
C 27 20
C 28 20
C 29 8
C 30 8
C 31 12
C 32 18
C 33 20
C 34 19
C 35 10
C 36 15
C 37 4
C 38 7
C 39 22
C 40 4
C 41 19
C 42 15
C 43 0
C 44 23
C 45 17
C 46 22
C 47 16
C 48 8
C 49 25
C 50 0
C 51 22
C 52 25
C 53 14
C 54 1
C 55 4
C 56 21
C 57 9
C 58 22
C 59 2
C 60 23
C 61 7
C 62 18
C 63 15
C 64 1
C 65 9
C 66 11
C 67 12
C 68 17
C 69 19
C 70 14
C 71 4
C 72 22
C 73 17
C 74 4
C 75 0
C 76 26
C 77 9
C 78 2
C 79 22
C 80 8
C 81 0
C 82 0
C 83 22
C 84 18
C 85 1
C 86 12
C 87 20
C 88 8
C 89 5
C 90 19
C 91 24
C 92 8
C 93 20
C 94 6
C 95 15
C 96 25
C 97 0
C 98 18
C 99 7
C 100 18
C 101 7
C 102 7
C 103 5
C 104 9
C 105 20
C 106 10
C 107 19
C 108 15
C 109 17
C 110 0
C 111 23
C 112 9
C 113 26
C 114 12
C 115 14
C 116 21
C 117 19
C 118 9
C 119 0
C 120 20
C 121 5
C 122 14
C 123 12
C 124 26
C 125 11
C 126 17
C 127 15
C 128 7
C 129 1
C 130 24
C 131 3
C 132 19
C 133 23
C 134 22
C 135 0
C 136 0
C 137 0
C 138 0
C 139 0
C 140 0
C 141 0
C 142 0
C 143 0
C 144 0
C 145 0
C 146 0
C 147 0
C 148 0
C 149 0
C 150 0
C 151 0
C 152 0
C 153 0
C 154 0
C 155 0
C 156 0
C 157 0
C 158 0
C 159 0
C 160 0
C 161 11
C 162 8
C 163 0
C 164 9
C 165 4
C 166 12
C 167 14
C 168 0
C 169 0
C 170 0
C 171 0
C 172 0
C 173 0
C 174 0
C 175 0
C 176 0
C 177 0
C 178 0
C 179 0
C 180 0
C 181 0
C 182 0
C 183 20
C 184 0
C 185 23
C 186 26
C 187 7
C 188 4
C 189 24
C 190 25
C 191 12
C 192 18
C 193 19
C 194 8
C 195 5
C 196 1
C 197 25
C 198 26
C 199 8
C 200 1
C 201 26
C 202 14
C 203 3
C 204 11
C 205 11
C 206 7
C 207 9
C 208 24
C 209 3
C 210 21
C 211 12
C 212 2
C 213 20
C 214 26
C 215 23
C 216 24
C 217 6
C 218 1
C 219 25
C 220 16
C 221 2
C 222 3
C 223 2
C 224 21
C 225 11
C 226 8
C 227 21
C 228 23
C 229 0
C 230 6
C 231 7
C 232 14
C 233 21
C 234 2
C 235 5
C 236 8
C 237 14
C 238 14
C 239 6
C 240 7
C 241 24
C 242 14
C 243 15
C 244 23
C 245 5
C 246 17
C 247 14
C 248 5
C 249 0
C 250 4
C 251 11
C 252 12
C 253 22
C 254 15
C 255 4
C 256 25
C 257 8
C 258 16
C 259 22
C 260 14
C 261 4
C 262 21
C 263 21
C 264 18
C 265 2
C 266 3
C 267 15
C 268 7
C 269 2
C 270 0
C 271 3
C 272 6
C 273 11
C 274 10
C 275 18
C 276 15
C 277 2
C 278 15
C 279 1
C 280 0
C 281 8
C 282 21
C 283 0
C 284 14
C 285 17
C 286 5
C 287 17
C 288 26
C 289 25
C 290 16
C 291 8
C 292 14
C 293 12
C 294 6
C 295 20
C 296 3
C 297 24
C 298 5
C 299 5
C 300 20
C 301 25
C 302 21
C 303 2
C 304 12
C 305 7
C 306 25
C 307 16
C 308 26
C 309 21
C 310 12
C 311 9
C 312 8
C 313 17
C 314 7
C 315 25
C 316 22
C 317 14
C 318 26
C 319 14
C 320 15
C 321 22
C 322 23
C 323 15
C 324 9
C 325 11
C 326 15
C 327 17
C 328 22
C 329 20
C 330 19
C 331 12
C 332 4
C 333 16
C 334 4
C 335 10
C 336 19
C 337 0
C 338 25
C 339 7
C 340 6
C 341 18
C 342 11
C 343 22
C 344 14
C 345 5
C 346 4
C 347 10
C 348 0
C 349 3
C 350 20
I 0 3 14 (5,2,5) (0,0,-1,0)|(0,-1,1,0)
I 3 3 9 (0,2,1) (1,0,0,0)|(-1,0,1,0)|(-1,0,1,0)|(0,-1,0,0)
I 4 3 9 (2,0,2) (0,0,1,0)
