D (12,-1,-1) (1,2,2)
D (12,-1,-1) (2,4,4)
D (8,9,-1) (4,2,2)
D (10,-1,-1) (3,1,3)
D (8,9,10) (4,1,2)
D (11,-1,-1) (3,3,2)
D (7,8,-1) (5,2,3)
D (7,8,-1) (0,0,1)
D (11,-1,-1) (0,0,0)
D (11,12,-1) (1,0,0)
D (12,-1,-1) (1,0,1)
D (8,-1,-1) (0,0,2)
D (11,12,-1) (5,1,2)
D (12,-1,-1) (2,5,1)
D (12,-1,-1) (3,3,5)
D (9,-1,-1) (3,1,2)
D (7,8,-1) (5,0,5)
D (12,-1,-1) (1,4,1)
D (12,-1,-1) (5,2,0)
D (11,12,-1) (4,0,0)
D (12,-1,-1) (3,2,1)
D (12,-1,-1) (2,5,3)
D (7,-1,-1) (5,2,5)
D (9,10,11) (5,5,4)
D (8,-1,-1) (4,4,0)
D (8,9,10) (1,3,2)
D (7,-1,-1) (1,3,3)
D (11,-1,-1) (5,0,0)
D (11,-1,-1) (4,4,2)
D (10,11,-1) (3,4,4)
D (12,-1,-1) (0,4,0)
D (8,9,10) (2,0,4)
D (9,-1,-1) (5,3,3)
D (10,11,12) (1,1,5)
D (10,11,12) (0,5,5)
D (7,8,9) (2,4,3)
D (7,-1,-1) (4,3,2)
D (10,11,9) (2,4,5)
D (9,-1,-1) (1,2,1)
D (11,12,-1) (0,4,4)
D (8,9,10) (3,1,1)
D (10,11,12) (1,5,0)
D (12,-1,-1) (5,2,2)
D (11,12,-1) (5,2,1)
D (7,8,9) (1,5,2)
D (10,-1,-1) (1,4,0)
D (11,12,-1) (4,5,4)
D (12,-1,-1) (1,1,4)
C 0 19
C 1 4
C 2 3
C 3 26
C 4 5
C 5 20
C 6 15
C 7 1
C 8 4
C 9 23
C 10 8
C 11 18
C 12 6
C 13 23
C 14 1
C 15 10
C 16 1
C 17 4
C 18 3
C 19 25
C 20 22
C 21 10
C 22 10
C 23 25
C 24 25
C 25 9
C 26 2
C 27 20
C 28 3
C 29 21
C 30 18
C 31 14
C 32 9
C 33 22
C 34 17
C 35 5
C 36 0
C 37 23
C 38 23
C 39 11
C 40 17
C 41 10
C 42 9
C 43 25
C 44 9
C 45 25
C 46 26
C 47 19
C 48 20
C 49 9
C 50 4
C 51 23
C 52 20
C 53 8
C 54 0
C 55 15
C 56 1
C 57 7
C 58 10
C 59 11
C 60 21
C 61 8
C 62 8
C 63 14
C 64 7
C 65 19
C 66 17
C 67 12
C 68 15
C 69 5
C 70 6
C 71 22
C 72 18
C 73 2
C 74 11
C 75 20
C 76 25
C 77 2
C 78 17
C 79 4
C 80 24
C 81 16
C 82 0
C 83 22
C 84 10
C 85 10
C 86 16
C 87 4
C 88 8
C 89 18
C 90 9
C 91 10
C 92 4
C 93 0
C 94 20
C 95 11
C 96 12
C 97 4
C 98 17
C 99 10
C 100 11
C 101 18
C 102 8
C 103 15
C 104 26
C 105 17
C 106 1
C 107 22
C 108 1
C 109 6
C 110 21
C 111 2
C 112 19
C 113 8
C 114 0
C 115 8
C 116 17
C 117 6
C 118 6
C 119 0
C 120 4
C 121 21
C 122 11
C 123 0
C 124 0
C 125 0
C 126 0
C 127 0
C 128 0
C 129 0
C 130 0
C 131 0
C 132 0
C 133 0
C 134 0
C 135 0
C 136 0
C 137 0
C 138 0
C 139 0
C 140 0
C 141 0
C 142 0
C 143 0
C 144 0
C 145 0
C 146 0
C 147 0
C 148 0
C 149 0
C 150 0
C 151 0
C 152 0
C 153 0
C 154 0
C 155 0
C 156 0
C 157 0
C 158 0
C 159 0
C 160 0
C 161 0
C 162 0
C 163 0
C 164 0
C 165 0
C 166 0
C 167 0
C 168 0
C 169 0
C 170 0
C 171 0
C 172 0
C 173 0
C 174 0
C 175 0
C 176 0
C 177 0
C 178 0
C 179 0
C 180 0
C 181 0
C 182 0
C 183 0
C 184 0
C 185 0
C 186 0
C 187 0
C 188 0
C 189 0
C 190 0
C 191 0
C 192 0
C 193 0
C 194 0
C 195 0
C 196 0
C 197 0
C 198 0
C 199 0
C 200 0
C 201 0
C 202 0
C 203 0
C 204 0
C 205 0
C 206 0
C 207 0
C 208 0
C 209 0
C 210 0
C 211 0
C 212 0
C 213 0
C 214 0
C 215 0
C 216 0
C 217 0
C 218 0
C 219 0
C 220 0
C 221 0
C 222 0
C 223 0
C 224 0
C 225 0
C 226 0
C 227 0
C 228 0
C 229 0
C 230 0
C 231 0
C 232 0
C 233 0
C 234 0
C 235 0
C 236 0
C 237 0
C 238 0
C 239 0
C 240 0
C 241 0
C 242 0
C 243 0
C 244 0
C 245 0
C 246 0
C 247 0
C 248 0
C 249 0
C 250 0
C 251 0
C 252 0
C 253 0
C 254 0
C 255 0
C 256 0
C 257 0
C 258 0
C 259 0
C 260 0
C 261 0
C 262 0
C 263 0
C 264 0
C 265 0
C 266 0
C 267 0
C 268 0
C 269 0
C 270 0
C 271 0
C 272 0
C 273 0
C 274 0
C 275 0
C 276 0
C 277 0
C 278 0
C 279 0
C 280 0
C 281 0
C 282 0
C 283 0
C 284 0
C 285 0
C 286 0
C 287 0
C 288 0
C 289 0
C 290 0
C 291 0
C 292 0
C 293 0
C 294 0
C 295 0
C 296 0
C 297 0
C 298 0
C 299 0
C 300 0
C 301 0
C 302 0
C 303 0
C 304 0
C 305 0
C 306 0
C 307 0
C 308 0
C 309 0
C 310 0
C 311 11
C 312 14
C 313 12
C 314 1
C 315 24
C 316 14
C 317 26
C 318 2
C 319 20
C 320 25
C 321 14
C 322 18
C 323 16
C 324 21
C 325 14
C 326 21
C 327 24
C 328 20
C 329 1
C 330 5
C 331 3
C 332 1
C 333 16
C 334 19
C 335 25
C 336 19
C 337 10
C 338 2
C 339 11
C 340 3
C 341 10
C 342 12
C 343 26
C 344 9
C 345 10
C 346 14
C 347 8
C 348 9
C 349 23
C 350 5
I 0 2 20 (2,4,0) (0,0,1,0)
I 1 3 4 (3,5,2) (0,1,-1,0)
I 5 3 7 (3,1,3) (-1,1,1,0)
