D (12,-1,-1) (0,3,2)
D (9,10,11) (3,4,0)
D (9,10,11) (0,0,3)
D (8,-1,-1) (1,2,5)
D (11,-1,-1) (3,2,2)
D (9,-1,-1) (0,3,4)
D (10,11,-1) (4,5,2)
D (9,-1,-1) (5,3,1)
D (9,10,11) (5,1,0)
D (9,10,11) (5,0,2)
D (8,9,10) (1,5,5)
D (11,12,-1) (1,3,5)
D (10,-1,-1) (1,1,4)
D (9,10,11) (5,4,3)
D (7,8,9) (2,4,5)
D (8,9,10) (3,2,0)
D (8,-1,-1) (2,0,3)
D (12,-1,-1) (0,4,4)
D (10,-1,-1) (0,2,4)
D (7,-1,-1) (4,2,2)
D (8,-1,-1) (2,2,3)
D (7,8,9) (2,2,0)
D (9,-1,-1) (1,2,1)
D (7,8,-1) (1,1,1)
D (7,8,9) (0,4,0)
D (7,8,-1) (4,3,0)
D (12,-1,-1) (5,5,2)
D (10,-1,-1) (4,2,1)
D (8,9,10) (0,2,1)
D (9,-1,-1) (4,4,4)
D (10,11,12) (1,0,4)
D (10,11,-1) (4,3,2)
D (7,8,9) (4,5,1)
D (11,12,-1) (1,4,1)
D (10,11,-1) (1,0,1)
D (10,11,12) (3,1,1)
D (10,11,12) (2,2,5)
D (8,-1,-1) (1,5,0)
D (7,8,9) (5,5,1)
D (12,-1,-1) (0,5,4)
D (9,10,-1) (4,2,0)
D (12,-1,-1) (1,0,2)
D (7,-1,-1) (4,4,5)
C 0 8
C 1 25
C 2 14
C 3 16
C 4 0
C 5 20
C 6 26
C 7 24
C 8 26
C 9 1
C 10 7
C 11 21
C 12 5
C 13 19
C 14 23
C 15 21
C 16 20
C 17 22
C 18 3
C 19 6
C 20 9
C 21 22
C 22 10
C 23 17
C 24 17
C 25 10
C 26 14
C 27 15
C 28 22
C 29 10
C 30 10
C 31 0
C 32 26
C 33 6
C 34 12
C 35 25
C 36 2
C 37 17
C 38 16
C 39 2
C 40 16
C 41 24
C 42 12
C 43 1
C 44 0
C 45 6
C 46 5
C 47 2
C 48 18
C 49 1
C 50 8
C 51 17
C 52 6
C 53 17
C 54 9
C 55 9
C 56 3
C 57 7
C 58 12
C 59 25
C 60 6
C 61 26
C 62 12
C 63 2
C 64 0
C 65 19
C 66 16
C 67 22
C 68 11
C 69 9
C 70 10
C 71 10
C 72 7
C 73 12
C 74 14
C 75 2
C 76 19
C 77 3
C 78 19
C 79 2
C 80 26
C 81 1
C 82 0
C 83 16
C 84 18
C 85 14
C 86 1
C 87 4
C 88 11
C 89 16
C 90 23
C 91 3
C 92 2
C 93 22
C 94 25
C 95 0
C 96 3
C 97 14
C 98 6
C 99 9
C 100 4
C 101 3
C 102 12
C 103 5
C 104 18
C 105 3
C 106 24
C 107 6
C 108 22
C 109 21
C 110 14
C 111 22
C 112 14
C 113 16
C 114 23
C 115 14
C 116 9
C 117 0
C 118 4
C 119 4
C 120 22
C 121 18
C 122 6
C 123 15
C 124 11
C 125 2
C 126 25
C 127 9
C 128 16
C 129 1
C 130 22
C 131 23
C 132 3
C 133 24
C 134 5
C 135 4
C 136 26
C 137 16
C 138 17
C 139 5
C 140 4
C 141 12
C 142 6
C 143 0
C 144 18
C 145 20
C 146 9
C 147 25
C 148 22
C 149 15
C 150 12
C 151 12
C 152 12
C 153 17
C 154 10
C 155 4
C 156 3
C 157 10
C 158 8
C 159 9
C 160 17
C 161 14
C 162 22
C 163 10
C 164 6
C 165 1
C 166 5
C 167 6
C 168 10
C 169 2
C 170 8
C 171 17
C 172 12
C 173 11
C 174 5
C 175 5
C 176 11
C 177 7
C 178 17
C 179 2
C 180 8
C 181 2
C 182 6
C 183 20
C 184 4
C 185 0
C 186 0
C 187 11
C 188 14
C 189 20
C 190 12
C 191 20
C 192 17
C 193 16
C 194 3
C 195 9
C 196 12
C 197 18
C 198 20
C 199 15
C 200 25
C 201 5
C 202 24
C 203 3
C 204 15
C 205 12
C 206 19
C 207 9
C 208 26
C 209 23
C 210 0
C 211 6
C 212 8
C 213 9
C 214 9
C 215 2
C 216 14
C 217 23
C 218 0
C 219 17
C 220 4
C 221 0
C 222 0
C 223 0
C 224 0
C 225 0
C 226 0
C 227 0
C 228 0
C 229 0
C 230 0
C 231 0
C 232 0
C 233 0
C 234 0
C 235 0
C 236 0
C 237 0
C 238 0
C 239 0
C 240 0
C 241 0
C 242 0
C 243 0
C 244 0
C 245 0
C 246 0
C 247 0
C 248 0
C 249 0
C 250 0
C 251 0
C 252 0
C 253 0
C 254 0
C 255 0
C 256 0
C 257 0
C 258 0
C 259 0
C 260 0
C 261 0
C 262 0
C 263 0
C 264 0
C 265 0
C 266 0
C 267 0
C 268 0
C 269 0
C 270 0
C 271 0
C 272 0
C 273 0
C 274 0
C 275 0
C 276 0
C 277 0
C 278 0
C 279 0
C 280 0
C 281 0
C 282 0
C 283 0
C 284 0
C 285 0
C 286 0
C 287 0
C 288 0
C 289 0
C 290 0
C 291 0
C 292 0
C 293 0
C 294 0
C 295 0
C 296 0
C 297 0
C 298 0
C 299 0
C 300 0
C 301 0
C 302 0
C 303 0
C 304 0
C 305 0
C 306 0
C 307 0
C 308 0
C 309 0
C 310 0
C 311 0
C 312 0
C 313 24
C 314 20
C 315 0
C 316 22
C 317 1
C 318 3
C 319 12
C 320 23
C 321 5
C 322 20
C 323 8
C 324 22
C 325 11
C 326 25
C 327 11
C 328 1
C 329 18
C 330 0
C 331 17
C 332 4
C 333 3
C 334 9
C 335 0
C 336 8
C 337 19
C 338 4
C 339 5
C 340 11
C 341 5
C 342 20
C 343 3
C 344 3
C 345 4
C 346 25
C 347 10
C 348 17
C 349 19
C 350 10
I 4 1 1 (1,0,2) (1,1,-1,0)|(1,0,0,0)|(1,1,1,0)|(-1,0,1,0)|(1,-1,-1,0)
I 2 3 7 (0,0,3) (-1,1,1,0)|(-1,-1,-1,0)|(0,1,-1,0)
I 0 1 20 (2,1,2) (0,0,-1,0)|(0,1,0,0)|(1,1,1,0)|(0,0,1,0)
