D (8,9,-1) (1,0,4)
D (9,-1,-1) (3,2,3)
D (8,9,10) (3,5,2)
D (10,11,-1) (5,2,1)
D (7,8,-1) (4,0,2)
D (10,11,12) (2,4,0)
D (10,-1,-1) (1,1,3)
D (12,-1,-1) (2,4,5)
D (12,-1,-1) (3,2,0)
D (10,11,-1) (5,2,3)
D (9,-1,-1) (4,5,3)
D (7,-1,-1) (2,4,1)
D (10,-1,-1) (0,0,1)
D (9,10,-1) (3,0,3)
D (8,9,10) (2,5,1)
D (12,-1,-1) (5,3,2)
D (9,-1,-1) (0,4,0)
D (11,12,-1) (5,0,0)
D (10,-1,-1) (5,1,3)
D (7,-1,-1) (4,2,4)
D (10,11,-1) (2,0,2)
D (10,11,-1) (2,2,3)
D (12,-1,-1) (2,1,1)
D (8,-1,-1) (3,3,0)
D (10,11,12) (3,3,1)
D (11,-1,-1) (1,1,1)
D (10,11,12) (2,1,4)
D (10,11,-1) (5,4,2)
D (10,11,12) (1,3,3)
D (7,8,9) (1,0,5)
D (12,-1,-1) (1,4,0)
D (11,12,-1) (3,3,2)
D (7,-1,-1) (1,4,4)
D (10,11,-1) (0,2,4)
D (11,-1,-1) (0,4,5)
D (11,12,-1) (3,3,3)
D (10,11,12) (2,1,2)
D (12,-1,-1) (2,2,2)
D (10,11,12) (3,0,0)
D (11,12,-1) (5,0,5)
D (8,-1,-1) (0,0,5)
D (12,-1,-1) (5,3,5)
D (10,11,12) (5,1,4)
D (10,11,12) (4,4,4)
D (12,-1,-1) (3,4,1)
D (8,9,10) (4,3,4)
D (7,8,-1) (5,5,3)
D (7,8,-1) (3,3,5)
D (8,9,10) (4,5,2)
D (12,-1,-1) (0,5,4)
D (10,-1,-1) (0,0,4)
D (9,10,-1) (1,3,4)
D (11,-1,-1) (0,0,3)
D (8,9,-1) (4,1,4)
D (8,-1,-1) (0,5,3)
C 0 4
C 1 16
C 2 22
C 3 2
C 4 16
C 5 7
C 6 22
C 7 25
C 8 23
C 9 25
C 10 25
C 11 3
C 12 8
C 13 1
C 14 15
C 15 12
C 16 14
C 17 0
C 18 6
C 19 20
C 20 12
C 21 0
C 22 15
C 23 8
C 24 19
C 25 2
C 26 21
C 27 5
C 28 23
C 29 18
C 30 16
C 31 9
C 32 18
C 33 18
C 34 22
C 35 25
C 36 4
C 37 1
C 38 23
C 39 7
C 40 21
C 41 0
C 42 19
C 43 16
C 44 10
C 45 15
C 46 22
C 47 10
C 48 19
C 49 14
C 50 18
C 51 17
C 52 14
C 53 17
C 54 3
C 55 18
C 56 26
C 57 10
C 58 0
C 59 14
C 60 25
C 61 0
C 62 0
C 63 0
C 64 0
C 65 0
C 66 0
C 67 0
C 68 0
C 69 0
C 70 0
C 71 0
C 72 0
C 73 0
C 74 0
C 75 0
C 76 0
C 77 0
C 78 0
C 79 0
C 80 0
C 81 0
C 82 0
C 83 0
C 84 0
C 85 0
C 86 0
C 87 0
C 88 0
C 89 0
C 90 0
C 91 0
C 92 0
C 93 0
C 94 0
C 95 0
C 96 0
C 97 0
C 98 0
C 99 0
C 100 0
C 101 0
C 102 0
C 103 0
C 104 0
C 105 0
C 106 0
C 107 0
C 108 0
C 109 0
C 110 0
C 111 0
C 112 0
C 113 0
C 114 0
C 115 0
C 116 0
C 117 0
C 118 0
C 119 0
C 120 0
C 121 0
C 122 0
C 123 0
C 124 0
C 125 0
C 126 0
C 127 0
C 128 0
C 129 0
C 130 0
C 131 0
C 132 0
C 133 0
C 134 0
C 135 0
C 136 0
C 137 0
C 138 0
C 139 0
C 140 0
C 141 0
C 142 0
C 143 0
C 144 0
C 145 0
C 146 0
C 147 0
C 148 0
C 149 0
C 150 0
C 151 0
C 152 5
C 153 0
C 154 22
C 155 0
C 156 11
C 157 0
C 158 1
C 159 24
C 160 5
C 161 17
C 162 10
C 163 12
C 164 3
C 165 4
C 166 17
C 167 20
C 168 5
C 169 19
C 170 19
C 171 2
C 172 8
C 173 8
C 174 10
C 175 2
C 176 22
C 177 20
C 178 1
C 179 25
C 180 0
C 181 6
C 182 12
C 183 8
C 184 3
C 185 19
C 186 22
C 187 12
C 188 15
C 189 22
C 190 5
C 191 23
C 192 23
C 193 20
C 194 23
C 195 9
C 196 24
C 197 20
C 198 23
C 199 22
C 200 21
C 201 17
C 202 2
C 203 2
C 204 5
C 205 19
C 206 1
C 207 14
C 208 20
C 209 16
C 210 16
C 211 2
C 212 15
C 213 17
C 214 15
C 215 21
C 216 18
C 217 24
C 218 9
C 219 2
C 220 6
C 221 4
C 222 17
C 223 19
C 224 20
C 225 22
C 226 8
C 227 26
C 228 2
C 229 5
C 230 2
C 231 8
C 232 1
C 233 8
C 234 15
C 235 8
C 236 1
C 237 22
C 238 20
C 239 16
C 240 7
C 241 11
C 242 16
C 243 26
C 244 7
C 245 0
C 246 24
C 247 9
C 248 7
C 249 1
C 250 10
C 251 7
C 252 5
C 253 0
C 254 1
C 255 12
C 256 6
C 257 10
C 258 6
C 259 4
C 260 16
C 261 18
C 262 7
C 263 20
C 264 1
C 265 11
C 266 19
C 267 16
C 268 12
C 269 16
C 270 6
C 271 2
C 272 24
C 273 26
C 274 0
C 275 11
C 276 6
C 277 23
C 278 8
C 279 1
C 280 26
C 281 10
C 282 12
C 283 14
C 284 1
C 285 20
C 286 17
C 287 0
C 288 11
C 289 14
C 290 24
C 291 21
C 292 19
C 293 6
C 294 1
C 295 7
C 296 22
C 297 4
C 298 14
C 299 23
C 300 4
C 301 26
C 302 26
C 303 23
C 304 5
C 305 15
C 306 6
C 307 10
C 308 11
C 309 14
C 310 18
C 311 7
C 312 18
C 313 12
C 314 19
C 315 10
C 316 22
C 317 24
C 318 22
C 319 15
C 320 26
C 321 23
C 322 0
C 323 5
C 324 25
C 325 5
C 326 3
C 327 16
C 328 18
C 329 25
C 330 22
C 331 5
C 332 11
C 333 26
C 334 23
C 335 2
C 336 18
C 337 16
C 338 1
C 339 15
C 340 0
C 341 16
C 342 11
C 343 14
C 344 16
C 345 4
C 346 23
C 347 11
C 348 17
C 349 0
C 350 23
I 3 2 11 (2,0,4) (0,0,0,0)|(1,1,0,0)
I 5 2 6 (1,2,0) (1,0,1,0)|(0,-1,0,0)|(0,0,1,0)
I 2 3 6 (5,2,4) (-1,0,1,0)|(0,1,0,0)|(-1,-1,1,0)|(-1,0,1,0)|(-1,-1,0,0)
