D (7,8,9) (3,0,0)
D (11,12,-1) (1,1,5)
D (12,-1,-1) (4,0,0)
D (7,-1,-1) (0,1,3)
D (7,8,9) (0,3,2)
D (11,12,-1) (1,1,2)
D (10,11,12) (4,2,0)
D (7,8,-1) (0,0,4)
D (7,8,9) (1,1,0)
D (10,-1,-1) (1,3,2)
D (11,12,-1) (2,5,5)
D (7,8,9) (3,4,0)
D (11,12,-1) (4,4,2)
D (8,9,-1) (4,0,2)
D (10,11,12) (3,4,3)
D (7,-1,-1) (0,5,5)
D (9,10,11) (2,4,3)
D (12,-1,-1) (2,4,5)
D (8,9,10) (3,5,5)
D (8,9,10) (4,1,1)
D (10,-1,-1) (3,1,2)
D (7,-1,-1) (5,5,1)
D (9,10,11) (1,5,3)
D (10,11,-1) (0,3,3)
D (7,8,-1) (5,3,3)
D (8,9,-1) (2,2,5)
D (9,10,-1) (0,0,2)
D (7,8,-1) (4,3,1)
D (11,12,-1) (4,2,4)
D (12,-1,-1) (1,5,5)
D (8,9,10) (3,5,1)
D (12,-1,-1) (4,1,3)
D (9,10,-1) (0,4,4)
D (11,-1,-1) (4,3,2)
D (8,9,10) (1,3,0)
D (11,12,-1) (0,2,0)
D (10,11,-1) (1,0,3)
D (12,-1,-1) (1,4,3)
D (9,10,-1) (5,4,2)
D (11,12,-1) (0,5,2)
D (8,9,10) (5,2,1)
D (11,12,-1) (5,5,4)
D (7,8,9) (3,5,3)
D (8,9,10) (1,4,4)
D (9,10,-1) (4,2,2)
C 0 1
C 1 8
C 2 14
C 3 5
C 4 0
C 5 11
C 6 10
C 7 21
C 8 3
C 9 22
C 10 22
C 11 2
C 12 21
C 13 20
C 14 6
C 15 17
C 16 3
C 17 2
C 18 3
C 19 6
C 20 19
C 21 25
C 22 15
C 23 22
C 24 0
C 25 0
C 26 0
C 27 0
C 28 0
C 29 0
C 30 18
C 31 15
C 32 15
C 33 19
C 34 2
C 35 12
C 36 7
C 37 4
C 38 0
C 39 25
C 40 4
C 41 23
C 42 8
C 43 25
C 44 3
C 45 5
C 46 14
C 47 3
C 48 15
C 49 9
C 50 22
C 51 2
C 52 3
C 53 22
C 54 6
C 55 2
C 56 22
C 57 20
C 58 25
C 59 3
C 60 14
C 61 4
C 62 21
C 63 0
C 64 0
C 65 0
C 66 0
C 67 0
C 68 0
C 69 0
C 70 23
C 71 6
C 72 16
C 73 22
C 74 21
C 75 9
C 76 0
C 77 12
C 78 11
C 79 20
C 80 6
C 81 16
C 82 24
C 83 20
C 84 5
C 85 6
C 86 18
C 87 23
C 88 6
C 89 16
C 90 4
C 91 12
C 92 16
C 93 8
C 94 2
C 95 10
C 96 26
C 97 9
C 98 0
C 99 5
C 100 4
C 101 0
C 102 0
C 103 0
C 104 0
C 105 0
C 106 0
C 107 0
C 108 0
C 109 0
C 110 0
C 111 0
C 112 0
C 113 0
C 114 0
C 115 0
C 116 0
C 117 0
C 118 16
C 119 21
C 120 5
C 121 19
C 122 6
C 123 2
C 124 4
C 125 4
C 126 26
C 127 22
C 128 15
C 129 6
C 130 14
C 131 22
C 132 0
C 133 0
C 134 0
C 135 0
C 136 0
C 137 0
C 138 0
C 139 0
C 140 0
C 141 0
C 142 0
C 143 0
C 144 0
C 145 0
C 146 0
C 147 0
C 148 0
C 149 0
C 150 0
C 151 0
C 152 0
C 153 0
C 154 0
C 155 0
C 156 0
C 157 0
C 158 0
C 159 0
C 160 0
C 161 0
C 162 0
C 163 0
C 164 0
C 165 0
C 166 0
C 167 0
C 168 0
C 169 0
C 170 0
C 171 0
C 172 0
C 173 0
C 174 0
C 175 0
C 176 0
C 177 0
C 178 0
C 179 0
C 180 0
C 181 0
C 182 0
C 183 0
C 184 0
C 185 0
C 186 0
C 187 0
C 188 0
C 189 0
C 190 0
C 191 0
C 192 0
C 193 0
C 194 0
C 195 0
C 196 0
C 197 0
C 198 0
C 199 0
C 200 0
C 201 0
C 202 0
C 203 0
C 204 0
C 205 0
C 206 0
C 207 0
C 208 0
C 209 0
C 210 0
C 211 0
C 212 0
C 213 0
C 214 0
C 215 14
C 216 2
C 217 16
C 218 26
C 219 4
C 220 11
C 221 8
C 222 21
C 223 25
C 224 8
C 225 1
C 226 0
C 227 14
C 228 10
C 229 8
C 230 12
C 231 20
C 232 14
C 233 20
C 234 8
C 235 21
C 236 26
C 237 4
C 238 1
C 239 20
C 240 14
C 241 8
C 242 4
C 243 1
C 244 19
C 245 26
C 246 19
C 247 0
C 248 0
C 249 0
C 250 0
C 251 0
C 252 0
C 253 0
C 254 0
C 255 0
C 256 0
C 257 0
C 258 0
C 259 0
C 260 0
C 261 0
C 262 0
C 263 0
C 264 0
C 265 0
C 266 0
C 267 0
C 268 0
C 269 0
C 270 0
C 271 0
C 272 0
C 273 0
C 274 0
C 275 0
C 276 0
C 277 0
C 278 0
C 279 0
C 280 0
C 281 0
C 282 0
C 283 0
C 284 0
C 285 0
C 286 0
C 287 0
C 288 0
C 289 0
C 290 0
C 291 0
C 292 0
C 293 0
C 294 0
C 295 0
C 296 0
C 297 0
C 298 0
C 299 0
C 300 0
C 301 0
C 302 0
C 303 0
C 304 0
C 305 0
C 306 0
C 307 0
C 308 0
C 309 0
C 310 0
C 311 0
C 312 0
C 313 0
C 314 0
C 315 0
C 316 0
C 317 0
C 318 0
C 319 0
C 320 0
C 321 0
C 322 0
C 323 0
C 324 0
C 325 0
C 326 0
C 327 0
C 328 0
C 329 0
C 330 0
C 331 0
C 332 0
C 333 0
C 334 0
C 335 0
C 336 0
C 337 0
C 338 0
C 339 0
C 340 21
C 341 20
C 342 14
C 343 14
C 344 0
C 345 6
C 346 24
C 347 17
C 348 19
C 349 9
C 350 21
I 1 2 11 (3,2,2) (0,-1,-1,0)
I 0 3 15 (1,2,1) (0,-1,0,0)|(1,0,1,0)|(0,1,0,0)
I 4 1 15 (0,3,0) (1,0,-1,0)|(0,-1,-1,0)
