D (8,9,-1) (2,4,1)
D (12,-1,-1) (2,3,3)
D (12,-1,-1) (1,4,1)
D (10,11,-1) (5,1,5)
D (8,9,10) (0,2,1)
D (12,-1,-1) (2,0,5)
D (10,11,-1) (2,4,5)
D (8,9,-1) (4,2,4)
D (9,10,-1) (3,5,0)
D (7,8,-1) (4,5,0)
D (9,10,11) (4,1,0)
D (8,9,-1) (3,3,5)
D (9,10,-1) (1,5,4)
D (11,-1,-1) (3,0,4)
D (8,9,-1) (2,3,5)
D (11,12,-1) (1,3,4)
D (7,8,9) (0,4,5)
D (11,-1,-1) (2,3,2)
D (7,-1,-1) (0,0,0)
D (12,-1,-1) (2,1,5)
D (8,9,10) (4,1,5)
D (7,-1,-1) (0,5,3)
D (11,-1,-1) (1,2,3)
D (12,-1,-1) (0,3,5)
D (11,12,-1) (1,0,0)
D (12,-1,-1) (2,5,5)
D (10,-1,-1) (5,4,2)
D (9,10,11) (2,1,0)
D (8,9,10) (3,1,3)
D (10,11,-1) (1,0,2)
D (7,8,9) (1,1,1)
D (8,9,-1) (4,1,4)
D (12,-1,-1) (1,3,1)
D (8,9,-1) (4,4,1)
D (7,8,-1) (3,4,3)
D (10,11,-1) (1,4,3)
D (12,-1,-1) (3,5,5)
D (9,-1,-1) (4,0,5)
D (11,12,-1) (3,1,5)
D (7,8,9) (2,1,2)
D (8,-1,-1) (5,5,4)
D (7,-1,-1) (5,2,2)
D (10,-1,-1) (4,4,5)
D (9,10,-1) (3,2,4)
D (12,-1,-1) (3,0,0)
D (10,11,-1) (3,2,5)
D (7,8,-1) (5,1,4)
D (8,9,10) (5,0,2)
D (9,10,11) (2,2,4)
D (7,8,-1) (1,2,2)
D (9,-1,-1) (2,0,3)
D (9,10,11) (5,1,0)
C 0 17
C 1 12
C 2 25
C 3 9
C 4 20
C 5 25
C 6 8
C 7 17
C 8 19
C 9 7
C 10 21
C 11 15
C 12 14
C 13 9
C 14 5
C 15 21
C 16 12
C 17 12
C 18 2
C 19 5
C 20 4
C 21 8
C 22 0
C 23 19
C 24 25
C 25 7
C 26 9
C 27 2
C 28 23
C 29 25
C 30 6
C 31 16
C 32 25
C 33 12
C 34 18
C 35 11
C 36 26
C 37 3
C 38 0
C 39 0
C 40 0
C 41 0
C 42 0
C 43 0
C 44 0
C 45 0
C 46 0
C 47 0
C 48 0
C 49 0
C 50 0
C 51 0
C 52 0
C 53 0
C 54 0
C 55 0
C 56 0
C 57 0
C 58 0
C 59 0
C 60 0
C 61 19
C 62 8
C 63 25
C 64 16
C 65 19
C 66 20
C 67 17
C 68 11
C 69 11
C 70 10
C 71 12
C 72 8
C 73 12
C 74 23
C 75 8
C 76 3
C 77 1
C 78 2
C 79 11
C 80 14
C 81 20
C 82 22
C 83 6
C 84 18
C 85 11
C 86 21
C 87 10
C 88 2
C 89 19
C 90 19
C 91 9
C 92 3
C 93 25
C 94 7
C 95 4
C 96 21
C 97 23
C 98 3
C 99 24
C 100 26
C 101 15
C 102 1
C 103 22
C 104 12
C 105 4
C 106 21
C 107 16
C 108 1
C 109 0
C 110 25
C 111 16
C 112 16
C 113 21
C 114 7
C 115 25
C 116 7
C 117 4
C 118 9
C 119 12
C 120 17
C 121 22
C 122 20
C 123 15
C 124 8
C 125 11
C 126 7
C 127 10
C 128 5
C 129 20
C 130 0
C 131 0
C 132 0
C 133 0
C 134 0
C 135 0
C 136 0
C 137 0
C 138 0
C 139 0
C 140 0
C 141 0
C 142 0
C 143 0
C 144 0
C 145 0
C 146 0
C 147 0
C 148 0
C 149 0
C 150 0
C 151 0
C 152 0
C 153 0
C 154 0
C 155 0
C 156 0
C 157 0
C 158 0
C 159 0
C 160 0
C 161 0
C 162 0
C 163 0
C 164 0
C 165 0
C 166 0
C 167 0
C 168 0
C 169 0
C 170 0
C 171 0
C 172 0
C 173 0
C 174 0
C 175 0
C 176 0
C 177 0
C 178 0
C 179 0
C 180 0
C 181 0
C 182 0
C 183 0
C 184 0
C 185 0
C 186 0
C 187 0
C 188 0
C 189 0
C 190 0
C 191 0
C 192 0
C 193 0
C 194 0
C 195 0
C 196 0
C 197 0
C 198 0
C 199 0
C 200 0
C 201 0
C 202 0
C 203 0
C 204 0
C 205 0
C 206 0
C 207 0
C 208 0
C 209 0
C 210 0
C 211 0
C 212 0
C 213 0
C 214 0
C 215 0
C 216 0
C 217 0
C 218 0
C 219 0
C 220 0
C 221 0
C 222 0
C 223 0
C 224 0
C 225 0
C 226 0
C 227 0
C 228 0
C 229 0
C 230 0
C 231 0
C 232 0
C 233 0
C 234 0
C 235 0
C 236 0
C 237 0
C 238 0
C 239 0
C 240 0
C 241 0
C 242 0
C 243 0
C 244 0
C 245 7
C 246 0
C 247 0
C 248 0
C 249 0
C 250 0
C 251 0
C 252 0
C 253 0
C 254 0
C 255 0
C 256 0
C 257 0
C 258 0
C 259 0
C 260 0
C 261 0
C 262 0
C 263 0
C 264 0
C 265 0
C 266 0
C 267 0
C 268 0
C 269 0
C 270 0
C 271 0
C 272 0
C 273 0
C 274 0
C 275 0
C 276 0
C 277 0
C 278 0
C 279 0
C 280 0
C 281 0
C 282 0
C 283 0
C 284 0
C 285 0
C 286 0
C 287 0
C 288 0
C 289 0
C 290 0
C 291 0
C 292 0
C 293 0
C 294 0
C 295 0
C 296 0
C 297 0
C 298 0
C 299 0
C 300 0
C 301 0
C 302 0
C 303 0
C 304 0
C 305 0
C 306 0
C 307 0
C 308 10
C 309 24
C 310 10
C 311 3
C 312 2
C 313 12
C 314 22
C 315 19
C 316 1
C 317 3
C 318 21
C 319 20
C 320 9
C 321 25
C 322 3
C 323 4
C 324 14
C 325 11
C 326 3
C 327 25
C 328 2
C 329 12
C 330 5
C 331 17
C 332 1
C 333 22
C 334 15
C 335 15
C 336 0
C 337 0
C 338 0
C 339 0
C 340 0
C 341 0
C 342 0
C 343 0
C 344 0
C 345 0
C 346 0
C 347 26
C 348 18
C 349 12
C 350 1
I 2 1 5 (4,1,5) (1,-1,-1,0)|(1,0,0,0)
I 0 1 8 (0,2,4) (0,1,0,0)|(0,-1,1,0)
I 4 3 1 (1,0,5) (-1,0,0,0)|(1,0,0,0)
