D (9,10,11) (3,1,0)
D (12,-1,-1) (2,1,2)
D (7,8,9) (5,0,0)
D (11,12,-1) (1,1,1)
D (10,11,-1) (1,2,4)
D (11,12,-1) (2,3,5)
D (7,8,9) (2,5,4)
D (9,10,11) (1,0,3)
D (10,-1,-1) (0,3,1)
D (9,-1,-1) (3,2,1)
D (10,11,12) (5,2,3)
D (10,11,12) (0,5,0)
D (11,12,-1) (1,2,1)
D (11,-1,-1) (0,3,3)
D (7,-1,-1) (4,1,5)
D (9,10,11) (1,0,0)
D (8,9,10) (0,4,3)
D (12,-1,-1) (2,0,4)
D (9,10,-1) (3,3,1)
D (9,10,-1) (4,4,1)
D (12,-1,-1) (3,2,5)
D (12,-1,-1) (5,4,4)
D (11,12,-1) (5,5,2)
D (7,-1,-1) (0,1,3)
D (11,12,-1) (4,1,4)
D (10,11,-1) (2,4,1)
D (10,-1,-1) (0,5,2)
D (12,-1,-1) (5,3,3)
D (8,-1,-1) (2,4,0)
D (9,10,-1) (4,3,4)
D (9,-1,-1) (0,4,4)
D (9,10,11) (3,3,0)
D (9,10,-1) (5,3,2)
D (10,-1,-1) (5,1,4)
D (8,9,10) (5,3,0)
D (9,-1,-1) (1,1,5)
D (7,-1,-1) (5,0,3)
D (8,-1,-1) (1,5,5)
D (7,8,-1) (5,0,5)
D (8,9,10) (5,2,1)
D (8,9,-1) (4,5,0)
D (10,11,-1) (5,2,5)
D (12,-1,-1) (2,5,0)
D (10,11,12) (4,5,5)
D (11,12,-1) (0,4,5)
D (8,9,10) (4,0,4)
D (7,8,9) (1,2,3)
D (10,11,12) (4,0,0)
D (9,-1,-1) (3,0,3)
D (10,-1,-1) (4,3,0)
D (7,8,9) (2,3,0)
D (7,8,9) (3,5,3)
D (11,-1,-1) (5,1,0)
D (8,-1,-1) (4,1,1)
D (10,11,12) (4,2,2)
D (12,-1,-1) (2,2,4)
D (12,-1,-1) (5,0,1)
D (7,8,-1) (3,2,2)
D (11,12,-1) (1,5,4)
D (11,-1,-1) (1,5,2)
D (7,8,9) (4,0,3)
D (11,12,-1) (0,5,1)
D (12,-1,-1) (3,3,3)
D (11,12,-1) (0,2,1)
C 0 19
C 1 24
C 2 10
C 3 5
C 4 12
C 5 10
C 6 1
C 7 20
C 8 3
C 9 8
C 10 25
C 11 4
C 12 11
C 13 16
C 14 0
C 15 18
C 16 8
C 17 0
C 18 0
C 19 0
C 20 0
C 21 0
C 22 0
C 23 0
C 24 0
C 25 0
C 26 0
C 27 0
C 28 0
C 29 0
C 30 0
C 31 0
C 32 0
C 33 0
C 34 0
C 35 0
C 36 0
C 37 0
C 38 0
C 39 0
C 40 0
C 41 0
C 42 0
C 43 0
C 44 0
C 45 0
C 46 0
C 47 0
C 48 0
C 49 0
C 50 0
C 51 0
C 52 0
C 53 0
C 54 0
C 55 0
C 56 0
C 57 0
C 58 0
C 59 0
C 60 0
C 61 0
C 62 0
C 63 0
C 64 0
C 65 0
C 66 0
C 67 0
C 68 0
C 69 0
C 70 0
C 71 0
C 72 0
C 73 0
C 74 0
C 75 0
C 76 0
C 77 0
C 78 0
C 79 0
C 80 0
C 81 0
C 82 0
C 83 0
C 84 0
C 85 0
C 86 0
C 87 0
C 88 0
C 89 0
C 90 0
C 91 0
C 92 0
C 93 0
C 94 0
C 95 0
C 96 0
C 97 0
C 98 0
C 99 0
C 100 0
C 101 0
C 102 0
C 103 0
C 104 0
C 105 0
C 106 0
C 107 0
C 108 0
C 109 0
C 110 0
C 111 0
C 112 0
C 113 0
C 114 0
C 115 0
C 116 0
C 117 0
C 118 0
C 119 0
C 120 0
C 121 0
C 122 0
C 123 0
C 124 0
C 125 0
C 126 0
C 127 0
C 128 0
C 129 0
C 130 0
C 131 0
C 132 0
C 133 0
C 134 0
C 135 0
C 136 0
C 137 0
C 138 0
C 139 0
C 140 0
C 141 0
C 142 0
C 143 0
C 144 0
C 145 0
C 146 1
C 147 9
C 148 1
C 149 9
C 150 19
C 151 15
C 152 21
C 153 8
C 154 1
C 155 8
C 156 6
C 157 12
C 158 16
C 159 21
C 160 9
C 161 7
C 162 26
C 163 14
C 164 14
C 165 4
C 166 16
C 167 7
C 168 25
C 169 7
C 170 9
C 171 8
C 172 3
C 173 24
C 174 17
C 175 4
C 176 11
C 177 1
C 178 20
C 179 20
C 180 26
C 181 20
C 182 25
C 183 4
C 184 8
C 185 8
C 186 6
C 187 26
C 188 26
C 189 11
C 190 24
C 191 3
C 192 8
C 193 25
C 194 5
C 195 8
C 196 20
C 197 22
C 198 17
C 199 11
C 200 1
C 201 1
C 202 5
C 203 16
C 204 19
C 205 14
C 206 15
C 207 22
C 208 1
C 209 23
C 210 5
C 211 21
C 212 14
C 213 19
C 214 21
C 215 19
C 216 17
C 217 14
C 218 22
C 219 19
C 220 5
C 221 0
C 222 18
C 223 9
C 224 3
C 225 20
C 226 25
C 227 5
C 228 23
C 229 2
C 230 0
C 231 25
C 232 7
C 233 21
C 234 12
C 235 12
C 236 18
C 237 10
C 238 2
C 239 8
C 240 16
C 241 18
C 242 3
C 243 15
C 244 1
C 245 3
C 246 26
C 247 25
C 248 19
C 249 26
C 250 0
C 251 20
C 252 11
C 253 18
C 254 3
C 255 3
C 256 17
C 257 24
C 258 8
C 259 14
C 260 18
C 261 20
C 262 24
C 263 21
C 264 18
C 265 0
C 266 7
C 267 22
C 268 19
C 269 14
C 270 26
C 271 5
C 272 4
C 273 18
C 274 8
C 275 4
C 276 8
C 277 3
C 278 4
C 279 5
C 280 8
C 281 11
C 282 25
C 283 14
C 284 18
C 285 1
C 286 16
C 287 10
C 288 19
C 289 12
C 290 7
C 291 9
C 292 0
C 293 17
C 294 22
C 295 20
C 296 4
C 297 1
C 298 22
C 299 11
C 300 24
C 301 18
C 302 18
C 303 26
C 304 3
C 305 4
C 306 17
C 307 26
C 308 4
C 309 22
C 310 22
C 311 12
C 312 7
C 313 16
C 314 24
C 315 14
C 316 26
C 317 25
C 318 21
C 319 10
C 320 17
C 321 19
C 322 14
C 323 20
C 324 19
C 325 19
C 326 25
C 327 11
C 328 0
C 329 8
C 330 23
C 331 4
C 332 5
C 333 12
C 334 20
C 335 19
C 336 12
C 337 16
C 338 19
C 339 23
C 340 7
C 341 22
C 342 5
C 343 6
C 344 17
C 345 1
C 346 4
C 347 11
C 348 23
C 349 17
C 350 1
I 1 2 13 (2,5,2) (0,0,1,0)
I 3 3 20 (2,0,1) (1,0,0,0)|(-1,0,-1,0)
I 0 1 15 (3,1,0) (0,0,-1,0)|(0,1,0,0)
