D (7,-1,-1) (0,0,5)
D (7,8,9) (5,3,5)
D (7,8,-1) (5,3,1)
D (7,-1,-1) (2,1,5)
D (7,8,-1) (1,5,1)
D (9,-1,-1) (3,2,4)
D (11,12,-1) (1,0,4)
D (9,10,-1) (1,2,3)
D (11,-1,-1) (3,3,1)
D (7,8,-1) (1,5,3)
D (12,-1,-1) (0,2,1)
D (7,8,9) (0,4,0)
D (9,10,-1) (2,5,3)
D (10,-1,-1) (3,1,1)
D (8,-1,-1) (1,1,1)
D (8,9,10) (1,5,0)
D (8,9,-1) (2,1,3)
D (9,10,11) (5,4,0)
D (12,-1,-1) (1,4,5)
D (8,-1,-1) (1,0,3)
D (9,10,-1) (2,2,0)
D (10,11,-1) (0,5,5)
D (10,11,12) (4,3,5)
D (9,10,11) (5,1,0)
D (9,10,-1) (2,2,3)
D (9,10,-1) (0,4,5)
D (7,-1,-1) (0,0,0)
D (11,-1,-1) (1,1,4)
D (11,-1,-1) (3,0,3)
D (7,-1,-1) (0,3,1)
D (11,12,-1) (5,2,4)
D (7,8,-1) (1,1,0)
D (11,-1,-1) (5,2,1)
D (7,8,-1) (1,3,5)
D (7,8,9) (3,3,4)
D (9,-1,-1) (1,3,1)
D (12,-1,-1) (4,3,0)
D (12,-1,-1) (0,5,1)
D (12,-1,-1) (4,1,2)
D (12,-1,-1) (0,2,3)
D (11,12,-1) (0,1,3)
D (9,10,11) (5,5,4)
D (11,12,-1) (4,1,4)
D (12,-1,-1) (4,0,0)
D (12,-1,-1) (2,0,3)
D (12,-1,-1) (2,3,0)
D (12,-1,-1) (1,5,5)
C 0 26
C 1 20
C 2 5
C 3 12
C 4 6
C 5 24
C 6 21
C 7 1
C 8 1
C 9 19
C 10 12
C 11 22
C 12 25
C 13 10
C 14 7
C 15 20
C 16 18
C 17 14
C 18 10
C 19 18
C 20 1
C 21 20
C 22 26
C 23 1
C 24 3
C 25 8
C 26 23
C 27 17
C 28 8
C 29 15
C 30 11
C 31 3
C 32 20
C 33 11
C 34 3
C 35 23
C 36 14
C 37 26
C 38 17
C 39 8
C 40 12
C 41 4
C 42 20
C 43 9
C 44 6
C 45 25
C 46 24
C 47 7
C 48 19
C 49 12
C 50 22
C 51 4
C 52 18
C 53 7
C 54 9
C 55 2
C 56 22
C 57 19
C 58 10
C 59 20
C 60 18
C 61 8
C 62 9
C 63 25
C 64 15
C 65 7
C 66 4
C 67 25
C 68 1
C 69 9
C 70 14
C 71 24
C 72 7
C 73 25
C 74 6
C 75 20
C 76 6
C 77 7
C 78 15
C 79 24
C 80 0
C 81 11
C 82 7
C 83 17
C 84 12
C 85 22
C 86 21
C 87 3
C 88 14
C 89 8
C 90 25
C 91 5
C 92 26
C 93 12
C 94 4
C 95 19
C 96 22
C 97 5
C 98 1
C 99 4
C 100 16
C 101 21
C 102 15
C 103 9
C 104 5
C 105 3
C 106 20
C 107 25
C 108 8
C 109 22
C 110 4
C 111 6
C 112 16
C 113 22
C 114 17
C 115 10
C 116 20
C 117 25
C 118 1
C 119 3
C 120 17
C 121 11
C 122 5
C 123 18
C 124 6
C 125 8
C 126 15
C 127 21
C 128 1
C 129 22
C 130 5
C 131 14
C 132 16
C 133 20
C 134 26
C 135 9
C 136 15
C 137 16
C 138 26
C 139 0
C 140 18
C 141 25
C 142 25
C 143 7
C 144 23
C 145 8
C 146 11
C 147 1
C 148 25
C 149 8
C 150 26
C 151 10
C 152 4
C 153 12
C 154 22
C 155 20
C 156 4
C 157 7
C 158 8
C 159 23
C 160 15
C 161 20
C 162 21
C 163 14
C 164 15
C 165 8
C 166 7
C 167 21
C 168 20
C 169 22
C 170 18
C 171 17
C 172 0
C 173 21
C 174 17
C 175 5
C 176 16
C 177 9
C 178 9
C 179 15
C 180 14
C 181 7
C 182 23
C 183 17
C 184 26
C 185 9
C 186 15
C 187 20
C 188 5
C 189 10
C 190 10
C 191 26
C 192 7
C 193 9
C 194 20
C 195 20
C 196 6
C 197 23
C 198 3
C 199 22
C 200 4
C 201 6
C 202 24
C 203 8
C 204 3
C 205 3
C 206 12
C 207 26
C 208 3
C 209 17
C 210 0
C 211 12
C 212 7
C 213 20
C 214 2
C 215 21
C 216 6
C 217 23
C 218 25
C 219 8
C 220 21
C 221 17
C 222 26
C 223 5
C 224 22
C 225 2
C 226 9
C 227 20
C 228 22
C 229 6
C 230 25
C 231 20
C 232 25
C 233 23
C 234 10
C 235 17
C 236 24
C 237 21
C 238 18
C 239 26
C 240 7
C 241 25
C 242 16
C 243 25
C 244 7
C 245 2
C 246 23
C 247 20
C 248 0
C 249 17
C 250 8
C 251 14
C 252 24
C 253 15
C 254 17
C 255 3
C 256 1
C 257 16
C 258 12
C 259 12
C 260 22
C 261 14
C 262 11
C 263 15
C 264 5
C 265 14
C 266 20
C 267 4
C 268 6
C 269 24
C 270 6
C 271 17
C 272 25
C 273 23
C 274 19
C 275 21
C 276 25
C 277 14
C 278 5
C 279 10
C 280 10
C 281 23
C 282 20
C 283 26
C 284 26
C 285 14
C 286 8
C 287 26
C 288 16
C 289 16
C 290 2
C 291 9
C 292 14
C 293 10
C 294 5
C 295 23
C 296 4
C 297 3
C 298 19
C 299 4
C 300 2
C 301 18
C 302 9
C 303 2
C 304 8
C 305 0
C 306 14
C 307 14
C 308 16
C 309 17
C 310 9
C 311 19
C 312 15
C 313 21
C 314 5
C 315 2
C 316 19
C 317 11
C 318 26
C 319 10
C 320 26
C 321 3
C 322 21
C 323 12
C 324 23
C 325 21
C 326 22
C 327 5
C 328 14
C 329 23
C 330 1
C 331 24
C 332 7
C 333 3
C 334 25
C 335 5
C 336 15
C 337 16
C 338 12
C 339 15
C 340 16
C 341 1
C 342 14
C 343 19
C 344 21
C 345 10
C 346 22
C 347 5
C 348 3
C 349 26
C 350 26
I 0 1 1 (2,1,3) (-1,1,-1,0)|(-1,-1,1,0)|(-1,1,1,0)
I 4 2 7 (1,0,1) (1,1,-1,0)|(-1,1,0,0)|(1,0,1,0)|(1,-1,0,0)|(-1,1,-1,0)
I 0 1 11 (4,3,3) (0,0,-1,0)|(0,0,0,0)
