D (10,-1,-1) (5,1,4)
D (8,9,10) (0,2,4)
D (12,-1,-1) (1,5,1)
D (12,-1,-1) (4,0,1)
D (7,-1,-1) (5,3,5)
D (11,12,-1) (3,1,2)
D (8,9,-1) (3,0,2)
D (11,-1,-1) (5,4,0)
D (10,11,12) (2,1,4)
D (9,-1,-1) (5,4,3)
D (7,-1,-1) (4,2,1)
D (12,-1,-1) (2,3,5)
D (11,12,-1) (1,3,0)
D (12,-1,-1) (5,1,5)
D (9,10,-1) (2,2,4)
D (8,-1,-1) (2,0,5)
D (8,-1,-1) (3,3,3)
D (11,12,-1) (1,2,4)
D (11,-1,-1) (5,3,4)
D (7,-1,-1) (2,5,0)
D (9,10,-1) (0,4,0)
D (9,-1,-1) (3,4,2)
D (11,12,-1) (2,4,3)
D (9,-1,-1) (3,0,1)
D (12,-1,-1) (5,2,5)
D (11,-1,-1) (3,4,0)
D (7,8,-1) (4,1,5)
D (7,-1,-1) (0,0,0)
D (10,11,-1) (2,4,5)
D (8,-1,-1) (3,3,0)
D (9,10,11) (5,4,1)
D (8,-1,-1) (2,5,5)
D (8,9,10) (0,3,2)
D (7,8,9) (3,0,5)
D (12,-1,-1) (2,2,0)
D (12,-1,-1) (0,1,2)
D (12,-1,-1) (3,0,3)
D (7,8,9) (3,5,2)
D (9,-1,-1) (0,3,0)
D (12,-1,-1) (0,2,5)
D (8,-1,-1) (3,2,0)
D (9,10,11) (3,5,4)
D (8,9,10) (5,5,2)
D (12,-1,-1) (5,1,2)
D (11,12,-1) (4,0,3)
D (11,-1,-1) (0,5,5)
D (12,-1,-1) (2,2,1)
D (12,-1,-1) (2,5,4)
D (8,9,-1) (3,2,5)
D (11,12,-1) (2,3,0)
D (7,-1,-1) (3,2,3)
D (9,10,11) (4,5,1)
C 0 3
C 1 16
C 2 9
C 3 5
C 4 7
C 5 4
C 6 24
C 7 23
C 8 9
C 9 19
C 10 2
C 11 26
C 12 7
C 13 14
C 14 5
C 15 21
C 16 3
C 17 19
C 18 21
C 19 23
C 20 1
C 21 19
C 22 6
C 23 0
C 24 10
C 25 12
C 26 14
C 27 12
C 28 1
C 29 15
C 30 17
C 31 4
C 32 15
C 33 21
C 34 24
C 35 16
C 36 1
C 37 22
C 38 1
C 39 22
C 40 16
C 41 5
C 42 0
C 43 20
C 44 21
C 45 24
C 46 23
C 47 24
C 48 12
C 49 8
C 50 15
C 51 23
C 52 24
C 53 21
C 54 14
C 55 24
C 56 25
C 57 24
C 58 5
C 59 14
C 60 23
C 61 24
C 62 5
C 63 22
C 64 24
C 65 24
C 66 4
C 67 11
C 68 20
C 69 20
C 70 11
C 71 0
C 72 17
C 73 1
C 74 21
C 75 26
C 76 15
C 77 0
C 78 20
C 79 10
C 80 14
C 81 7
C 82 21
C 83 18
C 84 7
C 85 6
C 86 9
C 87 3
C 88 8
C 89 3
C 90 19
C 91 4
C 92 3
C 93 0
C 94 0
C 95 0
C 96 0
C 97 0
C 98 0
C 99 0
C 100 0
C 101 0
C 102 0
C 103 0
C 104 0
C 105 0
C 106 0
C 107 0
C 108 0
C 109 0
C 110 0
C 111 0
C 112 0
C 113 0
C 114 0
C 115 0
C 116 0
C 117 0
C 118 0
C 119 0
C 120 0
C 121 0
C 122 0
C 123 0
C 124 0
C 125 0
C 126 0
C 127 0
C 128 0
C 129 0
C 130 0
C 131 0
C 132 0
C 133 0
C 134 0
C 135 0
C 136 0
C 137 0
C 138 0
C 139 0
C 140 0
C 141 0
C 142 0
C 143 0
C 144 0
C 145 0
C 146 0
C 147 0
C 148 11
C 149 11
C 150 5
C 151 11
C 152 23
C 153 17
C 154 7
C 155 18
C 156 14
C 157 11
C 158 4
C 159 9
C 160 9
C 161 12
C 162 23
C 163 4
C 164 19
C 165 3
C 166 17
C 167 16
C 168 10
C 169 19
C 170 24
C 171 18
C 172 19
C 173 21
C 174 20
C 175 16
C 176 9
C 177 12
C 178 6
C 179 8
C 180 23
C 181 5
C 182 24
C 183 14
C 184 0
C 185 0
C 186 26
C 187 2
C 188 12
C 189 0
C 190 25
C 191 4
C 192 2
C 193 26
C 194 20
C 195 2
C 196 0
C 197 26
C 198 1
C 199 6
C 200 26
C 201 4
C 202 3
C 203 9
C 204 9
C 205 2
C 206 4
C 207 5
C 208 18
C 209 4
C 210 19
C 211 18
C 212 19
C 213 20
C 214 21
C 215 11
C 216 2
C 217 16
C 218 21
C 219 4
C 220 20
C 221 6
C 222 22
C 223 11
C 224 21
C 225 1
C 226 9
C 227 21
C 228 6
C 229 6
C 230 18
C 231 24
C 232 4
C 233 11
C 234 7
C 235 26
C 236 14
C 237 17
C 238 17
C 239 26
C 240 8
C 241 23
C 242 22
C 243 0
C 244 14
C 245 18
C 246 0
C 247 0
C 248 0
C 249 0
C 250 0
C 251 0
C 252 0
C 253 0
C 254 0
C 255 0
C 256 0
C 257 0
C 258 0
C 259 0
C 260 0
C 261 0
C 262 0
C 263 0
C 264 0
C 265 0
C 266 0
C 267 0
C 268 0
C 269 0
C 270 0
C 271 0
C 272 0
C 273 0
C 274 0
C 275 0
C 276 0
C 277 0
C 278 0
C 279 0
C 280 0
C 281 24
C 282 6
C 283 17
C 284 14
C 285 3
C 286 14
C 287 12
C 288 17
C 289 4
C 290 1
C 291 11
C 292 22
C 293 1
C 294 22
C 295 2
C 296 1
C 297 24
C 298 21
C 299 22
C 300 16
C 301 22
C 302 8
C 303 14
C 304 12
C 305 3
C 306 22
C 307 6
C 308 1
C 309 3
C 310 3
C 311 4
C 312 9
C 313 23
C 314 22
C 315 0
C 316 0
C 317 7
C 318 11
C 319 3
C 320 4
C 321 12
C 322 6
C 323 17
C 324 14
C 325 7
C 326 2
C 327 18
C 328 2
C 329 22
C 330 12
C 331 18
C 332 3
C 333 12
C 334 26
C 335 0
C 336 23
C 337 18
C 338 9
C 339 16
C 340 20
C 341 6
C 342 19
C 343 20
C 344 1
C 345 24
C 346 3
C 347 23
C 348 18
C 349 21
C 350 26
I 4 1 7 (1,0,0) (1,-1,0,0)
I 0 2 3 (1,2,3) (0,-1,0,0)|(-1,1,-1,0)|(-1,1,1,0)|(-1,0,0,0)
I 0 2 2 (3,0,4) (0,0,1,0)
