D (12,-1,-1) (2,1,0)
D (8,9,-1) (1,5,2)
D (11,12,-1) (4,2,3)
D (12,-1,-1) (2,0,1)
D (7,-1,-1) (1,5,1)
D (12,-1,-1) (2,4,0)
D (7,8,-1) (5,1,3)
D (8,-1,-1) (0,1,0)
D (12,-1,-1) (3,3,3)
D (8,-1,-1) (4,2,2)
D (10,11,12) (5,0,0)
D (7,8,9) (2,2,3)
D (9,-1,-1) (3,3,2)
D (12,-1,-1) (0,3,4)
D (10,-1,-1) (1,0,4)
D (10,11,12) (1,1,3)
D (8,-1,-1) (2,5,5)
D (9,10,-1) (5,1,0)
D (12,-1,-1) (2,3,2)
D (9,-1,-1) (0,1,4)
D (11,12,-1) (1,0,1)
D (12,-1,-1) (0,5,4)
D (9,10,-1) (5,5,5)
D (11,12,-1) (3,1,5)
D (10,-1,-1) (2,2,4)
D (10,-1,-1) (3,1,0)
D (7,-1,-1) (4,1,0)
D (7,8,9) (0,1,5)
D (9,-1,-1) (2,1,5)
D (7,8,9) (2,0,2)
D (12,-1,-1) (5,4,1)
D (7,-1,-1) (4,0,5)
D (10,-1,-1) (3,5,5)
D (10,11,-1) (5,3,2)
D (11,12,-1) (2,4,3)
D (9,10,-1) (0,3,0)
D (11,12,-1) (0,2,0)
D (12,-1,-1) (1,3,4)
D (8,9,-1) (4,2,4)
D (8,9,-1) (4,4,4)
D (7,8,9) (0,0,4)
D (10,11,12) (4,2,1)
D (12,-1,-1) (2,0,0)
D (10,11,12) (4,3,3)
D (11,12,-1) (0,5,2)
D (11,12,-1) (4,2,0)
D (8,9,10) (1,3,3)
D (8,9,-1) (3,2,5)
D (9,-1,-1) (5,5,0)
D (9,10,-1) (2,4,5)
D (10,11,12) (5,4,2)
D (7,-1,-1) (3,4,4)
D (11,12,-1) (5,3,3)
D (9,10,-1) (2,1,4)
D (11,12,-1) (3,5,2)
D (12,-1,-1) (5,4,3)
D (7,-1,-1) (2,5,2)
D (7,8,-1) (1,4,3)
D (9,10,-1) (4,4,2)
D (12,-1,-1) (1,3,1)
D (9,10,-1) (1,2,0)
D (8,9,-1) (0,3,1)
D (11,12,-1) (3,2,3)
D (7,-1,-1) (4,5,1)
D (7,8,9) (0,0,1)
D (7,8,9) (3,3,1)
D (8,-1,-1) (2,2,1)
C 0 9
C 1 5
C 2 25
C 3 15
C 4 22
C 5 1
C 6 17
C 7 12
C 8 26
C 9 18
C 10 2
C 11 26
C 12 18
C 13 3
C 14 25
C 15 5
C 16 2
C 17 6
C 18 20
C 19 12
C 20 6
C 21 7
C 22 23
C 23 24
C 24 20
C 25 11
C 26 16
C 27 15
C 28 4
C 29 6
C 30 7
C 31 0
C 32 15
C 33 19
C 34 6
C 35 2
C 36 6
C 37 3
C 38 3
C 39 0
C 40 9
C 41 4
C 42 2
C 43 8
C 44 17
C 45 20
C 46 26
C 47 14
C 48 25
C 49 25
C 50 20
C 51 15
C 52 18
C 53 12
C 54 3
C 55 17
C 56 12
C 57 6
C 58 18
C 59 0
C 60 0
C 61 0
C 62 0
C 63 0
C 64 0
C 65 0
C 66 0
C 67 0
C 68 0
C 69 0
C 70 0
C 71 0
C 72 0
C 73 0
C 74 0
C 75 0
C 76 0
C 77 0
C 78 0
C 79 0
C 80 0
C 81 0
C 82 0
C 83 0
C 84 0
C 85 0
C 86 0
C 87 0
C 88 0
C 89 0
C 90 0
C 91 0
C 92 0
C 93 0
C 94 0
C 95 0
C 96 0
C 97 0
C 98 0
C 99 0
C 100 0
C 101 0
C 102 0
C 103 0
C 104 22
C 105 7
C 106 17
C 107 14
C 108 22
C 109 22
C 110 11
C 111 10
C 112 23
C 113 14
C 114 14
C 115 14
C 116 11
C 117 8
C 118 1
C 119 11
C 120 9
C 121 26
C 122 14
C 123 9
C 124 16
C 125 0
C 126 0
C 127 18
C 128 3
C 129 21
C 130 16
C 131 8
C 132 7
C 133 16
C 134 3
C 135 24
C 136 22
C 137 1
C 138 19
C 139 7
C 140 9
C 141 15
C 142 25
C 143 6
C 144 8
C 145 17
C 146 8
C 147 3
C 148 3
C 149 8
C 150 11
C 151 23
C 152 8
C 153 24
C 154 15
C 155 3
C 156 24
C 157 19
C 158 15
C 159 26
C 160 14
C 161 25
C 162 24
C 163 23
C 164 10
C 165 8
C 166 18
C 167 18
C 168 6
C 169 10
C 170 22
C 171 1
C 172 0
C 173 14
C 174 17
C 175 10
C 176 6
C 177 4
C 178 19
C 179 4
C 180 3
C 181 5
C 182 2
C 183 16
C 184 1
C 185 2
C 186 26
C 187 25
C 188 26
C 189 1
C 190 18
C 191 26
C 192 2
C 193 2
C 194 9
C 195 23
C 196 26
C 197 17
C 198 5
C 199 16
C 200 1
C 201 0
C 202 0
C 203 10
C 204 11
C 205 18
C 206 2
C 207 15
C 208 21
C 209 26
C 210 8
C 211 25
C 212 22
C 213 1
C 214 4
C 215 15
C 216 25
C 217 14
C 218 9
C 219 8
C 220 24
C 221 5
C 222 5
C 223 17
C 224 3
C 225 26
C 226 2
C 227 1
C 228 10
C 229 11
C 230 23
C 231 20
C 232 20
C 233 20
C 234 0
C 235 0
C 236 0
C 237 0
C 238 0
C 239 0
C 240 0
C 241 0
C 242 0
C 243 0
C 244 0
C 245 0
C 246 0
C 247 0
C 248 0
C 249 0
C 250 0
C 251 0
C 252 0
C 253 0
C 254 0
C 255 0
C 256 0
C 257 0
C 258 0
C 259 0
C 260 0
C 261 0
C 262 0
C 263 0
C 264 0
C 265 0
C 266 0
C 267 0
C 268 0
C 269 0
C 270 0
C 271 0
C 272 0
C 273 0
C 274 0
C 275 0
C 276 0
C 277 0
C 278 0
C 279 0
C 280 0
C 281 0
C 282 0
C 283 0
C 284 0
C 285 0
C 286 0
C 287 0
C 288 0
C 289 0
C 290 0
C 291 0
C 292 0
C 293 0
C 294 0
C 295 0
C 296 0
C 297 0
C 298 0
C 299 0
C 300 0
C 301 0
C 302 0
C 303 0
C 304 0
C 305 0
C 306 0
C 307 0
C 308 2
C 309 22
C 310 1
C 311 17
C 312 12
C 313 18
C 314 18
C 315 12
C 316 9
C 317 11
C 318 22
C 319 16
C 320 20
C 321 25
C 322 18
C 323 18
C 324 24
C 325 12
C 326 4
C 327 22
C 328 14
C 329 26
C 330 17
C 331 16
C 332 22
C 333 6
C 334 15
C 335 3
C 336 17
C 337 18
C 338 4
C 339 20
C 340 17
C 341 0
C 342 16
C 343 18
C 344 12
C 345 3
C 346 25
C 347 5
C 348 3
C 349 8
C 350 23
I 0 3 18 (2,0,5) (0,0,-1,0)
I 4 1 18 (3,4,2) (0,0,-1,0)
I 0 1 18 (1,3,2) (0,-1,0,0)
