D (12,-1,-1) (3,4,0)
D (10,11,12) (3,2,1)
D (11,-1,-1) (5,1,3)
D (9,10,-1) (3,1,5)
D (12,-1,-1) (2,0,3)
D (9,10,-1) (4,2,4)
D (9,-1,-1) (1,5,2)
D (8,9,-1) (3,5,2)
D (8,-1,-1) (3,3,5)
D (12,-1,-1) (2,3,4)
D (8,9,10) (0,0,1)
D (12,-1,-1) (5,1,4)
D (7,8,9) (0,4,4)
D (9,10,-1) (1,0,4)
D (10,-1,-1) (1,4,3)
D (11,-1,-1) (4,4,2)
D (11,12,-1) (3,4,1)
D (7,-1,-1) (4,5,1)
D (8,-1,-1) (0,0,0)
D (8,9,-1) (2,0,1)
D (8,9,-1) (0,0,4)
D (10,11,12) (3,4,5)
D (7,8,9) (1,5,5)
D (8,9,10) (0,1,3)
D (11,-1,-1) (3,5,0)
D (12,-1,-1) (0,5,0)
D (12,-1,-1) (4,0,2)
D (12,-1,-1) (2,1,0)
D (10,11,-1) (4,0,5)
D (9,10,-1) (5,5,3)
D (7,8,-1) (4,0,3)
D (7,-1,-1) (1,0,0)
D (7,8,9) (2,0,2)
D (8,9,10) (0,1,5)
D (9,10,-1) (3,0,5)
D (7,8,-1) (4,3,5)
D (8,9,10) (3,2,0)
D (8,9,-1) (0,1,2)
D (10,11,12) (5,3,5)
D (7,8,9) (2,1,1)
D (10,11,12) (5,4,2)
D (8,9,-1) (2,2,4)
D (9,10,11) (1,0,5)
D (7,8,-1) (0,0,3)
C 0 9
C 1 23
C 2 20
C 3 8
C 4 3
C 5 4
C 6 17
C 7 17
C 8 25
C 9 24
C 10 7
C 11 2
C 12 8
C 13 23
C 14 1
C 15 23
C 16 0
C 17 7
C 18 11
C 19 10
C 20 0
C 21 0
C 22 0
C 23 0
C 24 0
C 25 0
C 26 0
C 27 0
C 28 0
C 29 0
C 30 0
C 31 0
C 32 0
C 33 0
C 34 0
C 35 0
C 36 0
C 37 0
C 38 0
C 39 0
C 40 0
C 41 0
C 42 0
C 43 0
C 44 0
C 45 0
C 46 0
C 47 0
C 48 0
C 49 0
C 50 0
C 51 0
C 52 0
C 53 0
C 54 0
C 55 0
C 56 0
C 57 0
C 58 0
C 59 0
C 60 0
C 61 0
C 62 0
C 63 0
C 64 0
C 65 0
C 66 22
C 67 22
C 68 21
C 69 21
C 70 26
C 71 10
C 72 21
C 73 2
C 74 1
C 75 25
C 76 21
C 77 17
C 78 8
C 79 7
C 80 16
C 81 9
C 82 1
C 83 4
C 84 14
C 85 4
C 86 10
C 87 1
C 88 2
C 89 23
C 90 8
C 91 24
C 92 8
C 93 0
C 94 1
C 95 23
C 96 15
C 97 16
C 98 15
C 99 7
C 100 11
C 101 2
C 102 2
C 103 15
C 104 24
C 105 24
C 106 23
C 107 4
C 108 16
C 109 2
C 110 8
C 111 22
C 112 15
C 113 26
C 114 26
C 115 14
C 116 14
C 117 11
C 118 4
C 119 24
C 120 10
C 121 23
C 122 9
C 123 17
C 124 15
C 125 18
C 126 10
C 127 15
C 128 0
C 129 15
C 130 8
C 131 18
C 132 0
C 133 26
C 134 7
C 135 12
C 136 20
C 137 17
C 138 0
C 139 14
C 140 12
C 141 9
C 142 17
C 143 16
C 144 15
C 145 16
C 146 15
C 147 6
C 148 12
C 149 1
C 150 22
C 151 3
C 152 0
C 153 1
C 154 16
C 155 10
C 156 11
C 157 11
C 158 4
C 159 4
C 160 1
C 161 16
C 162 9
C 163 22
C 164 20
C 165 26
C 166 17
C 167 9
C 168 25
C 169 25
C 170 17
C 171 8
C 172 22
C 173 6
C 174 15
C 175 2
C 176 21
C 177 17
C 178 5
C 179 8
C 180 10
C 181 4
C 182 16
C 183 14
C 184 11
C 185 1
C 186 6
C 187 9
C 188 5
C 189 21
C 190 10
C 191 7
C 192 0
C 193 12
C 194 5
C 195 10
C 196 23
C 197 4
C 198 25
C 199 16
C 200 3
C 201 10
C 202 18
C 203 9
C 204 23
C 205 11
C 206 19
C 207 4
C 208 23
C 209 0
C 210 12
C 211 22
C 212 18
C 213 14
C 214 23
C 215 11
C 216 3
C 217 16
C 218 26
C 219 3
C 220 16
C 221 15
C 222 0
C 223 14
C 224 17
C 225 15
C 226 26
C 227 0
C 228 18
C 229 4
C 230 21
C 231 17
C 232 16
C 233 9
C 234 8
C 235 11
C 236 26
C 237 0
C 238 0
C 239 10
C 240 22
C 241 22
C 242 15
C 243 2
C 244 20
C 245 10
C 246 1
C 247 24
C 248 6
C 249 23
C 250 15
C 251 3
C 252 12
C 253 22
C 254 21
C 255 8
C 256 26
C 257 10
C 258 5
C 259 2
C 260 19
C 261 19
C 262 8
C 263 10
C 264 23
C 265 17
C 266 20
C 267 8
C 268 18
C 269 4
C 270 8
C 271 20
C 272 21
C 273 21
C 274 0
C 275 0
C 276 12
C 277 14
C 278 6
C 279 16
C 280 6
C 281 12
C 282 2
C 283 25
C 284 9
C 285 20
C 286 15
C 287 10
C 288 0
C 289 25
C 290 26
C 291 14
C 292 18
C 293 16
C 294 23
C 295 14
C 296 14
C 297 24
C 298 8
C 299 22
C 300 11
C 301 10
C 302 6
C 303 19
C 304 8
C 305 5
C 306 23
C 307 7
C 308 7
C 309 17
C 310 16
C 311 23
C 312 10
C 313 6
C 314 16
C 315 14
C 316 18
C 317 2
C 318 8
C 319 21
C 320 16
C 321 2
C 322 19
C 323 8
C 324 17
C 325 6
C 326 19
C 327 4
C 328 14
C 329 16
C 330 6
C 331 21
C 332 15
C 333 17
C 334 23
C 335 5
C 336 23
C 337 12
C 338 6
C 339 3
C 340 12
C 341 7
C 342 20
C 343 10
C 344 23
C 345 12
C 346 2
C 347 12
C 348 11
C 349 8
C 350 25
I 3 1 8 (1,1,0) (0,1,0,0)
I 1 2 3 (4,2,3) (0,-1,0,0)
I 2 1 8 (1,2,4) (-1,1,0,0)
