D (10,-1,-1) (0,5,4)
D (12,-1,-1) (3,4,3)
D (9,10,-1) (4,0,4)
D (11,-1,-1) (4,0,1)
D (10,-1,-1) (1,5,3)
D (11,12,-1) (1,5,5)
D (7,8,9) (3,3,4)
D (7,8,9) (2,0,2)
D (8,9,-1) (2,3,5)
D (8,9,10) (2,5,2)
D (10,-1,-1) (2,3,3)
D (7,8,9) (0,5,1)
D (8,9,10) (5,2,3)
D (12,-1,-1) (3,3,3)
D (7,-1,-1) (3,4,4)
D (11,12,-1) (5,0,2)
D (8,9,10) (3,0,5)
D (7,8,-1) (4,4,5)
D (12,-1,-1) (3,4,0)
D (10,-1,-1) (3,5,5)
D (8,9,10) (2,3,2)
D (10,-1,-1) (5,5,1)
D (8,9,-1) (4,0,2)
D (11,12,-1) (3,1,1)
D (10,11,12) (3,1,3)
D (10,11,-1) (4,5,0)
D (10,11,-1) (4,3,2)
D (12,-1,-1) (1,5,1)
D (12,-1,-1) (1,3,5)
D (8,9,-1) (5,1,5)
D (11,-1,-1) (0,0,2)
D (12,-1,-1) (2,1,1)
D (7,-1,-1) (5,0,5)
D (10,11,-1) (5,2,0)
D (9,-1,-1) (0,0,4)
D (9,10,-1) (0,4,4)
D (9,10,11) (0,1,3)
D (8,9,-1) (4,2,5)
D (9,-1,-1) (2,0,4)
D (9,10,-1) (0,3,0)
D (9,-1,-1) (5,5,2)
D (8,9,-1) (0,3,2)
D (12,-1,-1) (4,2,4)
D (12,-1,-1) (1,2,4)
D (10,-1,-1) (0,3,3)
D (9,-1,-1) (5,5,5)
D (8,9,10) (4,4,0)
D (11,12,-1) (1,3,2)
D (11,-1,-1) (5,1,4)
D (12,-1,-1) (3,1,2)
D (8,-1,-1) (5,2,4)
D (8,-1,-1) (2,1,4)
D (9,-1,-1) (0,1,1)
D (7,8,9) (0,2,3)
D (10,11,12) (0,0,0)
D (10,-1,-1) (0,4,0)
D (7,8,-1) (0,4,5)
C 0 25
C 1 3
C 2 3
C 3 15
C 4 19
C 5 12
C 6 25
C 7 24
C 8 20
C 9 11
C 10 18
C 11 16
C 12 20
C 13 19
C 14 22
C 15 26
C 16 0
C 17 3
C 18 11
C 19 26
C 20 23
C 21 3
C 22 7
C 23 0
C 24 0
C 25 0
C 26 0
C 27 0
C 28 0
C 29 0
C 30 0
C 31 0
C 32 0
C 33 0
C 34 0
C 35 0
C 36 0
C 37 0
C 38 0
C 39 0
C 40 0
C 41 0
C 42 0
C 43 0
C 44 0
C 45 0
C 46 0
C 47 0
C 48 0
C 49 0
C 50 0
C 51 0
C 52 0
C 53 0
C 54 0
C 55 0
C 56 0
C 57 0
C 58 0
C 59 0
C 60 0
C 61 0
C 62 0
C 63 0
C 64 0
C 65 0
C 66 0
C 67 0
C 68 0
C 69 0
C 70 0
C 71 0
C 72 0
C 73 0
C 74 0
C 75 0
C 76 0
C 77 0
C 78 0
C 79 0
C 80 0
C 81 0
C 82 0
C 83 0
C 84 0
C 85 0
C 86 0
C 87 0
C 88 0
C 89 0
C 90 0
C 91 0
C 92 0
C 93 0
C 94 0
C 95 0
C 96 0
C 97 0
C 98 0
C 99 6
C 100 9
C 101 8
C 102 25
C 103 18
C 104 22
C 105 6
C 106 23
C 107 23
C 108 26
C 109 26
C 110 10
C 111 1
C 112 18
C 113 14
C 114 18
C 115 5
C 116 4
C 117 3
C 118 2
C 119 2
C 120 14
C 121 1
C 122 3
C 123 5
C 124 24
C 125 25
C 126 0
C 127 10
C 128 1
C 129 20
C 130 20
C 131 7
C 132 7
C 133 15
C 134 26
C 135 14
C 136 21
C 137 26
C 138 22
C 139 6
C 140 19
C 141 5
C 142 3
C 143 6
C 144 9
C 145 9
C 146 12
C 147 25
C 148 15
C 149 2
C 150 16
C 151 25
C 152 14
C 153 3
C 154 22
C 155 26
C 156 2
C 157 11
C 158 21
C 159 2
C 160 3
C 161 24
C 162 15
C 163 1
C 164 5
C 165 0
C 166 14
C 167 20
C 168 6
C 169 9
C 170 19
C 171 11
C 172 6
C 173 16
C 174 17
C 175 3
C 176 21
C 177 2
C 178 17
C 179 10
C 180 19
C 181 24
C 182 11
C 183 14
C 184 3
C 185 22
C 186 18
C 187 20
C 188 24
C 189 26
C 190 11
C 191 11
C 192 22
C 193 12
C 194 26
C 195 7
C 196 19
C 197 17
C 198 17
C 199 21
C 200 7
C 201 17
C 202 26
C 203 7
C 204 3
C 205 0
C 206 2
C 207 12
C 208 14
C 209 25
C 210 4
C 211 26
C 212 16
C 213 18
C 214 10
C 215 4
C 216 21
C 217 20
C 218 11
C 219 12
C 220 0
C 221 15
C 222 22
C 223 6
C 224 23
C 225 20
C 226 17
C 227 22
C 228 11
C 229 9
C 230 24
C 231 6
C 232 16
C 233 11
C 234 7
C 235 9
C 236 7
C 237 23
C 238 9
C 239 16
C 240 11
C 241 20
C 242 0
C 243 0
C 244 25
C 245 2
C 246 17
C 247 7
C 248 0
C 249 11
C 250 6
C 251 22
C 252 9
C 253 9
C 254 15
C 255 6
C 256 20
C 257 19
C 258 5
C 259 20
C 260 26
C 261 6
C 262 9
C 263 23
C 264 24
C 265 24
C 266 9
C 267 26
C 268 17
C 269 1
C 270 14
C 271 15
C 272 1
C 273 1
C 274 11
C 275 5
C 276 15
C 277 16
C 278 23
C 279 12
C 280 5
C 281 10
C 282 25
C 283 9
C 284 1
C 285 24
C 286 7
C 287 12
C 288 12
C 289 5
C 290 12
C 291 18
C 292 16
C 293 15
C 294 0
C 295 20
C 296 17
C 297 4
C 298 15
C 299 4
C 300 5
C 301 4
C 302 24
C 303 22
C 304 2
C 305 24
C 306 16
C 307 9
C 308 17
C 309 20
C 310 1
C 311 21
C 312 12
C 313 4
C 314 9
C 315 14
C 316 9
C 317 7
C 318 25
C 319 3
C 320 7
C 321 12
C 322 17
C 323 17
C 324 4
C 325 10
C 326 2
C 327 21
C 328 25
C 329 4
C 330 6
C 331 15
C 332 24
C 333 1
C 334 24
C 335 16
C 336 16
C 337 6
C 338 6
C 339 5
C 340 19
C 341 4
C 342 17
C 343 1
C 344 19
C 345 24
C 346 24
C 347 19
C 348 3
C 349 19
C 350 20
I 0 3 12 (0,0,0) (1,0,1,0)
I 5 1 3 (1,4,3) (1,0,-1,0)
I 5 1 13 (4,4,3) (0,-1,-1,0)
