D (11,-1,-1) (4,5,0)
D (10,11,-1) (0,0,5)
D (7,8,-1) (3,3,4)
D (8,9,-1) (0,1,3)
D (9,10,11) (4,5,1)
D (7,8,9) (3,0,3)
D (8,-1,-1) (5,1,1)
D (12,-1,-1) (0,4,3)
D (7,8,-1) (1,5,0)
D (8,9,10) (1,5,2)
D (11,12,-1) (2,1,2)
D (10,11,-1) (0,1,5)
D (8,9,-1) (0,5,1)
D (12,-1,-1) (3,3,2)
D (10,-1,-1) (5,3,3)
D (9,10,-1) (4,0,5)
D (11,12,-1) (3,3,3)
D (11,-1,-1) (0,3,4)
D (12,-1,-1) (1,2,0)
D (7,8,-1) (0,2,0)
D (12,-1,-1) (5,2,2)
D (9,10,-1) (5,2,5)
D (9,10,-1) (2,5,1)
D (11,12,-1) (2,2,2)
D (7,-1,-1) (3,1,1)
D (9,-1,-1) (3,3,0)
D (8,9,-1) (3,0,4)
D (8,-1,-1) (2,0,1)
D (10,11,-1) (4,3,3)
D (9,10,-1) (0,4,4)
D (11,-1,-1) (2,1,5)
D (9,10,11) (5,3,1)
D (7,8,-1) (3,1,0)
D (12,-1,-1) (0,0,2)
D (8,9,10) (4,4,1)
D (8,9,10) (5,2,1)
D (12,-1,-1) (5,3,5)
D (12,-1,-1) (2,0,0)
D (7,-1,-1) (0,2,1)
D (11,12,-1) (3,5,3)
D (12,-1,-1) (5,1,2)
D (9,10,-1) (2,0,4)
D (12,-1,-1) (0,2,5)
D (11,-1,-1) (5,0,4)
D (10,11,12) (5,4,3)
D (9,-1,-1) (3,2,2)
C 0 17
C 1 9
C 2 26
C 3 23
C 4 9
C 5 7
C 6 11
C 7 10
C 8 26
C 9 17
C 10 19
C 11 14
C 12 22
C 13 26
C 14 20
C 15 24
C 16 26
C 17 10
C 18 14
C 19 25
C 20 14
C 21 25
C 22 7
C 23 4
C 24 4
C 25 10
C 26 17
C 27 11
C 28 10
C 29 23
C 30 19
C 31 14
C 32 21
C 33 1
C 34 0
C 35 4
C 36 23
C 37 3
C 38 11
C 39 2
C 40 23
C 41 20
C 42 25
C 43 7
C 44 5
C 45 25
C 46 10
C 47 6
C 48 8
C 49 1
C 50 15
C 51 16
C 52 5
C 53 24
C 54 22
C 55 7
C 56 12
C 57 26
C 58 4
C 59 18
C 60 20
C 61 2
C 62 2
C 63 26
C 64 19
C 65 10
C 66 25
C 67 7
C 68 4
C 69 21
C 70 24
C 71 5
C 72 6
C 73 3
C 74 24
C 75 0
C 76 6
C 77 0
C 78 2
C 79 26
C 80 17
C 81 2
C 82 8
C 83 25
C 84 17
C 85 8
C 86 5
C 87 1
C 88 19
C 89 12
C 90 6
C 91 15
C 92 0
C 93 2
C 94 21
C 95 14
C 96 17
C 97 8
C 98 3
C 99 8
C 100 9
C 101 20
C 102 18
C 103 18
C 104 2
C 105 0
C 106 8
C 107 19
C 108 25
C 109 8
C 110 2
C 111 8
C 112 1
C 113 11
C 114 19
C 115 18
C 116 10
C 117 25
C 118 23
C 119 9
C 120 25
C 121 7
C 122 21
C 123 21
C 124 4
C 125 14
C 126 20
C 127 18
C 128 20
C 129 8
C 130 15
C 131 2
C 132 6
C 133 10
C 134 12
C 135 25
C 136 21
C 137 5
C 138 1
C 139 7
C 140 1
C 141 26
C 142 8
C 143 20
C 144 25
C 145 9
C 146 25
C 147 9
C 148 17
C 149 20
C 150 10
C 151 8
C 152 24
C 153 10
C 154 23
C 155 4
C 156 18
C 157 26
C 158 6
C 159 4
C 160 1
C 161 15
C 162 9
C 163 26
C 164 0
C 165 0
C 166 0
C 167 0
C 168 0
C 169 0
C 170 0
C 171 0
C 172 0
C 173 0
C 174 0
C 175 0
C 176 0
C 177 0
C 178 0
C 179 0
C 180 0
C 181 0
C 182 0
C 183 0
C 184 0
C 185 0
C 186 0
C 187 0
C 188 0
C 189 0
C 190 0
C 191 0
C 192 0
C 193 0
C 194 0
C 195 0
C 196 0
C 197 0
C 198 0
C 199 0
C 200 0
C 201 0
C 202 0
C 203 0
C 204 0
C 205 0
C 206 0
C 207 0
C 208 0
C 209 0
C 210 0
C 211 0
C 212 0
C 213 0
C 214 0
C 215 0
C 216 0
C 217 0
C 218 0
C 219 0
C 220 0
C 221 0
C 222 0
C 223 0
C 224 0
C 225 0
C 226 0
C 227 0
C 228 0
C 229 0
C 230 0
C 231 0
C 232 0
C 233 0
C 234 0
C 235 0
C 236 0
C 237 0
C 238 0
C 239 0
C 240 0
C 241 0
C 242 0
C 243 0
C 244 0
C 245 0
C 246 0
C 247 0
C 248 0
C 249 0
C 250 0
C 251 0
C 252 0
C 253 0
C 254 0
C 255 0
C 256 0
C 257 0
C 258 0
C 259 0
C 260 0
C 261 0
C 262 0
C 263 0
C 264 0
C 265 0
C 266 0
C 267 0
C 268 0
C 269 0
C 270 0
C 271 0
C 272 0
C 273 0
C 274 0
C 275 0
C 276 0
C 277 0
C 278 0
C 279 0
C 280 0
C 281 0
C 282 0
C 283 0
C 284 0
C 285 0
C 286 0
C 287 0
C 288 0
C 289 0
C 290 0
C 291 0
C 292 0
C 293 0
C 294 0
C 295 0
C 296 0
C 297 0
C 298 0
C 299 0
C 300 0
C 301 0
C 302 0
C 303 0
C 304 0
C 305 0
C 306 0
C 307 0
C 308 0
C 309 0
C 310 0
C 311 0
C 312 0
C 313 0
C 314 0
C 315 0
C 316 0
C 317 0
C 318 0
C 319 0
C 320 0
C 321 0
C 322 0
C 323 0
C 324 0
C 325 0
C 326 0
C 327 0
C 328 0
C 329 0
C 330 0
C 331 0
C 332 0
C 333 0
C 334 0
C 335 0
C 336 0
C 337 4
C 338 18
C 339 7
C 340 4
C 341 5
C 342 2
C 343 9
C 344 26
C 345 14
C 346 19
C 347 0
C 348 23
C 349 17
C 350 16
I 1 3 6 (5,2,3) (-1,-1,0,0)
I 3 1 19 (5,1,5) (1,0,0,0)|(1,1,-1,0)|(1,1,-1,0)
I 5 2 2 (2,1,5) (-1,1,0,0)
