D (7,-1,-1) (2,5,1)
D (9,-1,-1) (5,5,2)
D (9,10,-1) (2,5,5)
D (11,12,-1) (0,5,4)
D (10,11,12) (2,5,4)
D (8,9,-1) (0,5,5)
D (7,-1,-1) (4,0,4)
D (11,12,-1) (1,0,3)
D (7,8,9) (3,4,4)
D (11,12,-1) (3,4,2)
D (7,8,-1) (2,1,0)
D (7,8,9) (1,3,2)
D (8,-1,-1) (1,3,1)
D (9,10,-1) (4,3,3)
D (9,-1,-1) (5,4,1)
D (7,8,9) (5,3,3)
D (11,12,-1) (0,2,4)
D (8,-1,-1) (5,5,4)
D (11,-1,-1) (0,0,1)
D (8,-1,-1) (1,5,1)
D (12,-1,-1) (3,4,3)
D (7,8,-1) (4,0,0)
D (7,8,-1) (4,4,0)
D (8,-1,-1) (0,3,0)
D (7,8,-1) (1,5,3)
D (10,11,-1) (0,5,3)
D (9,-1,-1) (3,0,1)
D (11,12,-1) (0,5,0)
D (10,11,-1) (3,5,2)
D (8,9,10) (5,4,0)
D (11,12,-1) (1,2,1)
D (8,-1,-1) (3,5,3)
D (12,-1,-1) (5,1,4)
D (10,-1,-1) (3,5,0)
D (7,-1,-1) (5,1,1)
D (12,-1,-1) (4,0,5)
D (10,11,-1) (0,2,5)
D (7,8,-1) (4,1,2)
D (9,-1,-1) (1,4,5)
D (10,11,12) (3,4,0)
D (9,10,11) (3,2,1)
D (11,12,-1) (5,0,2)
D (10,-1,-1) (2,3,0)
D (9,-1,-1) (3,1,1)
D (11,-1,-1) (2,2,5)
D (10,11,-1) (3,1,4)
D (7,-1,-1) (3,5,4)
D (11,-1,-1) (4,3,1)
D (12,-1,-1) (1,4,4)
D (11,-1,-1) (1,4,3)
D (11,12,-1) (2,1,5)
D (7,8,9) (2,4,1)
D (9,10,11) (2,1,1)
D (12,-1,-1) (3,1,0)
D (9,-1,-1) (2,0,2)
D (11,-1,-1) (0,1,2)
D (9,10,-1) (2,3,4)
D (11,-1,-1) (3,1,2)
D (11,-1,-1) (1,5,5)
D (10,11,12) (4,5,4)
D (9,-1,-1) (1,0,0)
D (8,9,10) (5,5,3)
D (11,-1,-1) (1,0,2)
D (11,12,-1) (1,4,0)
D (9,10,11) (4,1,4)
D (9,10,-1) (3,3,5)
D (8,9,10) (5,1,2)
D (12,-1,-1) (5,5,1)
D (11,12,-1) (0,4,5)
D (7,8,9) (4,2,4)
D (11,12,-1) (4,1,0)
D (11,12,-1) (5,4,4)
D (10,11,12) (5,5,5)
D (11,-1,-1) (4,5,0)
D (11,-1,-1) (0,0,5)
D (8,9,10) (5,4,2)
D (10,-1,-1) (2,0,3)
C 0 5
C 1 24
C 2 22
C 3 15
C 4 21
C 5 7
C 6 25
C 7 11
C 8 19
C 9 0
C 10 12
C 11 0
C 12 7
C 13 0
C 14 0
C 15 25
C 16 1
C 17 22
C 18 23
C 19 5
C 20 6
C 21 18
C 22 16
C 23 11
C 24 17
C 25 5
C 26 7
C 27 26
C 28 0
C 29 9
C 30 11
C 31 1
C 32 4
C 33 4
C 34 4
C 35 2
C 36 5
C 37 15
C 38 19
C 39 18
C 40 23
C 41 5
C 42 8
C 43 3
C 44 1
C 45 3
C 46 12
C 47 10
C 48 26
C 49 4
C 50 1
C 51 21
C 52 14
C 53 5
C 54 25
C 55 14
C 56 1
C 57 25
C 58 11
C 59 9
C 60 9
C 61 12
C 62 24
C 63 4
C 64 26
C 65 26
C 66 25
C 67 4
C 68 9
C 69 5
C 70 22
C 71 21
C 72 5
C 73 16
C 74 0
C 75 11
C 76 9
C 77 0
C 78 0
C 79 0
C 80 0
C 81 0
C 82 0
C 83 0
C 84 0
C 85 0
C 86 0
C 87 0
C 88 0
C 89 0
C 90 0
C 91 0
C 92 0
C 93 0
C 94 0
C 95 0
C 96 0
C 97 0
C 98 0
C 99 0
C 100 0
C 101 0
C 102 0
C 103 0
C 104 0
C 105 0
C 106 0
C 107 0
C 108 0
C 109 0
C 110 0
C 111 0
C 112 0
C 113 0
C 114 0
C 115 0
C 116 0
C 117 0
C 118 0
C 119 0
C 120 0
C 121 0
C 122 0
C 123 0
C 124 0
C 125 0
C 126 0
C 127 0
C 128 0
C 129 0
C 130 0
C 131 0
C 132 0
C 133 0
C 134 0
C 135 0
C 136 0
C 137 0
C 138 0
C 139 0
C 140 0
C 141 0
C 142 0
C 143 0
C 144 0
C 145 0
C 146 0
C 147 0
C 148 0
C 149 0
C 150 0
C 151 0
C 152 0
C 153 0
C 154 0
C 155 0
C 156 0
C 157 0
C 158 0
C 159 0
C 160 0
C 161 0
C 162 0
C 163 0
C 164 0
C 165 0
C 166 0
C 167 0
C 168 0
C 169 0
C 170 0
C 171 0
C 172 0
C 173 0
C 174 0
C 175 0
C 176 0
C 177 0
C 178 0
C 179 0
C 180 0
C 181 0
C 182 0
C 183 0
C 184 0
C 185 0
C 186 0
C 187 0
C 188 0
C 189 0
C 190 0
C 191 0
C 192 0
C 193 0
C 194 0
C 195 0
C 196 0
C 197 0
C 198 0
C 199 0
C 200 0
C 201 0
C 202 0
C 203 0
C 204 0
C 205 0
C 206 0
C 207 0
C 208 0
C 209 0
C 210 0
C 211 0
C 212 0
C 213 0
C 214 0
C 215 0
C 216 0
C 217 0
C 218 0
C 219 0
C 220 0
C 221 0
C 222 0
C 223 0
C 224 0
C 225 0
C 226 0
C 227 0
C 228 0
C 229 0
C 230 0
C 231 0
C 232 0
C 233 0
C 234 0
C 235 0
C 236 0
C 237 0
C 238 0
C 239 0
C 240 0
C 241 0
C 242 0
C 243 0
C 244 0
C 245 0
C 246 0
C 247 0
C 248 0
C 249 0
C 250 0
C 251 0
C 252 0
C 253 0
C 254 0
C 255 0
C 256 0
C 257 0
C 258 0
C 259 0
C 260 0
C 261 0
C 262 0
C 263 0
C 264 0
C 265 0
C 266 0
C 267 0
C 268 0
C 269 0
C 270 0
C 271 0
C 272 17
C 273 21
C 274 17
C 275 25
C 276 4
C 277 18
C 278 10
C 279 23
C 280 26
C 281 2
C 282 0
C 283 9
C 284 18
C 285 10
C 286 3
C 287 23
C 288 17
C 289 11
C 290 11
C 291 4
C 292 20
C 293 5
C 294 21
C 295 11
C 296 18
C 297 4
C 298 21
C 299 24
C 300 22
C 301 2
C 302 6
C 303 4
C 304 15
C 305 21
C 306 10
C 307 20
C 308 17
C 309 12
C 310 22
C 311 12
C 312 16
C 313 17
C 314 17
C 315 2
C 316 24
C 317 6
C 318 19
C 319 19
C 320 2
C 321 3
C 322 17
C 323 24
C 324 17
C 325 16
C 326 9
C 327 6
C 328 20
C 329 7
C 330 21
C 331 2
C 332 16
C 333 10
C 334 8
C 335 0
C 336 16
C 337 15
C 338 26
C 339 20
C 340 0
C 341 17
C 342 19
C 343 25
C 344 1
C 345 22
C 346 2
C 347 18
C 348 15
C 349 7
C 350 19
I 4 1 14 (0,2,0) (-1,0,0,0)
I 0 1 5 (2,2,1) (0,1,0,0)
I 1 2 20 (1,4,0) (-1,0,-1,0)|(0,-1,1,0)|(0,0,0,0)|(1,-1,0,0)
