D (11,12,-1) (4,1,2)
D (11,12,-1) (3,1,2)
D (12,-1,-1) (1,4,1)
D (7,8,9) (0,5,3)
D (9,10,-1) (3,2,5)
D (12,-1,-1) (5,4,2)
D (12,-1,-1) (1,1,0)
D (12,-1,-1) (3,1,0)
D (11,12,-1) (1,4,3)
D (11,12,-1) (0,5,1)
D (10,11,12) (1,5,4)
D (12,-1,-1) (0,3,4)
D (9,10,11) (1,3,0)
D (12,-1,-1) (5,1,4)
D (11,12,-1) (3,4,5)
D (7,-1,-1) (0,1,3)
D (7,-1,-1) (3,5,4)
D (12,-1,-1) (3,2,3)
D (10,11,12) (1,2,2)
D (12,-1,-1) (1,5,3)
D (7,8,-1) (4,5,2)
D (10,-1,-1) (2,1,3)
D (10,-1,-1) (4,5,5)
D (12,-1,-1) (1,2,3)
D (10,11,-1) (5,4,1)
D (10,-1,-1) (2,2,1)
D (7,-1,-1) (0,0,4)
D (10,11,-1) (3,2,0)
D (9,10,11) (3,0,0)
D (8,9,10) (4,0,2)
D (7,8,9) (4,5,1)
D (7,-1,-1) (2,3,1)
D (7,8,9) (1,2,5)
D (8,9,10) (2,4,5)
D (11,-1,-1) (4,3,4)
D (8,9,10) (3,4,0)
D (11,12,-1) (5,3,0)
D (7,-1,-1) (2,3,3)
D (9,10,11) (4,1,1)
D (10,-1,-1) (0,0,5)
D (11,12,-1) (0,3,0)
D (7,8,9) (3,3,0)
D (11,12,-1) (3,0,5)
D (8,9,10) (5,1,0)
D (11,12,-1) (4,3,0)
D (11,-1,-1) (4,0,1)
D (9,10,11) (3,5,0)
D (10,11,-1) (5,0,3)
D (8,9,-1) (5,2,4)
D (9,-1,-1) (5,3,3)
D (7,8,-1) (3,5,5)
D (7,8,-1) (0,4,0)
D (8,-1,-1) (0,0,1)
C 0 4
C 1 4
C 2 17
C 3 1
C 4 16
C 5 11
C 6 19
C 7 21
C 8 20
C 9 4
C 10 25
C 11 14
C 12 0
C 13 0
C 14 10
C 15 6
C 16 17
C 17 23
C 18 25
C 19 4
C 20 9
C 21 0
C 22 0
C 23 0
C 24 0
C 25 0
C 26 0
C 27 0
C 28 0
C 29 0
C 30 0
C 31 0
C 32 0
C 33 0
C 34 0
C 35 0
C 36 0
C 37 0
C 38 0
C 39 0
C 40 0
C 41 0
C 42 0
C 43 0
C 44 0
C 45 0
C 46 0
C 47 0
C 48 0
C 49 0
C 50 0
C 51 0
C 52 0
C 53 0
C 54 0
C 55 0
C 56 0
C 57 0
C 58 0
C 59 0
C 60 0
C 61 14
C 62 7
C 63 10
C 64 9
C 65 20
C 66 23
C 67 7
C 68 15
C 69 23
C 70 21
C 71 10
C 72 3
C 73 4
C 74 8
C 75 26
C 76 16
C 77 21
C 78 20
C 79 21
C 80 22
C 81 4
C 82 15
C 83 10
C 84 7
C 85 16
C 86 23
C 87 3
C 88 23
C 89 20
C 90 4
C 91 4
C 92 6
C 93 17
C 94 0
C 95 3
C 96 17
C 97 5
C 98 15
C 99 20
C 100 16
C 101 22
C 102 6
C 103 12
C 104 24
C 105 26
C 106 16
C 107 22
C 108 6
C 109 24
C 110 3
C 111 21
C 112 6
C 113 14
C 114 9
C 115 21
C 116 2
C 117 3
C 118 19
C 119 2
C 120 23
C 121 20
C 122 19
C 123 8
C 124 19
C 125 14
C 126 26
C 127 11
C 128 21
C 129 9
C 130 24
C 131 19
C 132 17
C 133 15
C 134 9
C 135 18
C 136 25
C 137 20
C 138 2
C 139 11
C 140 14
C 141 26
C 142 8
C 143 8
C 144 10
C 145 22
C 146 10
C 147 18
C 148 14
C 149 3
C 150 1
C 151 22
C 152 20
C 153 0
C 154 2
C 155 3
C 156 10
C 157 16
C 158 23
C 159 24
C 160 7
C 161 12
C 162 2
C 163 5
C 164 22
C 165 24
C 166 0
C 167 21
C 168 7
C 169 11
C 170 18
C 171 8
C 172 18
C 173 26
C 174 19
C 175 23
C 176 8
C 177 18
C 178 9
C 179 11
C 180 3
C 181 4
C 182 12
C 183 5
C 184 24
C 185 25
C 186 9
C 187 1
C 188 24
C 189 24
C 190 17
C 191 6
C 192 12
C 193 17
C 194 0
C 195 0
C 196 0
C 197 0
C 198 0
C 199 0
C 200 0
C 201 0
C 202 0
C 203 0
C 204 0
C 205 0
C 206 0
C 207 0
C 208 0
C 209 0
C 210 0
C 211 0
C 212 0
C 213 0
C 214 0
C 215 0
C 216 0
C 217 0
C 218 0
C 219 0
C 220 0
C 221 0
C 222 0
C 223 0
C 224 0
C 225 0
C 226 0
C 227 0
C 228 1
C 229 15
C 230 0
C 231 14
C 232 7
C 233 7
C 234 10
C 235 3
C 236 0
C 237 15
C 238 9
C 239 7
C 240 14
C 241 5
C 242 16
C 243 22
C 244 24
C 245 19
C 246 11
C 247 6
C 248 22
C 249 18
C 250 5
C 251 0
C 252 0
C 253 0
C 254 0
C 255 0
C 256 0
C 257 0
C 258 0
C 259 0
C 260 0
C 261 0
C 262 0
C 263 0
C 264 0
C 265 0
C 266 0
C 267 0
C 268 0
C 269 0
C 270 0
C 271 0
C 272 0
C 273 0
C 274 0
C 275 0
C 276 0
C 277 0
C 278 0
C 279 0
C 280 0
C 281 0
C 282 0
C 283 0
C 284 0
C 285 0
C 286 0
C 287 21
C 288 15
C 289 21
C 290 16
C 291 22
C 292 0
C 293 0
C 294 0
C 295 0
C 296 0
C 297 0
C 298 0
C 299 0
C 300 0
C 301 0
C 302 0
C 303 0
C 304 0
C 305 0
C 306 0
C 307 0
C 308 0
C 309 0
C 310 0
C 311 0
C 312 0
C 313 0
C 314 0
C 315 0
C 316 0
C 317 0
C 318 0
C 319 0
C 320 0
C 321 0
C 322 0
C 323 0
C 324 0
C 325 0
C 326 0
C 327 0
C 328 0
C 329 0
C 330 0
C 331 0
C 332 0
C 333 0
C 334 0
C 335 0
C 336 0
C 337 8
C 338 8
C 339 25
C 340 0
C 341 0
C 342 16
C 343 7
C 344 9
C 345 14
C 346 0
C 347 3
C 348 15
C 349 7
C 350 4
I 4 1 15 (3,5,2) (0,1,-1,0)
I 0 1 10 (3,0,3) (-1,1,1,0)|(1,0,-1,0)|(1,-1,-1,0)
I 4 1 10 (1,2,2) (0,0,-1,0)|(-1,1,-1,0)|(-1,1,0,0)|(1,1,0,0)
