D (11,12,-1) (0,1,2)
D (7,-1,-1) (3,3,4)
D (10,11,-1) (2,1,4)
D (7,8,9) (4,5,0)
D (7,8,9) (0,3,3)
D (10,11,-1) (2,2,4)
D (10,11,12) (3,4,1)
D (11,-1,-1) (5,1,1)
D (9,10,11) (2,3,4)
D (12,-1,-1) (0,3,5)
D (11,12,-1) (0,3,2)
D (9,10,-1) (0,4,5)
D (9,-1,-1) (2,0,4)
D (7,-1,-1) (0,3,0)
D (11,12,-1) (0,5,3)
D (8,9,10) (3,0,2)
D (10,11,-1) (2,2,5)
D (10,11,12) (3,0,1)
D (9,10,-1) (4,2,2)
D (12,-1,-1) (3,1,0)
D (12,-1,-1) (0,0,2)
D (9,10,11) (4,5,1)
D (10,11,12) (0,5,4)
D (8,9,-1) (0,2,4)
D (9,10,11) (5,0,3)
D (7,8,9) (3,1,1)
D (7,8,9) (1,5,2)
D (12,-1,-1) (0,0,1)
D (7,-1,-1) (2,3,3)
D (10,11,12) (2,5,0)
D (10,-1,-1) (5,1,0)
D (7,8,-1) (3,1,2)
D (7,8,9) (3,5,5)
D (12,-1,-1) (4,5,3)
D (11,12,-1) (5,5,3)
D (8,-1,-1) (5,1,5)
D (11,12,-1) (2,5,4)
D (9,-1,-1) (3,3,5)
D (7,8,9) (1,0,4)
C 0 4
C 1 20
C 2 3
C 3 7
C 4 12
C 5 25
C 6 15
C 7 24
C 8 19
C 9 26
C 10 8
C 11 1
C 12 26
C 13 16
C 14 11
C 15 22
C 16 3
C 17 23
C 18 15
C 19 14
C 20 18
C 21 11
C 22 4
C 23 9
C 24 1
C 25 0
C 26 11
C 27 21
C 28 24
C 29 23
C 30 5
C 31 26
C 32 25
C 33 26
C 34 3
C 35 11
C 36 15
C 37 25
C 38 1
C 39 2
C 40 11
C 41 4
C 42 9
C 43 6
C 44 7
C 45 24
C 46 11
C 47 6
C 48 12
C 49 0
C 50 22
C 51 15
C 52 17
C 53 17
C 54 9
C 55 2
C 56 7
C 57 1
C 58 24
C 59 1
C 60 19
C 61 12
C 62 19
C 63 10
C 64 20
C 65 25
C 66 24
C 67 11
C 68 4
C 69 2
C 70 21
C 71 4
C 72 10
C 73 22
C 74 8
C 75 10
C 76 5
C 77 18
C 78 18
C 79 0
C 80 11
C 81 1
C 82 11
C 83 3
C 84 19
C 85 3
C 86 12
C 87 11
C 88 0
C 89 24
C 90 18
C 91 26
C 92 1
C 93 17
C 94 6
C 95 1
C 96 11
C 97 14
C 98 10
C 99 15
C 100 20
C 101 4
C 102 25
C 103 20
C 104 24
C 105 15
C 106 17
C 107 14
C 108 0
C 109 24
C 110 4
C 111 14
C 112 21
C 113 17
C 114 18
C 115 4
C 116 9
C 117 23
C 118 3
C 119 11
C 120 15
C 121 11
C 122 22
C 123 26
C 124 16
C 125 20
C 126 18
C 127 8
C 128 12
C 129 24
C 130 12
C 131 10
C 132 18
C 133 24
C 134 7
C 135 0
C 136 18
C 137 15
C 138 20
C 139 1
C 140 18
C 141 25
C 142 10
C 143 6
C 144 18
C 145 22
C 146 5
C 147 3
C 148 2
C 149 6
C 150 15
C 151 23
C 152 4
C 153 15
C 154 11
C 155 15
C 156 20
C 157 26
C 158 7
C 159 25
C 160 25
C 161 6
C 162 11
C 163 9
C 164 5
C 165 1
C 166 19
C 167 4
C 168 8
C 169 16
C 170 11
C 171 14
C 172 2
C 173 19
C 174 26
C 175 8
C 176 17
C 177 5
C 178 24
C 179 22
C 180 26
C 181 9
C 182 5
C 183 4
C 184 16
C 185 22
C 186 6
C 187 1
C 188 2
C 189 17
C 190 26
C 191 22
C 192 5
C 193 16
C 194 14
C 195 21
C 196 8
C 197 21
C 198 11
C 199 6
C 200 14
C 201 24
C 202 0
C 203 26
C 204 19
C 205 20
C 206 20
C 207 24
C 208 16
C 209 3
C 210 8
C 211 10
C 212 10
C 213 9
C 214 14
C 215 15
C 216 19
C 217 20
C 218 4
C 219 26
C 220 3
C 221 3
C 222 24
C 223 25
C 224 7
C 225 0
C 226 25
C 227 6
C 228 4
C 229 19
C 230 10
C 231 19
C 232 9
C 233 8
C 234 23
C 235 7
C 236 3
C 237 0
C 238 16
C 239 3
C 240 4
C 241 21
C 242 23
C 243 22
C 244 6
C 245 16
C 246 11
C 247 12
C 248 22
C 249 19
C 250 8
C 251 20
C 252 10
C 253 22
C 254 2
C 255 10
C 256 26
C 257 15
C 258 26
C 259 19
C 260 17
C 261 17
C 262 26
C 263 18
C 264 2
C 265 9
C 266 15
C 267 5
C 268 5
C 269 25
C 270 11
C 271 18
C 272 9
C 273 12
C 274 23
C 275 0
C 276 10
C 277 10
C 278 22
C 279 3
C 280 16
C 281 16
C 282 7
C 283 6
C 284 7
C 285 26
C 286 21
C 287 8
C 288 3
C 289 12
C 290 9
C 291 14
C 292 18
C 293 20
C 294 15
C 295 2
C 296 11
C 297 18
C 298 5
C 299 3
C 300 1
C 301 26
C 302 7
C 303 2
C 304 4
C 305 25
C 306 17
C 307 11
C 308 9
C 309 12
C 310 23
C 311 3
C 312 14
C 313 19
C 314 7
C 315 17
C 316 25
C 317 2
C 318 22
C 319 1
C 320 23
C 321 21
C 322 11
C 323 16
C 324 11
C 325 24
C 326 3
C 327 23
C 328 21
C 329 1
C 330 14
C 331 0
C 332 6
C 333 14
C 334 26
C 335 20
C 336 4
C 337 15
C 338 3
C 339 6
C 340 7
C 341 1
C 342 10
C 343 25
C 344 9
C 345 9
C 346 12
C 347 4
C 348 1
C 349 20
C 350 2
I 4 1 6 (0,4,0) (-1,-1,1,0)|(1,0,1,0)|(1,0,1,0)|(1,0,1,0)
I 3 2 6 (0,4,0) (0,1,1,0)
I 1 2 9 (4,1,1) (0,1,0,0)|(0,0,0,0)|(-1,0,0,0)
