D (9,10,11) (2,1,4)
D (9,-1,-1) (3,0,0)
D (11,12,-1) (3,3,4)
D (10,-1,-1) (2,3,5)
D (8,9,-1) (4,1,0)
D (8,9,-1) (3,0,3)
D (7,8,-1) (0,5,5)
D (9,10,-1) (0,3,3)
D (12,-1,-1) (4,2,3)
D (8,9,-1) (3,3,1)
D (9,-1,-1) (1,3,0)
D (8,-1,-1) (3,5,4)
D (8,9,-1) (3,3,5)
D (7,8,9) (3,1,5)
D (9,-1,-1) (0,5,1)
D (12,-1,-1) (3,2,5)
D (11,12,-1) (5,2,4)
D (9,10,11) (1,1,3)
D (8,9,10) (3,3,0)
D (12,-1,-1) (4,2,2)
D (7,8,-1) (3,2,0)
D (12,-1,-1) (4,5,5)
D (8,9,-1) (2,4,4)
D (8,-1,-1) (5,0,2)
D (8,-1,-1) (1,5,1)
D (7,8,-1) (2,4,1)
D (12,-1,-1) (4,3,3)
D (11,-1,-1) (4,0,3)
D (12,-1,-1) (2,0,4)
D (11,12,-1) (2,3,2)
D (8,9,10) (4,5,0)
D (11,12,-1) (5,4,5)
D (10,11,-1) (2,2,5)
D (12,-1,-1) (5,1,4)
D (12,-1,-1) (0,5,0)
D (9,10,-1) (4,5,2)
D (11,12,-1) (5,0,1)
D (10,11,12) (4,2,0)
D (7,8,-1) (3,4,3)
D (11,12,-1) (3,0,4)
D (8,9,-1) (4,5,4)
D (10,11,12) (1,0,0)
D (9,10,11) (2,2,2)
D (10,11,12) (5,3,2)
D (9,10,11) (1,0,3)
D (8,9,-1) (5,1,5)
D (8,-1,-1) (2,2,3)
D (9,-1,-1) (1,2,0)
D (10,-1,-1) (0,4,3)
D (9,-1,-1) (0,0,1)
D (11,12,-1) (0,5,3)
C 0 26
C 1 24
C 2 10
C 3 21
C 4 17
C 5 2
C 6 1
C 7 8
C 8 20
C 9 5
C 10 22
C 11 4
C 12 17
C 13 25
C 14 21
C 15 19
C 16 12
C 17 19
C 18 19
C 19 18
C 20 22
C 21 6
C 22 3
C 23 26
C 24 22
C 25 18
C 26 8
C 27 17
C 28 14
C 29 11
C 30 3
C 31 26
C 32 11
C 33 2
C 34 5
C 35 6
C 36 5
C 37 3
C 38 24
C 39 26
C 40 26
C 41 0
C 42 0
C 43 0
C 44 0
C 45 0
C 46 0
C 47 0
C 48 0
C 49 0
C 50 0
C 51 0
C 52 0
C 53 0
C 54 0
C 55 0
C 56 0
C 57 0
C 58 0
C 59 0
C 60 0
C 61 0
C 62 0
C 63 0
C 64 0
C 65 0
C 66 0
C 67 0
C 68 0
C 69 0
C 70 0
C 71 0
C 72 0
C 73 0
C 74 0
C 75 0
C 76 0
C 77 0
C 78 0
C 79 0
C 80 0
C 81 0
C 82 0
C 83 0
C 84 0
C 85 0
C 86 0
C 87 0
C 88 0
C 89 0
C 90 0
C 91 0
C 92 0
C 93 0
C 94 0
C 95 0
C 96 0
C 97 0
C 98 0
C 99 0
C 100 0
C 101 0
C 102 0
C 103 0
C 104 0
C 105 0
C 106 0
C 107 24
C 108 18
C 109 1
C 110 23
C 111 10
C 112 20
C 113 2
C 114 9
C 115 18
C 116 2
C 117 16
C 118 10
C 119 17
C 120 0
C 121 0
C 122 14
C 123 12
C 124 7
C 125 14
C 126 5
C 127 16
C 128 12
C 129 9
C 130 0
C 131 0
C 132 0
C 133 0
C 134 0
C 135 0
C 136 0
C 137 0
C 138 0
C 139 0
C 140 0
C 141 0
C 142 7
C 143 21
C 144 20
C 145 5
C 146 7
C 147 10
C 148 12
C 149 9
C 150 15
C 151 22
C 152 24
C 153 17
C 154 2
C 155 2
C 156 4
C 157 16
C 158 14
C 159 2
C 160 10
C 161 21
C 162 16
C 163 22
C 164 5
C 165 25
C 166 9
C 167 19
C 168 10
C 169 21
C 170 8
C 171 14
C 172 14
C 173 7
C 174 14
C 175 3
C 176 12
C 177 10
C 178 20
C 179 0
C 180 9
C 181 10
C 182 3
C 183 14
C 184 0
C 185 0
C 186 0
C 187 0
C 188 0
C 189 0
C 190 0
C 191 0
C 192 0
C 193 0
C 194 0
C 195 0
C 196 0
C 197 0
C 198 0
C 199 0
C 200 0
C 201 0
C 202 0
C 203 0
C 204 0
C 205 0
C 206 0
C 207 0
C 208 0
C 209 0
C 210 0
C 211 0
C 212 0
C 213 0
C 214 0
C 215 0
C 216 0
C 217 0
C 218 0
C 219 0
C 220 0
C 221 0
C 222 0
C 223 0
C 224 0
C 225 0
C 226 0
C 227 0
C 228 0
C 229 0
C 230 0
C 231 0
C 232 0
C 233 0
C 234 0
C 235 0
C 236 0
C 237 0
C 238 0
C 239 0
C 240 0
C 241 0
C 242 0
C 243 0
C 244 0
C 245 0
C 246 0
C 247 0
C 248 0
C 249 0
C 250 0
C 251 0
C 252 0
C 253 0
C 254 0
C 255 0
C 256 0
C 257 0
C 258 0
C 259 0
C 260 0
C 261 0
C 262 0
C 263 0
C 264 0
C 265 0
C 266 0
C 267 0
C 268 0
C 269 0
C 270 0
C 271 0
C 272 0
C 273 0
C 274 0
C 275 0
C 276 0
C 277 0
C 278 0
C 279 0
C 280 0
C 281 0
C 282 0
C 283 0
C 284 0
C 285 0
C 286 0
C 287 0
C 288 0
C 289 0
C 290 0
C 291 0
C 292 0
C 293 0
C 294 0
C 295 0
C 296 0
C 297 0
C 298 0
C 299 0
C 300 0
C 301 0
C 302 0
C 303 0
C 304 0
C 305 0
C 306 0
C 307 0
C 308 0
C 309 0
C 310 0
C 311 0
C 312 0
C 313 0
C 314 0
C 315 0
C 316 0
C 317 0
C 318 0
C 319 0
C 320 0
C 321 0
C 322 0
C 323 0
C 324 0
C 325 0
C 326 0
C 327 0
C 328 0
C 329 0
C 330 0
C 331 0
C 332 0
C 333 0
C 334 0
C 335 0
C 336 0
C 337 0
C 338 0
C 339 0
C 340 0
C 341 8
C 342 0
C 343 22
C 344 19
C 345 11
C 346 18
C 347 15
C 348 23
C 349 2
C 350 9
I 0 1 7 (0,3,5) (1,-1,0,0)
I 1 1 19 (1,1,3) (0,1,1,0)
I 0 1 5 (0,2,5) (1,0,0,0)|(1,0,-1,0)
