D (7,8,9) (2,4,1)
D (8,-1,-1) (5,3,3)
D (10,11,-1) (3,5,5)
D (7,8,9) (4,2,3)
D (7,8,9) (5,0,3)
D (12,-1,-1) (4,3,0)
D (10,-1,-1) (2,0,2)
D (10,11,-1) (5,0,0)
D (10,11,12) (2,1,1)
D (10,11,-1) (1,4,4)
D (11,-1,-1) (2,3,5)
D (8,-1,-1) (5,1,1)
D (7,-1,-1) (0,3,1)
D (12,-1,-1) (5,2,1)
D (7,8,9) (0,0,0)
D (9,-1,-1) (5,5,3)
D (11,10,11) (0,3,0)
D (7,-1,-1) (2,3,2)
D (11,-1,-1) (3,0,0)
D (10,-1,-1) (2,5,2)
D (10,11,-1) (4,5,4)
D (8,-1,-1) (5,4,3)
D (7,8,-1) (4,0,4)
D (11,12,-1) (4,2,0)
D (12,-1,-1) (5,0,1)
D (9,10,11) (5,1,2)
D (8,9,10) (0,2,3)
D (11,12,-1) (1,2,5)
D (10,-1,-1) (1,5,0)
D (10,-1,-1) (5,2,4)
D (7,-1,-1) (3,4,0)
D (11,12,-1) (2,4,3)
D (10,-1,-1) (0,5,4)
D (9,-1,-1) (0,4,0)
D (12,-1,-1) (3,5,2)
D (10,11,12) (0,0,1)
D (10,11,12) (4,5,2)
D (11,12,-1) (1,2,4)
D (11,-1,-1) (2,3,4)
D (11,12,-1) (5,0,5)
D (9,10,-1) (0,5,0)
D (8,-1,-1) (0,3,4)
D (10,-1,-1) (4,4,0)
D (11,12,-1) (4,1,4)
D (10,11,12) (0,1,2)
D (10,-1,-1) (5,4,0)
D (12,-1,-1) (5,1,3)
D (11,12,-1) (0,4,5)
D (10,11,-1) (2,4,0)
D (12,-1,-1) (1,3,3)
D (11,12,-1) (1,0,3)
D (7,8,9) (3,5,4)
D (7,8,9) (0,0,2)
D (7,8,9) (5,3,4)
D (11,12,-1) (5,5,1)
D (11,-1,-1) (5,5,5)
D (7,-1,-1) (2,0,4)
D (10,11,12) (3,3,0)
C 0 18
C 1 14
C 2 8
C 3 19
C 4 2
C 5 7
C 6 1
C 7 14
C 8 20
C 9 18
C 10 23
C 11 17
C 12 26
C 13 10
C 14 0
C 15 0
C 16 0
C 17 0
C 18 0
C 19 0
C 20 0
C 21 0
C 22 0
C 23 0
C 24 0
C 25 0
C 26 0
C 27 0
C 28 0
C 29 0
C 30 0
C 31 0
C 32 0
C 33 0
C 34 0
C 35 0
C 36 0
C 37 0
C 38 0
C 39 0
C 40 0
C 41 0
C 42 0
C 43 0
C 44 0
C 45 24
C 46 3
C 47 4
C 48 12
C 49 3
C 50 16
C 51 14
C 52 9
C 53 5
C 54 18
C 55 17
C 56 24
C 57 3
C 58 18
C 59 26
C 60 20
C 61 22
C 62 1
C 63 7
C 64 10
C 65 21
C 66 19
C 67 12
C 68 25
C 69 9
C 70 20
C 71 20
C 72 25
C 73 23
C 74 24
C 75 20
C 76 4
C 77 10
C 78 12
C 79 7
C 80 0
C 81 0
C 82 12
C 83 3
C 84 26
C 85 18
C 86 4
C 87 11
C 88 22
C 89 8
C 90 8
C 91 14
C 92 1
C 93 26
C 94 7
C 95 12
C 96 20
C 97 20
C 98 21
C 99 24
C 100 18
C 101 15
C 102 14
C 103 21
C 104 24
C 105 11
C 106 16
C 107 15
C 108 14
C 109 7
C 110 22
C 111 2
C 112 18
C 113 22
C 114 14
C 115 0
C 116 2
C 117 8
C 118 0
C 119 17
C 120 2
C 121 14
C 122 16
C 123 17
C 124 5
C 125 3
C 126 9
C 127 0
C 128 11
C 129 21
C 130 25
C 131 0
C 132 22
C 133 9
C 134 8
C 135 10
C 136 4
C 137 22
C 138 2
C 139 19
C 140 1
C 141 20
C 142 4
C 143 0
C 144 18
C 145 22
C 146 14
C 147 14
C 148 11
C 149 5
C 150 11
C 151 2
C 152 9
C 153 19
C 154 10
C 155 23
C 156 11
C 157 0
C 158 17
C 159 0
C 160 7
C 161 7
C 162 15
C 163 22
C 164 19
C 165 26
C 166 2
C 167 0
C 168 0
C 169 16
C 170 20
C 171 0
C 172 1
C 173 15
C 174 5
C 175 10
C 176 21
C 177 11
C 178 8
C 179 15
C 180 2
C 181 12
C 182 5
C 183 7
C 184 17
C 185 7
C 186 14
C 187 0
C 188 22
C 189 0
C 190 11
C 191 8
C 192 23
C 193 1
C 194 3
C 195 5
C 196 6
C 197 1
C 198 6
C 199 10
C 200 0
C 201 24
C 202 17
C 203 17
C 204 5
C 205 17
C 206 23
C 207 18
C 208 18
C 209 25
C 210 24
C 211 7
C 212 3
C 213 17
C 214 18
C 215 12
C 216 23
C 217 5
C 218 12
C 219 21
C 220 26
C 221 1
C 222 1
C 223 12
C 224 26
C 225 9
C 226 12
C 227 12
C 228 21
C 229 26
C 230 2
C 231 17
C 232 2
C 233 2
C 234 9
C 235 4
C 236 16
C 237 11
C 238 12
C 239 4
C 240 10
C 241 24
C 242 14
C 243 3
C 244 11
C 245 0
C 246 0
C 247 5
C 248 19
C 249 24
C 250 12
C 251 0
C 252 23
C 253 15
C 254 26
C 255 20
C 256 21
C 257 14
C 258 5
C 259 14
C 260 20
C 261 24
C 262 16
C 263 12
C 264 17
C 265 19
C 266 7
C 267 16
C 268 5
C 269 3
C 270 24
C 271 19
C 272 15
C 273 5
C 274 3
C 275 17
C 276 21
C 277 23
C 278 9
C 279 22
C 280 26
C 281 12
C 282 19
C 283 25
C 284 16
C 285 3
C 286 7
C 287 26
C 288 9
C 289 10
C 290 12
C 291 0
C 292 18
C 293 12
C 294 25
C 295 3
C 296 12
C 297 16
C 298 2
C 299 23
C 300 0
C 301 6
C 302 11
C 303 4
C 304 2
C 305 25
C 306 12
C 307 18
C 308 5
C 309 10
C 310 1
C 311 9
C 312 25
C 313 0
C 314 14
C 315 1
C 316 0
C 317 3
C 318 19
C 319 6
C 320 23
C 321 14
C 322 0
C 323 19
C 324 1
C 325 20
C 326 12
C 327 3
C 328 19
C 329 16
C 330 9
C 331 6
C 332 4
C 333 4
C 334 19
C 335 15
C 336 15
C 337 8
C 338 9
C 339 4
C 340 4
C 341 7
C 342 11
C 343 14
C 344 1
C 345 4
C 346 24
C 347 16
C 348 8
C 349 21
C 350 18
I 5 3 13 (4,1,0) (0,1,0,0)|(-1,1,0,0)|(1,1,0,0)
I 0 1 16 (3,1,1) (0,0,1,0)
I 0 1 10 (1,0,4) (1,1,0,0)|(-1,-1,0,0)|(-1,-1,-1,0)|(0,0,-1,0)|(-1,-1,1,0)
