D (12,-1,-1) (3,1,4)
D (11,12,-1) (2,2,2)
D (10,11,12) (1,5,2)
D (12,-1,-1) (3,1,2)
D (12,-1,-1) (4,4,5)
D (10,-1,-1) (5,0,3)
D (7,-1,-1) (0,1,1)
D (7,8,-1) (5,5,5)
D (10,11,10) (3,3,1)
D (7,8,9) (4,3,2)
D (8,9,-1) (1,3,1)
D (7,-1,-1) (4,3,0)
D (8,9,-1) (3,2,5)
D (7,8,-1) (4,0,5)
D (12,-1,-1) (0,3,4)
D (12,-1,-1) (4,2,5)
D (10,-1,-1) (1,3,3)
D (10,-1,-1) (4,0,1)
D (11,12,-1) (2,2,4)
D (12,-1,-1) (1,0,1)
D (11,12,-1) (4,5,4)
D (7,8,-1) (4,5,3)
D (12,-1,-1) (0,2,0)
D (8,9,-1) (3,4,5)
D (9,10,-1) (2,0,5)
D (10,11,-1) (3,3,3)
D (7,8,9) (3,5,4)
D (7,8,9) (3,2,4)
D (12,-1,-1) (0,2,2)
D (11,12,-1) (0,0,5)
D (11,-1,-1) (5,1,3)
D (12,-1,-1) (2,1,0)
D (12,-1,-1) (2,5,3)
D (10,11,12) (5,4,4)
D (7,-1,-1) (1,3,2)
D (10,11,12) (1,1,0)
D (7,8,-1) (4,2,2)
D (7,8,9) (4,5,0)
D (9,10,-1) (4,0,0)
D (12,-1,-1) (1,5,0)
D (7,8,-1) (3,5,0)
C 0 5
C 1 7
C 2 9
C 3 5
C 4 20
C 5 25
C 6 24
C 7 24
C 8 7
C 9 23
C 10 23
C 11 22
C 12 21
C 13 18
C 14 9
C 15 22
C 16 7
C 17 24
C 18 9
C 19 5
C 20 24
C 21 7
C 22 19
C 23 20
C 24 11
C 25 8
C 26 10
C 27 6
C 28 10
C 29 0
C 30 1
C 31 2
C 32 26
C 33 3
C 34 14
C 35 15
C 36 6
C 37 1
C 38 0
C 39 8
C 40 24
C 41 9
C 42 15
C 43 2
C 44 24
C 45 9
C 46 24
C 47 14
C 48 24
C 49 8
C 50 22
C 51 20
C 52 15
C 53 19
C 54 10
C 55 1
C 56 8
C 57 21
C 58 9
C 59 18
C 60 18
C 61 12
C 62 5
C 63 15
C 64 20
C 65 19
C 66 24
C 67 10
C 68 7
C 69 20
C 70 15
C 71 10
C 72 9
C 73 24
C 74 16
C 75 21
C 76 18
C 77 26
C 78 6
C 79 26
C 80 22
C 81 20
C 82 26
C 83 4
C 84 21
C 85 2
C 86 23
C 87 18
C 88 0
C 89 12
C 90 15
C 91 1
C 92 11
C 93 7
C 94 6
C 95 24
C 96 15
C 97 6
C 98 4
C 99 19
C 100 20
C 101 6
C 102 1
C 103 15
C 104 6
C 105 16
C 106 21
C 107 12
C 108 17
C 109 24
C 110 24
C 111 19
C 112 4
C 113 7
C 114 12
C 115 21
C 116 8
C 117 3
C 118 12
C 119 22
C 120 10
C 121 7
C 122 17
C 123 5
C 124 17
C 125 25
C 126 21
C 127 25
C 128 3
C 129 6
C 130 7
C 131 16
C 132 25
C 133 7
C 134 9
C 135 16
C 136 19
C 137 26
C 138 15
C 139 14
C 140 24
C 141 9
C 142 3
C 143 19
C 144 24
C 145 3
C 146 19
C 147 0
C 148 4
C 149 1
C 150 23
C 151 25
C 152 23
C 153 4
C 154 19
C 155 17
C 156 8
C 157 7
C 158 26
C 159 23
C 160 17
C 161 15
C 162 12
C 163 16
C 164 22
C 165 24
C 166 7
C 167 19
C 168 8
C 169 12
C 170 8
C 171 19
C 172 5
C 173 16
C 174 21
C 175 7
C 176 22
C 177 24
C 178 1
C 179 5
C 180 18
C 181 6
C 182 8
C 183 4
C 184 8
C 185 1
C 186 23
C 187 0
C 188 21
C 189 20
C 190 21
C 191 20
C 192 15
C 193 24
C 194 15
C 195 15
C 196 8
C 197 0
C 198 19
C 199 7
C 200 14
C 201 14
C 202 23
C 203 4
C 204 16
C 205 16
C 206 2
C 207 12
C 208 7
C 209 21
C 210 12
C 211 8
C 212 9
C 213 1
C 214 8
C 215 16
C 216 4
C 217 5
C 218 17
C 219 8
C 220 10
C 221 9
C 222 11
C 223 19
C 224 18
C 225 10
C 226 26
C 227 7
C 228 19
C 229 5
C 230 9
C 231 12
C 232 10
C 233 17
C 234 6
C 235 23
C 236 23
C 237 1
C 238 10
C 239 14
C 240 23
C 241 22
C 242 14
C 243 17
C 244 3
C 245 17
C 246 20
C 247 22
C 248 20
C 249 3
C 250 12
C 251 1
C 252 3
C 253 11
C 254 23
C 255 23
C 256 20
C 257 8
C 258 26
C 259 14
C 260 17
C 261 12
C 262 15
C 263 16
C 264 17
C 265 17
C 266 26
C 267 1
C 268 7
C 269 17
C 270 20
C 271 19
C 272 22
C 273 20
C 274 9
C 275 16
C 276 2
C 277 16
C 278 1
C 279 16
C 280 11
C 281 15
C 282 3
C 283 24
C 284 14
C 285 18
C 286 26
C 287 18
C 288 12
C 289 12
C 290 20
C 291 19
C 292 22
C 293 25
C 294 12
C 295 4
C 296 11
C 297 12
C 298 11
C 299 9
C 300 25
C 301 18
C 302 22
C 303 10
C 304 20
C 305 15
C 306 23
C 307 3
C 308 16
C 309 0
C 310 12
C 311 24
C 312 5
C 313 26
C 314 18
C 315 1
C 316 23
C 317 15
C 318 26
C 319 15
C 320 14
C 321 22
C 322 1
C 323 22
C 324 5
C 325 15
C 326 5
C 327 23
C 328 3
C 329 23
C 330 10
C 331 5
C 332 11
C 333 7
C 334 14
C 335 1
C 336 11
C 337 6
C 338 16
C 339 5
C 340 1
C 341 22
C 342 10
C 343 23
C 344 0
C 345 19
C 346 7
C 347 8
C 348 4
C 349 4
C 350 9
I 3 1 7 (0,4,0) (-1,-1,1,0)|(1,-1,0,0)|(-1,1,-1,0)|(-1,0,0,0)|(1,1,1,0)
I 3 2 19 (3,3,1) (-1,-1,1,0)|(0,-1,1,0)
I 1 2 16 (1,5,4) (1,0,0,0)
I 3 3 5 (5,4,1) (1,1,1,0)|(-1,0,1,0)
