D (8,9,-1) (5,3,2)
D (9,-1,-1) (2,1,5)
D (9,10,11) (4,2,3)
D (11,-1,-1) (4,1,2)
D (8,-1,-1) (0,0,3)
D (11,-1,-1) (4,3,1)
D (11,12,-1) (2,1,1)
D (8,-1,-1) (5,2,4)
D (12,-1,-1) (2,2,1)
D (9,10,11) (0,2,5)
D (10,11,-1) (0,5,4)
D (10,11,-1) (3,1,1)
D (7,8,-1) (2,2,2)
D (12,-1,-1) (5,2,0)
D (12,-1,-1) (2,3,2)
D (7,8,-1) (1,5,3)
D (7,-1,-1) (3,0,0)
D (7,8,9) (4,3,3)
D (9,10,-1) (2,1,3)
D (7,8,9) (5,0,0)
D (7,8,9) (2,5,5)
D (11,-1,-1) (3,1,0)
D (7,8,-1) (5,0,3)
D (11,12,-1) (4,5,5)
D (7,8,9) (4,5,2)
D (7,-1,-1) (0,3,0)
D (11,12,-1) (4,4,2)
D (12,-1,-1) (3,2,2)
D (9,10,11) (5,1,5)
D (12,-1,-1) (1,0,1)
D (10,11,12) (4,4,3)
D (8,-1,-1) (5,0,5)
D (9,10,-1) (2,4,3)
D (10,11,-1) (2,4,0)
D (9,10,-1) (4,4,0)
D (8,9,10) (3,2,4)
D (11,-1,-1) (2,0,3)
D (9,10,11) (4,3,2)
D (7,-1,-1) (0,3,4)
D (7,8,9) (0,5,2)
D (11,-1,-1) (5,0,2)
C 0 11
C 1 5
C 2 6
C 3 16
C 4 19
C 5 15
C 6 22
C 7 23
C 8 6
C 9 15
C 10 14
C 11 2
C 12 10
C 13 5
C 14 1
C 15 25
C 16 21
C 17 9
C 18 21
C 19 16
C 20 14
C 21 11
C 22 24
C 23 18
C 24 26
C 25 20
C 26 1
C 27 6
C 28 1
C 29 9
C 30 1
C 31 9
C 32 16
C 33 26
C 34 26
C 35 2
C 36 20
C 37 6
C 38 17
C 39 11
C 40 3
C 41 22
C 42 26
C 43 19
C 44 11
C 45 12
C 46 4
C 47 5
C 48 18
C 49 7
C 50 19
C 51 22
C 52 25
C 53 14
C 54 12
C 55 1
C 56 26
C 57 1
C 58 25
C 59 5
C 60 23
C 61 2
C 62 1
C 63 18
C 64 21
C 65 5
C 66 5
C 67 23
C 68 10
C 69 0
C 70 21
C 71 17
C 72 8
C 73 14
C 74 3
C 75 20
C 76 10
C 77 16
C 78 14
C 79 9
C 80 5
C 81 24
C 82 9
C 83 8
C 84 3
C 85 11
C 86 15
C 87 12
C 88 5
C 89 6
C 90 5
C 91 1
C 92 5
C 93 8
C 94 12
C 95 1
C 96 11
C 97 14
C 98 6
C 99 9
C 100 15
C 101 5
C 102 19
C 103 3
C 104 21
C 105 25
C 106 8
C 107 1
C 108 15
C 109 18
C 110 4
C 111 1
C 112 3
C 113 1
C 114 20
C 115 17
C 116 21
C 117 26
C 118 6
C 119 2
C 120 12
C 121 19
C 122 23
C 123 17
C 124 11
C 125 16
C 126 21
C 127 26
C 128 23
C 129 16
C 130 17
C 131 22
C 132 7
C 133 0
C 134 7
C 135 0
C 136 0
C 137 0
C 138 0
C 139 0
C 140 0
C 141 0
C 142 0
C 143 0
C 144 0
C 145 0
C 146 0
C 147 0
C 148 0
C 149 0
C 150 0
C 151 0
C 152 0
C 153 0
C 154 0
C 155 0
C 156 0
C 157 0
C 158 0
C 159 0
C 160 0
C 161 0
C 162 23
C 163 23
C 164 14
C 165 2
C 166 1
C 167 25
C 168 22
C 169 5
C 170 16
C 171 4
C 172 17
C 173 22
C 174 20
C 175 14
C 176 21
C 177 16
C 178 20
C 179 7
C 180 14
C 181 20
C 182 21
C 183 11
C 184 14
C 185 23
C 186 10
C 187 26
C 188 14
C 189 11
C 190 15
C 191 7
C 192 5
C 193 9
C 194 8
C 195 2
C 196 18
C 197 21
C 198 26
C 199 6
C 200 17
C 201 21
C 202 25
C 203 0
C 204 2
C 205 1
C 206 4
C 207 23
C 208 16
C 209 11
C 210 8
C 211 2
C 212 14
C 213 20
C 214 15
C 215 3
C 216 16
C 217 8
C 218 7
C 219 20
C 220 4
C 221 14
C 222 26
C 223 19
C 224 7
C 225 26
C 226 21
C 227 22
C 228 23
C 229 15
C 230 5
C 231 21
C 232 6
C 233 1
C 234 19
C 235 22
C 236 11
C 237 20
C 238 3
C 239 7
C 240 26
C 241 3
C 242 4
C 243 23
C 244 25
C 245 16
C 246 20
C 247 10
C 248 18
C 249 9
C 250 24
C 251 18
C 252 9
C 253 0
C 254 19
C 255 14
C 256 21
C 257 12
C 258 12
C 259 6
C 260 1
C 261 0
C 262 12
C 263 9
C 264 16
C 265 0
C 266 18
C 267 18
C 268 9
C 269 14
C 270 19
C 271 24
C 272 7
C 273 1
C 274 22
C 275 22
C 276 17
C 277 12
C 278 26
C 279 25
C 280 6
C 281 24
C 282 21
C 283 21
C 284 0
C 285 21
C 286 17
C 287 20
C 288 19
C 289 9
C 290 0
C 291 0
C 292 0
C 293 0
C 294 0
C 295 0
C 296 0
C 297 0
C 298 0
C 299 0
C 300 0
C 301 0
C 302 0
C 303 0
C 304 0
C 305 0
C 306 0
C 307 0
C 308 0
C 309 0
C 310 0
C 311 0
C 312 0
C 313 0
C 314 0
C 315 0
C 316 0
C 317 20
C 318 4
C 319 25
C 320 2
C 321 12
C 322 6
C 323 3
C 324 26
C 325 9
C 326 8
C 327 16
C 328 8
C 329 26
C 330 0
C 331 21
C 332 10
C 333 20
C 334 6
C 335 7
C 336 10
C 337 6
C 338 7
C 339 19
C 340 12
C 341 17
C 342 24
C 343 18
C 344 23
C 345 17
C 346 17
C 347 26
C 348 20
C 349 22
C 350 24
I 0 3 5 (2,5,2) (1,0,0,0)
I 1 3 16 (4,5,2) (1,-1,0,0)|(-1,0,1,0)
I 4 1 3 (5,5,3) (1,0,-1,0)
