D (7,8,-1) (1,5,1)
D (11,12,-1) (4,0,5)
D (11,-1,-1) (3,1,4)
D (9,10,-1) (4,4,0)
D (8,9,-1) (0,0,5)
D (12,-1,-1) (0,4,0)
D (12,-1,-1) (2,3,2)
D (10,-1,-1) (0,4,2)
D (10,11,-1) (0,4,4)
D (7,8,9) (3,0,1)
D (9,-1,-1) (4,0,1)
D (12,-1,-1) (4,3,5)
D (10,11,12) (5,4,4)
D (8,9,10) (2,5,5)
D (9,10,11) (2,4,5)
D (12,-1,-1) (2,4,3)
D (9,-1,-1) (3,2,4)
D (7,8,9) (3,5,5)
D (7,-1,-1) (2,2,2)
D (10,11,12) (1,5,3)
D (10,11,12) (1,0,1)
D (12,-1,-1) (4,1,5)
D (11,12,-1) (3,4,0)
D (9,10,11) (4,1,3)
D (12,-1,-1) (0,1,1)
D (9,-1,-1) (5,2,0)
D (11,-1,-1) (0,5,4)
D (11,12,-1) (2,1,1)
D (10,-1,-1) (5,0,3)
D (7,8,9) (2,2,4)
D (12,-1,-1) (2,4,1)
D (7,-1,-1) (1,0,2)
D (8,9,-1) (2,2,0)
D (8,9,10) (3,3,0)
D (9,-1,-1) (3,4,5)
D (8,9,10) (5,2,5)
D (10,11,-1) (4,2,5)
D (8,9,10) (2,3,1)
D (7,-1,-1) (3,5,0)
D (8,9,10) (5,3,5)
D (12,-1,-1) (3,2,0)
D (10,11,12) (2,1,4)
D (11,-1,-1) (0,5,0)
D (12,-1,-1) (4,2,3)
D (12,-1,-1) (0,2,4)
D (10,11,-1) (5,1,2)
D (10,11,-1) (4,3,1)
D (11,12,-1) (0,2,5)
D (11,12,-1) (0,4,3)
D (9,10,11) (4,4,1)
D (11,12,-1) (0,5,3)
C 0 25
C 1 17
C 2 19
C 3 1
C 4 11
C 5 9
C 6 25
C 7 1
C 8 21
C 9 11
C 10 5
C 11 8
C 12 23
C 13 8
C 14 5
C 15 14
C 16 18
C 17 11
C 18 20
C 19 21
C 20 24
C 21 11
C 22 16
C 23 21
C 24 3
C 25 10
C 26 7
C 27 26
C 28 17
C 29 26
C 30 11
C 31 14
C 32 10
C 33 6
C 34 12
C 35 11
C 36 8
C 37 14
C 38 6
C 39 20
C 40 21
C 41 22
C 42 6
C 43 22
C 44 21
C 45 9
C 46 15
C 47 23
C 48 1
C 49 10
C 50 5
C 51 6
C 52 4
C 53 8
C 54 23
C 55 0
C 56 9
C 57 15
C 58 16
C 59 25
C 60 24
C 61 4
C 62 18
C 63 16
C 64 21
C 65 17
C 66 17
C 67 3
C 68 2
C 69 5
C 70 10
C 71 6
C 72 1
C 73 15
C 74 14
C 75 15
C 76 22
C 77 2
C 78 22
C 79 6
C 80 0
C 81 23
C 82 7
C 83 22
C 84 9
C 85 16
C 86 15
C 87 26
C 88 6
C 89 8
C 90 0
C 91 3
C 92 16
C 93 12
C 94 20
C 95 4
C 96 15
C 97 0
C 98 10
C 99 0
C 100 0
C 101 0
C 102 0
C 103 0
C 104 0
C 105 0
C 106 0
C 107 0
C 108 0
C 109 0
C 110 0
C 111 0
C 112 0
C 113 0
C 114 0
C 115 0
C 116 0
C 117 0
C 118 0
C 119 0
C 120 0
C 121 0
C 122 0
C 123 0
C 124 0
C 125 0
C 126 0
C 127 0
C 128 0
C 129 0
C 130 0
C 131 0
C 132 0
C 133 0
C 134 0
C 135 0
C 136 0
C 137 0
C 138 0
C 139 0
C 140 0
C 141 0
C 142 0
C 143 0
C 144 0
C 145 0
C 146 0
C 147 0
C 148 0
C 149 0
C 150 0
C 151 0
C 152 0
C 153 0
C 154 0
C 155 0
C 156 0
C 157 0
C 158 0
C 159 0
C 160 0
C 161 0
C 162 0
C 163 0
C 164 21
C 165 20
C 166 5
C 167 24
C 168 21
C 169 26
C 170 24
C 171 9
C 172 8
C 173 19
C 174 26
C 175 3
C 176 7
C 177 19
C 178 1
C 179 10
C 180 5
C 181 24
C 182 11
C 183 19
C 184 1
C 185 9
C 186 14
C 187 16
C 188 18
C 189 10
C 190 21
C 191 26
C 192 12
C 193 21
C 194 16
C 195 25
C 196 16
C 197 4
C 198 19
C 199 0
C 200 0
C 201 16
C 202 10
C 203 0
C 204 8
C 205 25
C 206 7
C 207 20
C 208 8
C 209 0
C 210 26
C 211 0
C 212 0
C 213 0
C 214 0
C 215 0
C 216 0
C 217 0
C 218 0
C 219 0
C 220 0
C 221 0
C 222 0
C 223 0
C 224 0
C 225 0
C 226 0
C 227 0
C 228 0
C 229 0
C 230 0
C 231 0
C 232 0
C 233 0
C 234 0
C 235 0
C 236 0
C 237 0
C 238 0
C 239 0
C 240 0
C 241 0
C 242 0
C 243 0
C 244 0
C 245 0
C 246 0
C 247 0
C 248 0
C 249 0
C 250 0
C 251 0
C 252 0
C 253 0
C 254 0
C 255 0
C 256 0
C 257 0
C 258 0
C 259 0
C 260 0
C 261 0
C 262 0
C 263 0
C 264 0
C 265 0
C 266 0
C 267 0
C 268 0
C 269 0
C 270 0
C 271 0
C 272 0
C 273 0
C 274 0
C 275 0
C 276 0
C 277 0
C 278 0
C 279 0
C 280 0
C 281 0
C 282 0
C 283 0
C 284 0
C 285 0
C 286 0
C 287 0
C 288 0
C 289 0
C 290 0
C 291 0
C 292 0
C 293 0
C 294 0
C 295 0
C 296 0
C 297 0
C 298 0
C 299 0
C 300 0
C 301 0
C 302 0
C 303 0
C 304 0
C 305 0
C 306 0
C 307 0
C 308 0
C 309 0
C 310 0
C 311 0
C 312 0
C 313 0
C 314 0
C 315 0
C 316 0
C 317 0
C 318 0
C 319 0
C 320 0
C 321 0
C 322 0
C 323 9
C 324 8
C 325 19
C 326 24
C 327 1
C 328 11
C 329 18
C 330 21
C 331 20
C 332 25
C 333 11
C 334 11
C 335 20
C 336 11
C 337 1
C 338 10
C 339 25
C 340 11
C 341 18
C 342 16
C 343 0
C 344 19
C 345 4
C 346 19
C 347 0
C 348 3
C 349 17
C 350 21
I 5 3 4 (4,2,1) (-1,-1,1,0)
I 0 1 6 (4,5,3) (-1,0,1,0)
I 0 3 10 (4,1,1) (1,1,0,0)
