D (7,-1,-1) (1,5,2)
D (11,12,-1) (0,1,4)
D (10,11,12) (1,1,2)
D (7,8,9) (2,2,5)
D (9,10,11) (4,4,3)
D (12,-1,-1) (4,1,5)
D (9,10,11) (5,3,0)
D (9,-1,-1) (4,3,2)
D (10,11,12) (3,3,4)
D (9,10,11) (1,1,1)
D (10,11,-1) (5,1,5)
D (12,-1,-1) (3,0,4)
D (11,12,-1) (3,1,5)
D (12,-1,-1) (5,4,2)
D (8,9,-1) (2,1,3)
D (12,-1,-1) (1,0,0)
D (10,11,12) (1,3,4)
D (12,-1,-1) (5,0,0)
D (11,12,-1) (4,1,0)
D (9,10,11) (0,3,4)
D (11,12,-1) (3,5,0)
D (9,10,11) (2,1,5)
D (12,-1,-1) (3,1,1)
D (9,-1,-1) (0,5,0)
D (11,12,-1) (2,0,0)
D (8,-1,-1) (5,4,3)
D (10,11,-1) (1,2,1)
D (12,-1,-1) (5,0,3)
D (9,-1,-1) (5,4,0)
D (9,-1,-1) (1,1,0)
D (7,8,9) (4,0,2)
D (12,-1,-1) (5,5,0)
D (8,9,-1) (3,2,1)
D (12,-1,-1) (3,2,4)
D (8,-1,-1) (0,3,2)
D (10,-1,-1) (0,1,5)
D (8,9,10) (4,0,4)
D (12,-1,-1) (0,3,3)
D (11,12,-1) (0,1,2)
D (10,11,-1) (2,5,5)
D (10,-1,-1) (1,0,1)
D (10,11,12) (5,1,2)
D (7,-1,-1) (4,3,1)
D (8,9,10) (4,5,5)
D (8,-1,-1) (5,3,4)
D (7,8,-1) (0,0,1)
D (9,-1,-1) (1,3,2)
D (12,-1,-1) (0,2,2)
D (8,-1,-1) (4,1,1)
C 0 5
C 1 19
C 2 16
C 3 20
C 4 25
C 5 20
C 6 7
C 7 22
C 8 14
C 9 7
C 10 1
C 11 6
C 12 19
C 13 17
C 14 23
C 15 11
C 16 11
C 17 24
C 18 9
C 19 25
C 20 11
C 21 22
C 22 12
C 23 4
C 24 9
C 25 9
C 26 10
C 27 0
C 28 17
C 29 23
C 30 2
C 31 12
C 32 18
C 33 3
C 34 22
C 35 15
C 36 7
C 37 19
C 38 6
C 39 8
C 40 8
C 41 16
C 42 24
C 43 6
C 44 8
C 45 17
C 46 1
C 47 19
C 48 6
C 49 14
C 50 9
C 51 1
C 52 18
C 53 10
C 54 25
C 55 17
C 56 0
C 57 0
C 58 0
C 59 0
C 60 0
C 61 0
C 62 0
C 63 0
C 64 0
C 65 0
C 66 0
C 67 0
C 68 0
C 69 0
C 70 0
C 71 0
C 72 0
C 73 0
C 74 0
C 75 0
C 76 0
C 77 0
C 78 0
C 79 0
C 80 0
C 81 0
C 82 0
C 83 0
C 84 0
C 85 0
C 86 0
C 87 0
C 88 0
C 89 0
C 90 0
C 91 0
C 92 0
C 93 0
C 94 0
C 95 0
C 96 0
C 97 0
C 98 0
C 99 0
C 100 0
C 101 0
C 102 0
C 103 0
C 104 0
C 105 0
C 106 0
C 107 0
C 108 0
C 109 0
C 110 0
C 111 0
C 112 0
C 113 0
C 114 0
C 115 0
C 116 0
C 117 0
C 118 0
C 119 0
C 120 0
C 121 0
C 122 0
C 123 0
C 124 0
C 125 0
C 126 0
C 127 0
C 128 0
C 129 0
C 130 0
C 131 0
C 132 0
C 133 0
C 134 0
C 135 0
C 136 0
C 137 0
C 138 0
C 139 0
C 140 0
C 141 0
C 142 0
C 143 0
C 144 0
C 145 0
C 146 0
C 147 0
C 148 0
C 149 0
C 150 0
C 151 0
C 152 0
C 153 0
C 154 0
C 155 0
C 156 0
C 157 0
C 158 0
C 159 0
C 160 0
C 161 0
C 162 0
C 163 0
C 164 0
C 165 0
C 166 0
C 167 0
C 168 0
C 169 0
C 170 0
C 171 0
C 172 0
C 173 0
C 174 0
C 175 0
C 176 0
C 177 0
C 178 0
C 179 0
C 180 0
C 181 0
C 182 0
C 183 0
C 184 0
C 185 0
C 186 0
C 187 0
C 188 0
C 189 0
C 190 0
C 191 0
C 192 0
C 193 0
C 194 0
C 195 0
C 196 0
C 197 0
C 198 0
C 199 0
C 200 0
C 201 0
C 202 0
C 203 0
C 204 9
C 205 15
C 206 22
C 207 10
C 208 15
C 209 17
C 210 17
C 211 2
C 212 10
C 213 26
C 214 23
C 215 18
C 216 1
C 217 3
C 218 6
C 219 23
C 220 11
C 221 7
C 222 22
C 223 19
C 224 4
C 225 11
C 226 15
C 227 26
C 228 6
C 229 11
C 230 25
C 231 5
C 232 16
C 233 26
C 234 15
C 235 20
C 236 11
C 237 21
C 238 12
C 239 12
C 240 18
C 241 4
C 242 7
C 243 24
C 244 16
C 245 26
C 246 24
C 247 2
C 248 16
C 249 14
C 250 1
C 251 6
C 252 20
C 253 4
C 254 23
C 255 17
C 256 5
C 257 3
C 258 19
C 259 19
C 260 5
C 261 4
C 262 26
C 263 5
C 264 6
C 265 1
C 266 20
C 267 0
C 268 1
C 269 17
C 270 9
C 271 0
C 272 14
C 273 12
C 274 25
C 275 1
C 276 9
C 277 24
C 278 0
C 279 18
C 280 12
C 281 6
C 282 2
C 283 22
C 284 3
C 285 5
C 286 24
C 287 23
C 288 0
C 289 17
C 290 6
C 291 16
C 292 26
C 293 12
C 294 7
C 295 11
C 296 9
C 297 14
C 298 2
C 299 21
C 300 5
C 301 5
C 302 6
C 303 26
C 304 5
C 305 12
C 306 14
C 307 11
C 308 9
C 309 17
C 310 17
C 311 21
C 312 11
C 313 6
C 314 11
C 315 19
C 316 26
C 317 11
C 318 2
C 319 2
C 320 24
C 321 8
C 322 16
C 323 18
C 324 6
C 325 26
C 326 9
C 327 1
C 328 24
C 329 25
C 330 11
C 331 17
C 332 2
C 333 17
C 334 7
C 335 22
C 336 17
C 337 3
C 338 16
C 339 21
C 340 6
C 341 9
C 342 22
C 343 19
C 344 2
C 345 15
C 346 4
C 347 8
C 348 18
C 349 21
C 350 17
I 0 2 14 (2,5,4) (-1,0,0,0)|(0,-1,0,0)|(0,1,-1,0)|(1,1,-1,0)|(0,1,1,0)
I 3 3 4 (2,1,4) (0,1,1,0)
I 5 3 8 (1,4,4) (-1,-1,0,0)
