D (7,8,-1) (2,2,2)
D (8,9,-1) (2,4,0)
D (7,-1,-1) (4,2,2)
D (10,-1,-1) (1,1,5)
D (7,8,-1) (3,3,3)
D (11,12,-1) (5,4,4)
D (7,8,-1) (3,5,5)
D (10,-1,-1) (0,5,0)
D (10,11,-1) (0,2,4)
D (10,11,-1) (4,4,2)
D (11,12,-1) (0,2,2)
D (11,-1,-1) (3,0,0)
D (12,-1,-1) (0,2,5)
D (12,-1,-1) (0,5,4)
D (9,10,11) (5,5,2)
D (7,8,9) (3,4,0)
D (10,11,12) (4,1,2)
D (7,8,9) (4,2,4)
D (8,9,10) (3,0,5)
D (9,-1,-1) (3,5,2)
D (7,-1,-1) (5,5,3)
D (7,-1,-1) (2,2,1)
D (8,-1,-1) (4,4,1)
D (11,-1,-1) (2,5,0)
D (10,11,12) (0,4,4)
D (8,-1,-1) (5,3,3)
D (9,10,-1) (4,1,5)
D (12,-1,-1) (3,2,2)
D (8,9,-1) (4,3,4)
D (9,-1,-1) (0,0,0)
D (12,-1,-1) (4,3,5)
D (7,8,9) (5,2,0)
D (9,-1,-1) (1,5,0)
D (8,9,10) (0,5,5)
D (9,10,-1) (1,4,3)
D (10,11,12) (3,3,4)
D (10,-1,-1) (4,0,1)
D (12,-1,-1) (2,2,5)
D (12,-1,-1) (2,3,1)
D (11,12,-1) (5,1,5)
D (12,-1,-1) (3,2,0)
D (12,-1,-1) (0,1,2)
D (7,-1,-1) (4,1,4)
D (8,-1,-1) (5,1,0)
D (12,-1,-1) (0,2,1)
D (7,8,9) (1,5,4)
D (10,11,-1) (4,1,0)
D (9,-1,-1) (1,2,0)
D (12,-1,-1) (0,5,3)
D (9,10,11) (2,4,3)
D (12,-1,-1) (3,1,5)
D (12,-1,-1) (5,3,2)
D (7,8,-1) (1,3,0)
D (11,-1,-1) (1,4,4)
D (9,-1,-1) (0,1,1)
D (8,9,10) (3,3,1)
D (9,10,11) (1,3,5)
D (7,8,-1) (1,0,1)
D (8,-1,-1) (4,0,2)
D (11,12,-1) (2,5,1)
D (8,9,-1) (5,0,2)
D (11,12,-1) (0,3,5)
D (10,11,-1) (5,1,2)
D (12,-1,-1) (1,2,1)
D (12,-1,-1) (4,3,3)
D (9,10,-1) (1,5,3)
D (8,9,10) (2,5,4)
D (12,-1,-1) (2,1,4)
D (12,-1,-1) (2,3,5)
D (11,12,-1) (2,0,3)
D (11,12,-1) (3,1,4)
D (11,12,-1) (0,4,2)
D (10,-1,-1) (2,5,5)
D (8,-1,-1) (4,5,5)
D (7,-1,-1) (2,0,1)
D (11,-1,-1) (4,2,3)
D (7,8,-1) (5,5,4)
D (12,-1,-1) (4,5,1)
D (12,-1,-1) (2,4,4)
D (9,10,-1) (3,1,0)
D (9,10,-1) (2,4,1)
D (9,10,11) (0,3,3)
C 0 10
C 1 5
C 2 5
C 3 12
C 4 12
C 5 6
C 6 2
C 7 12
C 8 0
C 9 3
C 10 7
C 11 24
C 12 23
C 13 24
C 14 15
C 15 20
C 16 0
C 17 1
C 18 14
C 19 11
C 20 7
C 21 20
C 22 20
C 23 1
C 24 2
C 25 20
C 26 6
C 27 4
C 28 5
C 29 5
C 30 11
C 31 3
C 32 23
C 33 17
C 34 15
C 35 4
C 36 4
C 37 20
C 38 15
C 39 25
C 40 25
C 41 5
C 42 1
C 43 9
C 44 4
C 45 26
C 46 2
C 47 22
C 48 21
C 49 1
C 50 26
C 51 15
C 52 17
C 53 21
C 54 18
C 55 9
C 56 3
C 57 15
C 58 9
C 59 2
C 60 15
C 61 21
C 62 6
C 63 24
C 64 2
C 65 10
C 66 15
C 67 1
C 68 23
C 69 6
C 70 1
C 71 22
C 72 15
C 73 0
C 74 9
C 75 21
C 76 15
C 77 3
C 78 18
C 79 3
C 80 7
C 81 23
C 82 23
C 83 22
C 84 1
C 85 5
C 86 24
C 87 21
C 88 9
C 89 12
C 90 7
C 91 7
C 92 15
C 93 22
C 94 1
C 95 0
C 96 0
C 97 0
C 98 0
C 99 0
C 100 0
C 101 0
C 102 0
C 103 0
C 104 0
C 105 0
C 106 0
C 107 0
C 108 0
C 109 0
C 110 0
C 111 0
C 112 0
C 113 0
C 114 0
C 115 0
C 116 0
C 117 0
C 118 0
C 119 0
C 120 0
C 121 0
C 122 0
C 123 0
C 124 0
C 125 0
C 126 0
C 127 0
C 128 0
C 129 0
C 130 0
C 131 0
C 132 0
C 133 0
C 134 0
C 135 0
C 136 0
C 137 0
C 138 0
C 139 0
C 140 0
C 141 0
C 142 0
C 143 0
C 144 0
C 145 0
C 146 0
C 147 0
C 148 0
C 149 0
C 150 0
C 151 0
C 152 0
C 153 0
C 154 0
C 155 0
C 156 0
C 157 0
C 158 0
C 159 0
C 160 0
C 161 0
C 162 0
C 163 0
C 164 0
C 165 0
C 166 0
C 167 0
C 168 0
C 169 0
C 170 0
C 171 0
C 172 0
C 173 0
C 174 0
C 175 0
C 176 0
C 177 0
C 178 0
C 179 0
C 180 0
C 181 0
C 182 0
C 183 0
C 184 0
C 185 0
C 186 0
C 187 0
C 188 0
C 189 0
C 190 0
C 191 0
C 192 0
C 193 0
C 194 0
C 195 0
C 196 0
C 197 0
C 198 0
C 199 0
C 200 0
C 201 0
C 202 0
C 203 0
C 204 0
C 205 0
C 206 0
C 207 0
C 208 0
C 209 0
C 210 0
C 211 0
C 212 0
C 213 0
C 214 0
C 215 0
C 216 0
C 217 0
C 218 0
C 219 0
C 220 0
C 221 0
C 222 0
C 223 0
C 224 0
C 225 0
C 226 0
C 227 0
C 228 0
C 229 0
C 230 0
C 231 0
C 232 18
C 233 16
C 234 5
C 235 0
C 236 3
C 237 26
C 238 12
C 239 1
C 240 14
C 241 11
C 242 24
C 243 14
C 244 1
C 245 6
C 246 15
C 247 17
C 248 5
C 249 20
C 250 0
C 251 3
C 252 15
C 253 26
C 254 4
C 255 19
C 256 1
C 257 22
C 258 3
C 259 9
C 260 9
C 261 16
C 262 1
C 263 12
C 264 10
C 265 11
C 266 4
C 267 22
C 268 3
C 269 3
C 270 22
C 271 24
C 272 19
C 273 7
C 274 24
C 275 16
C 276 19
C 277 4
C 278 24
C 279 3
C 280 21
C 281 7
C 282 21
C 283 18
C 284 9
C 285 18
C 286 17
C 287 3
C 288 20
C 289 10
C 290 26
C 291 16
C 292 8
C 293 14
C 294 16
C 295 19
C 296 24
C 297 12
C 298 2
C 299 0
C 300 15
C 301 5
C 302 14
C 303 9
C 304 4
C 305 21
C 306 21
C 307 6
C 308 5
C 309 11
C 310 18
C 311 21
C 312 7
C 313 8
C 314 23
C 315 6
C 316 3
C 317 17
C 318 15
C 319 17
C 320 22
C 321 5
C 322 19
C 323 19
C 324 18
C 325 21
C 326 9
C 327 0
C 328 14
C 329 12
C 330 25
C 331 6
C 332 0
C 333 23
C 334 5
C 335 1
C 336 20
C 337 0
C 338 16
C 339 0
C 340 16
C 341 6
C 342 26
C 343 26
C 344 25
C 345 5
C 346 15
C 347 6
C 348 20
C 349 21
C 350 5
I 0 2 14 (1,4,1) (1,-1,1,0)|(-1,1,-1,0)
I 0 3 16 (4,2,3) (0,0,0,0)
I 0 1 15 (1,0,0) (0,1,-1,0)|(1,-1,-1,0)|(-1,0,0,0)
