D (12,-1,-1) (4,3,3)
D (8,9,-1) (3,1,0)
D (10,11,-1) (4,4,2)
D (10,11,-1) (3,0,0)
D (8,9,-1) (0,1,1)
D (7,8,-1) (4,2,0)
D (12,-1,-1) (5,1,0)
D (8,9,-1) (0,2,1)
D (9,10,11) (3,4,2)
D (10,11,12) (1,2,5)
D (7,8,9) (2,3,5)
D (12,-1,-1) (0,4,5)
D (10,11,-1) (1,1,4)
D (7,8,-1) (3,3,0)
D (8,-1,-1) (0,5,1)
D (8,9,-1) (0,2,5)
D (12,-1,-1) (5,1,4)
D (8,9,-1) (4,3,2)
D (10,-1,-1) (2,4,5)
D (8,9,-1) (5,2,1)
D (9,10,-1) (1,1,0)
D (12,-1,-1) (2,4,4)
D (11,-1,-1) (2,1,2)
D (8,-1,-1) (2,5,0)
D (12,-1,-1) (0,3,3)
D (8,9,-1) (3,3,1)
D (10,-1,-1) (5,3,2)
D (8,-1,-1) (2,1,4)
D (10,11,-1) (3,1,5)
D (8,9,-1) (5,2,5)
D (10,11,12) (4,0,4)
D (12,-1,-1) (5,4,0)
D (7,-1,-1) (0,0,3)
D (8,9,-1) (2,2,1)
D (8,9,-1) (1,4,1)
D (10,11,12) (4,1,4)
D (11,12,-1) (1,2,2)
D (7,8,-1) (2,0,0)
D (11,-1,-1) (1,4,2)
D (7,-1,-1) (0,5,3)
D (10,11,-1) (0,3,1)
D (8,9,10) (0,0,4)
D (10,11,-1) (4,2,3)
D (7,8,-1) (4,5,5)
D (8,-1,-1) (2,4,0)
D (7,-1,-1) (5,4,1)
D (12,-1,-1) (0,3,5)
D (12,-1,-1) (1,3,5)
D (12,-1,-1) (2,5,5)
D (7,8,-1) (5,1,3)
D (10,-1,-1) (0,5,0)
D (12,-1,-1) (5,3,5)
D (8,-1,-1) (0,4,0)
D (11,-1,-1) (4,2,4)
D (10,11,-1) (5,5,3)
C 0 16
C 1 2
C 2 8
C 3 2
C 4 10
C 5 2
C 6 5
C 7 1
C 8 2
C 9 22
C 10 7
C 11 23
C 12 9
C 13 14
C 14 17
C 15 11
C 16 20
C 17 3
C 18 4
C 19 9
C 20 12
C 21 20
C 22 16
C 23 0
C 24 16
C 25 12
C 26 16
C 27 9
C 28 16
C 29 7
C 30 11
C 31 22
C 32 20
C 33 4
C 34 5
C 35 1
C 36 7
C 37 9
C 38 5
C 39 18
C 40 20
C 41 6
C 42 25
C 43 10
C 44 12
C 45 18
C 46 19
C 47 15
C 48 17
C 49 18
C 50 19
C 51 2
C 52 7
C 53 24
C 54 7
C 55 5
C 56 0
C 57 22
C 58 19
C 59 15
C 60 20
C 61 2
C 62 5
C 63 16
C 64 19
C 65 9
C 66 5
C 67 17
C 68 12
C 69 3
C 70 12
C 71 22
C 72 4
C 73 1
C 74 20
C 75 11
C 76 23
C 77 15
C 78 15
C 79 6
C 80 25
C 81 9
C 82 6
C 83 15
C 84 11
C 85 18
C 86 17
C 87 18
C 88 1
C 89 19
C 90 6
C 91 8
C 92 0
C 93 0
C 94 0
C 95 0
C 96 0
C 97 0
C 98 0
C 99 0
C 100 0
C 101 0
C 102 0
C 103 0
C 104 0
C 105 0
C 106 0
C 107 0
C 108 0
C 109 0
C 110 0
C 111 0
C 112 0
C 113 0
C 114 0
C 115 0
C 116 0
C 117 0
C 118 0
C 119 0
C 120 0
C 121 0
C 122 0
C 123 0
C 124 0
C 125 0
C 126 0
C 127 0
C 128 0
C 129 0
C 130 0
C 131 0
C 132 0
C 133 0
C 134 0
C 135 0
C 136 0
C 137 0
C 138 18
C 139 7
C 140 19
C 141 20
C 142 2
C 143 8
C 144 17
C 145 16
C 146 1
C 147 6
C 148 0
C 149 18
C 150 3
C 151 26
C 152 26
C 153 16
C 154 14
C 155 17
C 156 17
C 157 19
C 158 3
C 159 11
C 160 19
C 161 18
C 162 10
C 163 0
C 164 2
C 165 1
C 166 17
C 167 3
C 168 22
C 169 12
C 170 9
C 171 17
C 172 4
C 173 25
C 174 1
C 175 14
C 176 1
C 177 9
C 178 7
C 179 12
C 180 6
C 181 12
C 182 26
C 183 14
C 184 7
C 185 17
C 186 0
C 187 0
C 188 0
C 189 0
C 190 0
C 191 0
C 192 0
C 193 0
C 194 0
C 195 0
C 196 0
C 197 0
C 198 0
C 199 0
C 200 0
C 201 0
C 202 0
C 203 0
C 204 0
C 205 0
C 206 0
C 207 0
C 208 0
C 209 0
C 210 0
C 211 0
C 212 0
C 213 0
C 214 0
C 215 0
C 216 0
C 217 0
C 218 0
C 219 0
C 220 0
C 221 0
C 222 0
C 223 0
C 224 0
C 225 0
C 226 0
C 227 0
C 228 0
C 229 0
C 230 0
C 231 0
C 232 0
C 233 0
C 234 0
C 235 0
C 236 0
C 237 0
C 238 0
C 239 0
C 240 0
C 241 0
C 242 0
C 243 0
C 244 0
C 245 0
C 246 0
C 247 0
C 248 0
C 249 0
C 250 0
C 251 0
C 252 0
C 253 0
C 254 0
C 255 0
C 256 0
C 257 0
C 258 0
C 259 0
C 260 0
C 261 0
C 262 0
C 263 0
C 264 0
C 265 0
C 266 0
C 267 0
C 268 0
C 269 0
C 270 0
C 271 0
C 272 0
C 273 0
C 274 0
C 275 0
C 276 0
C 277 0
C 278 0
C 279 0
C 280 0
C 281 0
C 282 0
C 283 0
C 284 0
C 285 0
C 286 0
C 287 0
C 288 0
C 289 0
C 290 0
C 291 0
C 292 0
C 293 0
C 294 0
C 295 0
C 296 0
C 297 0
C 298 0
C 299 0
C 300 0
C 301 0
C 302 0
C 303 0
C 304 0
C 305 0
C 306 0
C 307 0
C 308 0
C 309 0
C 310 0
C 311 0
C 312 0
C 313 0
C 314 0
C 315 0
C 316 0
C 317 0
C 318 0
C 319 0
C 320 0
C 321 0
C 322 0
C 323 0
C 324 0
C 325 0
C 326 0
C 327 0
C 328 0
C 329 0
C 330 0
C 331 0
C 332 0
C 333 0
C 334 0
C 335 0
C 336 0
C 337 0
C 338 0
C 339 0
C 340 15
C 341 25
C 342 15
C 343 1
C 344 0
C 345 20
C 346 15
C 347 12
C 348 24
C 349 17
C 350 19
I 0 3 1 (2,1,3) (0,1,1,0)|(0,1,1,0)|(-1,-1,-1,0)
I 0 1 5 (5,1,4) (-1,0,1,0)|(0,1,0,0)
I 5 3 19 (4,4,5) (0,0,1,0)
