D (9,10,11) (3,3,0)
D (11,12,-1) (3,4,4)
D (7,8,9) (0,2,2)
D (9,10,11) (5,2,4)
D (9,10,11) (2,2,2)
D (12,-1,-1) (5,3,2)
D (12,-1,-1) (1,5,5)
D (9,-1,-1) (5,4,0)
D (11,-1,-1) (3,1,2)
D (8,9,10) (1,4,0)
D (10,-1,-1) (1,1,4)
D (7,8,9) (5,0,1)
D (9,-1,-1) (0,2,1)
D (10,-1,-1) (0,4,4)
D (11,12,-1) (2,5,2)
D (8,9,-1) (0,5,0)
D (11,-1,-1) (0,0,4)
D (8,9,10) (4,0,0)
D (10,-1,-1) (3,2,4)
D (10,11,12) (0,4,3)
D (10,-1,-1) (5,5,4)
D (7,-1,-1) (0,3,4)
D (8,9,10) (3,0,5)
D (9,-1,-1) (1,5,1)
D (12,-1,-1) (5,3,1)
D (8,-1,-1) (3,4,2)
D (10,-1,-1) (0,4,5)
D (7,8,9) (4,5,3)
D (7,-1,-1) (0,2,0)
D (8,9,10) (1,0,5)
D (9,10,11) (0,5,1)
D (7,8,9) (4,5,1)
D (10,11,12) (0,1,0)
D (11,12,-1) (0,0,3)
D (12,-1,-1) (2,0,4)
D (12,-1,-1) (2,1,5)
D (8,9,-1) (5,5,1)
D (11,12,-1) (2,1,0)
D (10,-1,-1) (3,3,2)
D (10,11,12) (3,5,5)
D (10,11,-1) (1,4,1)
D (7,-1,-1) (2,3,1)
D (9,-1,-1) (2,4,1)
D (10,-1,-1) (2,1,2)
D (10,11,-1) (5,4,2)
D (9,10,11) (2,4,0)
D (7,8,-1) (0,4,2)
D (7,8,9) (2,3,2)
D (9,-1,-1) (0,2,4)
D (12,-1,-1) (3,3,3)
D (10,11,12) (3,2,1)
D (9,-1,-1) (2,2,5)
D (8,9,10) (3,5,1)
D (11,-1,-1) (0,1,4)
C 0 7
C 1 8
C 2 10
C 3 26
C 4 3
C 5 18
C 6 15
C 7 2
C 8 3
C 9 8
C 10 18
C 11 4
C 12 4
C 13 10
C 14 0
C 15 1
C 16 11
C 17 24
C 18 9
C 19 2
C 20 10
C 21 10
C 22 19
C 23 17
C 24 17
C 25 4
C 26 18
C 27 25
C 28 22
C 29 14
C 30 3
C 31 17
C 32 11
C 33 24
C 34 17
C 35 21
C 36 17
C 37 18
C 38 14
C 39 26
C 40 1
C 41 19
C 42 5
C 43 11
C 44 6
C 45 4
C 46 8
C 47 3
C 48 6
C 49 12
C 50 9
C 51 20
C 52 6
C 53 11
C 54 5
C 55 20
C 56 20
C 57 14
C 58 20
C 59 2
C 60 7
C 61 14
C 62 15
C 63 9
C 64 5
C 65 6
C 66 20
C 67 6
C 68 0
C 69 0
C 70 11
C 71 18
C 72 3
C 73 17
C 74 25
C 75 26
C 76 20
C 77 22
C 78 17
C 79 10
C 80 23
C 81 25
C 82 2
C 83 1
C 84 23
C 85 12
C 86 1
C 87 21
C 88 2
C 89 7
C 90 21
C 91 3
C 92 5
C 93 26
C 94 0
C 95 0
C 96 0
C 97 0
C 98 0
C 99 0
C 100 0
C 101 0
C 102 0
C 103 0
C 104 2
C 105 18
C 106 20
C 107 25
C 108 22
C 109 26
C 110 25
C 111 19
C 112 12
C 113 0
C 114 11
C 115 6
C 116 17
C 117 22
C 118 7
C 119 12
C 120 5
C 121 3
C 122 16
C 123 3
C 124 25
C 125 16
C 126 7
C 127 26
C 128 19
C 129 19
C 130 21
C 131 14
C 132 3
C 133 20
C 134 1
C 135 25
C 136 0
C 137 0
C 138 10
C 139 19
C 140 23
C 141 22
C 142 25
C 143 8
C 144 5
C 145 1
C 146 7
C 147 10
C 148 12
C 149 18
C 150 9
C 151 9
C 152 25
C 153 0
C 154 16
C 155 20
C 156 12
C 157 26
C 158 8
C 159 7
C 160 2
C 161 7
C 162 8
C 163 19
C 164 16
C 165 5
C 166 6
C 167 6
C 168 10
C 169 19
C 170 16
C 171 16
C 172 23
C 173 26
C 174 5
C 175 22
C 176 1
C 177 0
C 178 0
C 179 0
C 180 0
C 181 0
C 182 0
C 183 0
C 184 0
C 185 0
C 186 0
C 187 0
C 188 0
C 189 0
C 190 0
C 191 0
C 192 0
C 193 0
C 194 0
C 195 0
C 196 0
C 197 0
C 198 0
C 199 0
C 200 0
C 201 0
C 202 0
C 203 0
C 204 0
C 205 0
C 206 0
C 207 0
C 208 0
C 209 0
C 210 0
C 211 0
C 212 0
C 213 0
C 214 0
C 215 0
C 216 0
C 217 0
C 218 0
C 219 0
C 220 0
C 221 0
C 222 0
C 223 0
C 224 0
C 225 0
C 226 0
C 227 0
C 228 0
C 229 0
C 230 0
C 231 0
C 232 0
C 233 0
C 234 0
C 235 0
C 236 0
C 237 0
C 238 0
C 239 0
C 240 0
C 241 0
C 242 0
C 243 0
C 244 0
C 245 0
C 246 0
C 247 0
C 248 0
C 249 0
C 250 0
C 251 0
C 252 0
C 253 0
C 254 0
C 255 0
C 256 0
C 257 0
C 258 0
C 259 0
C 260 0
C 261 0
C 262 0
C 263 0
C 264 0
C 265 0
C 266 0
C 267 0
C 268 0
C 269 0
C 270 0
C 271 0
C 272 8
C 273 21
C 274 21
C 275 0
C 276 3
C 277 7
C 278 26
C 279 3
C 280 5
C 281 11
C 282 5
C 283 21
C 284 26
C 285 22
C 286 1
C 287 25
C 288 3
C 289 17
C 290 3
C 291 17
C 292 26
C 293 6
C 294 6
C 295 22
C 296 21
C 297 14
C 298 7
C 299 20
C 300 25
C 301 5
C 302 15
C 303 26
C 304 7
C 305 18
C 306 24
C 307 0
C 308 6
C 309 8
C 310 4
C 311 7
C 312 22
C 313 21
C 314 3
C 315 15
C 316 17
C 317 3
C 318 3
C 319 2
C 320 1
C 321 14
C 322 15
C 323 18
C 324 5
C 325 5
C 326 7
C 327 8
C 328 5
C 329 18
C 330 4
C 331 3
C 332 7
C 333 19
C 334 2
C 335 14
C 336 2
C 337 26
C 338 19
C 339 20
C 340 14
C 341 18
C 342 23
C 343 1
C 344 2
C 345 12
C 346 26
C 347 3
C 348 11
C 349 7
C 350 23
I 1 1 14 (0,0,0) (0,1,1,0)
I 1 1 7 (2,3,5) (-1,0,0,0)
I 3 3 10 (3,5,1) (1,1,0,0)|(0,0,1,0)
