D (12,-1,-1) (2,4,1)
D (8,-1,-1) (4,1,2)
D (10,8,-1) (0,5,3)
D (8,9,-1) (3,1,1)
D (9,-1,-1) (5,2,2)
D (11,12,-1) (4,3,5)
D (8,9,10) (4,4,0)
D (10,11,-1) (5,5,5)
D (11,12,-1) (2,2,5)
D (12,-1,-1) (4,5,2)
D (10,-1,-1) (0,1,4)
D (11,12,-1) (1,5,1)
D (11,12,-1) (0,5,5)
D (11,12,-1) (4,5,5)
D (10,-1,-1) (4,1,3)
D (11,12,-1) (5,4,0)
D (11,-1,-1) (5,2,5)
D (11,-1,-1) (0,4,4)
D (11,-1,-1) (4,2,1)
D (8,-1,-1) (0,2,5)
D (8,9,-1) (3,1,3)
D (8,9,-1) (3,3,4)
D (11,12,-1) (1,1,2)
D (8,9,10) (5,3,3)
D (7,8,9) (0,5,1)
D (7,-1,-1) (2,1,4)
D (12,-1,-1) (2,5,1)
D (10,-1,-1) (0,3,4)
D (9,10,-1) (4,1,1)
D (12,-1,-1) (0,5,2)
D (10,11,12) (1,2,3)
D (7,8,9) (2,3,3)
D (7,8,9) (2,5,5)
D (12,-1,-1) (4,4,5)
D (10,11,12) (2,1,0)
D (11,12,-1) (3,0,5)
D (9,10,-1) (2,3,1)
D (11,-1,-1) (4,4,1)
D (7,-1,-1) (0,4,3)
D (7,8,9) (2,3,5)
D (11,12,-1) (5,4,2)
D (7,8,9) (5,3,1)
D (12,-1,-1) (3,4,1)
D (10,11,12) (1,5,4)
D (7,-1,-1) (0,2,3)
D (7,8,-1) (1,1,1)
D (8,-1,-1) (2,1,5)
D (8,9,-1) (0,5,0)
D (7,-1,-1) (2,5,3)
D (10,11,12) (0,5,4)
D (9,10,-1) (5,1,3)
D (10,-1,-1) (4,3,4)
D (9,-1,-1) (1,0,5)
D (7,8,-1) (0,4,5)
D (8,9,-1) (1,4,2)
D (7,8,-1) (2,5,2)
D (9,10,11) (2,2,0)
D (8,9,10) (5,3,5)
D (10,11,12) (5,0,2)
D (11,12,-1) (2,0,4)
D (7,8,-1) (5,1,1)
D (12,-1,-1) (2,1,1)
C 0 26
C 1 4
C 2 23
C 3 19
C 4 8
C 5 10
C 6 1
C 7 22
C 8 18
C 9 17
C 10 20
C 11 14
C 12 0
C 13 16
C 14 8
C 15 8
C 16 19
C 17 20
C 18 14
C 19 23
C 20 14
C 21 7
C 22 18
C 23 17
C 24 6
C 25 8
C 26 19
C 27 11
C 28 26
C 29 11
C 30 20
C 31 0
C 32 21
C 33 14
C 34 16
C 35 25
C 36 16
C 37 20
C 38 16
C 39 24
C 40 6
C 41 4
C 42 5
C 43 16
C 44 23
C 45 21
C 46 10
C 47 9
C 48 9
C 49 6
C 50 18
C 51 5
C 52 19
C 53 17
C 54 18
C 55 26
C 56 10
C 57 26
C 58 22
C 59 14
C 60 5
C 61 4
C 62 24
C 63 26
C 64 4
C 65 0
C 66 21
C 67 25
C 68 18
C 69 9
C 70 16
C 71 8
C 72 9
C 73 7
C 74 6
C 75 17
C 76 25
C 77 9
C 78 6
C 79 17
C 80 5
C 81 11
C 82 20
C 83 23
C 84 18
C 85 21
C 86 17
C 87 4
C 88 3
C 89 24
C 90 9
C 91 12
C 92 10
C 93 26
C 94 11
C 95 11
C 96 11
C 97 6
C 98 12
C 99 16
C 100 19
C 101 3
C 102 4
C 103 12
C 104 12
C 105 21
C 106 7
C 107 11
C 108 15
C 109 10
C 110 14
C 111 17
C 112 0
C 113 12
C 114 17
C 115 24
C 116 21
C 117 19
C 118 2
C 119 23
C 120 18
C 121 0
C 122 0
C 123 0
C 124 0
C 125 0
C 126 0
C 127 0
C 128 0
C 129 0
C 130 0
C 131 0
C 132 0
C 133 0
C 134 0
C 135 0
C 136 0
C 137 0
C 138 0
C 139 0
C 140 0
C 141 0
C 142 0
C 143 0
C 144 0
C 145 0
C 146 0
C 147 0
C 148 0
C 149 0
C 150 0
C 151 0
C 152 0
C 153 0
C 154 0
C 155 0
C 156 0
C 157 0
C 158 0
C 159 0
C 160 0
C 161 0
C 162 0
C 163 0
C 164 0
C 165 22
C 166 0
C 167 2
C 168 17
C 169 7
C 170 25
C 171 0
C 172 10
C 173 8
C 174 10
C 175 22
C 176 18
C 177 14
C 178 10
C 179 20
C 180 18
C 181 26
C 182 23
C 183 24
C 184 26
C 185 19
C 186 11
C 187 9
C 188 8
C 189 5
C 190 5
C 191 17
C 192 14
C 193 24
C 194 15
C 195 25
C 196 10
C 197 1
C 198 20
C 199 0
C 200 16
C 201 20
C 202 18
C 203 14
C 204 2
C 205 3
C 206 10
C 207 17
C 208 25
C 209 5
C 210 18
C 211 8
C 212 7
C 213 23
C 214 0
C 215 10
C 216 20
C 217 14
C 218 22
C 219 8
C 220 21
C 221 7
C 222 10
C 223 10
C 224 19
C 225 20
C 226 17
C 227 5
C 228 14
C 229 24
C 230 4
C 231 16
C 232 1
C 233 7
C 234 3
C 235 14
C 236 21
C 237 21
C 238 11
C 239 23
C 240 9
C 241 18
C 242 17
C 243 2
C 244 2
C 245 5
C 246 25
C 247 12
C 248 21
C 249 14
C 250 3
C 251 4
C 252 23
C 253 17
C 254 0
C 255 2
C 256 18
C 257 20
C 258 6
C 259 6
C 260 7
C 261 3
C 262 18
C 263 22
C 264 6
C 265 23
C 266 26
C 267 16
C 268 21
C 269 10
C 270 7
C 271 4
C 272 4
C 273 11
C 274 24
C 275 0
C 276 17
C 277 21
C 278 2
C 279 9
C 280 14
C 281 17
C 282 5
C 283 18
C 284 16
C 285 23
C 286 17
C 287 18
C 288 24
C 289 5
C 290 5
C 291 24
C 292 0
C 293 14
C 294 20
C 295 7
C 296 22
C 297 6
C 298 24
C 299 10
C 300 7
C 301 23
C 302 19
C 303 19
C 304 24
C 305 23
C 306 15
C 307 0
C 308 9
C 309 19
C 310 25
C 311 10
C 312 7
C 313 0
C 314 21
C 315 14
C 316 26
C 317 25
C 318 18
C 319 22
C 320 21
C 321 6
C 322 15
C 323 9
C 324 9
C 325 5
C 326 20
C 327 0
C 328 5
C 329 9
C 330 22
C 331 25
C 332 24
C 333 2
C 334 9
C 335 6
C 336 25
C 337 2
C 338 25
C 339 5
C 340 21
C 341 26
C 342 6
C 343 17
C 344 8
C 345 1
C 346 0
C 347 14
C 348 1
C 349 7
C 350 11
I 4 1 9 (1,5,0) (0,0,-1,0)|(-1,0,-1,0)|(1,1,0,0)|(1,0,1,0)|(0,-1,1,0)
I 0 1 11 (1,2,3) (1,1,0,0)
I 0 1 10 (0,3,0) (1,0,1,0)|(-1,0,1,0)|(-1,0,-1,0)
