D (8,9,10) (3,1,1)
D (11,12,-1) (5,2,1)
D (12,-1,-1) (4,0,4)
D (10,11,-1) (4,3,3)
D (11,-1,-1) (3,1,0)
D (8,-1,-1) (2,5,0)
D (9,10,-1) (3,5,4)
D (9,-1,-1) (4,3,2)
D (7,-1,-1) (2,3,2)
D (11,12,-1) (4,1,3)
D (9,10,11) (3,2,5)
D (11,-1,-1) (5,0,1)
D (12,-1,-1) (0,3,5)
D (12,-1,-1) (5,0,2)
D (11,12,-1) (4,3,0)
D (8,-1,-1) (2,4,0)
D (7,8,-1) (2,0,1)
D (11,12,-1) (4,0,1)
D (8,-1,-1) (0,2,5)
D (10,11,12) (3,2,4)
D (7,8,9) (2,4,1)
D (8,-1,-1) (2,2,3)
D (8,-1,-1) (2,3,3)
D (7,8,9) (4,1,0)
D (9,-1,-1) (2,0,5)
D (10,11,-1) (3,3,1)
D (9,-1,-1) (4,0,2)
D (9,-1,-1) (5,4,3)
D (8,9,-1) (3,3,5)
D (9,10,-1) (2,0,2)
D (7,8,-1) (3,0,0)
D (7,8,-1) (0,0,2)
D (10,11,12) (1,5,1)
D (8,9,-1) (0,1,4)
D (12,-1,-1) (1,2,5)
D (12,-1,-1) (3,5,1)
D (9,10,11) (5,0,0)
D (12,-1,-1) (3,4,2)
D (11,-1,-1) (3,5,5)
D (12,-1,-1) (3,5,3)
D (10,11,12) (4,2,5)
D (9,-1,-1) (0,2,4)
D (9,-1,-1) (0,3,1)
D (10,11,12) (1,0,5)
D (9,-1,-1) (2,0,0)
D (8,9,-1) (5,2,5)
D (10,-1,-1) (1,5,3)
D (8,9,-1) (4,5,3)
D (11,12,-1) (3,3,4)
D (8,9,-1) (3,1,2)
D (10,11,-1) (1,0,2)
D (12,-1,-1) (0,5,3)
D (10,-1,-1) (4,2,1)
D (12,-1,-1) (2,0,3)
D (12,-1,-1) (3,0,1)
D (11,-1,-1) (4,4,5)
D (10,11,12) (3,2,0)
D (9,10,11) (4,5,0)
D (12,-1,-1) (2,4,3)
C 0 12
C 1 3
C 2 7
C 3 2
C 4 22
C 5 12
C 6 8
C 7 3
C 8 1
C 9 11
C 10 4
C 11 9
C 12 20
C 13 3
C 14 1
C 15 7
C 16 17
C 17 24
C 18 22
C 19 22
C 20 25
C 21 6
C 22 9
C 23 5
C 24 23
C 25 17
C 26 22
C 27 25
C 28 26
C 29 5
C 30 26
C 31 9
C 32 19
C 33 0
C 34 12
C 35 6
C 36 2
C 37 4
C 38 26
C 39 10
C 40 15
C 41 9
C 42 21
C 43 7
C 44 21
C 45 1
C 46 11
C 47 18
C 48 7
C 49 21
C 50 12
C 51 12
C 52 7
C 53 14
C 54 21
C 55 26
C 56 16
C 57 10
C 58 25
C 59 10
C 60 15
C 61 16
C 62 17
C 63 0
C 64 21
C 65 10
C 66 1
C 67 20
C 68 17
C 69 24
C 70 23
C 71 23
C 72 23
C 73 22
C 74 4
C 75 24
C 76 20
C 77 19
C 78 21
C 79 10
C 80 0
C 81 2
C 82 24
C 83 17
C 84 22
C 85 12
C 86 4
C 87 2
C 88 7
C 89 20
C 90 3
C 91 12
C 92 16
C 93 19
C 94 21
C 95 25
C 96 11
C 97 23
C 98 23
C 99 8
C 100 25
C 101 22
C 102 0
C 103 20
C 104 8
C 105 3
C 106 1
C 107 11
C 108 16
C 109 21
C 110 22
C 111 4
C 112 3
C 113 22
C 114 8
C 115 26
C 116 9
C 117 10
C 118 18
C 119 19
C 120 6
C 121 12
C 122 24
C 123 0
C 124 12
C 125 14
C 126 1
C 127 10
C 128 21
C 129 16
C 130 15
C 131 2
C 132 0
C 133 15
C 134 25
C 135 7
C 136 12
C 137 10
C 138 25
C 139 22
C 140 4
C 141 2
C 142 15
C 143 10
C 144 4
C 145 6
C 146 14
C 147 15
C 148 6
C 149 6
C 150 6
C 151 3
C 152 5
C 153 8
C 154 2
C 155 23
C 156 22
C 157 19
C 158 22
C 159 4
C 160 14
C 161 9
C 162 12
C 163 23
C 164 24
C 165 0
C 166 26
C 167 22
C 168 15
C 169 3
C 170 8
C 171 17
C 172 1
C 173 24
C 174 17
C 175 8
C 176 0
C 177 2
C 178 20
C 179 25
C 180 4
C 181 1
C 182 10
C 183 0
C 184 10
C 185 8
C 186 1
C 187 7
C 188 22
C 189 3
C 190 4
C 191 0
C 192 18
C 193 0
C 194 10
C 195 14
C 196 9
C 197 24
C 198 5
C 199 11
C 200 21
C 201 22
C 202 15
C 203 0
C 204 21
C 205 20
C 206 8
C 207 26
C 208 6
C 209 25
C 210 0
C 211 9
C 212 17
C 213 22
C 214 25
C 215 15
C 216 21
C 217 17
C 218 25
C 219 14
C 220 5
C 221 23
C 222 21
C 223 24
C 224 18
C 225 12
C 226 5
C 227 6
C 228 26
C 229 16
C 230 15
C 231 16
C 232 26
C 233 22
C 234 22
C 235 24
C 236 19
C 237 2
C 238 20
C 239 6
C 240 23
C 241 20
C 242 15
C 243 7
C 244 22
C 245 22
C 246 3
C 247 16
C 248 17
C 249 18
C 250 20
C 251 25
C 252 3
C 253 6
C 254 22
C 255 8
C 256 24
C 257 20
C 258 11
C 259 10
C 260 6
C 261 10
C 262 17
C 263 19
C 264 15
C 265 0
C 266 17
C 267 18
C 268 9
C 269 18
C 270 26
C 271 21
C 272 24
C 273 17
C 274 15
C 275 17
C 276 8
C 277 4
C 278 11
C 279 21
C 280 7
C 281 4
C 282 16
C 283 19
C 284 4
C 285 18
C 286 2
C 287 2
C 288 23
C 289 21
C 290 26
C 291 18
C 292 10
C 293 22
C 294 1
C 295 23
C 296 18
C 297 7
C 298 2
C 299 22
C 300 15
C 301 19
C 302 26
C 303 1
C 304 16
C 305 18
C 306 16
C 307 18
C 308 1
C 309 15
C 310 15
C 311 3
C 312 25
C 313 3
C 314 10
C 315 11
C 316 5
C 317 18
C 318 20
C 319 19
C 320 17
C 321 12
C 322 11
C 323 12
C 324 21
C 325 24
C 326 1
C 327 8
C 328 24
C 329 9
C 330 3
C 331 25
C 332 5
C 333 22
C 334 0
C 335 1
C 336 19
C 337 4
C 338 7
C 339 14
C 340 12
C 341 4
C 342 17
C 343 10
C 344 20
C 345 26
C 346 3
C 347 16
C 348 2
C 349 9
C 350 8
I 3 1 9 (5,3,0) (0,0,-1,0)|(0,1,1,0)|(0,1,1,0)|(-1,1,1,0)|(-1,-1,0,0)
I 5 2 17 (5,2,3) (-1,-1,1,0)|(1,0,1,0)|(-1,1,-1,0)
I 4 3 9 (3,1,2) (0,-1,-1,0)
I 0 2 16 (2,5,3) (0,-1,-1,0)|(-1,1,-1,0)|(1,1,-1,0)|(-1,1,0,0)|(-1,-1,-1,0)
