D (10,-1,-1) (0,5,4)
D (7,8,-1) (1,4,0)
D (10,11,-1) (3,5,0)
D (7,8,-1) (1,2,2)
D (8,9,-1) (5,3,3)
D (10,-1,-1) (4,1,3)
D (7,8,9) (4,5,0)
D (7,-1,-1) (1,2,1)
D (7,8,9) (5,1,4)
D (9,10,11) (2,0,1)
D (11,-1,-1) (1,0,5)
D (9,10,-1) (4,0,1)
D (11,12,-1) (3,0,0)
D (11,12,-1) (1,2,3)
D (11,12,-1) (3,1,0)
D (7,8,9) (0,0,2)
D (7,8,-1) (1,1,2)
D (12,-1,-1) (0,2,3)
D (10,11,12) (0,1,3)
D (8,-1,-1) (5,4,5)
D (10,-1,-1) (4,0,0)
D (7,8,-1) (3,4,2)
D (7,8,-1) (4,2,3)
D (8,9,-1) (1,3,5)
D (12,-1,-1) (0,0,4)
D (7,-1,-1) (4,5,2)
D (11,-1,-1) (3,2,0)
D (8,9,10) (2,4,0)
D (8,-1,-1) (4,4,2)
D (8,9,-1) (2,3,0)
D (11,12,-1) (4,5,1)
D (12,-1,-1) (0,5,2)
D (9,-1,-1) (2,4,2)
D (12,-1,-1) (1,0,2)
D (10,11,-1) (1,1,1)
D (12,-1,-1) (4,5,5)
D (7,-1,-1) (3,5,1)
D (12,-1,-1) (4,3,5)
D (9,10,11) (1,5,0)
D (10,11,-1) (0,1,5)
D (8,9,-1) (0,5,0)
D (11,-1,-1) (5,5,1)
D (9,-1,-1) (4,0,2)
D (7,8,-1) (2,3,3)
D (10,11,12) (4,5,4)
D (7,8,-1) (5,4,3)
D (10,11,12) (4,3,3)
D (9,10,-1) (3,4,5)
D (7,8,-1) (0,1,0)
D (7,8,-1) (3,1,3)
D (10,11,12) (5,5,2)
D (11,-1,-1) (0,0,5)
D (9,10,-1) (1,4,1)
D (8,9,-1) (0,4,3)
D (12,-1,-1) (2,0,2)
C 0 22
C 1 20
C 2 8
C 3 25
C 4 8
C 5 4
C 6 26
C 7 21
C 8 12
C 9 23
C 10 12
C 11 7
C 12 26
C 13 16
C 14 22
C 15 4
C 16 25
C 17 23
C 18 23
C 19 20
C 20 8
C 21 20
C 22 9
C 23 26
C 24 19
C 25 5
C 26 16
C 27 19
C 28 12
C 29 23
C 30 22
C 31 10
C 32 22
C 33 8
C 34 26
C 35 2
C 36 18
C 37 2
C 38 18
C 39 12
C 40 6
C 41 12
C 42 10
C 43 23
C 44 26
C 45 0
C 46 0
C 47 0
C 48 0
C 49 24
C 50 0
C 51 3
C 52 17
C 53 8
C 54 12
C 55 4
C 56 18
C 57 11
C 58 21
C 59 22
C 60 5
C 61 18
C 62 8
C 63 8
C 64 3
C 65 16
C 66 11
C 67 16
C 68 20
C 69 20
C 70 3
C 71 24
C 72 1
C 73 4
C 74 12
C 75 14
C 76 4
C 77 11
C 78 15
C 79 8
C 80 24
C 81 0
C 82 17
C 83 1
C 84 10
C 85 16
C 86 20
C 87 1
C 88 6
C 89 9
C 90 5
C 91 7
C 92 7
C 93 17
C 94 10
C 95 16
C 96 22
C 97 7
C 98 7
C 99 25
C 100 17
C 101 22
C 102 21
C 103 17
C 104 2
C 105 16
C 106 1
C 107 18
C 108 20
C 109 19
C 110 19
C 111 25
C 112 17
C 113 11
C 114 21
C 115 16
C 116 23
C 117 17
C 118 7
C 119 9
C 120 14
C 121 5
C 122 4
C 123 14
C 124 14
C 125 18
C 126 23
C 127 3
C 128 23
C 129 14
C 130 8
C 131 8
C 132 6
C 133 6
C 134 15
C 135 22
C 136 14
C 137 20
C 138 15
C 139 8
C 140 22
C 141 0
C 142 8
C 143 23
C 144 24
C 145 7
C 146 23
C 147 11
C 148 15
C 149 15
C 150 23
C 151 5
C 152 25
C 153 1
C 154 20
C 155 4
C 156 17
C 157 21
C 158 1
C 159 26
C 160 14
C 161 0
C 162 19
C 163 1
C 164 6
C 165 1
C 166 11
C 167 17
C 168 11
C 169 7
C 170 1
C 171 12
C 172 15
C 173 11
C 174 7
C 175 1
C 176 7
C 177 12
C 178 11
C 179 25
C 180 5
C 181 8
C 182 25
C 183 20
C 184 1
C 185 18
C 186 9
C 187 25
C 188 16
C 189 15
C 190 3
C 191 8
C 192 14
C 193 15
C 194 15
C 195 24
C 196 1
C 197 1
C 198 23
C 199 22
C 200 3
C 201 25
C 202 24
C 203 18
C 204 10
C 205 21
C 206 23
C 207 26
C 208 25
C 209 24
C 210 15
C 211 0
C 212 7
C 213 9
C 214 7
C 215 19
C 216 5
C 217 12
C 218 11
C 219 20
C 220 17
C 221 23
C 222 19
C 223 1
C 224 22
C 225 18
C 226 7
C 227 9
C 228 5
C 229 14
C 230 14
C 231 8
C 232 20
C 233 20
C 234 1
C 235 19
C 236 17
C 237 11
C 238 3
C 239 24
C 240 7
C 241 22
C 242 25
C 243 1
C 244 11
C 245 14
C 246 5
C 247 2
C 248 7
C 249 16
C 250 7
C 251 11
C 252 20
C 253 4
C 254 0
C 255 18
C 256 15
C 257 6
C 258 18
C 259 16
C 260 10
C 261 6
C 262 0
C 263 11
C 264 0
C 265 0
C 266 0
C 267 0
C 268 0
C 269 0
C 270 0
C 271 0
C 272 0
C 273 0
C 274 0
C 275 0
C 276 0
C 277 0
C 278 0
C 279 0
C 280 0
C 281 0
C 282 16
C 283 18
C 284 22
C 285 14
C 286 14
C 287 3
C 288 6
C 289 5
C 290 12
C 291 25
C 292 10
C 293 5
C 294 24
C 295 23
C 296 18
C 297 21
C 298 20
C 299 23
C 300 15
C 301 10
C 302 23
C 303 3
C 304 9
C 305 22
C 306 9
C 307 26
C 308 10
C 309 0
C 310 0
C 311 0
C 312 0
C 313 0
C 314 0
C 315 0
C 316 0
C 317 0
C 318 0
C 319 0
C 320 0
C 321 0
C 322 0
C 323 0
C 324 0
C 325 0
C 326 0
C 327 0
C 328 0
C 329 0
C 330 0
C 331 0
C 332 0
C 333 0
C 334 0
C 335 3
C 336 18
C 337 19
C 338 15
C 339 21
C 340 16
C 341 5
C 342 23
C 343 11
C 344 15
C 345 0
C 346 16
C 347 15
C 348 16
C 349 2
C 350 9
I 5 3 14 (4,2,5) (0,-1,-1,0)|(-1,1,-1,0)
I 3 2 7 (5,5,5) (0,0,0,0)|(0,-1,-1,0)|(0,0,-1,0)
I 0 2 12 (1,4,4) (0,0,-1,0)|(1,1,0,0)
