D (11,-1,-1) (2,4,3)
D (9,10,11) (2,3,5)
D (11,12,-1) (2,5,4)
D (9,10,-1) (1,0,0)
D (8,9,-1) (5,1,2)
D (12,-1,-1) (3,1,5)
D (12,-1,-1) (2,3,4)
D (8,9,10) (1,1,5)
D (11,12,-1) (3,2,3)
D (9,-1,-1) (3,3,1)
D (12,-1,-1) (0,1,1)
D (11,12,-1) (5,2,5)
D (8,-1,-1) (4,5,5)
D (12,-1,-1) (0,3,3)
D (8,9,10) (5,2,4)
D (10,11,-1) (2,0,2)
D (8,-1,-1) (4,4,2)
D (9,-1,-1) (5,3,3)
D (11,12,-1) (2,4,2)
D (11,12,-1) (3,5,3)
D (11,12,-1) (0,1,4)
D (11,-1,-1) (0,4,3)
D (7,8,9) (2,3,0)
D (9,10,-1) (4,2,3)
D (11,-1,-1) (4,2,2)
D (10,11,-1) (0,3,0)
D (11,12,-1) (4,1,5)
D (8,9,-1) (3,0,4)
D (11,-1,-1) (1,0,4)
D (7,8,-1) (3,2,2)
D (12,-1,-1) (1,5,0)
D (7,8,-1) (3,3,2)
D (9,-1,-1) (3,4,1)
D (12,-1,-1) (5,1,5)
D (12,-1,-1) (4,3,2)
D (8,-1,-1) (0,5,4)
D (12,-1,-1) (3,1,3)
D (12,-1,-1) (4,0,0)
D (8,9,10) (2,3,1)
D (10,-1,-1) (2,1,3)
D (11,12,-1) (5,5,0)
D (11,-1,-1) (2,0,0)
D (7,8,9) (0,2,2)
D (8,9,-1) (4,5,2)
D (9,10,11) (4,4,3)
D (11,12,-1) (1,5,4)
D (12,-1,-1) (5,0,4)
D (10,-1,-1) (0,3,1)
D (11,-1,-1) (4,0,4)
D (10,-1,-1) (2,2,0)
D (10,-1,-1) (5,1,4)
D (8,9,-1) (2,1,5)
D (9,10,11) (4,4,0)
D (8,9,-1) (2,2,4)
C 0 19
C 1 24
C 2 15
C 3 21
C 4 15
C 5 25
C 6 14
C 7 25
C 8 26
C 9 25
C 10 8
C 11 9
C 12 19
C 13 0
C 14 21
C 15 11
C 16 12
C 17 26
C 18 9
C 19 10
C 20 12
C 21 4
C 22 25
C 23 26
C 24 2
C 25 7
C 26 18
C 27 3
C 28 18
C 29 20
C 30 2
C 31 16
C 32 14
C 33 23
C 34 19
C 35 19
C 36 0
C 37 10
C 38 0
C 39 4
C 40 9
C 41 24
C 42 6
C 43 18
C 44 8
C 45 6
C 46 12
C 47 23
C 48 12
C 49 24
C 50 17
C 51 24
C 52 1
C 53 18
C 54 20
C 55 18
C 56 18
C 57 25
C 58 14
C 59 20
C 60 25
C 61 1
C 62 0
C 63 0
C 64 7
C 65 26
C 66 11
C 67 21
C 68 2
C 69 12
C 70 19
C 71 6
C 72 10
C 73 18
C 74 5
C 75 7
C 76 3
C 77 4
C 78 16
C 79 15
C 80 7
C 81 19
C 82 18
C 83 6
C 84 1
C 85 5
C 86 7
C 87 5
C 88 23
C 89 14
C 90 3
C 91 0
C 92 6
C 93 0
C 94 0
C 95 0
C 96 0
C 97 0
C 98 0
C 99 0
C 100 0
C 101 0
C 102 0
C 103 0
C 104 0
C 105 0
C 106 0
C 107 0
C 108 0
C 109 0
C 110 0
C 111 0
C 112 0
C 113 0
C 114 0
C 115 0
C 116 0
C 117 0
C 118 0
C 119 0
C 120 0
C 121 0
C 122 0
C 123 0
C 124 0
C 125 0
C 126 0
C 127 0
C 128 0
C 129 0
C 130 0
C 131 0
C 132 0
C 133 0
C 134 0
C 135 0
C 136 0
C 137 0
C 138 0
C 139 0
C 140 0
C 141 0
C 142 0
C 143 0
C 144 0
C 145 0
C 146 0
C 147 0
C 148 0
C 149 0
C 150 0
C 151 0
C 152 0
C 153 0
C 154 0
C 155 0
C 156 0
C 157 0
C 158 0
C 159 0
C 160 0
C 161 0
C 162 0
C 163 0
C 164 0
C 165 0
C 166 0
C 167 0
C 168 0
C 169 0
C 170 0
C 171 0
C 172 0
C 173 0
C 174 22
C 175 3
C 176 23
C 177 18
C 178 24
C 179 11
C 180 22
C 181 14
C 182 23
C 183 14
C 184 17
C 185 4
C 186 1
C 187 3
C 188 26
C 189 4
C 190 18
C 191 10
C 192 5
C 193 6
C 194 24
C 195 1
C 196 25
C 197 19
C 198 15
C 199 6
C 200 2
C 201 26
C 202 1
C 203 14
C 204 4
C 205 22
C 206 15
C 207 17
C 208 8
C 209 14
C 210 16
C 211 22
C 212 14
C 213 6
C 214 3
C 215 18
C 216 7
C 217 7
C 218 25
C 219 3
C 220 11
C 221 24
C 222 22
C 223 17
C 224 17
C 225 6
C 226 1
C 227 18
C 228 4
C 229 14
C 230 26
C 231 21
C 232 7
C 233 20
C 234 14
C 235 20
C 236 26
C 237 1
C 238 23
C 239 8
C 240 2
C 241 5
C 242 9
C 243 19
C 244 25
C 245 3
C 246 17
C 247 23
C 248 18
C 249 8
C 250 9
C 251 26
C 252 25
C 253 11
C 254 16
C 255 10
C 256 23
C 257 10
C 258 21
C 259 12
C 260 10
C 261 8
C 262 8
C 263 12
C 264 10
C 265 11
C 266 11
C 267 5
C 268 14
C 269 6
C 270 19
C 271 15
C 272 1
C 273 0
C 274 8
C 275 9
C 276 3
C 277 16
C 278 11
C 279 12
C 280 6
C 281 24
C 282 0
C 283 25
C 284 7
C 285 17
C 286 18
C 287 18
C 288 18
C 289 7
C 290 0
C 291 3
C 292 22
C 293 10
C 294 20
C 295 19
C 296 22
C 297 18
C 298 8
C 299 22
C 300 5
C 301 2
C 302 11
C 303 1
C 304 9
C 305 18
C 306 7
C 307 14
C 308 20
C 309 26
C 310 11
C 311 16
C 312 2
C 313 12
C 314 10
C 315 10
C 316 17
C 317 4
C 318 16
C 319 25
C 320 19
C 321 26
C 322 16
C 323 9
C 324 20
C 325 4
C 326 8
C 327 19
C 328 23
C 329 4
C 330 1
C 331 17
C 332 15
C 333 24
C 334 4
C 335 14
C 336 1
C 337 7
C 338 6
C 339 26
C 340 18
C 341 7
C 342 15
C 343 21
C 344 16
C 345 8
C 346 12
C 347 4
C 348 20
C 349 9
C 350 18
I 0 3 15 (2,0,4) (-1,1,-1,0)|(-1,-1,1,0)
I 4 1 5 (5,4,4) (-1,0,1,0)|(-1,0,1,0)
I 4 1 11 (2,0,1) (0,-1,0,0)
