D (11,12,-1) (3,5,3)
D (9,-1,-1) (5,2,1)
D (11,12,-1) (4,5,1)
D (8,9,-1) (0,3,0)
D (10,11,12) (3,3,5)
D (11,12,-1) (0,4,3)
D (7,8,9) (0,2,4)
D (8,9,-1) (2,2,5)
D (12,-1,-1) (1,0,4)
D (12,-1,-1) (0,5,5)
D (7,8,-1) (3,1,2)
D (12,-1,-1) (0,0,5)
D (8,-1,-1) (3,0,0)
D (10,11,12) (4,4,0)
D (11,12,-1) (5,0,0)
D (9,10,-1) (3,5,4)
D (9,10,-1) (5,1,1)
D (11,-1,-1) (1,3,0)
D (7,8,-1) (4,0,5)
D (8,9,10) (4,1,2)
D (8,9,10) (2,1,5)
D (12,-1,-1) (0,0,4)
D (10,11,-1) (3,5,5)
D (10,11,-1) (1,5,0)
D (7,8,-1) (0,0,1)
D (12,-1,-1) (0,4,0)
D (10,11,-1) (4,1,3)
D (12,-1,-1) (3,3,4)
D (12,-1,-1) (5,4,0)
D (10,11,-1) (0,1,4)
D (9,10,-1) (4,4,3)
D (8,9,-1) (5,3,4)
D (9,10,-1) (3,3,0)
D (7,8,-1) (3,5,2)
D (7,8,9) (3,0,4)
D (11,12,-1) (2,5,0)
D (12,-1,-1) (2,2,2)
D (12,-1,-1) (4,2,5)
D (8,9,-1) (5,5,3)
D (11,-1,-1) (1,3,1)
D (7,8,9) (4,1,1)
D (12,-1,-1) (0,0,0)
D (7,8,-1) (0,3,5)
D (11,12,-1) (2,3,3)
D (8,9,-1) (5,5,4)
D (11,-1,-1) (5,1,5)
D (7,-1,-1) (1,2,3)
D (11,-1,-1) (0,2,0)
D (10,11,-1) (5,1,2)
D (12,-1,-1) (0,2,2)
D (9,10,11) (1,1,1)
D (9,10,11) (3,4,3)
D (9,10,-1) (1,0,5)
D (11,-1,-1) (2,0,2)
D (11,9,-1) (3,2,3)
D (7,8,9) (5,0,3)
D (9,10,-1) (5,5,5)
D (10,-1,-1) (0,1,1)
D (12,-1,-1) (0,1,5)
D (7,-1,-1) (2,3,4)
D (9,10,-1) (4,0,0)
D (7,-1,-1) (4,4,4)
D (10,11,12) (1,5,5)
D (9,10,11) (2,0,0)
D (7,8,-1) (4,0,1)
D (9,10,-1) (3,1,1)
D (7,-1,-1) (3,5,1)
D (12,-1,-1) (0,2,5)
D (10,11,-1) (0,3,4)
D (9,10,11) (3,3,3)
D (12,-1,-1) (4,2,0)
D (8,-1,-1) (3,3,2)
D (7,-1,-1) (4,3,3)
D (12,-1,-1) (0,3,2)
D (7,8,-1) (1,1,4)
D (9,-1,-1) (4,1,5)
D (10,11,-1) (1,3,2)
D (11,-1,-1) (2,3,2)
D (12,-1,-1) (2,2,1)
D (12,-1,-1) (4,3,2)
D (9,-1,-1) (1,1,5)
D (12,-1,-1) (5,5,2)
D (12,-1,-1) (5,4,4)
D (11,12,-1) (2,4,1)
C 0 19
C 1 0
C 2 0
C 3 0
C 4 0
C 5 0
C 6 0
C 7 0
C 8 0
C 9 0
C 10 0
C 11 0
C 12 0
C 13 0
C 14 0
C 15 0
C 16 0
C 17 0
C 18 0
C 19 0
C 20 0
C 21 0
C 22 0
C 23 0
C 24 0
C 25 0
C 26 0
C 27 0
C 28 0
C 29 0
C 30 0
C 31 0
C 32 0
C 33 0
C 34 0
C 35 0
C 36 0
C 37 0
C 38 0
C 39 0
C 40 24
C 41 25
C 42 2
C 43 8
C 44 19
C 45 2
C 46 1
C 47 2
C 48 1
C 49 6
C 50 9
C 51 3
C 52 5
C 53 3
C 54 11
C 55 12
C 56 5
C 57 11
C 58 21
C 59 11
C 60 3
C 61 5
C 62 7
C 63 8
C 64 9
C 65 22
C 66 11
C 67 1
C 68 2
C 69 16
C 70 7
C 71 23
C 72 12
C 73 7
C 74 7
C 75 8
C 76 4
C 77 5
C 78 21
C 79 23
C 80 12
C 81 18
C 82 0
C 83 10
C 84 11
C 85 14
C 86 16
C 87 1
C 88 23
C 89 5
C 90 1
C 91 19
C 92 22
C 93 5
C 94 5
C 95 1
C 96 6
C 97 17
C 98 26
C 99 12
C 100 4
C 101 3
C 102 8
C 103 16
C 104 7
C 105 2
C 106 26
C 107 16
C 108 6
C 109 3
C 110 3
C 111 9
C 112 14
C 113 7
C 114 19
C 115 21
C 116 25
C 117 2
C 118 3
C 119 10
C 120 15
C 121 22
C 122 23
C 123 21
C 124 22
C 125 14
C 126 3
C 127 9
C 128 12
C 129 9
C 130 14
C 131 18
C 132 20
C 133 7
C 134 2
C 135 17
C 136 15
C 137 24
C 138 20
C 139 17
C 140 16
C 141 9
C 142 17
C 143 23
C 144 25
C 145 10
C 146 6
C 147 12
C 148 20
C 149 10
C 150 26
C 151 0
C 152 0
C 153 0
C 154 0
C 155 0
C 156 0
C 157 0
C 158 0
C 159 0
C 160 0
C 161 0
C 162 0
C 163 0
C 164 0
C 165 0
C 166 0
C 167 0
C 168 0
C 169 0
C 170 0
C 171 0
C 172 0
C 173 0
C 174 0
C 175 0
C 176 0
C 177 0
C 178 0
C 179 0
C 180 0
C 181 0
C 182 0
C 183 0
C 184 0
C 185 0
C 186 0
C 187 0
C 188 0
C 189 0
C 190 0
C 191 0
C 192 0
C 193 0
C 194 0
C 195 0
C 196 0
C 197 0
C 198 0
C 199 0
C 200 0
C 201 0
C 202 0
C 203 0
C 204 0
C 205 0
C 206 0
C 207 0
C 208 0
C 209 0
C 210 0
C 211 0
C 212 0
C 213 0
C 214 0
C 215 0
C 216 0
C 217 0
C 218 0
C 219 0
C 220 0
C 221 0
C 222 0
C 223 0
C 224 0
C 225 0
C 226 0
C 227 0
C 228 0
C 229 0
C 230 0
C 231 0
C 232 0
C 233 0
C 234 0
C 235 0
C 236 0
C 237 0
C 238 0
C 239 0
C 240 0
C 241 0
C 242 0
C 243 0
C 244 0
C 245 0
C 246 0
C 247 0
C 248 0
C 249 0
C 250 10
C 251 15
C 252 6
C 253 2
C 254 26
C 255 10
C 256 18
C 257 15
C 258 4
C 259 2
C 260 17
C 261 16
C 262 4
C 263 20
C 264 23
C 265 23
C 266 16
C 267 17
C 268 24
C 269 12
C 270 21
C 271 4
C 272 14
C 273 19
C 274 7
C 275 8
C 276 12
C 277 6
C 278 11
C 279 11
C 280 5
C 281 26
C 282 25
C 283 12
C 284 21
C 285 0
C 286 20
C 287 22
C 288 0
C 289 11
C 290 17
C 291 2
C 292 19
C 293 22
C 294 16
C 295 8
C 296 9
C 297 25
C 298 21
C 299 4
C 300 17
C 301 8
C 302 18
C 303 8
C 304 22
C 305 26
C 306 5
C 307 25
C 308 17
C 309 8
C 310 3
C 311 22
C 312 1
C 313 5
C 314 14
C 315 18
C 316 9
C 317 23
C 318 14
C 319 12
C 320 18
C 321 5
C 322 20
C 323 0
C 324 15
C 325 24
C 326 21
C 327 24
C 328 0
C 329 20
C 330 9
C 331 23
C 332 14
C 333 3
C 334 8
C 335 21
C 336 8
C 337 4
C 338 4
C 339 24
C 340 23
C 341 6
C 342 19
C 343 24
C 344 18
C 345 8
C 346 12
C 347 21
C 348 0
C 349 6
C 350 7
I 0 3 19 (0,1,2) (1,0,0,0)|(1,0,-1,0)|(1,-1,-1,0)
I 5 1 19 (1,5,2) (-1,-1,0,0)
I 4 1 17 (0,1,2) (-1,0,0,0)
