D (8,-1,-1) (0,4,0)
D (8,9,-1) (1,2,0)
D (9,10,11) (5,0,1)
D (8,-1,-1) (4,2,0)
D (11,12,-1) (1,1,4)
D (10,-1,-1) (2,4,4)
D (10,11,-1) (3,4,3)
D (10,11,12) (2,0,4)
D (9,10,11) (0,1,1)
D (8,9,10) (5,2,4)
D (7,8,9) (3,5,4)
D (7,8,9) (5,2,3)
D (10,11,12) (2,5,3)
D (9,10,11) (4,3,3)
D (10,-1,-1) (1,5,2)
D (7,8,-1) (4,5,1)
D (10,11,12) (2,3,5)
D (12,-1,-1) (1,3,2)
D (10,-1,-1) (0,4,1)
D (8,11,-1) (2,2,4)
D (9,10,-1) (4,2,4)
D (7,8,9) (0,0,3)
D (11,12,-1) (3,1,2)
D (9,10,-1) (4,4,3)
D (12,-1,-1) (4,4,4)
D (12,-1,-1) (4,4,0)
D (7,8,9) (4,5,5)
D (12,-1,-1) (1,4,2)
D (7,8,9) (0,5,4)
D (10,11,-1) (5,3,2)
D (12,-1,-1) (2,3,1)
D (7,8,-1) (0,3,4)
D (10,11,-1) (0,4,5)
D (7,8,-1) (0,5,5)
D (8,-1,-1) (2,5,1)
D (9,10,-1) (1,2,1)
D (12,-1,-1) (0,3,5)
D (11,12,-1) (1,1,3)
D (7,8,9) (2,0,0)
D (9,10,-1) (1,1,1)
D (12,-1,-1) (4,2,3)
D (9,10,11) (0,0,1)
D (11,12,-1) (2,5,2)
D (8,-1,-1) (2,4,1)
C 0 8
C 1 24
C 2 1
C 3 20
C 4 18
C 5 7
C 6 11
C 7 19
C 8 21
C 9 15
C 10 16
C 11 24
C 12 15
C 13 2
C 14 20
C 15 8
C 16 3
C 17 2
C 18 5
C 19 26
C 20 14
C 21 22
C 22 16
C 23 15
C 24 20
C 25 11
C 26 5
C 27 19
C 28 26
C 29 10
C 30 24
C 31 10
C 32 25
C 33 6
C 34 26
C 35 7
C 36 14
C 37 20
C 38 0
C 39 6
C 40 0
C 41 4
C 42 14
C 43 7
C 44 12
C 45 6
C 46 11
C 47 9
C 48 12
C 49 15
C 50 7
C 51 9
C 52 12
C 53 7
C 54 19
C 55 11
C 56 7
C 57 17
C 58 17
C 59 10
C 60 15
C 61 12
C 62 18
C 63 8
C 64 20
C 65 8
C 66 8
C 67 6
C 68 24
C 69 16
C 70 20
C 71 23
C 72 17
C 73 15
C 74 19
C 75 19
C 76 7
C 77 15
C 78 7
C 79 20
C 80 18
C 81 8
C 82 5
C 83 11
C 84 20
C 85 6
C 86 15
C 87 21
C 88 12
C 89 10
C 90 7
C 91 10
C 92 25
C 93 5
C 94 7
C 95 3
C 96 8
C 97 11
C 98 21
C 99 9
C 100 7
C 101 0
C 102 21
C 103 9
C 104 26
C 105 5
C 106 1
C 107 15
C 108 17
C 109 12
C 110 3
C 111 22
C 112 16
C 113 5
C 114 3
C 115 23
C 116 23
C 117 10
C 118 4
C 119 20
C 120 5
C 121 8
C 122 22
C 123 25
C 124 11
C 125 8
C 126 21
C 127 26
C 128 23
C 129 16
C 130 5
C 131 14
C 132 14
C 133 11
C 134 0
C 135 22
C 136 25
C 137 22
C 138 20
C 139 4
C 140 4
C 141 0
C 142 19
C 143 23
C 144 26
C 145 7
C 146 6
C 147 1
C 148 15
C 149 23
C 150 24
C 151 10
C 152 18
C 153 4
C 154 18
C 155 2
C 156 21
C 157 3
C 158 15
C 159 19
C 160 10
C 161 3
C 162 26
C 163 24
C 164 6
C 165 7
C 166 5
C 167 7
C 168 21
C 169 16
C 170 12
C 171 7
C 172 22
C 173 21
C 174 9
C 175 0
C 176 0
C 177 4
C 178 5
C 179 19
C 180 3
C 181 9
C 182 4
C 183 3
C 184 15
C 185 5
C 186 26
C 187 11
C 188 25
C 189 14
C 190 19
C 191 11
C 192 5
C 193 23
C 194 23
C 195 14
C 196 26
C 197 2
C 198 26
C 199 4
C 200 25
C 201 6
C 202 19
C 203 11
C 204 15
C 205 7
C 206 6
C 207 26
C 208 7
C 209 21
C 210 4
C 211 25
C 212 3
C 213 3
C 214 25
C 215 0
C 216 1
C 217 17
C 218 4
C 219 2
C 220 21
C 221 19
C 222 22
C 223 4
C 224 26
C 225 2
C 226 5
C 227 17
C 228 15
C 229 9
C 230 17
C 231 2
C 232 20
C 233 17
C 234 8
C 235 3
C 236 21
C 237 15
C 238 18
C 239 16
C 240 5
C 241 23
C 242 14
C 243 19
C 244 16
C 245 26
C 246 22
C 247 15
C 248 24
C 249 4
C 250 0
C 251 22
C 252 6
C 253 0
C 254 0
C 255 17
C 256 14
C 257 9
C 258 23
C 259 2
C 260 16
C 261 12
C 262 9
C 263 9
C 264 26
C 265 9
C 266 12
C 267 16
C 268 9
C 269 19
C 270 4
C 271 17
C 272 20
C 273 4
C 274 6
C 275 25
C 276 11
C 277 1
C 278 22
C 279 7
C 280 6
C 281 2
C 282 4
C 283 21
C 284 16
C 285 9
C 286 21
C 287 0
C 288 0
C 289 0
C 290 0
C 291 0
C 292 0
C 293 0
C 294 0
C 295 0
C 296 0
C 297 0
C 298 0
C 299 0
C 300 0
C 301 0
C 302 0
C 303 0
C 304 0
C 305 0
C 306 0
C 307 0
C 308 0
C 309 0
C 310 0
C 311 0
C 312 0
C 313 0
C 314 0
C 315 0
C 316 0
C 317 0
C 318 0
C 319 0
C 320 0
C 321 0
C 322 0
C 323 0
C 324 0
C 325 0
C 326 0
C 327 0
C 328 0
C 329 24
C 330 3
C 331 12
C 332 26
C 333 0
C 334 21
C 335 7
C 336 3
C 337 0
C 338 26
C 339 2
C 340 17
C 341 21
C 342 17
C 343 24
C 344 24
C 345 12
C 346 2
C 347 7
C 348 5
C 349 6
C 350 23
I 3 3 2 (3,1,4) (0,-1,-1,0)
I 1 1 8 (5,2,1) (0,0,1,0)
I 1 1 19 (1,2,2) (-1,0,0,0)
