D (10,11,-1) (2,3,3)
D (12,-1,-1) (3,2,1)
D (10,11,12) (2,5,1)
D (8,-1,-1) (3,3,2)
D (7,8,9) (2,3,4)
D (10,11,12) (2,1,2)
D (7,8,-1) (2,0,2)
D (9,10,11) (0,0,5)
D (7,8,9) (4,3,3)
D (10,-1,-1) (0,1,5)
D (10,11,12) (1,5,5)
D (10,11,12) (5,1,2)
D (10,11,-1) (5,1,1)
D (11,12,-1) (5,1,3)
D (10,11,12) (4,2,3)
D (12,-1,-1) (2,1,1)
D (9,-1,-1) (2,1,4)
D (11,12,-1) (3,3,5)
D (8,9,-1) (4,1,4)
D (11,12,-1) (0,2,1)
D (8,9,-1) (4,4,0)
D (10,11,12) (4,4,2)
D (9,10,-1) (4,0,0)
D (12,-1,-1) (3,4,3)
D (12,-1,-1) (4,2,5)
D (11,-1,-1) (5,2,1)
D (8,9,10) (4,2,4)
D (12,-1,-1) (1,3,2)
D (12,-1,-1) (2,3,0)
D (10,11,12) (1,0,1)
D (7,-1,-1) (5,2,2)
D (8,-1,-1) (3,1,2)
D (9,-1,-1) (2,1,5)
D (9,-1,-1) (0,2,5)
D (12,-1,-1) (1,3,1)
D (8,-1,-1) (1,5,3)
D (10,11,12) (0,0,1)
D (11,12,-1) (2,3,1)
D (12,-1,-1) (0,3,4)
D (7,-1,-1) (0,2,2)
D (11,12,-1) (1,5,2)
D (9,10,11) (2,0,0)
D (9,-1,-1) (1,0,4)
D (12,-1,-1) (0,5,0)
D (12,-1,-1) (1,2,5)
D (8,9,-1) (4,4,5)
D (9,10,-1) (4,2,2)
D (7,8,-1) (0,2,0)
D (9,10,11) (3,4,5)
D (12,-1,-1) (4,5,3)
D (7,-1,-1) (0,4,4)
D (8,9,10) (5,0,0)
D (9,10,-1) (3,4,4)
D (7,8,9) (2,5,2)
D (10,11,-1) (0,5,1)
D (11,-1,-1) (3,0,2)
D (10,-1,-1) (3,4,2)
D (11,12,-1) (5,2,3)
D (12,-1,-1) (4,0,5)
C 0 21
C 1 22
C 2 0
C 3 25
C 4 16
C 5 7
C 6 23
C 7 19
C 8 18
C 9 15
C 10 18
C 11 16
C 12 4
C 13 15
C 14 7
C 15 25
C 16 18
C 17 20
C 18 10
C 19 23
C 20 23
C 21 26
C 22 1
C 23 19
C 24 5
C 25 0
C 26 0
C 27 0
C 28 0
C 29 0
C 30 0
C 31 0
C 32 0
C 33 0
C 34 0
C 35 0
C 36 0
C 37 0
C 38 0
C 39 0
C 40 0
C 41 0
C 42 0
C 43 0
C 44 0
C 45 0
C 46 0
C 47 0
C 48 0
C 49 0
C 50 0
C 51 0
C 52 25
C 53 26
C 54 11
C 55 9
C 56 6
C 57 25
C 58 1
C 59 8
C 60 26
C 61 19
C 62 9
C 63 6
C 64 5
C 65 0
C 66 21
C 67 8
C 68 4
C 69 25
C 70 6
C 71 2
C 72 26
C 73 14
C 74 6
C 75 3
C 76 16
C 77 1
C 78 17
C 79 15
C 80 19
C 81 12
C 82 21
C 83 21
C 84 23
C 85 10
C 86 18
C 87 14
C 88 9
C 89 18
C 90 16
C 91 7
C 92 15
C 93 10
C 94 6
C 95 8
C 96 8
C 97 2
C 98 2
C 99 16
C 100 12
C 101 25
C 102 12
C 103 16
C 104 24
C 105 26
C 106 18
C 107 6
C 108 5
C 109 15
C 110 22
C 111 12
C 112 9
C 113 16
C 114 25
C 115 12
C 116 5
C 117 21
C 118 24
C 119 20
C 120 5
C 121 25
C 122 15
C 123 7
C 124 5
C 125 12
C 126 20
C 127 21
C 128 6
C 129 18
C 130 26
C 131 22
C 132 5
C 133 5
C 134 22
C 135 17
C 136 3
C 137 21
C 138 11
C 139 16
C 140 25
C 141 18
C 142 9
C 143 16
C 144 7
C 145 7
C 146 21
C 147 4
C 148 1
C 149 12
C 150 1
C 151 2
C 152 11
C 153 12
C 154 12
C 155 5
C 156 11
C 157 3
C 158 19
C 159 21
C 160 9
C 161 7
C 162 0
C 163 2
C 164 4
C 165 21
C 166 6
C 167 1
C 168 1
C 169 3
C 170 3
C 171 25
C 172 24
C 173 18
C 174 22
C 175 18
C 176 22
C 177 10
C 178 0
C 179 4
C 180 3
C 181 14
C 182 25
C 183 25
C 184 20
C 185 11
C 186 17
C 187 17
C 188 7
C 189 1
C 190 17
C 191 7
C 192 26
C 193 2
C 194 11
C 195 16
C 196 8
C 197 4
C 198 19
C 199 23
C 200 21
C 201 0
C 202 14
C 203 9
C 204 1
C 205 8
C 206 12
C 207 22
C 208 14
C 209 22
C 210 1
C 211 26
C 212 5
C 213 6
C 214 10
C 215 12
C 216 2
C 217 14
C 218 18
C 219 26
C 220 4
C 221 9
C 222 22
C 223 3
C 224 21
C 225 15
C 226 11
C 227 25
C 228 14
C 229 10
C 230 19
C 231 4
C 232 17
C 233 5
C 234 17
C 235 18
C 236 9
C 237 7
C 238 3
C 239 11
C 240 25
C 241 24
C 242 2
C 243 4
C 244 25
C 245 5
C 246 0
C 247 25
C 248 5
C 249 21
C 250 19
C 251 23
C 252 23
C 253 21
C 254 2
C 255 6
C 256 4
C 257 26
C 258 16
C 259 12
C 260 3
C 261 2
C 262 21
C 263 12
C 264 21
C 265 9
C 266 1
C 267 22
C 268 1
C 269 20
C 270 25
C 271 24
C 272 17
C 273 18
C 274 1
C 275 19
C 276 10
C 277 0
C 278 12
C 279 0
C 280 16
C 281 3
C 282 6
C 283 8
C 284 11
C 285 17
C 286 20
C 287 8
C 288 15
C 289 20
C 290 11
C 291 9
C 292 2
C 293 1
C 294 24
C 295 7
C 296 3
C 297 15
C 298 15
C 299 25
C 300 19
C 301 1
C 302 4
C 303 1
C 304 16
C 305 6
C 306 2
C 307 6
C 308 2
C 309 18
C 310 18
C 311 26
C 312 11
C 313 0
C 314 24
C 315 23
C 316 25
C 317 6
C 318 24
C 319 23
C 320 17
C 321 26
C 322 16
C 323 25
C 324 14
C 325 4
C 326 26
C 327 22
C 328 14
C 329 23
C 330 26
C 331 2
C 332 24
C 333 4
C 334 20
C 335 9
C 336 0
C 337 14
C 338 21
C 339 9
C 340 15
C 341 0
C 342 12
C 343 12
C 344 11
C 345 14
C 346 12
C 347 1
C 348 8
C 349 8
C 350 0
I 0 3 3 (3,3,0) (0,1,1,0)|(-1,0,0,0)|(0,1,1,0)
I 2 1 3 (1,0,1) (0,0,0,0)|(0,-1,0,0)|(1,1,0,0)
I 0 1 9 (1,0,2) (0,1,1,0)
