D (10,-1,-1) (5,2,3)
D (7,-1,-1) (0,0,1)
D (10,11,12) (4,5,4)
D (12,-1,-1) (5,5,2)
D (9,-1,-1) (3,4,5)
D (10,-1,-1) (4,5,2)
D (8,-1,-1) (0,1,3)
D (12,-1,-1) (3,5,5)
D (12,-1,-1) (2,4,3)
D (7,8,-1) (0,2,1)
D (11,-1,-1) (0,3,4)
D (11,12,-1) (3,1,3)
D (7,8,9) (1,1,0)
D (7,-1,-1) (0,5,4)
D (7,-1,-1) (1,2,3)
D (9,10,11) (4,2,2)
D (11,-1,-1) (0,1,1)
D (8,9,10) (3,2,5)
D (10,-1,-1) (3,2,3)
D (7,8,9) (5,2,4)
D (10,11,-1) (3,4,3)
D (8,-1,-1) (0,2,4)
D (12,-1,-1) (0,3,2)
D (11,12,-1) (0,5,2)
D (11,12,-1) (2,3,2)
D (8,9,10) (5,0,1)
D (10,-1,-1) (1,3,0)
D (10,11,-1) (3,2,4)
D (9,10,11) (2,1,0)
D (10,11,12) (0,4,0)
D (9,10,-1) (0,4,3)
D (11,-1,-1) (2,1,5)
D (8,9,10) (0,0,4)
D (12,-1,-1) (5,5,1)
D (8,-1,-1) (5,5,5)
D (11,12,-1) (4,3,3)
D (7,8,9) (0,2,5)
D (8,9,10) (0,3,5)
D (12,-1,-1) (2,0,2)
D (12,-1,-1) (1,1,1)
D (8,9,10) (1,4,0)
D (10,-1,-1) (2,5,4)
D (7,8,9) (5,4,1)
D (9,-1,-1) (0,3,1)
D (10,11,12) (4,2,4)
D (9,10,11) (2,0,5)
D (9,10,-1) (2,5,0)
D (11,12,-1) (5,3,0)
D (7,-1,-1) (2,2,3)
D (8,9,-1) (4,2,1)
D (7,-1,-1) (1,1,3)
D (7,8,9) (5,0,5)
D (10,11,12) (4,4,4)
D (8,9,10) (2,5,1)
D (10,-1,-1) (5,4,0)
D (8,-1,-1) (5,1,5)
D (9,10,-1) (4,2,3)
C 0 12
C 1 20
C 2 18
C 3 18
C 4 21
C 5 14
C 6 20
C 7 3
C 8 16
C 9 12
C 10 17
C 11 3
C 12 17
C 13 11
C 14 17
C 15 2
C 16 10
C 17 21
C 18 0
C 19 1
C 20 19
C 21 19
C 22 7
C 23 20
C 24 18
C 25 22
C 26 17
C 27 15
C 28 3
C 29 0
C 30 17
C 31 1
C 32 11
C 33 11
C 34 10
C 35 18
C 36 20
C 37 23
C 38 25
C 39 26
C 40 5
C 41 6
C 42 4
C 43 20
C 44 7
C 45 2
C 46 12
C 47 26
C 48 2
C 49 24
C 50 7
C 51 10
C 52 4
C 53 22
C 54 10
C 55 20
C 56 10
C 57 15
C 58 12
C 59 12
C 60 25
C 61 8
C 62 5
C 63 14
C 64 15
C 65 9
C 66 8
C 67 16
C 68 14
C 69 21
C 70 0
C 71 23
C 72 1
C 73 7
C 74 21
C 75 5
C 76 7
C 77 4
C 78 22
C 79 16
C 80 9
C 81 25
C 82 19
C 83 19
C 84 19
C 85 6
C 86 20
C 87 17
C 88 19
C 89 14
C 90 4
C 91 12
C 92 17
C 93 26
C 94 5
C 95 25
C 96 23
C 97 3
C 98 10
C 99 1
C 100 18
C 101 19
C 102 0
C 103 0
C 104 0
C 105 0
C 106 0
C 107 0
C 108 0
C 109 0
C 110 0
C 111 0
C 112 0
C 113 0
C 114 0
C 115 0
C 116 0
C 117 0
C 118 0
C 119 0
C 120 0
C 121 0
C 122 0
C 123 0
C 124 0
C 125 0
C 126 1
C 127 0
C 128 0
C 129 0
C 130 0
C 131 0
C 132 0
C 133 0
C 134 0
C 135 0
C 136 0
C 137 0
C 138 0
C 139 0
C 140 0
C 141 0
C 142 0
C 143 0
C 144 0
C 145 0
C 146 0
C 147 0
C 148 0
C 149 18
C 150 10
C 151 8
C 152 19
C 153 26
C 154 4
C 155 16
C 156 21
C 157 11
C 158 17
C 159 15
C 160 8
C 161 0
C 162 24
C 163 0
C 164 14
C 165 20
C 166 7
C 167 21
C 168 1
C 169 0
C 170 24
C 171 8
C 172 14
C 173 2
C 174 8
C 175 26
C 176 11
C 177 16
C 178 2
C 179 3
C 180 23
C 181 0
C 182 16
C 183 8
C 184 9
C 185 15
C 186 20
C 187 12
C 188 20
C 189 11
C 190 11
C 191 12
C 192 8
C 193 7
C 194 17
C 195 24
C 196 1
C 197 3
C 198 11
C 199 9
C 200 1
C 201 22
C 202 1
C 203 10
C 204 21
C 205 7
C 206 21
C 207 19
C 208 11
C 209 5
C 210 16
C 211 11
C 212 20
C 213 22
C 214 22
C 215 3
C 216 15
C 217 6
C 218 7
C 219 10
C 220 15
C 221 22
C 222 7
C 223 25
C 224 4
C 225 16
C 226 2
C 227 8
C 228 9
C 229 6
C 230 10
C 231 0
C 232 12
C 233 0
C 234 5
C 235 5
C 236 17
C 237 7
C 238 18
C 239 11
C 240 2
C 241 2
C 242 15
C 243 3
C 244 0
C 245 19
C 246 9
C 247 10
C 248 2
C 249 20
C 250 22
C 251 8
C 252 5
C 253 14
C 254 18
C 255 26
C 256 15
C 257 12
C 258 9
C 259 16
C 260 22
C 261 15
C 262 8
C 263 9
C 264 16
C 265 14
C 266 26
C 267 18
C 268 4
C 269 10
C 270 14
C 271 12
C 272 8
C 273 4
C 274 24
C 275 8
C 276 7
C 277 4
C 278 25
C 279 12
C 280 25
C 281 1
C 282 19
C 283 21
C 284 14
C 285 9
C 286 23
C 287 9
C 288 25
C 289 18
C 290 6
C 291 0
C 292 18
C 293 20
C 294 25
C 295 18
C 296 11
C 297 26
C 298 16
C 299 7
C 300 1
C 301 23
C 302 4
C 303 19
C 304 25
C 305 2
C 306 1
C 307 12
C 308 24
C 309 12
C 310 12
C 311 15
C 312 20
C 313 20
C 314 24
C 315 8
C 316 14
C 317 23
C 318 7
C 319 8
C 320 2
C 321 17
C 322 4
C 323 3
C 324 19
C 325 6
C 326 18
C 327 24
C 328 24
C 329 15
C 330 25
C 331 6
C 332 11
C 333 0
C 334 10
C 335 14
C 336 14
C 337 2
C 338 8
C 339 25
C 340 7
C 341 11
C 342 21
C 343 4
C 344 20
C 345 1
C 346 1
C 347 11
C 348 20
C 349 12
C 350 10
I 0 2 5 (3,0,5) (1,1,-1,0)|(-1,0,-1,0)|(-1,-1,0,0)
I 3 1 13 (3,0,4) (0,1,1,0)|(1,0,0,0)
I 0 2 14 (2,3,5) (0,-1,1,0)
