D (10,11,12) (4,1,3)
D (8,9,-1) (4,4,1)
D (9,10,-1) (0,0,0)
D (10,-1,-1) (5,1,0)
D (9,10,-1) (2,0,4)
D (9,10,-1) (1,4,0)
D (12,-1,-1) (0,5,4)
D (9,10,-1) (3,4,3)
D (10,11,12) (3,1,3)
D (10,-1,-1) (0,5,2)
D (9,10,-1) (3,0,0)
D (12,-1,-1) (0,3,4)
D (12,-1,-1) (5,4,4)
D (9,-1,-1) (2,2,4)
D (7,8,-1) (3,3,5)
D (7,8,9) (4,2,2)
D (9,-1,-1) (0,2,2)
D (9,10,11) (1,3,4)
D (7,8,9) (0,4,1)
D (10,11,12) (0,4,2)
D (8,9,10) (2,4,0)
D (9,10,11) (3,2,3)
D (11,-1,-1) (1,1,3)
D (9,10,11) (2,3,5)
D (8,9,10) (1,4,3)
D (10,11,12) (3,5,2)
D (8,-1,-1) (1,2,4)
D (7,8,-1) (2,4,2)
D (12,-1,-1) (5,5,0)
D (7,8,9) (4,2,1)
D (9,10,11) (4,3,0)
D (11,-1,-1) (1,5,0)
D (7,8,9) (1,5,4)
D (9,10,-1) (4,0,2)
D (7,8,9) (5,5,1)
D (10,11,-1) (5,5,4)
D (10,-1,-1) (1,5,2)
D (12,-1,-1) (1,5,5)
D (8,9,-1) (1,1,0)
D (10,11,-1) (3,0,2)
D (11,12,-1) (5,4,5)
D (9,10,11) (2,4,3)
D (8,-1,-1) (3,5,5)
C 0 5
C 1 19
C 2 3
C 3 11
C 4 10
C 5 14
C 6 24
C 7 9
C 8 17
C 9 24
C 10 16
C 11 17
C 12 26
C 13 16
C 14 0
C 15 0
C 16 0
C 17 0
C 18 0
C 19 0
C 20 0
C 21 0
C 22 0
C 23 0
C 24 0
C 25 0
C 26 0
C 27 0
C 28 0
C 29 0
C 30 0
C 31 0
C 32 0
C 33 0
C 34 0
C 35 0
C 36 0
C 37 0
C 38 0
C 39 0
C 40 0
C 41 0
C 42 0
C 43 0
C 44 0
C 45 0
C 46 15
C 47 1
C 48 24
C 49 2
C 50 1
C 51 10
C 52 22
C 53 3
C 54 17
C 55 9
C 56 26
C 57 11
C 58 25
C 59 24
C 60 24
C 61 8
C 62 16
C 63 17
C 64 1
C 65 2
C 66 5
C 67 4
C 68 25
C 69 23
C 70 7
C 71 23
C 72 21
C 73 5
C 74 8
C 75 18
C 76 12
C 77 12
C 78 18
C 79 7
C 80 25
C 81 12
C 82 23
C 83 12
C 84 15
C 85 21
C 86 25
C 87 24
C 88 7
C 89 21
C 90 1
C 91 18
C 92 0
C 93 0
C 94 0
C 95 0
C 96 0
C 97 0
C 98 0
C 99 0
C 100 0
C 101 0
C 102 0
C 103 0
C 104 0
C 105 0
C 106 0
C 107 0
C 108 0
C 109 0
C 110 0
C 111 0
C 112 0
C 113 0
C 114 0
C 115 0
C 116 0
C 117 0
C 118 0
C 119 0
C 120 0
C 121 0
C 122 0
C 123 0
C 124 0
C 125 0
C 126 0
C 127 0
C 128 0
C 129 0
C 130 0
C 131 0
C 132 0
C 133 0
C 134 0
C 135 0
C 136 0
C 137 19
C 138 14
C 139 15
C 140 25
C 141 24
C 142 8
C 143 1
C 144 0
C 145 2
C 146 15
C 147 12
C 148 26
C 149 16
C 150 3
C 151 17
C 152 7
C 153 6
C 154 20
C 155 20
C 156 14
C 157 25
C 158 7
C 159 23
C 160 15
C 161 16
C 162 0
C 163 11
C 164 14
C 165 24
C 166 15
C 167 2
C 168 9
C 169 19
C 170 17
C 171 24
C 172 1
C 173 10
C 174 1
C 175 14
C 176 15
C 177 1
C 178 21
C 179 0
C 180 2
C 181 19
C 182 24
C 183 16
C 184 4
C 185 0
C 186 19
C 187 19
C 188 11
C 189 14
C 190 16
C 191 12
C 192 6
C 193 18
C 194 23
C 195 14
C 196 20
C 197 23
C 198 10
C 199 14
C 200 12
C 201 18
C 202 9
C 203 25
C 204 14
C 205 7
C 206 11
C 207 15
C 208 1
C 209 12
C 210 22
C 211 8
C 212 21
C 213 0
C 214 25
C 215 19
C 216 17
C 217 3
C 218 15
C 219 16
C 220 25
C 221 19
C 222 23
C 223 3
C 224 23
C 225 11
C 226 6
C 227 2
C 228 15
C 229 12
C 230 18
C 231 5
C 232 16
C 233 20
C 234 23
C 235 12
C 236 1
C 237 18
C 238 2
C 239 19
C 240 22
C 241 24
C 242 20
C 243 22
C 244 1
C 245 22
C 246 19
C 247 2
C 248 2
C 249 4
C 250 9
C 251 9
C 252 5
C 253 5
C 254 10
C 255 12
C 256 24
C 257 8
C 258 22
C 259 16
C 260 19
C 261 23
C 262 14
C 263 19
C 264 26
C 265 3
C 266 16
C 267 16
C 268 4
C 269 4
C 270 5
C 271 12
C 272 1
C 273 16
C 274 3
C 275 16
C 276 0
C 277 9
C 278 3
C 279 20
C 280 23
C 281 3
C 282 25
C 283 2
C 284 6
C 285 15
C 286 7
C 287 16
C 288 18
C 289 25
C 290 19
C 291 18
C 292 23
C 293 4
C 294 21
C 295 15
C 296 21
C 297 16
C 298 5
C 299 1
C 300 25
C 301 8
C 302 10
C 303 0
C 304 12
C 305 20
C 306 4
C 307 23
C 308 2
C 309 26
C 310 16
C 311 9
C 312 8
C 313 19
C 314 7
C 315 19
C 316 1
C 317 2
C 318 8
C 319 6
C 320 11
C 321 26
C 322 12
C 323 3
C 324 19
C 325 9
C 326 18
C 327 19
C 328 26
C 329 7
C 330 26
C 331 20
C 332 17
C 333 4
C 334 21
C 335 17
C 336 15
C 337 1
C 338 21
C 339 19
C 340 11
C 341 17
C 342 8
C 343 3
C 344 9
C 345 22
C 346 18
C 347 4
C 348 2
C 349 18
C 350 15
I 0 1 4 (5,1,2) (0,0,1,0)|(-1,0,0,0)
I 5 1 6 (2,3,1) (-1,-1,-1,0)
I 2 1 14 (5,4,0) (0,1,1,0)
