D (11,-1,-1) (2,5,1)
D (10,11,12) (3,3,3)
D (9,10,-1) (2,1,1)
D (7,8,-1) (3,0,5)
D (12,-1,-1) (5,1,4)
D (10,11,12) (1,4,2)
D (10,11,12) (5,3,2)
D (11,12,-1) (0,0,3)
D (11,-1,-1) (3,0,4)
D (10,11,-1) (5,2,3)
D (10,11,-1) (0,2,0)
D (9,10,-1) (1,5,1)
D (12,-1,-1) (2,5,0)
D (9,-1,-1) (4,0,1)
D (7,8,9) (5,1,1)
D (9,10,11) (2,4,0)
D (7,-1,-1) (5,1,2)
D (11,-1,-1) (1,5,4)
D (10,-1,-1) (0,3,1)
D (10,11,-1) (1,2,3)
D (10,11,12) (4,3,2)
D (11,-1,-1) (3,4,5)
D (11,12,-1) (3,4,3)
D (10,11,12) (1,5,5)
D (9,10,11) (2,3,4)
D (11,-1,-1) (3,3,4)
D (9,10,-1) (2,2,0)
D (7,-1,-1) (2,2,1)
D (8,9,10) (5,5,5)
D (8,9,10) (3,5,1)
D (12,-1,-1) (5,1,3)
D (8,9,-1) (0,1,2)
D (12,-1,-1) (3,4,4)
D (8,9,10) (1,4,3)
D (7,8,9) (2,4,1)
D (11,-1,-1) (3,0,3)
D (7,8,9) (1,0,0)
D (7,8,9) (3,2,5)
D (7,-1,-1) (5,5,2)
D (8,-1,-1) (4,1,1)
D (11,12,-1) (2,3,0)
D (9,10,11) (3,2,1)
D (8,9,-1) (0,3,3)
D (10,11,-1) (4,2,1)
D (10,-1,-1) (4,0,5)
D (11,12,-1) (5,0,2)
D (9,-1,-1) (5,0,3)
D (7,-1,-1) (0,1,1)
D (10,11,-1) (1,2,1)
D (10,11,12) (5,3,0)
D (7,8,-1) (0,2,1)
D (8,9,10) (3,4,2)
C 0 23
C 1 12
C 2 6
C 3 2
C 4 10
C 5 3
C 6 9
C 7 18
C 8 26
C 9 6
C 10 4
C 11 10
C 12 19
C 13 0
C 14 0
C 15 0
C 16 0
C 17 0
C 18 0
C 19 0
C 20 0
C 21 0
C 22 0
C 23 0
C 24 0
C 25 0
C 26 0
C 27 0
C 28 0
C 29 0
C 30 0
C 31 0
C 32 0
C 33 0
C 34 0
C 35 0
C 36 0
C 37 0
C 38 0
C 39 0
C 40 0
C 41 0
C 42 0
C 43 0
C 44 0
C 45 0
C 46 0
C 47 0
C 48 0
C 49 0
C 50 0
C 51 0
C 52 0
C 53 0
C 54 0
C 55 0
C 56 0
C 57 0
C 58 0
C 59 0
C 60 0
C 61 0
C 62 0
C 63 0
C 64 0
C 65 0
C 66 0
C 67 0
C 68 0
C 69 0
C 70 0
C 71 0
C 72 0
C 73 0
C 74 0
C 75 0
C 76 0
C 77 0
C 78 0
C 79 0
C 80 0
C 81 0
C 82 0
C 83 0
C 84 0
C 85 0
C 86 0
C 87 0
C 88 0
C 89 0
C 90 0
C 91 0
C 92 0
C 93 0
C 94 0
C 95 0
C 96 0
C 97 0
C 98 0
C 99 0
C 100 0
C 101 0
C 102 0
C 103 0
C 104 0
C 105 0
C 106 0
C 107 0
C 108 0
C 109 0
C 110 0
C 111 0
C 112 0
C 113 0
C 114 0
C 115 0
C 116 0
C 117 0
C 118 0
C 119 0
C 120 0
C 121 0
C 122 0
C 123 0
C 124 0
C 125 0
C 126 0
C 127 0
C 128 0
C 129 0
C 130 0
C 131 0
C 132 0
C 133 0
C 134 0
C 135 0
C 136 0
C 137 0
C 138 0
C 139 0
C 140 0
C 141 0
C 142 0
C 143 0
C 144 0
C 145 0
C 146 0
C 147 0
C 148 0
C 149 0
C 150 0
C 151 0
C 152 0
C 153 0
C 154 0
C 155 0
C 156 0
C 157 0
C 158 0
C 159 0
C 160 0
C 161 0
C 162 0
C 163 0
C 164 0
C 165 0
C 166 0
C 167 0
C 168 0
C 169 0
C 170 0
C 171 0
C 172 0
C 173 0
C 174 0
C 175 0
C 176 0
C 177 0
C 178 0
C 179 18
C 180 3
C 181 23
C 182 7
C 183 19
C 184 20
C 185 12
C 186 16
C 187 8
C 188 8
C 189 0
C 190 11
C 191 5
C 192 23
C 193 4
C 194 20
C 195 12
C 196 22
C 197 21
C 198 24
C 199 23
C 200 8
C 201 10
C 202 0
C 203 20
C 204 24
C 205 17
C 206 6
C 207 3
C 208 6
C 209 21
C 210 16
C 211 2
C 212 26
C 213 22
C 214 10
C 215 1
C 216 9
C 217 3
C 218 7
C 219 17
C 220 19
C 221 15
C 222 9
C 223 19
C 224 15
C 225 21
C 226 19
C 227 26
C 228 2
C 229 24
C 230 6
C 231 2
C 232 4
C 233 26
C 234 20
C 235 21
C 236 4
C 237 15
C 238 17
C 239 6
C 240 19
C 241 25
C 242 24
C 243 14
C 244 14
C 245 21
C 246 1
C 247 19
C 248 7
C 249 8
C 250 23
C 251 14
C 252 8
C 253 22
C 254 22
C 255 7
C 256 14
C 257 6
C 258 1
C 259 14
C 260 8
C 261 3
C 262 25
C 263 6
C 264 11
C 265 11
C 266 2
C 267 0
C 268 12
C 269 10
C 270 2
C 271 15
C 272 9
C 273 10
C 274 0
C 275 0
C 276 0
C 277 0
C 278 0
C 279 0
C 280 0
C 281 0
C 282 0
C 283 0
C 284 0
C 285 0
C 286 0
C 287 0
C 288 0
C 289 0
C 290 0
C 291 0
C 292 0
C 293 0
C 294 0
C 295 0
C 296 0
C 297 0
C 298 0
C 299 0
C 300 0
C 301 0
C 302 0
C 303 0
C 304 0
C 305 0
C 306 21
C 307 16
C 308 16
C 309 16
C 310 17
C 311 17
C 312 2
C 313 2
C 314 22
C 315 1
C 316 1
C 317 3
C 318 21
C 319 18
C 320 0
C 321 19
C 322 6
C 323 26
C 324 17
C 325 6
C 326 16
C 327 17
C 328 0
C 329 22
C 330 19
C 331 2
C 332 0
C 333 9
C 334 9
C 335 24
C 336 5
C 337 11
C 338 20
C 339 2
C 340 9
C 341 5
C 342 8
C 343 3
C 344 25
C 345 17
C 346 9
C 347 26
C 348 18
C 349 26
C 350 6
I 2 1 6 (2,3,1) (0,0,0,0)|(0,1,0,0)|(1,1,1,0)|(1,-1,-1,0)
I 0 1 6 (4,1,5) (0,0,-1,0)|(0,0,1,0)
I 3 2 15 (2,0,0) (0,1,-1,0)|(0,-1,1,0)
