D (11,-1,-1) (0,4,5)
D (7,8,-1) (1,1,0)
D (7,-1,-1) (3,3,4)
D (10,11,12) (3,2,2)
D (11,-1,-1) (5,1,4)
D (10,11,-1) (1,5,1)
D (12,-1,-1) (1,3,2)
D (7,-1,-1) (5,5,4)
D (7,8,9) (0,3,3)
D (7,8,9) (3,1,0)
D (8,9,10) (2,1,0)
D (10,11,-1) (2,0,3)
D (8,9,10) (1,5,0)
D (10,11,12) (1,4,5)
D (7,8,9) (2,0,5)
D (11,-1,-1) (5,5,5)
D (12,-1,-1) (0,0,1)
D (8,9,10) (2,2,0)
D (10,-1,-1) (2,0,1)
D (11,12,-1) (2,0,0)
D (10,-1,-1) (3,1,2)
D (9,10,11) (0,4,2)
D (8,9,10) (4,3,1)
D (11,12,-1) (3,5,3)
D (11,12,-1) (4,4,4)
D (10,11,-1) (4,1,0)
D (10,-1,-1) (4,5,2)
D (7,8,9) (3,0,5)
D (8,9,-1) (4,2,1)
D (7,-1,-1) (1,5,2)
D (8,-1,-1) (5,5,1)
D (10,11,12) (1,2,2)
D (7,-1,-1) (3,0,0)
D (11,-1,-1) (5,2,0)
D (8,9,10) (2,2,3)
D (8,-1,-1) (2,1,1)
D (7,-1,-1) (0,2,4)
D (7,-1,-1) (0,5,3)
D (9,10,11) (4,1,3)
D (7,8,9) (1,3,5)
D (9,10,-1) (5,1,0)
D (9,-1,-1) (3,4,2)
D (7,-1,-1) (3,5,5)
D (12,-1,-1) (2,5,0)
D (7,8,-1) (4,0,2)
D (7,8,9) (2,2,1)
D (8,9,10) (5,1,2)
D (11,12,-1) (2,1,5)
D (12,-1,-1) (3,5,0)
D (11,-1,-1) (5,5,3)
D (9,10,11) (3,3,0)
D (7,8,9) (3,1,5)
D (12,-1,-1) (3,3,5)
D (7,8,9) (1,2,0)
D (11,12,-1) (1,2,5)
C 0 12
C 1 18
C 2 26
C 3 6
C 4 11
C 5 24
C 6 25
C 7 25
C 8 4
C 9 23
C 10 24
C 11 20
C 12 2
C 13 14
C 14 26
C 15 2
C 16 18
C 17 16
C 18 15
C 19 24
C 20 26
C 21 17
C 22 11
C 23 17
C 24 20
C 25 17
C 26 17
C 27 8
C 28 21
C 29 7
C 30 0
C 31 12
C 32 10
C 33 16
C 34 17
C 35 6
C 36 6
C 37 24
C 38 23
C 39 16
C 40 19
C 41 10
C 42 5
C 43 14
C 44 23
C 45 1
C 46 15
C 47 15
C 48 20
C 49 8
C 50 10
C 51 3
C 52 19
C 53 4
C 54 8
C 55 0
C 56 10
C 57 22
C 58 9
C 59 2
C 60 18
C 61 3
C 62 11
C 63 23
C 64 2
C 65 7
C 66 0
C 67 16
C 68 3
C 69 24
C 70 15
C 71 16
C 72 9
C 73 4
C 74 16
C 75 22
C 76 1
C 77 17
C 78 24
C 79 2
C 80 22
C 81 8
C 82 15
C 83 23
C 84 24
C 85 24
C 86 3
C 87 10
C 88 24
C 89 4
C 90 11
C 91 9
C 92 8
C 93 14
C 94 17
C 95 2
C 96 12
C 97 2
C 98 19
C 99 11
C 100 0
C 101 25
C 102 14
C 103 11
C 104 21
C 105 10
C 106 14
C 107 23
C 108 8
C 109 15
C 110 9
C 111 19
C 112 23
C 113 25
C 114 22
C 115 4
C 116 11
C 117 17
C 118 18
C 119 1
C 120 3
C 121 19
C 122 21
C 123 24
C 124 23
C 125 15
C 126 9
C 127 19
C 128 2
C 129 8
C 130 16
C 131 10
C 132 21
C 133 24
C 134 14
C 135 1
C 136 1
C 137 5
C 138 11
C 139 19
C 140 6
C 141 10
C 142 3
C 143 21
C 144 0
C 145 17
C 146 21
C 147 15
C 148 4
C 149 12
C 150 1
C 151 18
C 152 26
C 153 1
C 154 2
C 155 14
C 156 16
C 157 18
C 158 15
C 159 12
C 160 16
C 161 21
C 162 14
C 163 12
C 164 2
C 165 11
C 166 17
C 167 26
C 168 16
C 169 20
C 170 18
C 171 8
C 172 6
C 173 8
C 174 12
C 175 24
C 176 23
C 177 18
C 178 0
C 179 18
C 180 22
C 181 3
C 182 1
C 183 9
C 184 3
C 185 0
C 186 15
C 187 12
C 188 10
C 189 19
C 190 10
C 191 16
C 192 23
C 193 5
C 194 17
C 195 5
C 196 25
C 197 10
C 198 0
C 199 10
C 200 23
C 201 0
C 202 17
C 203 10
C 204 9
C 205 4
C 206 12
C 207 4
C 208 12
C 209 8
C 210 0
C 211 7
C 212 0
C 213 18
C 214 2
C 215 19
C 216 21
C 217 26
C 218 25
C 219 6
C 220 24
C 221 21
C 222 10
C 223 20
C 224 12
C 225 12
C 226 17
C 227 10
C 228 14
C 229 15
C 230 18
C 231 24
C 232 23
C 233 8
C 234 7
C 235 22
C 236 22
C 237 16
C 238 16
C 239 24
C 240 21
C 241 15
C 242 22
C 243 1
C 244 11
C 245 17
C 246 1
C 247 0
C 248 24
C 249 19
C 250 24
C 251 5
C 252 26
C 253 11
C 254 11
C 255 1
C 256 20
C 257 2
C 258 21
C 259 22
C 260 20
C 261 7
C 262 1
C 263 0
C 264 3
C 265 16
C 266 7
C 267 17
C 268 18
C 269 7
C 270 21
C 271 9
C 272 7
C 273 22
C 274 10
C 275 0
C 276 0
C 277 23
C 278 2
C 279 0
C 280 8
C 281 12
C 282 12
C 283 4
C 284 2
C 285 2
C 286 4
C 287 11
C 288 23
C 289 5
C 290 17
C 291 16
C 292 25
C 293 25
C 294 19
C 295 14
C 296 12
C 297 2
C 298 8
C 299 3
C 300 10
C 301 5
C 302 11
C 303 11
C 304 14
C 305 7
C 306 3
C 307 5
C 308 8
C 309 21
C 310 17
C 311 0
C 312 18
C 313 9
C 314 8
C 315 24
C 316 20
C 317 8
C 318 3
C 319 11
C 320 2
C 321 19
C 322 23
C 323 3
C 324 26
C 325 21
C 326 2
C 327 3
C 328 18
C 329 24
C 330 4
C 331 26
C 332 2
C 333 20
C 334 15
C 335 12
C 336 19
C 337 9
C 338 2
C 339 11
C 340 17
C 341 19
C 342 8
C 343 8
C 344 9
C 345 24
C 346 7
C 347 6
C 348 17
C 349 5
C 350 17
I 4 3 16 (1,3,0) (1,-1,1,0)|(-1,1,0,0)
I 4 2 18 (2,1,4) (-1,0,0,0)|(1,-1,0,0)|(-1,-1,0,0)|(-1,0,1,0)
I 2 2 15 (2,1,3) (-1,0,1,0)|(0,0,-1,0)|(1,-1,-1,0)
