D (11,-1,-1) (1,3,1)
D (11,12,-1) (2,5,3)
D (12,-1,-1) (3,1,5)
D (11,12,-1) (2,4,5)
D (7,-1,-1) (2,0,3)
D (11,12,-1) (1,1,4)
D (10,11,12) (2,5,2)
D (9,-1,-1) (3,5,5)
D (10,11,12) (1,2,4)
D (12,-1,-1) (0,3,1)
D (11,12,-1) (1,3,0)
D (12,-1,-1) (1,2,5)
D (12,-1,-1) (0,0,0)
D (11,12,-1) (0,3,4)
D (7,-1,-1) (0,1,3)
D (7,8,9) (5,1,3)
D (10,11,-1) (2,2,5)
D (10,-1,-1) (5,5,5)
D (7,-1,-1) (0,3,0)
D (11,12,-1) (2,4,1)
D (9,10,-1) (4,0,5)
D (10,-1,-1) (3,5,0)
D (7,8,9) (0,0,5)
D (9,10,11) (1,3,5)
D (7,8,-1) (3,5,2)
D (10,11,-1) (4,0,3)
D (7,-1,-1) (4,3,1)
D (10,-1,-1) (2,2,2)
D (10,-1,-1) (3,1,1)
D (9,-1,-1) (4,3,5)
D (8,9,10) (4,2,5)
D (11,-1,-1) (5,1,2)
D (8,9,10) (0,2,5)
D (12,-1,-1) (5,0,5)
D (9,10,11) (4,5,0)
D (8,-1,-1) (4,4,3)
D (12,-1,-1) (3,4,0)
D (8,-1,-1) (3,5,4)
D (9,10,-1) (5,2,2)
D (10,11,12) (1,2,3)
D (10,-1,-1) (5,3,5)
D (10,-1,-1) (0,2,3)
D (12,-1,-1) (2,2,3)
D (9,10,-1) (3,5,1)
D (8,9,10) (2,5,4)
D (8,9,-1) (3,1,3)
D (11,12,-1) (5,4,5)
D (12,-1,-1) (1,4,5)
D (11,12,-1) (1,2,0)
D (12,-1,-1) (0,5,2)
D (7,8,9) (0,0,2)
D (8,-1,-1) (4,3,4)
D (8,9,-1) (3,4,1)
D (8,9,10) (0,2,4)
D (9,10,-1) (4,5,5)
D (8,9,-1) (0,1,0)
D (7,8,9) (4,4,0)
D (8,9,-1) (0,1,2)
D (11,12,-1) (4,1,1)
D (12,-1,-1) (3,4,2)
D (7,8,9) (5,5,3)
D (10,11,-1) (0,5,3)
C 0 8
C 1 10
C 2 11
C 3 10
C 4 14
C 5 21
C 6 25
C 7 22
C 8 21
C 9 8
C 10 1
C 11 16
C 12 18
C 13 2
C 14 6
C 15 3
C 16 18
C 17 23
C 18 0
C 19 11
C 20 7
C 21 9
C 22 9
C 23 26
C 24 5
C 25 16
C 26 1
C 27 15
C 28 16
C 29 7
C 30 8
C 31 3
C 32 2
C 33 16
C 34 1
C 35 22
C 36 11
C 37 25
C 38 3
C 39 7
C 40 20
C 41 22
C 42 24
C 43 6
C 44 0
C 45 21
C 46 18
C 47 16
C 48 18
C 49 18
C 50 10
C 51 10
C 52 3
C 53 2
C 54 15
C 55 9
C 56 16
C 57 9
C 58 26
C 59 0
C 60 21
C 61 20
C 62 25
C 63 15
C 64 3
C 65 16
C 66 6
C 67 3
C 68 20
C 69 15
C 70 14
C 71 21
C 72 6
C 73 23
C 74 7
C 75 3
C 76 26
C 77 23
C 78 14
C 79 14
C 80 3
C 81 26
C 82 14
C 83 11
C 84 20
C 85 11
C 86 23
C 87 11
C 88 0
C 89 23
C 90 24
C 91 18
C 92 23
C 93 12
C 94 24
C 95 2
C 96 7
C 97 23
C 98 17
C 99 22
C 100 10
C 101 15
C 102 26
C 103 19
C 104 10
C 105 6
C 106 26
C 107 1
C 108 14
C 109 14
C 110 0
C 111 0
C 112 24
C 113 0
C 114 0
C 115 0
C 116 0
C 117 0
C 118 0
C 119 0
C 120 14
C 121 12
C 122 11
C 123 1
C 124 5
C 125 10
C 126 16
C 127 6
C 128 12
C 129 17
C 130 21
C 131 20
C 132 16
C 133 5
C 134 0
C 135 6
C 136 16
C 137 4
C 138 22
C 139 19
C 140 26
C 141 3
C 142 21
C 143 7
C 144 3
C 145 22
C 146 23
C 147 26
C 148 17
C 149 21
C 150 1
C 151 26
C 152 11
C 153 3
C 154 8
C 155 19
C 156 20
C 157 4
C 158 23
C 159 23
C 160 21
C 161 21
C 162 16
C 163 23
C 164 24
C 165 0
C 166 15
C 167 8
C 168 3
C 169 7
C 170 20
C 171 3
C 172 7
C 173 15
C 174 11
C 175 5
C 176 3
C 177 24
C 178 20
C 179 4
C 180 6
C 181 7
C 182 14
C 183 16
C 184 0
C 185 26
C 186 7
C 187 0
C 188 23
C 189 5
C 190 26
C 191 24
C 192 8
C 193 14
C 194 22
C 195 17
C 196 19
C 197 12
C 198 6
C 199 1
C 200 4
C 201 10
C 202 18
C 203 23
C 204 18
C 205 15
C 206 5
C 207 7
C 208 9
C 209 21
C 210 18
C 211 9
C 212 14
C 213 20
C 214 23
C 215 25
C 216 1
C 217 6
C 218 23
C 219 22
C 220 6
C 221 11
C 222 19
C 223 8
C 224 3
C 225 20
C 226 15
C 227 17
C 228 0
C 229 4
C 230 17
C 231 18
C 232 23
C 233 20
C 234 18
C 235 19
C 236 14
C 237 15
C 238 22
C 239 22
C 240 25
C 241 17
C 242 14
C 243 14
C 244 21
C 245 23
C 246 22
C 247 4
C 248 11
C 249 19
C 250 17
C 251 24
C 252 10
C 253 18
C 254 22
C 255 6
C 256 20
C 257 15
C 258 3
C 259 10
C 260 21
C 261 6
C 262 17
C 263 15
C 264 9
C 265 1
C 266 12
C 267 15
C 268 6
C 269 12
C 270 9
C 271 17
C 272 10
C 273 21
C 274 15
C 275 18
C 276 20
C 277 26
C 278 20
C 279 18
C 280 9
C 281 1
C 282 14
C 283 26
C 284 17
C 285 3
C 286 2
C 287 16
C 288 14
C 289 15
C 290 22
C 291 18
C 292 14
C 293 2
C 294 26
C 295 24
C 296 15
C 297 23
C 298 7
C 299 12
C 300 21
C 301 8
C 302 4
C 303 25
C 304 15
C 305 12
C 306 21
C 307 24
C 308 25
C 309 4
C 310 14
C 311 15
C 312 14
C 313 21
C 314 25
C 315 18
C 316 16
C 317 12
C 318 24
C 319 19
C 320 9
C 321 26
C 322 1
C 323 12
C 324 16
C 325 22
C 326 2
C 327 25
C 328 1
C 329 24
C 330 15
C 331 11
C 332 18
C 333 23
C 334 1
C 335 4
C 336 25
C 337 4
C 338 3
C 339 4
C 340 3
C 341 19
C 342 11
C 343 23
C 344 21
C 345 10
C 346 3
C 347 17
C 348 1
C 349 6
C 350 24
I 1 1 7 (5,3,2) (1,1,0,0)
I 0 3 4 (3,2,1) (1,-1,1,0)|(-1,0,-1,0)|(1,-1,1,0)|(-1,-1,-1,0)
I 0 2 3 (3,3,2) (0,0,-1,0)|(-1,0,1,0)
