D (11,-1,-1) (1,1,4)
D (9,10,-1) (4,0,4)
D (7,8,-1) (3,3,1)
D (10,-1,-1) (3,1,1)
D (9,10,-1) (0,2,4)
D (10,11,12) (3,5,1)
D (7,8,9) (5,5,3)
D (12,-1,-1) (0,5,0)
D (8,9,-1) (1,3,1)
D (9,10,11) (3,3,5)
D (7,8,-1) (1,5,0)
D (11,-1,-1) (3,2,0)
D (10,11,-1) (5,0,4)
D (11,12,-1) (1,4,2)
D (12,-1,-1) (3,0,4)
D (8,9,10) (0,0,1)
D (9,-1,-1) (2,2,5)
D (9,10,11) (4,5,3)
D (11,-1,-1) (2,0,0)
D (7,8,-1) (3,0,1)
D (8,9,10) (5,1,2)
D (7,8,9) (4,0,3)
D (7,8,9) (4,4,2)
D (10,-1,-1) (5,1,5)
D (9,10,-1) (4,2,5)
D (8,-1,-1) (2,5,1)
D (12,-1,-1) (4,1,5)
D (7,-1,-1) (4,4,5)
D (9,10,-1) (4,0,1)
D (10,-1,-1) (3,0,0)
D (11,-1,-1) (0,4,5)
D (12,-1,-1) (5,2,1)
D (12,-1,-1) (4,5,0)
D (8,9,10) (3,2,4)
D (11,-1,-1) (1,0,2)
D (12,-1,-1) (3,0,2)
D (11,12,-1) (2,4,1)
D (10,11,12) (2,5,5)
D (7,8,9) (5,1,3)
D (12,-1,-1) (5,4,1)
D (8,9,-1) (1,1,2)
D (7,-1,-1) (5,0,5)
D (10,11,12) (1,2,5)
D (8,9,10) (3,2,1)
D (7,-1,-1) (4,0,0)
D (9,10,11) (4,1,2)
D (10,-1,-1) (2,4,5)
D (8,-1,-1) (1,5,5)
D (9,-1,-1) (5,1,1)
D (9,10,-1) (5,5,5)
D (8,-1,-1) (1,2,4)
D (9,-1,-1) (2,4,0)
D (8,9,10) (2,5,4)
D (10,11,-1) (0,3,5)
D (11,-1,-1) (0,0,5)
D (11,12,-1) (1,5,1)
D (11,12,-1) (2,1,1)
D (12,-1,-1) (3,4,4)
D (8,-1,-1) (1,3,4)
D (10,-1,-1) (2,2,4)
D (11,12,-1) (0,4,1)
D (12,-1,-1) (0,4,3)
D (8,-1,-1) (0,3,4)
D (9,10,11) (2,3,5)
D (12,-1,-1) (3,4,5)
D (11,-1,-1) (5,0,0)
D (7,8,-1) (4,2,4)
D (9,-1,-1) (5,3,1)
D (11,12,-1) (2,3,3)
D (9,10,11) (5,4,5)
D (9,-1,-1) (0,1,0)
D (7,8,9) (1,5,2)
D (10,-1,-1) (5,2,2)
D (11,12,-1) (2,1,3)
C 0 21
C 1 2
C 2 26
C 3 0
C 4 22
C 5 22
C 6 7
C 7 23
C 8 25
C 9 2
C 10 12
C 11 22
C 12 5
C 13 22
C 14 17
C 15 6
C 16 19
C 17 0
C 18 24
C 19 10
C 20 7
C 21 17
C 22 11
C 23 8
C 24 19
C 25 7
C 26 5
C 27 25
C 28 18
C 29 26
C 30 1
C 31 2
C 32 1
C 33 19
C 34 17
C 35 8
C 36 6
C 37 17
C 38 23
C 39 19
C 40 21
C 41 16
C 42 26
C 43 6
C 44 11
C 45 20
C 46 5
C 47 2
C 48 3
C 49 19
C 50 16
C 51 6
C 52 9
C 53 18
C 54 15
C 55 4
C 56 18
C 57 16
C 58 17
C 59 9
C 60 24
C 61 20
C 62 15
C 63 19
C 64 19
C 65 23
C 66 25
C 67 22
C 68 5
C 69 4
C 70 23
C 71 2
C 72 18
C 73 11
C 74 16
C 75 3
C 76 1
C 77 18
C 78 14
C 79 8
C 80 18
C 81 8
C 82 8
C 83 3
C 84 26
C 85 11
C 86 7
C 87 25
C 88 0
C 89 9
C 90 9
C 91 2
C 92 5
C 93 21
C 94 7
C 95 1
C 96 21
C 97 22
C 98 12
C 99 8
C 100 21
C 101 26
C 102 3
C 103 11
C 104 4
C 105 24
C 106 0
C 107 0
C 108 0
C 109 0
C 110 0
C 111 0
C 112 0
C 113 0
C 114 0
C 115 0
C 116 0
C 117 0
C 118 0
C 119 0
C 120 0
C 121 0
C 122 0
C 123 0
C 124 0
C 125 0
C 126 0
C 127 0
C 128 0
C 129 0
C 130 0
C 131 0
C 132 0
C 133 0
C 134 0
C 135 0
C 136 0
C 137 0
C 138 0
C 139 0
C 140 0
C 141 0
C 142 0
C 143 0
C 144 23
C 145 25
C 146 22
C 147 5
C 148 0
C 149 0
C 150 0
C 151 0
C 152 0
C 153 0
C 154 0
C 155 0
C 156 0
C 157 0
C 158 0
C 159 0
C 160 0
C 161 0
C 162 0
C 163 0
C 164 0
C 165 0
C 166 0
C 167 0
C 168 0
C 169 0
C 170 0
C 171 0
C 172 0
C 173 0
C 174 0
C 175 0
C 176 0
C 177 0
C 178 0
C 179 0
C 180 26
C 181 26
C 182 18
C 183 5
C 184 19
C 185 21
C 186 9
C 187 2
C 188 20
C 189 14
C 190 22
C 191 7
C 192 25
C 193 3
C 194 25
C 195 1
C 196 16
C 197 16
C 198 3
C 199 1
C 200 25
C 201 2
C 202 1
C 203 24
C 204 0
C 205 25
C 206 9
C 207 23
C 208 23
C 209 0
C 210 0
C 211 0
C 212 0
C 213 0
C 214 0
C 215 0
C 216 0
C 217 0
C 218 0
C 219 0
C 220 0
C 221 0
C 222 0
C 223 0
C 224 0
C 225 0
C 226 0
C 227 0
C 228 0
C 229 0
C 230 0
C 231 0
C 232 0
C 233 0
C 234 0
C 235 0
C 236 0
C 237 0
C 238 0
C 239 0
C 240 0
C 241 0
C 242 0
C 243 0
C 244 0
C 245 0
C 246 0
C 247 0
C 248 0
C 249 0
C 250 0
C 251 0
C 252 0
C 253 0
C 254 0
C 255 0
C 256 0
C 257 0
C 258 0
C 259 0
C 260 0
C 261 0
C 262 0
C 263 0
C 264 0
C 265 0
C 266 0
C 267 0
C 268 0
C 269 0
C 270 0
C 271 0
C 272 0
C 273 0
C 274 0
C 275 0
C 276 0
C 277 0
C 278 0
C 279 0
C 280 0
C 281 0
C 282 0
C 283 0
C 284 0
C 285 0
C 286 0
C 287 0
C 288 0
C 289 0
C 290 0
C 291 15
C 292 7
C 293 25
C 294 22
C 295 6
C 296 6
C 297 10
C 298 7
C 299 1
C 300 21
C 301 9
C 302 11
C 303 18
C 304 4
C 305 2
C 306 8
C 307 14
C 308 26
C 309 21
C 310 18
C 311 15
C 312 5
C 313 16
C 314 4
C 315 4
C 316 1
C 317 7
C 318 16
C 319 21
C 320 12
C 321 3
C 322 17
C 323 22
C 324 10
C 325 2
C 326 5
C 327 23
C 328 25
C 329 9
C 330 19
C 331 3
C 332 21
C 333 11
C 334 23
C 335 17
C 336 22
C 337 2
C 338 25
C 339 19
C 340 20
C 341 18
C 342 5
C 343 15
C 344 3
C 345 23
C 346 19
C 347 7
C 348 19
C 349 0
C 350 22
I 0 1 16 (3,5,0) (-1,0,0,0)|(1,-1,0,0)
I 4 3 12 (1,1,0) (-1,0,0,0)|(0,0,1,0)|(1,0,-1,0)
I 2 1 11 (3,1,2) (-1,-1,0,0)
