D (12,-1,-1) (5,3,3)
D (11,12,-1) (0,2,0)
D (12,-1,-1) (1,5,5)
D (8,9,10) (0,4,0)
D (11,12,-1) (4,2,5)
D (11,-1,-1) (0,2,4)
D (8,9,10) (3,3,0)
D (8,-1,-1) (3,4,2)
D (11,12,-1) (4,3,2)
D (11,12,-1) (5,0,3)
D (7,-1,-1) (4,4,4)
D (9,10,11) (1,4,3)
D (9,10,11) (5,5,2)
D (11,12,-1) (0,5,0)
D (10,11,12) (3,2,5)
D (7,8,9) (2,2,2)
D (10,11,12) (5,3,2)
D (7,-1,-1) (5,4,4)
D (7,-1,-1) (2,1,5)
D (7,8,-1) (1,1,5)
D (7,-1,-1) (5,0,0)
D (10,-1,-1) (1,5,0)
D (7,8,9) (0,1,3)
D (9,-1,-1) (0,1,5)
D (12,-1,-1) (5,4,0)
D (8,9,10) (1,3,2)
D (9,-1,-1) (1,5,3)
D (8,9,10) (1,1,0)
D (10,11,-1) (0,5,3)
D (12,-1,-1) (3,3,1)
D (7,8,9) (3,1,5)
D (8,-1,-1) (1,4,4)
D (12,-1,-1) (5,2,2)
D (9,10,11) (3,1,3)
D (10,-1,-1) (4,0,0)
D (12,-1,-1) (3,0,3)
D (7,-1,-1) (4,0,4)
D (8,9,10) (5,0,4)
D (7,8,-1) (0,0,2)
D (11,12,-1) (1,2,1)
D (9,-1,-1) (1,4,2)
D (8,9,-1) (3,5,3)
C 0 9
C 1 9
C 2 14
C 3 12
C 4 0
C 5 15
C 6 24
C 7 5
C 8 0
C 9 18
C 10 7
C 11 0
C 12 0
C 13 0
C 14 0
C 15 0
C 16 0
C 17 0
C 18 0
C 19 0
C 20 0
C 21 0
C 22 0
C 23 0
C 24 0
C 25 0
C 26 0
C 27 0
C 28 0
C 29 0
C 30 0
C 31 0
C 32 0
C 33 0
C 34 0
C 35 0
C 36 0
C 37 0
C 38 0
C 39 0
C 40 0
C 41 0
C 42 0
C 43 0
C 44 0
C 45 0
C 46 0
C 47 0
C 48 0
C 49 0
C 50 0
C 51 0
C 52 0
C 53 0
C 54 0
C 55 0
C 56 0
C 57 0
C 58 0
C 59 0
C 60 0
C 61 0
C 62 0
C 63 0
C 64 0
C 65 0
C 66 0
C 67 1
C 68 9
C 69 2
C 70 7
C 71 18
C 72 4
C 73 18
C 74 17
C 75 22
C 76 4
C 77 19
C 78 2
C 79 22
C 80 12
C 81 26
C 82 10
C 83 10
C 84 0
C 85 14
C 86 26
C 87 1
C 88 21
C 89 24
C 90 15
C 91 12
C 92 26
C 93 16
C 94 8
C 95 9
C 96 15
C 97 2
C 98 15
C 99 24
C 100 21
C 101 25
C 102 6
C 103 6
C 104 12
C 105 22
C 106 22
C 107 18
C 108 12
C 109 1
C 110 11
C 111 1
C 112 2
C 113 5
C 114 22
C 115 15
C 116 25
C 117 22
C 118 15
C 119 14
C 120 6
C 121 20
C 122 26
C 123 11
C 124 7
C 125 9
C 126 24
C 127 2
C 128 25
C 129 0
C 130 1
C 131 0
C 132 14
C 133 24
C 134 10
C 135 23
C 136 12
C 137 10
C 138 16
C 139 15
C 140 15
C 141 20
C 142 23
C 143 18
C 144 18
C 145 20
C 146 17
C 147 21
C 148 1
C 149 9
C 150 12
C 151 6
C 152 10
C 153 25
C 154 17
C 155 5
C 156 8
C 157 26
C 158 11
C 159 18
C 160 26
C 161 26
C 162 17
C 163 17
C 164 7
C 165 20
C 166 14
C 167 14
C 168 0
C 169 10
C 170 21
C 171 21
C 172 24
C 173 9
C 174 6
C 175 21
C 176 18
C 177 4
C 178 3
C 179 20
C 180 20
C 181 23
C 182 12
C 183 25
C 184 14
C 185 1
C 186 11
C 187 8
C 188 25
C 189 25
C 190 21
C 191 26
C 192 24
C 193 23
C 194 18
C 195 26
C 196 16
C 197 20
C 198 3
C 199 22
C 200 22
C 201 5
C 202 0
C 203 14
C 204 15
C 205 0
C 206 7
C 207 9
C 208 20
C 209 17
C 210 11
C 211 1
C 212 2
C 213 3
C 214 15
C 215 9
C 216 15
C 217 15
C 218 11
C 219 5
C 220 20
C 221 21
C 222 25
C 223 8
C 224 20
C 225 22
C 226 7
C 227 6
C 228 6
C 229 22
C 230 9
C 231 2
C 232 17
C 233 15
C 234 18
C 235 5
C 236 10
C 237 11
C 238 9
C 239 11
C 240 4
C 241 5
C 242 11
C 243 11
C 244 19
C 245 3
C 246 10
C 247 12
C 248 5
C 249 21
C 250 5
C 251 15
C 252 16
C 253 10
C 254 8
C 255 11
C 256 26
C 257 7
C 258 15
C 259 22
C 260 10
C 261 24
C 262 1
C 263 17
C 264 17
C 265 15
C 266 9
C 267 8
C 268 9
C 269 5
C 270 19
C 271 15
C 272 7
C 273 24
C 274 4
C 275 11
C 276 18
C 277 3
C 278 9
C 279 18
C 280 26
C 281 9
C 282 15
C 283 11
C 284 5
C 285 18
C 286 4
C 287 22
C 288 22
C 289 4
C 290 21
C 291 11
C 292 20
C 293 6
C 294 26
C 295 22
C 296 6
C 297 6
C 298 26
C 299 3
C 300 20
C 301 14
C 302 4
C 303 1
C 304 8
C 305 7
C 306 11
C 307 3
C 308 25
C 309 25
C 310 7
C 311 11
C 312 23
C 313 10
C 314 5
C 315 1
C 316 24
C 317 19
C 318 0
C 319 18
C 320 1
C 321 0
C 322 1
C 323 14
C 324 4
C 325 2
C 326 10
C 327 21
C 328 7
C 329 24
C 330 5
C 331 18
C 332 7
C 333 15
C 334 10
C 335 10
C 336 2
C 337 14
C 338 19
C 339 9
C 340 11
C 341 5
C 342 14
C 343 22
C 344 5
C 345 19
C 346 17
C 347 7
C 348 15
C 349 6
C 350 22
I 3 2 6 (3,4,2) (0,1,0,0)
I 1 3 11 (4,3,5) (-1,-1,-1,0)|(0,-1,-1,0)
I 1 1 13 (3,1,4) (0,0,1,0)
