D (7,8,9) (5,1,5)
D (9,10,11) (0,5,2)
D (7,-1,-1) (0,1,3)
D (9,-1,-1) (5,0,3)
D (9,-1,-1) (1,5,5)
D (10,11,-1) (5,3,3)
D (10,11,12) (1,3,2)
D (8,9,10) (2,3,3)
D (7,8,-1) (3,5,3)
D (8,9,10) (5,1,3)
D (10,11,-1) (3,4,5)
D (10,-1,-1) (1,2,2)
D (7,8,-1) (0,3,2)
D (11,12,-1) (5,1,4)
D (12,-1,-1) (2,5,4)
D (7,8,9) (3,2,1)
D (8,9,10) (1,1,3)
D (12,-1,-1) (3,1,1)
D (7,-1,-1) (0,5,3)
D (11,12,-1) (1,1,1)
D (9,-1,-1) (0,3,1)
D (7,-1,-1) (1,1,2)
D (10,11,-1) (5,5,5)
D (10,11,-1) (1,3,4)
D (12,-1,-1) (4,2,5)
D (12,-1,-1) (2,1,5)
D (12,-1,-1) (2,3,0)
D (7,8,-1) (2,5,1)
D (8,9,10) (4,0,4)
D (7,8,-1) (5,2,2)
D (12,-1,-1) (1,3,5)
D (11,12,-1) (1,2,4)
D (10,11,-1) (5,5,0)
D (8,9,-1) (5,0,4)
D (7,8,-1) (5,3,1)
D (12,-1,-1) (4,4,5)
D (12,-1,-1) (5,5,1)
D (11,12,-1) (3,1,3)
D (7,8,9) (3,3,0)
D (10,-1,-1) (1,2,3)
D (10,11,-1) (4,2,2)
D (7,8,9) (3,0,0)
D (12,-1,-1) (3,3,1)
C 0 0
C 1 0
C 2 0
C 3 0
C 4 0
C 5 0
C 6 0
C 7 0
C 8 0
C 9 0
C 10 0
C 11 0
C 12 0
C 13 0
C 14 0
C 15 0
C 16 0
C 17 0
C 18 0
C 19 0
C 20 0
C 21 0
C 22 0
C 23 0
C 24 0
C 25 0
C 26 0
C 27 0
C 28 0
C 29 0
C 30 0
C 31 0
C 32 0
C 33 0
C 34 0
C 35 0
C 36 0
C 37 0
C 38 0
C 39 0
C 40 0
C 41 0
C 42 0
C 43 0
C 44 0
C 45 0
C 46 0
C 47 0
C 48 0
C 49 0
C 50 0
C 51 3
C 52 5
C 53 9
C 54 23
C 55 14
C 56 24
C 57 15
C 58 16
C 59 18
C 60 24
C 61 11
C 62 17
C 63 20
C 64 5
C 65 17
C 66 1
C 67 14
C 68 24
C 69 25
C 70 24
C 71 3
C 72 0
C 73 16
C 74 9
C 75 17
C 76 22
C 77 9
C 78 20
C 79 6
C 80 10
C 81 15
C 82 26
C 83 1
C 84 3
C 85 0
C 86 0
C 87 19
C 88 12
C 89 19
C 90 22
C 91 16
C 92 22
C 93 14
C 94 2
C 95 26
C 96 24
C 97 14
C 98 16
C 99 6
C 100 18
C 101 20
C 102 16
C 103 10
C 104 12
C 105 6
C 106 24
C 107 9
C 108 7
C 109 23
C 110 15
C 111 16
C 112 14
C 113 17
C 114 12
C 115 15
C 116 24
C 117 10
C 118 5
C 119 20
C 120 1
C 121 18
C 122 14
C 123 8
C 124 3
C 125 26
C 126 3
C 127 10
C 128 26
C 129 18
C 130 11
C 131 18
C 132 20
C 133 0
C 134 23
C 135 4
C 136 14
C 137 2
C 138 1
C 139 7
C 140 23
C 141 3
C 142 4
C 143 18
C 144 17
C 145 3
C 146 5
C 147 15
C 148 12
C 149 1
C 150 16
C 151 16
C 152 0
C 153 16
C 154 16
C 155 12
C 156 21
C 157 10
C 158 21
C 159 7
C 160 21
C 161 10
C 162 10
C 163 6
C 164 1
C 165 25
C 166 17
C 167 1
C 168 1
C 169 17
C 170 26
C 171 7
C 172 3
C 173 5
C 174 15
C 175 15
C 176 8
C 177 15
C 178 10
C 179 3
C 180 15
C 181 12
C 182 3
C 183 17
C 184 4
C 185 6
C 186 10
C 187 11
C 188 25
C 189 12
C 190 17
C 191 22
C 192 7
C 193 14
C 194 17
C 195 26
C 196 0
C 197 20
C 198 8
C 199 11
C 200 7
C 201 26
C 202 24
C 203 26
C 204 11
C 205 5
C 206 5
C 207 11
C 208 22
C 209 19
C 210 25
C 211 23
C 212 20
C 213 20
C 214 20
C 215 8
C 216 17
C 217 22
C 218 14
C 219 14
C 220 10
C 221 5
C 222 17
C 223 7
C 224 10
C 225 12
C 226 3
C 227 25
C 228 5
C 229 17
C 230 24
C 231 4
C 232 12
C 233 6
C 234 5
C 235 15
C 236 3
C 237 16
C 238 24
C 239 0
C 240 5
C 241 14
C 242 6
C 243 7
C 244 3
C 245 20
C 246 8
C 247 3
C 248 16
C 249 11
C 250 5
C 251 14
C 252 16
C 253 11
C 254 9
C 255 10
C 256 15
C 257 17
C 258 19
C 259 23
C 260 6
C 261 14
C 262 9
C 263 22
C 264 17
C 265 1
C 266 19
C 267 25
C 268 7
C 269 25
C 270 9
C 271 19
C 272 23
C 273 10
C 274 21
C 275 24
C 276 22
C 277 0
C 278 11
C 279 10
C 280 19
C 281 7
C 282 15
C 283 1
C 284 22
C 285 8
C 286 12
C 287 18
C 288 11
C 289 19
C 290 17
C 291 2
C 292 7
C 293 20
C 294 3
C 295 16
C 296 24
C 297 22
C 298 25
C 299 25
C 300 23
C 301 20
C 302 8
C 303 15
C 304 25
C 305 22
C 306 5
C 307 24
C 308 0
C 309 1
C 310 7
C 311 8
C 312 7
C 313 24
C 314 19
C 315 23
C 316 15
C 317 15
C 318 8
C 319 5
C 320 3
C 321 6
C 322 22
C 323 24
C 324 23
C 325 22
C 326 4
C 327 24
C 328 20
C 329 20
C 330 19
C 331 4
C 332 25
C 333 5
C 334 8
C 335 0
C 336 23
C 337 6
C 338 18
C 339 3
C 340 22
C 341 24
C 342 20
C 343 21
C 344 14
C 345 24
C 346 24
C 347 6
C 348 6
C 349 19
C 350 0
I 3 1 5 (1,5,4) (-1,0,-1,0)|(-1,0,1,0)
I 0 2 19 (4,1,2) (0,0,1,0)|(-1,0,0,0)
I 3 2 4 (2,2,1) (-1,1,-1,0)
