D (9,10,-1) (3,1,4)
D (11,12,-1) (0,0,0)
D (11,12,-1) (3,1,3)
D (7,-1,-1) (3,5,4)
D (7,8,-1) (4,4,5)
D (7,-1,-1) (3,2,4)
D (9,-1,-1) (1,4,5)
D (11,-1,-1) (4,4,0)
D (8,-1,-1) (3,4,5)
D (11,12,-1) (2,5,3)
D (12,-1,-1) (3,5,3)
D (11,12,-1) (1,4,4)
D (11,12,-1) (5,5,3)
D (9,10,11) (0,1,5)
D (9,10,-1) (0,4,5)
D (8,9,10) (4,3,4)
D (11,-1,-1) (0,3,5)
D (11,12,-1) (1,2,1)
D (8,9,-1) (3,5,5)
D (9,10,11) (0,4,4)
D (8,9,10) (1,5,5)
D (7,8,-1) (1,1,4)
D (7,8,9) (2,2,1)
D (12,-1,-1) (1,4,2)
D (7,8,-1) (1,1,0)
D (9,-1,-1) (4,2,1)
D (10,-1,-1) (0,5,5)
D (12,-1,-1) (1,3,1)
D (8,9,10) (4,4,3)
D (10,11,12) (2,5,0)
D (9,-1,-1) (1,0,5)
D (7,8,-1) (5,4,2)
D (9,-1,-1) (2,4,1)
D (11,12,-1) (3,1,2)
D (11,12,-1) (4,3,0)
D (8,9,10) (0,4,3)
D (10,11,-1) (3,5,0)
D (9,10,-1) (3,0,3)
D (10,-1,-1) (5,4,1)
D (12,-1,-1) (0,2,2)
D (10,-1,-1) (5,1,2)
D (8,9,10) (1,3,4)
D (8,9,10) (4,2,5)
D (8,-1,-1) (4,1,3)
D (7,8,9) (5,4,4)
D (10,11,12) (2,4,3)
D (12,-1,-1) (3,0,5)
D (7,8,-1) (5,3,2)
D (10,11,12) (4,2,0)
D (10,-1,-1) (0,1,1)
D (10,-1,-1) (5,5,1)
D (12,-1,-1) (4,1,5)
D (7,8,9) (1,0,4)
D (10,-1,-1) (5,3,5)
D (7,8,-1) (0,0,5)
C 0 3
C 1 5
C 2 6
C 3 8
C 4 21
C 5 1
C 6 18
C 7 18
C 8 9
C 9 22
C 10 9
C 11 1
C 12 10
C 13 12
C 14 4
C 15 23
C 16 25
C 17 2
C 18 10
C 19 12
C 20 26
C 21 16
C 22 23
C 23 5
C 24 3
C 25 9
C 26 7
C 27 26
C 28 4
C 29 14
C 30 21
C 31 15
C 32 12
C 33 3
C 34 26
C 35 26
C 36 12
C 37 22
C 38 14
C 39 12
C 40 9
C 41 21
C 42 24
C 43 11
C 44 14
C 45 10
C 46 8
C 47 19
C 48 23
C 49 14
C 50 14
C 51 14
C 52 2
C 53 9
C 54 0
C 55 1
C 56 22
C 57 6
C 58 23
C 59 2
C 60 25
C 61 14
C 62 16
C 63 4
C 64 14
C 65 1
C 66 20
C 67 25
C 68 11
C 69 2
C 70 21
C 71 6
C 72 7
C 73 16
C 74 16
C 75 2
C 76 11
C 77 8
C 78 11
C 79 5
C 80 18
C 81 6
C 82 1
C 83 14
C 84 9
C 85 17
C 86 12
C 87 7
C 88 8
C 89 10
C 90 11
C 91 11
C 92 15
C 93 0
C 94 3
C 95 10
C 96 4
C 97 26
C 98 16
C 99 3
C 100 6
C 101 17
C 102 2
C 103 24
C 104 15
C 105 21
C 106 7
C 107 2
C 108 7
C 109 14
C 110 17
C 111 3
C 112 1
C 113 14
C 114 9
C 115 14
C 116 8
C 117 1
C 118 1
C 119 3
C 120 0
C 121 16
C 122 7
C 123 12
C 124 6
C 125 25
C 126 5
C 127 17
C 128 6
C 129 24
C 130 16
C 131 17
C 132 15
C 133 19
C 134 14
C 135 23
C 136 17
C 137 14
C 138 20
C 139 14
C 140 15
C 141 6
C 142 5
C 143 0
C 144 5
C 145 3
C 146 9
C 147 25
C 148 0
C 149 26
C 150 4
C 151 7
C 152 12
C 153 11
C 154 5
C 155 18
C 156 3
C 157 10
C 158 23
C 159 9
C 160 7
C 161 11
C 162 1
C 163 24
C 164 21
C 165 5
C 166 20
C 167 26
C 168 4
C 169 17
C 170 15
C 171 21
C 172 14
C 173 5
C 174 8
C 175 0
C 176 4
C 177 26
C 178 25
C 179 6
C 180 1
C 181 24
C 182 3
C 183 4
C 184 20
C 185 8
C 186 14
C 187 15
C 188 17
C 189 1
C 190 20
C 191 12
C 192 9
C 193 15
C 194 24
C 195 5
C 196 3
C 197 5
C 198 6
C 199 23
C 200 10
C 201 14
C 202 6
C 203 16
C 204 19
C 205 15
C 206 6
C 207 14
C 208 7
C 209 0
C 210 24
C 211 19
C 212 17
C 213 8
C 214 11
C 215 6
C 216 4
C 217 20
C 218 18
C 219 21
C 220 9
C 221 12
C 222 0
C 223 18
C 224 1
C 225 5
C 226 1
C 227 2
C 228 11
C 229 15
C 230 7
C 231 24
C 232 26
C 233 15
C 234 16
C 235 25
C 236 21
C 237 7
C 238 15
C 239 9
C 240 8
C 241 22
C 242 21
C 243 22
C 244 17
C 245 20
C 246 14
C 247 14
C 248 0
C 249 6
C 250 24
C 251 21
C 252 16
C 253 0
C 254 22
C 255 7
C 256 0
C 257 17
C 258 8
C 259 12
C 260 6
C 261 19
C 262 5
C 263 14
C 264 20
C 265 24
C 266 21
C 267 21
C 268 16
C 269 6
C 270 2
C 271 18
C 272 26
C 273 2
C 274 1
C 275 2
C 276 8
C 277 22
C 278 15
C 279 17
C 280 23
C 281 10
C 282 4
C 283 26
C 284 14
C 285 20
C 286 1
C 287 20
C 288 3
C 289 19
C 290 16
C 291 12
C 292 18
C 293 18
C 294 20
C 295 26
C 296 24
C 297 23
C 298 22
C 299 21
C 300 1
C 301 12
C 302 26
C 303 9
C 304 1
C 305 14
C 306 8
C 307 20
C 308 24
C 309 25
C 310 12
C 311 11
C 312 4
C 313 8
C 314 7
C 315 22
C 316 10
C 317 4
C 318 5
C 319 23
C 320 22
C 321 26
C 322 11
C 323 23
C 324 6
C 325 16
C 326 0
C 327 0
C 328 9
C 329 9
C 330 4
C 331 18
C 332 2
C 333 4
C 334 2
C 335 9
C 336 8
C 337 5
C 338 25
C 339 23
C 340 3
C 341 5
C 342 7
C 343 0
C 344 17
C 345 9
C 346 19
C 347 2
C 348 9
C 349 25
C 350 19
I 3 1 13 (3,1,0) (0,-1,0,0)|(-1,0,-1,0)|(0,-1,-1,0)
I 1 1 17 (5,2,2) (0,1,1,0)|(-1,1,0,0)|(-1,-1,-1,0)|(0,-1,-1,0)|(-1,-1,-1,0)
I 3 2 9 (4,0,5) (1,1,0,0)|(0,0,-1,0)|(-1,1,1,0)|(0,0,-1,0)|(1,1,-1,0)
