D (11,12,-1) (5,0,1)
D (11,12,-1) (1,3,2)
D (9,10,11) (3,0,3)
D (8,9,-1) (4,2,5)
D (11,12,-1) (4,0,5)
D (8,9,10) (4,4,0)
D (11,12,-1) (5,1,4)
D (12,-1,-1) (3,0,1)
D (7,8,9) (4,2,1)
D (10,11,12) (2,0,3)
D (10,11,-1) (0,0,3)
D (12,-1,-1) (4,2,3)
D (7,-1,-1) (4,0,1)
D (8,9,10) (4,1,0)
D (11,12,-1) (5,2,3)
D (12,-1,-1) (1,1,4)
D (9,10,-1) (0,4,3)
D (9,10,-1) (3,4,5)
D (10,11,12) (3,3,5)
D (9,10,-1) (3,1,3)
D (7,8,9) (2,4,3)
D (8,-1,-1) (1,1,5)
D (10,-1,-1) (1,2,4)
D (12,-1,-1) (0,5,5)
D (12,-1,-1) (3,0,4)
D (12,-1,-1) (2,5,3)
D (12,-1,-1) (2,1,0)
D (9,-1,-1) (1,2,2)
D (11,12,-1) (4,5,4)
D (7,8,-1) (3,5,3)
D (8,9,-1) (5,3,0)
D (7,-1,-1) (0,4,1)
D (11,12,-1) (5,5,5)
D (7,8,9) (4,4,1)
D (12,-1,-1) (3,1,1)
D (12,-1,-1) (0,5,1)
D (11,12,-1) (3,4,1)
D (8,9,10) (5,3,2)
D (8,-1,-1) (4,1,5)
D (10,11,-1) (0,3,3)
D (8,9,-1) (0,3,2)
D (9,-1,-1) (4,5,1)
D (7,8,-1) (4,0,3)
D (12,-1,-1) (4,2,2)
D (12,-1,-1) (0,2,3)
D (7,-1,-1) (5,1,3)
D (10,11,12) (0,1,1)
D (7,8,-1) (2,1,4)
D (12,-1,-1) (1,5,3)
D (8,9,-1) (3,4,2)
C 0 14
C 1 15
C 2 5
C 3 8
C 4 22
C 5 18
C 6 15
C 7 11
C 8 1
C 9 7
C 10 2
C 11 26
C 12 9
C 13 14
C 14 15
C 15 8
C 16 18
C 17 6
C 18 25
C 19 9
C 20 12
C 21 1
C 22 25
C 23 8
C 24 14
C 25 23
C 26 17
C 27 19
C 28 15
C 29 18
C 30 21
C 31 0
C 32 0
C 33 0
C 34 0
C 35 0
C 36 0
C 37 18
C 38 9
C 39 19
C 40 7
C 41 26
C 42 25
C 43 7
C 44 6
C 45 15
C 46 12
C 47 0
C 48 9
C 49 16
C 50 9
C 51 19
C 52 21
C 53 17
C 54 19
C 55 8
C 56 2
C 57 20
C 58 24
C 59 16
C 60 19
C 61 15
C 62 9
C 63 17
C 64 25
C 65 1
C 66 25
C 67 14
C 68 25
C 69 11
C 70 15
C 71 17
C 72 8
C 73 26
C 74 5
C 75 16
C 76 2
C 77 18
C 78 20
C 79 25
C 80 3
C 81 10
C 82 24
C 83 17
C 84 0
C 85 20
C 86 18
C 87 14
C 88 2
C 89 15
C 90 4
C 91 10
C 92 8
C 93 14
C 94 19
C 95 2
C 96 6
C 97 23
C 98 0
C 99 19
C 100 17
C 101 15
C 102 5
C 103 20
C 104 19
C 105 3
C 106 9
C 107 19
C 108 17
C 109 18
C 110 17
C 111 0
C 112 26
C 113 7
C 114 4
C 115 19
C 116 6
C 117 25
C 118 24
C 119 17
C 120 17
C 121 19
C 122 14
C 123 9
C 124 16
C 125 5
C 126 6
C 127 19
C 128 15
C 129 1
C 130 1
C 131 21
C 132 3
C 133 15
C 134 0
C 135 1
C 136 8
C 137 2
C 138 6
C 139 21
C 140 12
C 141 17
C 142 26
C 143 20
C 144 24
C 145 3
C 146 4
C 147 0
C 148 0
C 149 0
C 150 0
C 151 0
C 152 0
C 153 0
C 154 0
C 155 0
C 156 0
C 157 0
C 158 0
C 159 0
C 160 0
C 161 0
C 162 0
C 163 0
C 164 0
C 165 0
C 166 0
C 167 0
C 168 0
C 169 0
C 170 0
C 171 0
C 172 0
C 173 0
C 174 0
C 175 0
C 176 0
C 177 0
C 178 0
C 179 0
C 180 0
C 181 0
C 182 0
C 183 0
C 184 0
C 185 0
C 186 0
C 187 0
C 188 0
C 189 0
C 190 0
C 191 0
C 192 0
C 193 0
C 194 0
C 195 0
C 196 0
C 197 0
C 198 0
C 199 0
C 200 0
C 201 0
C 202 0
C 203 0
C 204 0
C 205 0
C 206 0
C 207 0
C 208 0
C 209 0
C 210 0
C 211 0
C 212 0
C 213 22
C 214 21
C 215 18
C 216 14
C 217 4
C 218 4
C 219 12
C 220 11
C 221 18
C 222 16
C 223 0
C 224 1
C 225 25
C 226 24
C 227 15
C 228 7
C 229 7
C 230 8
C 231 17
C 232 1
C 233 16
C 234 16
C 235 0
C 236 18
C 237 5
C 238 17
C 239 3
C 240 3
C 241 15
C 242 14
C 243 6
C 244 8
C 245 17
C 246 26
C 247 21
C 248 16
C 249 6
C 250 1
C 251 18
C 252 5
C 253 21
C 254 17
C 255 22
C 256 7
C 257 19
C 258 11
C 259 9
C 260 5
C 261 6
C 262 21
C 263 22
C 264 6
C 265 26
C 266 1
C 267 6
C 268 22
C 269 23
C 270 4
C 271 5
C 272 16
C 273 7
C 274 17
C 275 6
C 276 25
C 277 12
C 278 9
C 279 11
C 280 1
C 281 24
C 282 17
C 283 8
C 284 19
C 285 18
C 286 9
C 287 18
C 288 12
C 289 16
C 290 0
C 291 14
C 292 23
C 293 24
C 294 19
C 295 0
C 296 21
C 297 21
C 298 8
C 299 24
C 300 15
C 301 14
C 302 2
C 303 25
C 304 21
C 305 11
C 306 14
C 307 3
C 308 26
C 309 19
C 310 14
C 311 23
C 312 25
C 313 17
C 314 9
C 315 20
C 316 21
C 317 23
C 318 24
C 319 26
C 320 10
C 321 26
C 322 17
C 323 22
C 324 21
C 325 14
C 326 6
C 327 11
C 328 22
C 329 22
C 330 0
C 331 23
C 332 8
C 333 25
C 334 1
C 335 14
C 336 20
C 337 15
C 338 7
C 339 20
C 340 19
C 341 10
C 342 9
C 343 14
C 344 16
C 345 26
C 346 25
C 347 7
C 348 19
C 349 2
C 350 24
I 3 3 10 (4,3,2) (1,1,0,0)|(-1,0,1,0)|(0,-1,1,0)
I 2 1 9 (5,4,2) (1,0,-1,0)
I 0 1 10 (1,3,4) (1,0,0,0)|(-1,0,0,0)
