D (11,12,-1) (1,1,2)
D (12,-1,-1) (3,5,3)
D (12,-1,-1) (2,2,3)
D (10,11,12) (5,0,4)
D (12,-1,-1) (0,2,0)
D (11,12,-1) (0,0,5)
D (10,11,12) (2,1,3)
D (8,-1,-1) (2,3,5)
D (9,-1,-1) (4,5,4)
D (10,11,12) (1,1,3)
D (11,12,-1) (4,1,4)
D (9,-1,-1) (1,0,3)
D (7,8,9) (3,0,0)
D (7,8,9) (3,3,1)
D (9,-1,-1) (3,1,4)
D (10,11,12) (2,2,1)
D (9,10,11) (1,4,2)
D (9,10,11) (0,5,5)
D (7,8,-1) (2,3,0)
D (8,-1,-1) (3,4,2)
D (12,-1,-1) (1,4,4)
D (9,10,-1) (3,1,2)
D (11,-1,-1) (0,4,2)
D (9,-1,-1) (1,4,3)
D (11,12,-1) (2,4,5)
D (9,-1,-1) (3,0,5)
D (10,-1,-1) (0,0,4)
D (9,10,-1) (1,5,1)
D (9,10,-1) (0,5,0)
D (7,8,-1) (3,1,1)
D (11,12,-1) (3,3,3)
D (7,8,-1) (4,5,2)
D (8,-1,-1) (4,0,0)
D (9,-1,-1) (0,3,0)
D (12,-1,-1) (5,5,0)
D (12,-1,-1) (2,2,4)
D (9,10,-1) (0,1,5)
D (10,-1,-1) (1,2,2)
D (8,9,-1) (0,5,1)
D (12,-1,-1) (5,4,4)
D (8,9,-1) (2,0,1)
D (8,9,10) (0,4,3)
D (12,-1,-1) (4,3,3)
D (7,8,-1) (3,0,2)
D (9,10,-1) (4,2,4)
D (7,8,9) (4,2,5)
D (12,-1,-1) (0,5,2)
D (8,9,-1) (3,2,4)
D (9,-1,-1) (1,3,1)
D (8,9,-1) (1,1,4)
D (7,-1,-1) (2,1,5)
D (12,-1,-1) (5,2,2)
C 0 18
C 1 24
C 2 23
C 3 9
C 4 26
C 5 10
C 6 0
C 7 26
C 8 3
C 9 6
C 10 14
C 11 14
C 12 26
C 13 8
C 14 24
C 15 20
C 16 4
C 17 14
C 18 24
C 19 12
C 20 16
C 21 3
C 22 4
C 23 2
C 24 20
C 25 16
C 26 11
C 27 20
C 28 19
C 29 14
C 30 20
C 31 14
C 32 23
C 33 0
C 34 12
C 35 25
C 36 21
C 37 18
C 38 19
C 39 12
C 40 8
C 41 18
C 42 19
C 43 9
C 44 1
C 45 1
C 46 15
C 47 23
C 48 19
C 49 9
C 50 8
C 51 5
C 52 12
C 53 12
C 54 24
C 55 7
C 56 12
C 57 23
C 58 20
C 59 14
C 60 6
C 61 17
C 62 23
C 63 18
C 64 3
C 65 2
C 66 21
C 67 25
C 68 8
C 69 1
C 70 14
C 71 0
C 72 17
C 73 2
C 74 20
C 75 11
C 76 18
C 77 6
C 78 18
C 79 26
C 80 16
C 81 15
C 82 5
C 83 25
C 84 0
C 85 5
C 86 17
C 87 1
C 88 16
C 89 18
C 90 26
C 91 10
C 92 20
C 93 10
C 94 25
C 95 2
C 96 0
C 97 16
C 98 15
C 99 1
C 100 2
C 101 3
C 102 23
C 103 0
C 104 0
C 105 0
C 106 0
C 107 0
C 108 0
C 109 0
C 110 0
C 111 0
C 112 0
C 113 0
C 114 0
C 115 0
C 116 0
C 117 0
C 118 0
C 119 26
C 120 0
C 121 0
C 122 0
C 123 0
C 124 0
C 125 0
C 126 0
C 127 0
C 128 0
C 129 0
C 130 0
C 131 0
C 132 0
C 133 0
C 134 0
C 135 0
C 136 0
C 137 0
C 138 0
C 139 8
C 140 12
C 141 19
C 142 8
C 143 15
C 144 4
C 145 14
C 146 2
C 147 12
C 148 24
C 149 2
C 150 24
C 151 3
C 152 9
C 153 24
C 154 4
C 155 16
C 156 17
C 157 21
C 158 5
C 159 18
C 160 10
C 161 12
C 162 1
C 163 12
C 164 1
C 165 25
C 166 19
C 167 26
C 168 1
C 169 16
C 170 15
C 171 1
C 172 12
C 173 1
C 174 6
C 175 16
C 176 8
C 177 23
C 178 12
C 179 21
C 180 7
C 181 0
C 182 21
C 183 6
C 184 24
C 185 1
C 186 1
C 187 19
C 188 0
C 189 25
C 190 0
C 191 17
C 192 24
C 193 16
C 194 7
C 195 7
C 196 7
C 197 23
C 198 7
C 199 15
C 200 7
C 201 17
C 202 24
C 203 12
C 204 6
C 205 7
C 206 15
C 207 14
C 208 22
C 209 6
C 210 7
C 211 17
C 212 26
C 213 9
C 214 14
C 215 14
C 216 22
C 217 6
C 218 21
C 219 16
C 220 17
C 221 3
C 222 15
C 223 4
C 224 4
C 225 7
C 226 8
C 227 10
C 228 23
C 229 26
C 230 21
C 231 12
C 232 26
C 233 0
C 234 9
C 235 20
C 236 1
C 237 6
C 238 7
C 239 16
C 240 15
C 241 19
C 242 22
C 243 3
C 244 9
C 245 8
C 246 16
C 247 26
C 248 11
C 249 16
C 250 25
C 251 8
C 252 15
C 253 15
C 254 16
C 255 8
C 256 7
C 257 17
C 258 25
C 259 10
C 260 10
C 261 10
C 262 9
C 263 2
C 264 25
C 265 22
C 266 3
C 267 6
C 268 25
C 269 14
C 270 6
C 271 14
C 272 9
C 273 2
C 274 2
C 275 2
C 276 11
C 277 21
C 278 17
C 279 21
C 280 0
C 281 17
C 282 6
C 283 26
C 284 23
C 285 1
C 286 2
C 287 0
C 288 9
C 289 18
C 290 12
C 291 18
C 292 15
C 293 16
C 294 18
C 295 23
C 296 7
C 297 0
C 298 19
C 299 11
C 300 22
C 301 18
C 302 22
C 303 23
C 304 0
C 305 23
C 306 21
C 307 8
C 308 23
C 309 1
C 310 23
C 311 20
C 312 23
C 313 23
C 314 3
C 315 6
C 316 11
C 317 2
C 318 25
C 319 20
C 320 4
C 321 0
C 322 1
C 323 22
C 324 16
C 325 2
C 326 19
C 327 19
C 328 19
C 329 21
C 330 7
C 331 17
C 332 10
C 333 18
C 334 25
C 335 0
C 336 16
C 337 11
C 338 23
C 339 7
C 340 5
C 341 8
C 342 3
C 343 4
C 344 17
C 345 17
C 346 3
C 347 14
C 348 26
C 349 15
C 350 16
I 2 1 5 (4,1,1) (0,1,0,0)|(-1,-1,0,0)|(1,-1,-1,0)
I 0 1 15 (2,1,0) (-1,1,-1,0)
