D (11,12,-1) (4,4,3)
D (11,12,-1) (5,3,4)
D (9,10,-1) (4,2,1)
D (11,12,-1) (2,3,0)
D (7,8,-1) (5,5,0)
D (7,8,9) (3,0,0)
D (12,-1,-1) (5,1,4)
D (10,11,12) (2,0,4)
D (8,-1,-1) (1,0,1)
D (9,-1,-1) (2,3,3)
D (8,9,10) (3,3,2)
D (8,-1,-1) (3,2,1)
D (8,9,10) (1,4,3)
D (7,8,-1) (1,0,3)
D (8,-1,-1) (1,0,5)
D (7,8,-1) (3,2,2)
D (10,-1,-1) (2,5,1)
D (12,-1,-1) (1,4,4)
D (9,10,11) (0,0,5)
D (10,-1,-1) (1,3,2)
D (11,12,-1) (4,2,2)
D (8,-1,-1) (2,5,0)
D (12,-1,-1) (5,3,0)
D (7,8,9) (0,5,4)
D (12,-1,-1) (3,0,3)
D (12,-1,-1) (5,4,4)
D (8,9,-1) (0,0,1)
D (9,10,11) (1,3,5)
D (8,9,-1) (4,5,0)
D (7,-1,-1) (3,4,3)
D (11,12,-1) (0,3,0)
D (12,-1,-1) (1,0,2)
D (10,11,12) (4,2,3)
D (7,8,-1) (3,1,5)
D (8,9,10) (2,0,0)
D (8,-1,-1) (3,3,4)
D (12,-1,-1) (5,4,1)
D (11,12,-1) (3,5,0)
D (10,11,12) (2,2,2)
D (12,-1,-1) (1,3,3)
D (11,12,-1) (2,5,4)
D (10,-1,-1) (0,3,4)
D (9,-1,-1) (1,5,1)
D (7,8,9) (3,2,4)
C 0 2
C 1 3
C 2 25
C 3 25
C 4 2
C 5 3
C 6 4
C 7 10
C 8 12
C 9 22
C 10 2
C 11 3
C 12 0
C 13 2
C 14 11
C 15 11
C 16 5
C 17 0
C 18 20
C 19 0
C 20 24
C 21 8
C 22 17
C 23 20
C 24 25
C 25 14
C 26 14
C 27 12
C 28 18
C 29 10
C 30 19
C 31 15
C 32 14
C 33 6
C 34 9
C 35 21
C 36 4
C 37 1
C 38 22
C 39 7
C 40 10
C 41 17
C 42 7
C 43 26
C 44 15
C 45 0
C 46 5
C 47 11
C 48 14
C 49 14
C 50 7
C 51 12
C 52 4
C 53 23
C 54 4
C 55 15
C 56 0
C 57 18
C 58 15
C 59 23
C 60 6
C 61 17
C 62 17
C 63 14
C 64 22
C 65 24
C 66 7
C 67 12
C 68 12
C 69 0
C 70 0
C 71 8
C 72 25
C 73 22
C 74 4
C 75 10
C 76 4
C 77 7
C 78 26
C 79 17
C 80 21
C 81 6
C 82 22
C 83 19
C 84 22
C 85 17
C 86 26
C 87 4
C 88 24
C 89 26
C 90 0
C 91 0
C 92 0
C 93 20
C 94 11
C 95 11
C 96 24
C 97 24
C 98 3
C 99 3
C 100 4
C 101 11
C 102 5
C 103 12
C 104 3
C 105 15
C 106 24
C 107 4
C 108 1
C 109 25
C 110 16
C 111 22
C 112 2
C 113 0
C 114 0
C 115 0
C 116 10
C 117 26
C 118 23
C 119 17
C 120 10
C 121 22
C 122 23
C 123 10
C 124 24
C 125 26
C 126 12
C 127 9
C 128 20
C 129 5
C 130 14
C 131 6
C 132 26
C 133 26
C 134 17
C 135 1
C 136 26
C 137 12
C 138 4
C 139 2
C 140 7
C 141 23
C 142 17
C 143 22
C 144 15
C 145 11
C 146 6
C 147 14
C 148 26
C 149 22
C 150 24
C 151 3
C 152 4
C 153 4
C 154 3
C 155 20
C 156 21
C 157 24
C 158 16
C 159 16
C 160 9
C 161 10
C 162 21
C 163 5
C 164 0
C 165 10
C 166 11
C 167 2
C 168 20
C 169 1
C 170 11
C 171 22
C 172 14
C 173 1
C 174 25
C 175 18
C 176 1
C 177 17
C 178 19
C 179 11
C 180 1
C 181 17
C 182 20
C 183 10
C 184 5
C 185 16
C 186 22
C 187 7
C 188 21
C 189 1
C 190 3
C 191 5
C 192 20
C 193 8
C 194 15
C 195 20
C 196 6
C 197 24
C 198 4
C 199 22
C 200 7
C 201 1
C 202 17
C 203 4
C 204 8
C 205 25
C 206 25
C 207 4
C 208 20
C 209 11
C 210 25
C 211 4
C 212 8
C 213 7
C 214 17
C 215 18
C 216 20
C 217 20
C 218 14
C 219 25
C 220 11
C 221 0
C 222 1
C 223 19
C 224 1
C 225 6
C 226 6
C 227 8
C 228 25
C 229 16
C 230 23
C 231 3
C 232 1
C 233 20
C 234 25
C 235 21
C 236 10
C 237 6
C 238 12
C 239 23
C 240 19
C 241 17
C 242 5
C 243 18
C 244 3
C 245 21
C 246 7
C 247 9
C 248 11
C 249 17
C 250 8
C 251 15
C 252 12
C 253 3
C 254 6
C 255 16
C 256 21
C 257 21
C 258 15
C 259 1
C 260 24
C 261 24
C 262 4
C 263 16
C 264 23
C 265 9
C 266 3
C 267 17
C 268 17
C 269 23
C 270 6
C 271 4
C 272 2
C 273 22
C 274 4
C 275 11
C 276 22
C 277 1
C 278 20
C 279 3
C 280 7
C 281 8
C 282 4
C 283 22
C 284 23
C 285 0
C 286 11
C 287 10
C 288 21
C 289 26
C 290 6
C 291 18
C 292 14
C 293 2
C 294 25
C 295 2
C 296 18
C 297 8
C 298 24
C 299 2
C 300 3
C 301 9
C 302 20
C 303 15
C 304 4
C 305 6
C 306 11
C 307 9
C 308 17
C 309 4
C 310 4
C 311 23
C 312 5
C 313 10
C 314 4
C 315 9
C 316 3
C 317 2
C 318 26
C 319 23
C 320 24
C 321 3
C 322 21
C 323 21
C 324 19
C 325 20
C 326 0
C 327 2
C 328 1
C 329 15
C 330 9
C 331 26
C 332 26
C 333 6
C 334 19
C 335 21
C 336 2
C 337 19
C 338 21
C 339 10
C 340 8
C 341 0
C 342 9
C 343 22
C 344 8
C 345 20
C 346 24
C 347 8
C 348 20
C 349 15
C 350 5
I 0 2 7 (3,2,1) (0,1,-1,0)|(1,1,0,0)
I 1 1 6 (2,2,5) (1,0,-1,0)
I 0 1 5 (2,1,0) (0,0,1,0)|(0,0,-1,0)
