D (10,11,12) (3,2,2)
D (11,-1,-1) (2,1,0)
D (12,-1,-1) (5,5,0)
D (9,10,11) (4,1,2)
D (9,-1,-1) (3,1,0)
D (7,8,-1) (2,2,4)
D (7,8,9) (4,2,1)
D (12,-1,-1) (3,0,0)
D (12,-1,-1) (1,2,0)
D (8,9,10) (5,1,0)
D (7,8,-1) (0,3,5)
D (8,9,10) (5,4,0)
D (7,-1,-1) (1,2,2)
D (9,-1,-1) (1,1,1)
D (7,8,-1) (0,5,4)
D (11,12,-1) (5,1,1)
D (7,8,9) (4,3,4)
D (10,-1,-1) (5,3,2)
D (7,-1,-1) (4,4,0)
D (9,10,-1) (5,2,0)
D (8,9,-1) (1,5,3)
D (7,8,-1) (1,3,1)
D (10,11,12) (5,2,1)
D (8,-1,-1) (5,5,3)
D (11,12,-1) (4,2,5)
D (11,-1,-1) (5,2,2)
D (11,12,-1) (4,3,2)
D (8,-1,-1) (2,3,5)
D (8,-1,-1) (0,3,3)
D (7,-1,-1) (0,5,0)
D (10,11,12) (3,4,5)
D (10,11,-1) (5,4,1)
D (9,-1,-1) (3,5,0)
D (7,8,-1) (4,4,1)
D (12,-1,-1) (3,2,1)
D (8,9,-1) (3,1,5)
D (8,9,-1) (0,2,3)
D (11,-1,-1) (4,2,0)
D (12,-1,-1) (4,3,1)
D (7,-1,-1) (2,3,2)
D (11,12,-1) (5,2,5)
D (7,8,9) (4,5,0)
D (9,10,11) (1,5,0)
D (10,11,-1) (5,4,5)
C 0 23
C 1 11
C 2 20
C 3 2
C 4 5
C 5 6
C 6 4
C 7 1
C 8 16
C 9 19
C 10 11
C 11 18
C 12 3
C 13 7
C 14 9
C 15 18
C 16 12
C 17 23
C 18 25
C 19 21
C 20 21
C 21 10
C 22 21
C 23 6
C 24 1
C 25 6
C 26 11
C 27 16
C 28 17
C 29 20
C 30 12
C 31 21
C 32 12
C 33 10
C 34 11
C 35 21
C 36 24
C 37 8
C 38 14
C 39 4
C 40 26
C 41 24
C 42 19
C 43 1
C 44 14
C 45 15
C 46 8
C 47 16
C 48 16
C 49 1
C 50 2
C 51 15
C 52 10
C 53 17
C 54 17
C 55 25
C 56 16
C 57 14
C 58 11
C 59 4
C 60 17
C 61 6
C 62 3
C 63 7
C 64 17
C 65 25
C 66 25
C 67 14
C 68 25
C 69 20
C 70 6
C 71 20
C 72 18
C 73 18
C 74 21
C 75 24
C 76 4
C 77 9
C 78 3
C 79 17
C 80 9
C 81 4
C 82 6
C 83 22
C 84 7
C 85 3
C 86 2
C 87 21
C 88 24
C 89 22
C 90 19
C 91 14
C 92 16
C 93 19
C 94 12
C 95 2
C 96 26
C 97 18
C 98 26
C 99 24
C 100 24
C 101 0
C 102 20
C 103 14
C 104 3
C 105 14
C 106 26
C 107 24
C 108 12
C 109 14
C 110 25
C 111 14
C 112 26
C 113 11
C 114 7
C 115 19
C 116 3
C 117 4
C 118 16
C 119 0
C 120 0
C 121 0
C 122 0
C 123 0
C 124 0
C 125 0
C 126 0
C 127 0
C 128 0
C 129 0
C 130 0
C 131 0
C 132 0
C 133 0
C 134 0
C 135 0
C 136 0
C 137 0
C 138 0
C 139 0
C 140 0
C 141 0
C 142 0
C 143 0
C 144 0
C 145 0
C 146 0
C 147 0
C 148 0
C 149 0
C 150 0
C 151 0
C 152 0
C 153 0
C 154 0
C 155 0
C 156 4
C 157 23
C 158 20
C 159 1
C 160 10
C 161 25
C 162 9
C 163 20
C 164 15
C 165 21
C 166 4
C 167 7
C 168 21
C 169 20
C 170 5
C 171 5
C 172 22
C 173 16
C 174 24
C 175 16
C 176 23
C 177 20
C 178 4
C 179 2
C 180 8
C 181 19
C 182 24
C 183 7
C 184 11
C 185 14
C 186 1
C 187 22
C 188 25
C 189 12
C 190 7
C 191 18
C 192 16
C 193 20
C 194 7
C 195 15
C 196 7
C 197 2
C 198 7
C 199 14
C 200 24
C 201 18
C 202 21
C 203 3
C 204 9
C 205 14
C 206 20
C 207 12
C 208 14
C 209 23
C 210 14
C 211 2
C 212 21
C 213 15
C 214 9
C 215 8
C 216 9
C 217 5
C 218 23
C 219 18
C 220 18
C 221 17
C 222 21
C 223 21
C 224 0
C 225 21
C 226 26
C 227 15
C 228 9
C 229 12
C 230 26
C 231 20
C 232 12
C 233 18
C 234 15
C 235 19
C 236 18
C 237 23
C 238 8
C 239 10
C 240 4
C 241 18
C 242 5
C 243 24
C 244 14
C 245 19
C 246 20
C 247 0
C 248 16
C 249 7
C 250 3
C 251 8
C 252 0
C 253 0
C 254 0
C 255 0
C 256 0
C 257 0
C 258 0
C 259 0
C 260 0
C 261 0
C 262 0
C 263 0
C 264 0
C 265 0
C 266 0
C 267 0
C 268 0
C 269 0
C 270 0
C 271 0
C 272 0
C 273 0
C 274 0
C 275 0
C 276 0
C 277 0
C 278 0
C 279 0
C 280 0
C 281 0
C 282 0
C 283 0
C 284 0
C 285 0
C 286 0
C 287 0
C 288 0
C 289 0
C 290 0
C 291 0
C 292 0
C 293 0
C 294 0
C 295 0
C 296 0
C 297 0
C 298 0
C 299 0
C 300 0
C 301 0
C 302 0
C 303 0
C 304 0
C 305 0
C 306 0
C 307 0
C 308 0
C 309 0
C 310 0
C 311 0
C 312 0
C 313 0
C 314 0
C 315 0
C 316 0
C 317 9
C 318 19
C 319 4
C 320 16
C 321 26
C 322 23
C 323 15
C 324 11
C 325 0
C 326 21
C 327 7
C 328 17
C 329 1
C 330 22
C 331 26
C 332 17
C 333 23
C 334 15
C 335 6
C 336 5
C 337 24
C 338 15
C 339 8
C 340 6
C 341 2
C 342 8
C 343 11
C 344 14
C 345 5
C 346 17
C 347 21
C 348 1
C 349 15
C 350 20
I 0 3 8 (2,5,4) (1,-1,0,0)|(1,1,1,0)
I 5 2 7 (2,3,0) (0,0,0,0)
I 2 3 4 (0,1,3) (-1,0,1,0)|(-1,0,0,0)
