D (8,9,10) (1,1,5)
D (10,11,-1) (4,5,3)
D (12,-1,-1) (0,5,1)
D (8,9,10) (2,3,2)
D (7,-1,-1) (3,4,5)
D (7,-1,-1) (4,1,0)
D (12,-1,-1) (2,2,0)
D (8,9,-1) (1,2,3)
D (12,-1,-1) (1,3,4)
D (7,8,9) (5,2,3)
D (7,8,9) (3,3,1)
D (8,-1,-1) (2,1,0)
D (12,-1,-1) (1,0,0)
D (9,10,11) (1,2,5)
D (7,8,9) (0,2,1)
D (10,11,-1) (0,3,5)
D (12,-1,-1) (4,5,0)
D (7,8,9) (3,4,3)
D (7,8,-1) (5,5,4)
D (10,11,12) (4,2,2)
D (12,-1,-1) (1,3,3)
D (9,-1,-1) (3,0,3)
D (7,8,9) (1,4,4)
D (9,10,11) (2,3,0)
D (12,-1,-1) (1,0,2)
D (8,9,-1) (5,2,4)
D (8,-1,-1) (0,1,1)
D (9,10,11) (1,4,3)
D (9,10,-1) (5,4,5)
D (11,12,-1) (1,1,4)
D (8,9,-1) (2,1,4)
D (11,12,-1) (5,5,5)
D (10,11,12) (5,1,0)
D (9,-1,-1) (0,4,5)
D (11,12,-1) (0,4,2)
D (8,-1,-1) (4,2,4)
D (7,8,9) (3,5,2)
D (8,9,10) (0,3,3)
D (10,11,12) (2,2,4)
D (9,10,11) (5,2,0)
D (10,11,12) (0,3,4)
D (12,-1,-1) (3,5,0)
D (10,-1,-1) (0,0,4)
D (7,8,9) (4,2,0)
D (10,-1,-1) (0,2,0)
D (7,8,-1) (3,2,5)
D (12,-1,-1) (4,3,0)
D (9,10,-1) (2,2,3)
D (11,-1,-1) (0,5,4)
C 0 14
C 1 5
C 2 12
C 3 2
C 4 5
C 5 17
C 6 25
C 7 8
C 8 19
C 9 23
C 10 3
C 11 17
C 12 7
C 13 9
C 14 20
C 15 26
C 16 0
C 17 15
C 18 14
C 19 10
C 20 25
C 21 11
C 22 25
C 23 22
C 24 12
C 25 26
C 26 11
C 27 3
C 28 10
C 29 5
C 30 15
C 31 8
C 32 7
C 33 8
C 34 0
C 35 6
C 36 24
C 37 10
C 38 19
C 39 0
C 40 18
C 41 5
C 42 2
C 43 3
C 44 25
C 45 2
C 46 9
C 47 22
C 48 4
C 49 3
C 50 10
C 51 22
C 52 14
C 53 5
C 54 24
C 55 11
C 56 7
C 57 19
C 58 7
C 59 6
C 60 4
C 61 12
C 62 23
C 63 19
C 64 5
C 65 9
C 66 21
C 67 10
C 68 0
C 69 9
C 70 9
C 71 22
C 72 3
C 73 1
C 74 4
C 75 17
C 76 17
C 77 22
C 78 10
C 79 26
C 80 1
C 81 12
C 82 23
C 83 9
C 84 24
C 85 3
C 86 19
C 87 26
C 88 9
C 89 20
C 90 8
C 91 21
C 92 2
C 93 16
C 94 6
C 95 15
C 96 11
C 97 25
C 98 22
C 99 24
C 100 23
C 101 4
C 102 20
C 103 22
C 104 25
C 105 15
C 106 3
C 107 26
C 108 26
C 109 4
C 110 11
C 111 10
C 112 17
C 113 7
C 114 18
C 115 24
C 116 2
C 117 12
C 118 26
C 119 24
C 120 7
C 121 8
C 122 15
C 123 5
C 124 8
C 125 23
C 126 14
C 127 26
C 128 23
C 129 6
C 130 23
C 131 14
C 132 7
C 133 2
C 134 14
C 135 17
C 136 25
C 137 9
C 138 15
C 139 21
C 140 24
C 141 15
C 142 14
C 143 16
C 144 9
C 145 12
C 146 0
C 147 7
C 148 6
C 149 14
C 150 2
C 151 4
C 152 9
C 153 20
C 154 6
C 155 16
C 156 23
C 157 16
C 158 18
C 159 8
C 160 2
C 161 24
C 162 15
C 163 8
C 164 20
C 165 20
C 166 5
C 167 20
C 168 25
C 169 10
C 170 24
C 171 9
C 172 5
C 173 22
C 174 25
C 175 9
C 176 8
C 177 11
C 178 6
C 179 6
C 180 12
C 181 19
C 182 20
C 183 4
C 184 15
C 185 18
C 186 14
C 187 11
C 188 14
C 189 0
C 190 22
C 191 22
C 192 5
C 193 17
C 194 19
C 195 19
C 196 23
C 197 3
C 198 23
C 199 20
C 200 4
C 201 21
C 202 25
C 203 18
C 204 4
C 205 24
C 206 1
C 207 23
C 208 2
C 209 0
C 210 23
C 211 5
C 212 0
C 213 0
C 214 0
C 215 0
C 216 0
C 217 0
C 218 0
C 219 0
C 220 0
C 221 0
C 222 0
C 223 0
C 224 0
C 225 0
C 226 0
C 227 0
C 228 0
C 229 0
C 230 0
C 231 0
C 232 0
C 233 0
C 234 0
C 235 0
C 236 0
C 237 0
C 238 0
C 239 0
C 240 0
C 241 0
C 242 0
C 243 0
C 244 0
C 245 0
C 246 0
C 247 0
C 248 0
C 249 0
C 250 0
C 251 0
C 252 0
C 253 0
C 254 0
C 255 0
C 256 0
C 257 0
C 258 0
C 259 0
C 260 0
C 261 0
C 262 0
C 263 0
C 264 0
C 265 0
C 266 0
C 267 0
C 268 0
C 269 0
C 270 0
C 271 0
C 272 0
C 273 0
C 274 0
C 275 0
C 276 0
C 277 0
C 278 0
C 279 0
C 280 0
C 281 0
C 282 0
C 283 0
C 284 0
C 285 0
C 286 0
C 287 0
C 288 25
C 289 9
C 290 9
C 291 16
C 292 20
C 293 20
C 294 0
C 295 20
C 296 0
C 297 14
C 298 23
C 299 20
C 300 26
C 301 2
C 302 12
C 303 1
C 304 15
C 305 16
C 306 17
C 307 15
C 308 19
C 309 25
C 310 11
C 311 19
C 312 2
C 313 22
C 314 18
C 315 5
C 316 6
C 317 25
C 318 14
C 319 22
C 320 23
C 321 11
C 322 21
C 323 21
C 324 1
C 325 24
C 326 23
C 327 6
C 328 6
C 329 14
C 330 2
C 331 25
C 332 7
C 333 25
C 334 23
C 335 16
C 336 18
C 337 15
C 338 25
C 339 19
C 340 14
C 341 8
C 342 15
C 343 26
C 344 14
C 345 18
C 346 4
C 347 23
C 348 16
C 349 26
C 350 11
I 1 2 14 (1,4,2) (1,-1,1,0)
I 4 3 9 (2,1,5) (1,0,0,0)
I 2 1 7 (5,2,2) (-1,-1,1,0)|(-1,1,-1,0)|(1,-1,0,0)|(0,-1,0,0)
