D (12,-1,-1) (1,2,1)
D (12,-1,-1) (3,1,4)
D (9,10,-1) (0,0,5)
D (7,-1,-1) (2,0,5)
D (8,9,-1) (4,2,4)
D (7,8,9) (3,4,0)
D (9,-1,-1) (3,1,5)
D (12,-1,-1) (0,4,2)
D (8,9,10) (2,0,0)
D (10,11,12) (4,5,3)
D (9,-1,-1) (1,2,4)
D (10,11,12) (5,5,5)
D (10,-1,-1) (3,5,4)
D (8,9,10) (4,5,4)
D (9,10,-1) (4,1,1)
D (9,10,-1) (5,0,0)
D (10,-1,-1) (5,1,4)
D (9,10,-1) (2,0,4)
D (12,-1,-1) (2,1,3)
D (7,-1,-1) (4,0,3)
D (7,8,9) (0,1,2)
D (7,8,9) (1,3,3)
D (12,-1,-1) (4,2,1)
D (8,9,-1) (1,0,1)
D (10,11,-1) (3,0,2)
D (7,8,-1) (4,0,0)
D (7,8,-1) (2,2,0)
D (7,8,-1) (1,5,4)
D (8,9,-1) (1,0,0)
D (8,-1,-1) (0,1,5)
D (8,9,10) (4,4,3)
D (10,11,12) (0,2,5)
D (12,-1,-1) (4,1,5)
D (7,-1,-1) (5,1,5)
D (12,-1,-1) (5,0,4)
D (9,10,11) (3,5,0)
D (8,-1,-1) (5,4,3)
D (9,10,11) (5,3,5)
D (7,-1,-1) (2,1,4)
D (11,-1,-1) (0,5,0)
D (9,-1,-1) (3,0,0)
D (9,-1,-1) (0,5,1)
D (10,11,12) (2,3,2)
D (11,-1,-1) (4,4,0)
D (12,-1,-1) (4,1,4)
D (7,8,-1) (3,4,1)
D (11,12,-1) (0,3,1)
D (9,10,11) (5,0,2)
D (12,-1,-1) (1,2,2)
D (10,11,-1) (4,1,3)
C 0 15
C 1 10
C 2 21
C 3 15
C 4 21
C 5 21
C 6 4
C 7 9
C 8 26
C 9 25
C 10 2
C 11 0
C 12 2
C 13 20
C 14 9
C 15 6
C 16 14
C 17 3
C 18 23
C 19 8
C 20 9
C 21 2
C 22 9
C 23 16
C 24 1
C 25 26
C 26 22
C 27 11
C 28 0
C 29 4
C 30 8
C 31 3
C 32 22
C 33 23
C 34 12
C 35 21
C 36 7
C 37 23
C 38 24
C 39 2
C 40 23
C 41 24
C 42 6
C 43 15
C 44 9
C 45 10
C 46 16
C 47 8
C 48 15
C 49 10
C 50 11
C 51 17
C 52 14
C 53 7
C 54 18
C 55 7
C 56 23
C 57 11
C 58 24
C 59 23
C 60 15
C 61 22
C 62 24
C 63 1
C 64 11
C 65 6
C 66 3
C 67 21
C 68 2
C 69 14
C 70 15
C 71 11
C 72 8
C 73 25
C 74 1
C 75 19
C 76 18
C 77 14
C 78 3
C 79 7
C 80 26
C 81 1
C 82 14
C 83 7
C 84 4
C 85 18
C 86 0
C 87 19
C 88 6
C 89 9
C 90 5
C 91 16
C 92 21
C 93 21
C 94 25
C 95 7
C 96 10
C 97 18
C 98 11
C 99 15
C 100 18
C 101 3
C 102 7
C 103 24
C 104 18
C 105 18
C 106 11
C 107 24
C 108 14
C 109 24
C 110 26
C 111 6
C 112 0
C 113 22
C 114 0
C 115 3
C 116 9
C 117 0
C 118 18
C 119 25
C 120 8
C 121 8
C 122 8
C 123 9
C 124 5
C 125 4
C 126 0
C 127 14
C 128 26
C 129 20
C 130 3
C 131 22
C 132 6
C 133 1
C 134 23
C 135 9
C 136 19
C 137 24
C 138 2
C 139 7
C 140 26
C 141 12
C 142 23
C 143 17
C 144 7
C 145 9
C 146 15
C 147 14
C 148 26
C 149 23
C 150 1
C 151 9
C 152 11
C 153 22
C 154 26
C 155 22
C 156 26
C 157 6
C 158 15
C 159 16
C 160 17
C 161 25
C 162 16
C 163 25
C 164 1
C 165 24
C 166 4
C 167 26
C 168 23
C 169 6
C 170 23
C 171 1
C 172 23
C 173 20
C 174 2
C 175 18
C 176 22
C 177 25
C 178 24
C 179 10
C 180 21
C 181 12
C 182 3
C 183 20
C 184 25
C 185 26
C 186 0
C 187 19
C 188 15
C 189 26
C 190 11
C 191 4
C 192 8
C 193 21
C 194 4
C 195 4
C 196 18
C 197 22
C 198 23
C 199 6
C 200 10
C 201 15
C 202 17
C 203 2
C 204 9
C 205 5
C 206 11
C 207 2
C 208 19
C 209 25
C 210 19
C 211 11
C 212 16
C 213 15
C 214 7
C 215 18
C 216 26
C 217 7
C 218 1
C 219 1
C 220 20
C 221 12
C 222 20
C 223 6
C 224 22
C 225 7
C 226 21
C 227 23
C 228 22
C 229 0
C 230 4
C 231 4
C 232 10
C 233 0
C 234 12
C 235 16
C 236 5
C 237 25
C 238 5
C 239 18
C 240 15
C 241 12
C 242 16
C 243 8
C 244 26
C 245 14
C 246 4
C 247 26
C 248 23
C 249 20
C 250 18
C 251 0
C 252 19
C 253 10
C 254 1
C 255 15
C 256 20
C 257 3
C 258 5
C 259 0
C 260 20
C 261 12
C 262 12
C 263 8
C 264 22
C 265 26
C 266 10
C 267 22
C 268 21
C 269 16
C 270 0
C 271 0
C 272 0
C 273 0
C 274 0
C 275 0
C 276 0
C 277 0
C 278 0
C 279 0
C 280 0
C 281 0
C 282 0
C 283 0
C 284 0
C 285 0
C 286 0
C 287 0
C 288 0
C 289 0
C 290 0
C 291 0
C 292 0
C 293 0
C 294 20
C 295 24
C 296 0
C 297 24
C 298 4
C 299 22
C 300 2
C 301 16
C 302 14
C 303 0
C 304 1
C 305 4
C 306 15
C 307 9
C 308 21
C 309 6
C 310 11
C 311 24
C 312 11
C 313 23
C 314 12
C 315 25
C 316 1
C 317 12
C 318 21
C 319 5
C 320 12
C 321 3
C 322 23
C 323 2
C 324 0
C 325 0
C 326 0
C 327 25
C 328 12
C 329 12
C 330 12
C 331 11
C 332 7
C 333 11
C 334 21
C 335 24
C 336 15
C 337 24
C 338 6
C 339 25
C 340 6
C 341 24
C 342 7
C 343 14
C 344 16
C 345 23
C 346 22
C 347 15
C 348 3
C 349 9
C 350 25
I 4 2 5 (4,1,3) (-1,-1,0,0)|(1,1,-1,0)|(1,-1,-1,0)
I 5 3 4 (4,5,3) (-1,1,0,0)
I 0 2 4 (1,3,1) (0,0,1,0)
