D (7,-1,-1) (3,4,3)
D (7,8,9) (5,3,1)
D (10,-1,-1) (1,3,4)
D (10,11,12) (2,0,5)
D (10,-1,-1) (3,1,3)
D (7,8,-1) (4,1,0)
D (11,12,-1) (4,3,1)
D (12,-1,-1) (5,1,5)
D (8,-1,-1) (3,2,0)
D (7,-1,-1) (4,0,4)
D (9,-1,-1) (5,2,0)
D (12,-1,-1) (1,0,1)
D (7,8,9) (2,3,4)
D (7,8,9) (1,0,5)
D (11,12,-1) (4,4,5)
D (9,10,11) (3,4,5)
D (8,9,10) (0,4,0)
D (12,-1,-1) (1,2,0)
D (9,10,11) (3,0,0)
D (9,-1,-1) (4,0,1)
D (9,10,11) (2,1,1)
D (12,-1,-1) (0,2,1)
D (10,-1,-1) (3,3,0)
D (7,8,9) (5,5,2)
D (9,10,11) (0,3,5)
D (10,11,-1) (2,3,1)
D (8,9,10) (2,5,5)
D (11,12,-1) (4,3,3)
D (9,-1,-1) (0,1,1)
D (9,10,-1) (5,5,5)
D (12,-1,-1) (3,0,4)
D (7,8,-1) (0,2,3)
D (7,8,9) (5,0,5)
D (12,-1,-1) (1,3,3)
D (10,11,-1) (3,1,2)
D (8,9,10) (3,2,1)
D (8,9,10) (5,0,1)
D (7,8,9) (3,2,2)
D (7,-1,-1) (0,5,3)
D (10,-1,-1) (4,0,5)
D (9,10,-1) (2,5,2)
D (9,10,-1) (1,1,2)
D (10,-1,-1) (0,4,1)
D (7,8,9) (2,4,0)
D (12,-1,-1) (5,3,5)
D (11,12,-1) (0,3,3)
D (10,11,12) (2,1,3)
D (8,-1,-1) (0,2,4)
D (9,-1,-1) (1,1,5)
D (9,10,11) (0,0,0)
D (8,-1,-1) (0,1,4)
D (12,-1,-1) (1,2,3)
D (10,-1,-1) (5,1,2)
D (10,-1,-1) (4,2,1)
D (12,-1,-1) (0,5,2)
D (10,11,-1) (5,4,0)
D (7,8,9) (3,0,1)
D (9,10,-1) (4,0,0)
D (8,-1,-1) (1,5,0)
D (11,12,-1) (3,1,5)
D (12,-1,-1) (2,1,5)
D (9,10,11) (5,2,2)
D (9,-1,-1) (5,5,4)
D (9,-1,-1) (5,1,4)
C 0 1
C 1 3
C 2 23
C 3 23
C 4 8
C 5 26
C 6 23
C 7 20
C 8 24
C 9 7
C 10 17
C 11 7
C 12 16
C 13 21
C 14 15
C 15 14
C 16 7
C 17 12
C 18 22
C 19 23
C 20 14
C 21 11
C 22 23
C 23 7
C 24 5
C 25 12
C 26 7
C 27 0
C 28 0
C 29 0
C 30 0
C 31 20
C 32 21
C 33 20
C 34 17
C 35 4
C 36 26
C 37 6
C 38 14
C 39 17
C 40 3
C 41 9
C 42 22
C 43 20
C 44 6
C 45 12
C 46 23
C 47 3
C 48 14
C 49 14
C 50 23
C 51 20
C 52 1
C 53 23
C 54 20
C 55 1
C 56 12
C 57 12
C 58 24
C 59 12
C 60 24
C 61 6
C 62 15
C 63 17
C 64 7
C 65 24
C 66 6
C 67 25
C 68 7
C 69 24
C 70 20
C 71 6
C 72 18
C 73 20
C 74 20
C 75 26
C 76 25
C 77 11
C 78 5
C 79 7
C 80 0
C 81 7
C 82 20
C 83 24
C 84 2
C 85 4
C 86 21
C 87 5
C 88 12
C 89 19
C 90 10
C 91 3
C 92 5
C 93 19
C 94 11
C 95 1
C 96 1
C 97 18
C 98 2
C 99 18
C 100 7
C 101 1
C 102 21
C 103 17
C 104 26
C 105 10
C 106 7
C 107 15
C 108 9
C 109 6
C 110 23
C 111 15
C 112 10
C 113 12
C 114 25
C 115 15
C 116 15
C 117 18
C 118 19
C 119 9
C 120 2
C 121 21
C 122 19
C 123 7
C 124 3
C 125 15
C 126 12
C 127 2
C 128 2
C 129 26
C 130 22
C 131 24
C 132 0
C 133 19
C 134 23
C 135 25
C 136 16
C 137 10
C 138 22
C 139 15
C 140 6
C 141 5
C 142 26
C 143 0
C 144 2
C 145 8
C 146 12
C 147 8
C 148 12
C 149 25
C 150 5
C 151 9
C 152 24
C 153 22
C 154 23
C 155 23
C 156 16
C 157 17
C 158 18
C 159 1
C 160 21
C 161 6
C 162 18
C 163 16
C 164 3
C 165 15
C 166 4
C 167 4
C 168 0
C 169 1
C 170 19
C 171 16
C 172 22
C 173 14
C 174 26
C 175 0
C 176 23
C 177 9
C 178 1
C 179 0
C 180 0
C 181 0
C 182 0
C 183 0
C 184 0
C 185 0
C 186 0
C 187 0
C 188 0
C 189 19
C 190 0
C 191 10
C 192 2
C 193 26
C 194 0
C 195 21
C 196 6
C 197 5
C 198 9
C 199 2
C 200 14
C 201 10
C 202 2
C 203 24
C 204 5
C 205 5
C 206 1
C 207 19
C 208 1
C 209 7
C 210 1
C 211 21
C 212 19
C 213 20
C 214 8
C 215 24
C 216 25
C 217 0
C 218 7
C 219 18
C 220 10
C 221 1
C 222 26
C 223 9
C 224 8
C 225 7
C 226 7
C 227 26
C 228 24
C 229 23
C 230 21
C 231 14
C 232 14
C 233 16
C 234 23
C 235 8
C 236 6
C 237 12
C 238 17
C 239 8
C 240 15
C 241 22
C 242 20
C 243 17
C 244 1
C 245 12
C 246 5
C 247 24
C 248 3
C 249 25
C 250 23
C 251 8
C 252 20
C 253 6
C 254 4
C 255 11
C 256 25
C 257 17
C 258 15
C 259 6
C 260 2
C 261 25
C 262 26
C 263 17
C 264 8
C 265 12
C 266 25
C 267 18
C 268 19
C 269 4
C 270 14
C 271 18
C 272 18
C 273 18
C 274 21
C 275 7
C 276 2
C 277 9
C 278 6
C 279 26
C 280 19
C 281 19
C 282 14
C 283 15
C 284 9
C 285 2
C 286 22
C 287 24
C 288 12
C 289 2
C 290 26
C 291 18
C 292 2
C 293 22
C 294 6
C 295 3
C 296 15
C 297 3
C 298 17
C 299 4
C 300 23
C 301 16
C 302 26
C 303 9
C 304 9
C 305 11
C 306 22
C 307 23
C 308 17
C 309 5
C 310 7
C 311 11
C 312 3
C 313 22
C 314 20
C 315 26
C 316 21
C 317 26
C 318 23
C 319 0
C 320 15
C 321 1
C 322 5
C 323 0
C 324 8
C 325 9
C 326 15
C 327 1
C 328 14
C 329 21
C 330 11
C 331 22
C 332 1
C 333 4
C 334 5
C 335 9
C 336 6
C 337 17
C 338 6
C 339 5
C 340 23
C 341 23
C 342 3
C 343 8
C 344 25
C 345 23
C 346 10
C 347 23
C 348 20
C 349 2
C 350 23
I 0 1 2 (4,3,2) (1,0,-1,0)
I 0 2 2 (3,5,1) (1,-1,1,0)|(-1,0,-1,0)|(1,1,0,0)|(-1,0,-1,0)|(-1,1,0,0)
I 4 1 19 (1,2,2) (1,0,-1,0)|(-1,1,0,0)
