D (7,-1,-1) (1,1,1)
D (7,8,9) (0,1,3)
D (9,10,-1) (2,5,3)
D (9,10,-1) (2,2,4)
D (12,-1,-1) (5,0,4)
D (11,12,-1) (5,3,3)
D (8,-1,-1) (4,5,5)
D (10,-1,-1) (3,2,2)
D (12,-1,-1) (2,1,2)
D (12,-1,-1) (3,2,1)
D (7,8,9) (5,5,5)
D (11,-1,-1) (5,3,1)
D (11,-1,-1) (0,1,4)
D (9,-1,-1) (1,0,2)
D (11,-1,-1) (4,0,5)
D (11,-1,-1) (0,1,0)
D (8,9,10) (3,3,4)
D (11,12,-1) (2,3,4)
D (10,-1,-1) (2,0,4)
D (7,8,9) (1,4,5)
D (12,-1,-1) (4,3,0)
D (9,-1,-1) (2,3,5)
D (11,12,-1) (1,5,2)
D (12,-1,-1) (1,0,5)
D (9,10,11) (3,5,0)
D (11,12,-1) (2,2,0)
D (11,-1,-1) (2,2,3)
D (12,-1,-1) (1,4,3)
D (9,10,11) (4,1,0)
D (12,-1,-1) (5,2,4)
D (12,-1,-1) (1,0,1)
D (11,12,-1) (1,3,3)
D (7,8,9) (5,2,2)
D (9,-1,-1) (3,0,5)
D (7,-1,-1) (2,2,2)
D (10,11,12) (5,1,5)
D (7,-1,-1) (3,3,2)
D (12,-1,-1) (4,1,4)
D (12,-1,-1) (0,0,1)
D (12,-1,-1) (5,5,4)
D (9,10,11) (2,3,3)
D (10,11,12) (4,5,0)
D (12,-1,-1) (5,0,0)
D (10,-1,-1) (5,5,0)
D (7,-1,-1) (0,1,5)
C 0 11
C 1 25
C 2 14
C 3 20
C 4 11
C 5 22
C 6 15
C 7 26
C 8 3
C 9 25
C 10 9
C 11 7
C 12 3
C 13 10
C 14 18
C 15 19
C 16 24
C 17 12
C 18 6
C 19 26
C 20 25
C 21 3
C 22 5
C 23 21
C 24 6
C 25 24
C 26 9
C 27 11
C 28 4
C 29 25
C 30 22
C 31 18
C 32 14
C 33 6
C 34 6
C 35 21
C 36 25
C 37 19
C 38 11
C 39 8
C 40 5
C 41 7
C 42 10
C 43 18
C 44 15
C 45 3
C 46 3
C 47 7
C 48 4
C 49 12
C 50 8
C 51 9
C 52 6
C 53 23
C 54 16
C 55 18
C 56 8
C 57 2
C 58 11
C 59 0
C 60 20
C 61 10
C 62 17
C 63 8
C 64 3
C 65 9
C 66 22
C 67 25
C 68 18
C 69 9
C 70 23
C 71 2
C 72 26
C 73 16
C 74 0
C 75 26
C 76 18
C 77 1
C 78 7
C 79 24
C 80 21
C 81 10
C 82 22
C 83 16
C 84 2
C 85 19
C 86 25
C 87 17
C 88 8
C 89 19
C 90 17
C 91 17
C 92 4
C 93 0
C 94 3
C 95 22
C 96 23
C 97 24
C 98 12
C 99 24
C 100 23
C 101 0
C 102 1
C 103 18
C 104 17
C 105 23
C 106 4
C 107 17
C 108 2
C 109 25
C 110 16
C 111 24
C 112 1
C 113 19
C 114 12
C 115 5
C 116 0
C 117 0
C 118 0
C 119 0
C 120 0
C 121 0
C 122 0
C 123 0
C 124 0
C 125 0
C 126 0
C 127 0
C 128 0
C 129 14
C 130 14
C 131 10
C 132 21
C 133 18
C 134 10
C 135 6
C 136 19
C 137 19
C 138 1
C 139 6
C 140 7
C 141 9
C 142 6
C 143 21
C 144 11
C 145 18
C 146 17
C 147 3
C 148 26
C 149 1
C 150 8
C 151 25
C 152 8
C 153 6
C 154 17
C 155 10
C 156 17
C 157 11
C 158 0
C 159 25
C 160 21
C 161 11
C 162 2
C 163 23
C 164 23
C 165 17
C 166 25
C 167 0
C 168 2
C 169 8
C 170 22
C 171 0
C 172 0
C 173 0
C 174 0
C 175 0
C 176 0
C 177 0
C 178 0
C 179 0
C 180 0
C 181 0
C 182 0
C 183 0
C 184 0
C 185 0
C 186 0
C 187 0
C 188 0
C 189 0
C 190 0
C 191 0
C 192 0
C 193 0
C 194 0
C 195 0
C 196 0
C 197 0
C 198 0
C 199 0
C 200 0
C 201 0
C 202 0
C 203 0
C 204 0
C 205 0
C 206 0
C 207 0
C 208 0
C 209 0
C 210 0
C 211 0
C 212 0
C 213 0
C 214 0
C 215 0
C 216 0
C 217 0
C 218 0
C 219 0
C 220 0
C 221 0
C 222 0
C 223 0
C 224 0
C 225 0
C 226 0
C 227 0
C 228 0
C 229 0
C 230 0
C 231 0
C 232 0
C 233 0
C 234 0
C 235 0
C 236 0
C 237 0
C 238 0
C 239 0
C 240 0
C 241 0
C 242 0
C 243 0
C 244 0
C 245 0
C 246 0
C 247 0
C 248 0
C 249 0
C 250 0
C 251 0
C 252 0
C 253 0
C 254 0
C 255 0
C 256 0
C 257 0
C 258 0
C 259 0
C 260 0
C 261 0
C 262 0
C 263 0
C 264 0
C 265 0
C 266 0
C 267 0
C 268 0
C 269 0
C 270 0
C 271 0
C 272 0
C 273 0
C 274 0
C 275 0
C 276 0
C 277 0
C 278 0
C 279 0
C 280 0
C 281 0
C 282 0
C 283 0
C 284 0
C 285 0
C 286 0
C 287 0
C 288 0
C 289 0
C 290 0
C 291 0
C 292 0
C 293 0
C 294 0
C 295 0
C 296 0
C 297 0
C 298 0
C 299 0
C 300 0
C 301 0
C 302 0
C 303 16
C 304 10
C 305 21
C 306 15
C 307 7
C 308 17
C 309 3
C 310 23
C 311 1
C 312 15
C 313 8
C 314 20
C 315 24
C 316 3
C 317 8
C 318 0
C 319 25
C 320 3
C 321 12
C 322 12
C 323 5
C 324 23
C 325 19
C 326 0
C 327 8
C 328 24
C 329 16
C 330 3
C 331 0
C 332 1
C 333 22
C 334 24
C 335 12
C 336 19
C 337 20
C 338 10
C 339 2
C 340 11
C 341 18
C 342 9
C 343 0
C 344 22
C 345 0
C 346 21
C 347 4
C 348 24
C 349 1
C 350 24
I 2 1 19 (3,5,5) (-1,0,1,0)
I 3 2 19 (0,3,4) (1,1,1,0)|(1,1,1,0)
I 1 2 4 (4,4,2) (0,0,-1,0)|(1,0,0,0)|(0,0,1,0)
