D (7,-1,-1) (2,1,4)
D (12,-1,-1) (3,0,1)
D (12,-1,-1) (1,2,0)
D (10,-1,-1) (5,3,0)
D (11,12,-1) (2,0,2)
D (12,-1,-1) (5,2,1)
D (8,9,10) (4,2,0)
D (9,-1,-1) (5,5,4)
D (9,10,-1) (0,0,0)
D (7,8,9) (5,4,3)
D (9,10,11) (3,0,3)
D (8,-1,-1) (5,4,0)
D (10,11,-1) (1,4,5)
D (12,-1,-1) (3,5,0)
D (12,-1,-1) (2,2,4)
D (7,-1,-1) (5,2,3)
D (12,-1,-1) (2,4,5)
D (12,-1,-1) (4,2,2)
D (11,-1,-1) (2,3,1)
D (11,12,-1) (2,0,4)
D (10,11,12) (3,2,0)
D (9,10,-1) (2,5,0)
D (7,8,9) (2,1,2)
D (8,-1,-1) (3,2,4)
D (10,11,12) (4,3,3)
D (8,9,-1) (3,1,0)
D (11,12,-1) (2,3,5)
D (11,12,-1) (3,0,5)
D (9,10,-1) (2,1,3)
D (10,11,-1) (5,2,5)
D (8,9,10) (3,4,1)
D (10,11,-1) (3,4,0)
D (7,8,-1) (0,4,4)
D (12,-1,-1) (5,5,2)
D (7,8,9) (3,0,2)
D (9,10,-1) (0,2,5)
D (11,12,-1) (3,2,5)
D (11,12,-1) (3,4,4)
D (8,9,-1) (0,3,2)
D (10,11,12) (1,1,3)
D (10,-1,-1) (2,4,3)
D (12,-1,-1) (4,1,2)
D (10,-1,-1) (5,1,2)
D (7,8,-1) (4,2,1)
D (9,-1,-1) (1,0,5)
D (9,10,11) (3,1,4)
D (10,-1,-1) (2,3,0)
D (8,-1,-1) (0,1,5)
D (10,11,12) (0,3,5)
D (9,-1,-1) (2,4,1)
D (7,8,-1) (0,3,0)
D (8,9,-1) (3,1,1)
D (10,11,-1) (2,2,3)
D (8,9,-1) (1,0,1)
C 0 20
C 1 24
C 2 16
C 3 11
C 4 17
C 5 24
C 6 4
C 7 11
C 8 10
C 9 3
C 10 15
C 11 10
C 12 10
C 13 26
C 14 2
C 15 14
C 16 14
C 17 25
C 18 9
C 19 7
C 20 16
C 21 24
C 22 6
C 23 15
C 24 2
C 25 0
C 26 12
C 27 7
C 28 22
C 29 9
C 30 0
C 31 22
C 32 17
C 33 20
C 34 18
C 35 20
C 36 12
C 37 9
C 38 5
C 39 9
C 40 26
C 41 8
C 42 6
C 43 22
C 44 17
C 45 7
C 46 0
C 47 18
C 48 15
C 49 20
C 50 26
C 51 20
C 52 1
C 53 16
C 54 11
C 55 21
C 56 20
C 57 7
C 58 14
C 59 14
C 60 18
C 61 5
C 62 16
C 63 18
C 64 16
C 65 1
C 66 1
C 67 5
C 68 21
C 69 7
C 70 19
C 71 26
C 72 8
C 73 1
C 74 19
C 75 4
C 76 10
C 77 8
C 78 22
C 79 10
C 80 19
C 81 7
C 82 0
C 83 0
C 84 0
C 85 0
C 86 0
C 87 0
C 88 0
C 89 0
C 90 0
C 91 0
C 92 0
C 93 0
C 94 0
C 95 0
C 96 0
C 97 0
C 98 0
C 99 0
C 100 0
C 101 0
C 102 0
C 103 0
C 104 0
C 105 0
C 106 0
C 107 0
C 108 0
C 109 0
C 110 0
C 111 22
C 112 0
C 113 2
C 114 1
C 115 19
C 116 24
C 117 23
C 118 4
C 119 10
C 120 17
C 121 24
C 122 5
C 123 4
C 124 17
C 125 6
C 126 2
C 127 4
C 128 25
C 129 10
C 130 11
C 131 17
C 132 11
C 133 2
C 134 6
C 135 19
C 136 10
C 137 8
C 138 6
C 139 0
C 140 12
C 141 0
C 142 2
C 143 19
C 144 2
C 145 17
C 146 4
C 147 21
C 148 23
C 149 14
C 150 4
C 151 11
C 152 26
C 153 1
C 154 12
C 155 20
C 156 4
C 157 25
C 158 11
C 159 0
C 160 21
C 161 2
C 162 8
C 163 20
C 164 14
C 165 10
C 166 12
C 167 25
C 168 18
C 169 18
C 170 21
C 171 1
C 172 0
C 173 10
C 174 6
C 175 1
C 176 23
C 177 22
C 178 0
C 179 0
C 180 0
C 181 0
C 182 0
C 183 0
C 184 0
C 185 0
C 186 0
C 187 0
C 188 0
C 189 0
C 190 0
C 191 0
C 192 0
C 193 0
C 194 0
C 195 0
C 196 0
C 197 0
C 198 0
C 199 0
C 200 0
C 201 0
C 202 0
C 203 0
C 204 0
C 205 0
C 206 0
C 207 0
C 208 0
C 209 0
C 210 0
C 211 0
C 212 0
C 213 0
C 214 0
C 215 0
C 216 0
C 217 0
C 218 5
C 219 22
C 220 18
C 221 15
C 222 9
C 223 8
C 224 15
C 225 12
C 226 17
C 227 20
C 228 6
C 229 7
C 230 23
C 231 18
C 232 20
C 233 15
C 234 9
C 235 26
C 236 19
C 237 4
C 238 1
C 239 23
C 240 21
C 241 15
C 242 16
C 243 8
C 244 12
C 245 22
C 246 26
C 247 7
C 248 25
C 249 4
C 250 26
C 251 15
C 252 24
C 253 11
C 254 2
C 255 5
C 256 4
C 257 3
C 258 14
C 259 10
C 260 12
C 261 15
C 262 5
C 263 0
C 264 20
C 265 21
C 266 7
C 267 2
C 268 18
C 269 22
C 270 12
C 271 9
C 272 23
C 273 24
C 274 25
C 275 5
C 276 17
C 277 18
C 278 7
C 279 11
C 280 22
C 281 15
C 282 8
C 283 9
C 284 9
C 285 0
C 286 15
C 287 16
C 288 16
C 289 0
C 290 25
C 291 22
C 292 20
C 293 3
C 294 19
C 295 21
C 296 5
C 297 25
C 298 16
C 299 17
C 300 21
C 301 5
C 302 10
C 303 21
C 304 14
C 305 23
C 306 5
C 307 9
C 308 12
C 309 17
C 310 22
C 311 26
C 312 2
C 313 6
C 314 4
C 315 21
C 316 1
C 317 4
C 318 23
C 319 2
C 320 12
C 321 3
C 322 8
C 323 15
C 324 5
C 325 16
C 326 6
C 327 9
C 328 14
C 329 12
C 330 15
C 331 24
C 332 14
C 333 11
C 334 7
C 335 22
C 336 4
C 337 15
C 338 19
C 339 15
C 340 18
C 341 4
C 342 5
C 343 26
C 344 17
C 345 4
C 346 2
C 347 2
C 348 9
C 349 15
C 350 16
I 0 3 15 (4,5,1) (0,-1,0,0)|(0,1,1,0)
I 2 3 1 (5,0,1) (1,-1,1,0)|(-1,1,-1,0)|(-1,-1,0,0)|(-1,0,-1,0)
I 4 1 13 (0,0,4) (1,0,-1,0)
