D (9,10,11) (4,5,3)
D (11,12,-1) (3,4,5)
D (12,-1,-1) (0,1,1)
D (9,10,-1) (0,0,0)
D (12,-1,-1) (1,5,0)
D (12,-1,-1) (0,0,2)
D (8,9,-1) (3,5,2)
D (11,12,-1) (0,1,3)
D (10,11,12) (5,1,0)
D (8,9,10) (0,5,1)
D (11,12,-1) (0,3,1)
D (11,-1,-1) (2,0,5)
D (11,12,-1) (0,3,5)
D (12,-1,-1) (3,5,0)
D (12,-1,-1) (0,2,2)
D (12,-1,-1) (3,3,4)
D (7,8,9) (3,2,3)
D (10,11,12) (3,4,4)
D (10,-1,-1) (2,0,3)
D (7,-1,-1) (5,3,4)
D (7,-1,-1) (5,1,2)
D (7,8,-1) (2,2,1)
D (12,-1,-1) (3,3,3)
D (12,-1,-1) (1,4,2)
D (9,-1,-1) (5,0,1)
D (7,8,9) (0,3,4)
D (12,-1,-1) (4,3,0)
D (10,11,12) (0,1,5)
D (7,8,-1) (4,5,0)
D (10,11,-1) (1,0,5)
D (10,11,12) (5,0,2)
D (10,11,-1) (0,5,2)
D (12,-1,-1) (5,2,2)
D (9,10,11) (3,2,1)
D (7,-1,-1) (3,5,5)
D (12,-1,-1) (2,4,0)
D (8,9,-1) (5,4,2)
D (11,12,-1) (5,2,0)
D (12,-1,-1) (3,1,5)
D (9,10,-1) (0,3,3)
D (8,9,10) (2,2,5)
D (7,-1,-1) (5,3,3)
D (9,10,11) (2,2,2)
D (8,9,-1) (1,5,1)
D (7,8,-1) (3,0,4)
D (8,-1,-1) (5,3,5)
D (7,8,-1) (4,2,4)
C 0 2
C 1 20
C 2 1
C 3 14
C 4 17
C 5 16
C 6 2
C 7 17
C 8 12
C 9 16
C 10 23
C 11 22
C 12 7
C 13 11
C 14 21
C 15 10
C 16 2
C 17 23
C 18 4
C 19 11
C 20 10
C 21 4
C 22 7
C 23 3
C 24 14
C 25 22
C 26 1
C 27 9
C 28 3
C 29 5
C 30 18
C 31 16
C 32 26
C 33 25
C 34 0
C 35 22
C 36 4
C 37 23
C 38 3
C 39 4
C 40 24
C 41 25
C 42 20
C 43 12
C 44 12
C 45 18
C 46 12
C 47 20
C 48 4
C 49 10
C 50 8
C 51 17
C 52 1
C 53 26
C 54 7
C 55 11
C 56 9
C 57 8
C 58 20
C 59 22
C 60 9
C 61 10
C 62 12
C 63 1
C 64 5
C 65 4
C 66 7
C 67 17
C 68 23
C 69 23
C 70 6
C 71 0
C 72 3
C 73 4
C 74 17
C 75 24
C 76 18
C 77 8
C 78 24
C 79 9
C 80 18
C 81 9
C 82 19
C 83 0
C 84 19
C 85 2
C 86 18
C 87 4
C 88 7
C 89 8
C 90 9
C 91 11
C 92 6
C 93 23
C 94 24
C 95 20
C 96 6
C 97 20
C 98 1
C 99 6
C 100 12
C 101 9
C 102 0
C 103 0
C 104 0
C 105 0
C 106 0
C 107 0
C 108 0
C 109 0
C 110 0
C 111 0
C 112 0
C 113 0
C 114 0
C 115 0
C 116 0
C 117 0
C 118 0
C 119 0
C 120 0
C 121 0
C 122 0
C 123 0
C 124 0
C 125 0
C 126 0
C 127 0
C 128 0
C 129 0
C 130 0
C 131 0
C 132 0
C 133 0
C 134 0
C 135 0
C 136 0
C 137 0
C 138 0
C 139 0
C 140 0
C 141 0
C 142 0
C 143 0
C 144 0
C 145 0
C 146 0
C 147 0
C 148 0
C 149 0
C 150 0
C 151 0
C 152 0
C 153 0
C 154 0
C 155 0
C 156 0
C 157 0
C 158 0
C 159 0
C 160 0
C 161 0
C 162 0
C 163 0
C 164 0
C 165 0
C 166 0
C 167 0
C 168 0
C 169 0
C 170 0
C 171 0
C 172 0
C 173 0
C 174 0
C 175 0
C 176 0
C 177 0
C 178 0
C 179 0
C 180 0
C 181 0
C 182 0
C 183 0
C 184 0
C 185 0
C 186 0
C 187 0
C 188 0
C 189 0
C 190 0
C 191 0
C 192 0
C 193 0
C 194 0
C 195 0
C 196 0
C 197 0
C 198 0
C 199 0
C 200 0
C 201 0
C 202 0
C 203 0
C 204 0
C 205 0
C 206 0
C 207 0
C 208 0
C 209 0
C 210 0
C 211 0
C 212 0
C 213 0
C 214 0
C 215 0
C 216 0
C 217 0
C 218 0
C 219 0
C 220 0
C 221 0
C 222 0
C 223 0
C 224 0
C 225 0
C 226 0
C 227 0
C 228 0
C 229 0
C 230 0
C 231 0
C 232 0
C 233 0
C 234 0
C 235 0
C 236 0
C 237 0
C 238 0
C 239 0
C 240 0
C 241 0
C 242 0
C 243 0
C 244 0
C 245 0
C 246 0
C 247 0
C 248 0
C 249 0
C 250 0
C 251 0
C 252 0
C 253 0
C 254 0
C 255 0
C 256 0
C 257 0
C 258 0
C 259 0
C 260 0
C 261 0
C 262 0
C 263 0
C 264 0
C 265 0
C 266 0
C 267 0
C 268 0
C 269 0
C 270 0
C 271 0
C 272 0
C 273 0
C 274 0
C 275 0
C 276 0
C 277 0
C 278 0
C 279 0
C 280 0
C 281 0
C 282 0
C 283 0
C 284 0
C 285 0
C 286 0
C 287 0
C 288 0
C 289 0
C 290 0
C 291 0
C 292 0
C 293 0
C 294 0
C 295 0
C 296 0
C 297 0
C 298 18
C 299 19
C 300 9
C 301 11
C 302 9
C 303 7
C 304 25
C 305 9
C 306 18
C 307 19
C 308 14
C 309 6
C 310 3
C 311 12
C 312 25
C 313 15
C 314 3
C 315 16
C 316 12
C 317 8
C 318 21
C 319 22
C 320 24
C 321 3
C 322 14
C 323 3
C 324 7
C 325 8
C 326 8
C 327 6
C 328 24
C 329 15
C 330 15
C 331 12
C 332 8
C 333 12
C 334 19
C 335 24
C 336 25
C 337 9
C 338 5
C 339 19
C 340 1
C 341 22
C 342 18
C 343 26
C 344 10
C 345 3
C 346 16
C 347 20
C 348 5
C 349 18
C 350 8
I 0 3 15 (1,4,1) (0,-1,0,0)|(0,1,1,0)|(0,0,0,0)|(1,-1,0,0)|(0,0,-1,0)
I 1 1 2 (2,1,1) (1,0,0,0)
I 0 2 3 (2,4,2) (1,0,-1,0)
