D (9,10,11) (2,0,1)
D (11,-1,-1) (2,3,5)
D (12,-1,-1) (2,4,3)
D (12,-1,-1) (1,3,3)
D (12,-1,-1) (1,0,1)
D (10,-1,-1) (0,5,4)
D (8,-1,-1) (3,5,3)
D (10,11,-1) (5,4,2)
D (12,-1,-1) (2,2,1)
D (8,9,-1) (2,1,0)
D (10,-1,-1) (5,0,3)
D (11,-1,-1) (5,0,5)
D (10,-1,-1) (5,3,2)
D (9,10,11) (0,4,0)
D (7,8,9) (2,4,2)
D (8,-1,-1) (3,1,2)
D (9,-1,-1) (0,1,0)
D (7,8,9) (2,5,1)
D (8,9,10) (4,5,2)
D (9,10,-1) (4,3,0)
D (8,9,-1) (2,2,3)
D (10,-1,-1) (0,1,3)
D (11,-1,-1) (1,0,0)
D (9,-1,-1) (2,1,3)
D (8,9,10) (5,3,1)
D (8,-1,-1) (5,2,1)
D (11,12,-1) (4,1,1)
D (8,9,10) (5,4,0)
D (11,12,-1) (0,4,2)
D (9,10,11) (4,0,1)
D (8,-1,-1) (1,4,0)
D (9,10,-1) (3,3,4)
D (12,-1,-1) (0,0,4)
D (12,-1,-1) (0,2,4)
D (7,8,-1) (0,0,3)
D (9,-1,-1) (2,2,0)
D (8,9,10) (1,1,3)
D (10,11,12) (2,1,2)
D (10,-1,-1) (0,5,1)
D (7,-1,-1) (5,4,5)
D (12,-1,-1) (3,2,5)
D (7,8,-1) (1,0,2)
D (11,-1,-1) (5,2,2)
D (8,9,10) (0,3,5)
D (11,12,-1) (1,1,2)
D (7,-1,-1) (3,4,2)
D (8,-1,-1) (0,2,0)
D (7,8,-1) (3,1,4)
D (10,11,-1) (2,4,4)
D (9,10,11) (0,3,2)
D (12,-1,-1) (1,3,2)
D (10,11,-1) (2,3,2)
C 0 11
C 1 20
C 2 0
C 3 25
C 4 18
C 5 3
C 6 11
C 7 12
C 8 18
C 9 4
C 10 17
C 11 6
C 12 0
C 13 10
C 14 22
C 15 2
C 16 5
C 17 1
C 18 24
C 19 8
C 20 5
C 21 7
C 22 17
C 23 15
C 24 19
C 25 20
C 26 24
C 27 18
C 28 17
C 29 10
C 30 2
C 31 11
C 32 1
C 33 23
C 34 16
C 35 21
C 36 19
C 37 26
C 38 17
C 39 1
C 40 21
C 41 11
C 42 9
C 43 6
C 44 2
C 45 23
C 46 2
C 47 4
C 48 20
C 49 5
C 50 15
C 51 24
C 52 19
C 53 17
C 54 16
C 55 8
C 56 16
C 57 8
C 58 20
C 59 16
C 60 4
C 61 10
C 62 21
C 63 17
C 64 10
C 65 0
C 66 0
C 67 0
C 68 0
C 69 0
C 70 0
C 71 0
C 72 0
C 73 0
C 74 0
C 75 0
C 76 0
C 77 0
C 78 0
C 79 0
C 80 0
C 81 0
C 82 0
C 83 0
C 84 0
C 85 0
C 86 0
C 87 0
C 88 0
C 89 0
C 90 0
C 91 0
C 92 0
C 93 0
C 94 0
C 95 0
C 96 0
C 97 0
C 98 0
C 99 0
C 100 0
C 101 0
C 102 0
C 103 0
C 104 0
C 105 0
C 106 0
C 107 0
C 108 0
C 109 0
C 110 0
C 111 0
C 112 0
C 113 0
C 114 0
C 115 0
C 116 0
C 117 0
C 118 0
C 119 0
C 120 0
C 121 0
C 122 0
C 123 0
C 124 0
C 125 0
C 126 0
C 127 0
C 128 0
C 129 0
C 130 0
C 131 0
C 132 0
C 133 0
C 134 0
C 135 0
C 136 0
C 137 0
C 138 0
C 139 0
C 140 0
C 141 0
C 142 0
C 143 0
C 144 0
C 145 0
C 146 0
C 147 0
C 148 0
C 149 0
C 150 0
C 151 0
C 152 0
C 153 0
C 154 0
C 155 0
C 156 0
C 157 0
C 158 0
C 159 0
C 160 0
C 161 0
C 162 0
C 163 0
C 164 0
C 165 0
C 166 0
C 167 0
C 168 0
C 169 0
C 170 0
C 171 0
C 172 0
C 173 0
C 174 7
C 175 7
C 176 15
C 177 11
C 178 0
C 179 18
C 180 4
C 181 17
C 182 15
C 183 2
C 184 20
C 185 0
C 186 16
C 187 15
C 188 24
C 189 11
C 190 7
C 191 15
C 192 2
C 193 25
C 194 14
C 195 14
C 196 9
C 197 18
C 198 5
C 199 1
C 200 19
C 201 8
C 202 24
C 203 0
C 204 18
C 205 10
C 206 11
C 207 6
C 208 22
C 209 18
C 210 7
C 211 9
C 212 26
C 213 1
C 214 9
C 215 14
C 216 11
C 217 18
C 218 23
C 219 18
C 220 3
C 221 10
C 222 2
C 223 1
C 224 18
C 225 19
C 226 4
C 227 26
C 228 1
C 229 24
C 230 6
C 231 9
C 232 23
C 233 1
C 234 10
C 235 6
C 236 12
C 237 1
C 238 21
C 239 12
C 240 17
C 241 8
C 242 15
C 243 3
C 244 5
C 245 5
C 246 19
C 247 1
C 248 16
C 249 25
C 250 19
C 251 15
C 252 6
C 253 5
C 254 3
C 255 18
C 256 0
C 257 22
C 258 1
C 259 21
C 260 11
C 261 11
C 262 12
C 263 20
C 264 14
C 265 24
C 266 20
C 267 9
C 268 10
C 269 8
C 270 14
C 271 20
C 272 24
C 273 7
C 274 26
C 275 19
C 276 11
C 277 19
C 278 17
C 279 20
C 280 0
C 281 0
C 282 0
C 283 0
C 284 0
C 285 0
C 286 0
C 287 0
C 288 0
C 289 0
C 290 0
C 291 0
C 292 0
C 293 0
C 294 0
C 295 0
C 296 0
C 297 0
C 298 0
C 299 0
C 300 18
C 301 1
C 302 8
C 303 14
C 304 11
C 305 15
C 306 12
C 307 7
C 308 6
C 309 3
C 310 20
C 311 20
C 312 21
C 313 12
C 314 24
C 315 0
C 316 9
C 317 3
C 318 18
C 319 21
C 320 17
C 321 17
C 322 2
C 323 16
C 324 18
C 325 20
C 326 8
C 327 0
C 328 15
C 329 2
C 330 6
C 331 7
C 332 10
C 333 19
C 334 17
C 335 6
C 336 1
C 337 14
C 338 8
C 339 26
C 340 21
C 341 25
C 342 19
C 343 22
C 344 11
C 345 17
C 346 22
C 347 6
C 348 26
C 349 16
C 350 8
I 0 1 15 (2,5,0) (1,-1,1,0)|(0,0,1,0)|(-1,-1,-1,0)
I 3 2 13 (4,2,0) (-1,0,-1,0)
I 3 3 7 (2,1,1) (1,-1,0,0)
