D (9,-1,-1) (5,5,4)
D (12,-1,-1) (1,3,5)
D (8,9,10) (3,3,0)
D (9,10,11) (4,2,2)
D (11,-1,-1) (0,4,1)
D (7,8,9) (2,3,3)
D (9,-1,-1) (1,0,1)
D (11,12,-1) (2,3,4)
D (12,10,-1) (4,1,0)
D (9,10,-1) (4,3,4)
D (8,9,10) (1,1,5)
D (8,-1,-1) (3,0,1)
D (11,12,-1) (5,3,2)
D (7,-1,-1) (3,4,2)
D (7,8,9) (3,4,3)
D (12,-1,-1) (3,3,4)
D (12,-1,-1) (5,3,3)
D (8,9,-1) (0,0,5)
D (12,-1,-1) (0,1,4)
D (7,-1,-1) (2,5,4)
D (7,8,9) (0,1,2)
D (12,-1,-1) (4,3,5)
D (7,8,9) (0,3,0)
D (9,10,-1) (0,5,2)
D (8,9,-1) (5,3,4)
D (9,10,11) (0,0,2)
D (8,9,-1) (2,0,2)
D (7,8,-1) (4,4,3)
D (11,12,-1) (5,3,5)
D (10,11,-1) (5,5,5)
D (10,11,-1) (4,2,3)
D (10,11,12) (2,5,2)
D (11,12,-1) (3,5,5)
D (8,-1,-1) (4,0,5)
D (9,10,11) (4,5,5)
D (12,-1,-1) (2,0,3)
D (8,9,10) (1,5,1)
D (8,9,10) (2,1,0)
D (10,11,12) (4,0,1)
D (9,10,11) (4,3,0)
D (9,-1,-1) (4,1,4)
D (7,8,9) (0,0,4)
D (10,11,12) (3,1,5)
D (8,-1,-1) (3,2,1)
D (10,-1,-1) (4,5,3)
D (11,12,-1) (4,3,3)
D (10,11,-1) (5,1,4)
D (9,10,11) (2,3,0)
C 0 12
C 1 9
C 2 19
C 3 26
C 4 1
C 5 16
C 6 25
C 7 17
C 8 19
C 9 3
C 10 7
C 11 26
C 12 23
C 13 21
C 14 20
C 15 3
C 16 23
C 17 6
C 18 14
C 19 3
C 20 2
C 21 12
C 22 20
C 23 11
C 24 9
C 25 3
C 26 3
C 27 5
C 28 7
C 29 19
C 30 2
C 31 4
C 32 9
C 33 12
C 34 9
C 35 11
C 36 22
C 37 2
C 38 9
C 39 18
C 40 17
C 41 6
C 42 26
C 43 12
C 44 17
C 45 7
C 46 9
C 47 12
C 48 15
C 49 26
C 50 0
C 51 8
C 52 25
C 53 9
C 54 23
C 55 14
C 56 3
C 57 11
C 58 23
C 59 3
C 60 0
C 61 24
C 62 15
C 63 22
C 64 0
C 65 0
C 66 0
C 67 0
C 68 0
C 69 0
C 70 0
C 71 0
C 72 0
C 73 0
C 74 0
C 75 0
C 76 0
C 77 0
C 78 0
C 79 0
C 80 0
C 81 0
C 82 0
C 83 0
C 84 0
C 85 0
C 86 0
C 87 0
C 88 0
C 89 0
C 90 0
C 91 0
C 92 0
C 93 0
C 94 0
C 95 0
C 96 0
C 97 0
C 98 0
C 99 0
C 100 0
C 101 0
C 102 0
C 103 0
C 104 0
C 105 0
C 106 0
C 107 0
C 108 0
C 109 0
C 110 0
C 111 0
C 112 0
C 113 0
C 114 0
C 115 0
C 116 0
C 117 0
C 118 0
C 119 0
C 120 0
C 121 0
C 122 0
C 123 0
C 124 23
C 125 4
C 126 11
C 127 12
C 128 21
C 129 23
C 130 18
C 131 6
C 132 19
C 133 16
C 134 7
C 135 24
C 136 8
C 137 9
C 138 6
C 139 8
C 140 3
C 141 12
C 142 5
C 143 23
C 144 17
C 145 10
C 146 9
C 147 10
C 148 0
C 149 26
C 150 3
C 151 5
C 152 4
C 153 21
C 154 5
C 155 16
C 156 5
C 157 9
C 158 5
C 159 23
C 160 17
C 161 24
C 162 1
C 163 4
C 164 20
C 165 26
C 166 2
C 167 20
C 168 0
C 169 26
C 170 10
C 171 26
C 172 14
C 173 16
C 174 8
C 175 10
C 176 8
C 177 6
C 178 5
C 179 16
C 180 15
C 181 4
C 182 25
C 183 24
C 184 4
C 185 6
C 186 14
C 187 24
C 188 5
C 189 19
C 190 17
C 191 23
C 192 18
C 193 14
C 194 19
C 195 1
C 196 21
C 197 4
C 198 11
C 199 25
C 200 20
C 201 25
C 202 1
C 203 7
C 204 20
C 205 21
C 206 15
C 207 15
C 208 8
C 209 21
C 210 7
C 211 16
C 212 5
C 213 9
C 214 2
C 215 20
C 216 9
C 217 14
C 218 21
C 219 5
C 220 6
C 221 12
C 222 8
C 223 20
C 224 0
C 225 10
C 226 12
C 227 1
C 228 26
C 229 5
C 230 19
C 231 20
C 232 20
C 233 5
C 234 20
C 235 7
C 236 25
C 237 20
C 238 2
C 239 2
C 240 19
C 241 9
C 242 0
C 243 1
C 244 4
C 245 4
C 246 24
C 247 6
C 248 2
C 249 6
C 250 7
C 251 14
C 252 9
C 253 18
C 254 12
C 255 15
C 256 11
C 257 6
C 258 3
C 259 8
C 260 6
C 261 23
C 262 16
C 263 22
C 264 22
C 265 21
C 266 15
C 267 26
C 268 10
C 269 0
C 270 8
C 271 24
C 272 17
C 273 22
C 274 11
C 275 19
C 276 26
C 277 15
C 278 12
C 279 9
C 280 6
C 281 1
C 282 25
C 283 0
C 284 4
C 285 22
C 286 17
C 287 7
C 288 23
C 289 20
C 290 23
C 291 0
C 292 3
C 293 1
C 294 4
C 295 5
C 296 18
C 297 9
C 298 17
C 299 5
C 300 0
C 301 17
C 302 6
C 303 21
C 304 19
C 305 8
C 306 1
C 307 11
C 308 6
C 309 14
C 310 8
C 311 8
C 312 1
C 313 6
C 314 24
C 315 20
C 316 1
C 317 19
C 318 16
C 319 18
C 320 25
C 321 24
C 322 19
C 323 15
C 324 3
C 325 1
C 326 21
C 327 10
C 328 22
C 329 23
C 330 25
C 331 17
C 332 23
C 333 26
C 334 9
C 335 22
C 336 20
C 337 21
C 338 18
C 339 0
C 340 18
C 341 20
C 342 8
C 343 17
C 344 15
C 345 15
C 346 2
C 347 18
C 348 26
C 349 25
C 350 6
I 3 2 14 (5,1,0) (0,-1,0,0)|(-1,-1,-1,0)
I 0 2 7 (2,2,2) (-1,0,-1,0)|(1,1,1,0)
