D (8,9,-1) (4,2,2)
D (10,-1,-1) (0,2,4)
D (12,-1,-1) (2,4,3)
D (8,9,10) (3,4,2)
D (10,-1,-1) (0,1,4)
D (7,8,9) (2,0,2)
D (11,-1,-1) (0,4,4)
D (7,-1,-1) (2,5,4)
D (10,11,12) (0,5,3)
D (9,10,11) (2,5,5)
D (9,-1,-1) (5,3,0)
D (10,11,12) (1,2,3)
D (10,-1,-1) (3,0,4)
D (8,9,-1) (5,2,2)
D (11,-1,-1) (4,1,0)
D (10,11,12) (3,5,4)
D (11,12,-1) (4,0,1)
D (9,10,11) (3,5,1)
D (7,8,-1) (2,2,2)
D (7,8,-1) (1,5,0)
D (12,-1,-1) (5,0,0)
D (9,10,-1) (4,2,0)
D (10,-1,-1) (4,2,5)
D (7,8,-1) (3,1,2)
D (10,-1,-1) (4,4,0)
D (12,-1,-1) (3,0,5)
D (12,-1,-1) (3,2,2)
D (11,-1,-1) (3,2,5)
D (12,-1,-1) (5,4,4)
D (8,9,10) (0,4,0)
D (11,-1,-1) (5,2,5)
D (7,-1,-1) (5,0,5)
D (7,-1,-1) (4,3,4)
D (12,-1,-1) (2,0,0)
D (9,-1,-1) (4,1,5)
D (11,-1,-1) (1,2,5)
D (10,11,-1) (0,2,0)
D (10,11,12) (3,0,3)
D (7,8,-1) (2,1,4)
D (9,10,-1) (1,1,5)
D (10,-1,-1) (0,4,1)
D (8,9,10) (0,4,3)
D (12,-1,-1) (0,3,3)
D (9,-1,-1) (3,3,1)
C 0 22
C 1 26
C 2 14
C 3 4
C 4 15
C 5 17
C 6 17
C 7 19
C 8 6
C 9 7
C 10 17
C 11 6
C 12 14
C 13 3
C 14 9
C 15 3
C 16 4
C 17 2
C 18 5
C 19 12
C 20 4
C 21 18
C 22 26
C 23 11
C 24 7
C 25 15
C 26 7
C 27 6
C 28 22
C 29 5
C 30 17
C 31 9
C 32 1
C 33 23
C 34 2
C 35 5
C 36 14
C 37 26
C 38 9
C 39 12
C 40 3
C 41 20
C 42 17
C 43 22
C 44 2
C 45 0
C 46 0
C 47 0
C 48 0
C 49 0
C 50 0
C 51 0
C 52 0
C 53 0
C 54 0
C 55 0
C 56 0
C 57 0
C 58 0
C 59 0
C 60 0
C 61 0
C 62 0
C 63 0
C 64 0
C 65 0
C 66 0
C 67 0
C 68 0
C 69 0
C 70 0
C 71 0
C 72 0
C 73 0
C 74 0
C 75 0
C 76 0
C 77 0
C 78 0
C 79 0
C 80 0
C 81 0
C 82 0
C 83 0
C 84 0
C 85 0
C 86 0
C 87 0
C 88 0
C 89 0
C 90 0
C 91 0
C 92 0
C 93 0
C 94 0
C 95 0
C 96 0
C 97 0
C 98 0
C 99 0
C 100 0
C 101 0
C 102 0
C 103 0
C 104 0
C 105 0
C 106 0
C 107 0
C 108 0
C 109 0
C 110 0
C 111 0
C 112 0
C 113 0
C 114 0
C 115 0
C 116 0
C 117 0
C 118 0
C 119 0
C 120 0
C 121 0
C 122 0
C 123 0
C 124 22
C 125 15
C 126 25
C 127 5
C 128 20
C 129 3
C 130 7
C 131 9
C 132 8
C 133 1
C 134 26
C 135 1
C 136 19
C 137 10
C 138 9
C 139 17
C 140 16
C 141 0
C 142 19
C 143 16
C 144 0
C 145 10
C 146 5
C 147 14
C 148 1
C 149 14
C 150 0
C 151 14
C 152 14
C 153 11
C 154 11
C 155 5
C 156 20
C 157 2
C 158 26
C 159 0
C 160 1
C 161 19
C 162 19
C 163 15
C 164 18
C 165 16
C 166 9
C 167 12
C 168 3
C 169 14
C 170 24
C 171 7
C 172 7
C 173 15
C 174 21
C 175 10
C 176 12
C 177 17
C 178 25
C 179 6
C 180 7
C 181 3
C 182 24
C 183 16
C 184 16
C 185 9
C 186 10
C 187 15
C 188 23
C 189 14
C 190 21
C 191 19
C 192 7
C 193 5
C 194 15
C 195 21
C 196 20
C 197 20
C 198 26
C 199 5
C 200 23
C 201 26
C 202 3
C 203 23
C 204 4
C 205 20
C 206 3
C 207 16
C 208 3
C 209 25
C 210 16
C 211 14
C 212 25
C 213 10
C 214 2
C 215 9
C 216 2
C 217 22
C 218 11
C 219 1
C 220 3
C 221 18
C 222 2
C 223 4
C 224 8
C 225 3
C 226 17
C 227 9
C 228 25
C 229 7
C 230 21
C 231 9
C 232 1
C 233 20
C 234 15
C 235 22
C 236 17
C 237 24
C 238 18
C 239 9
C 240 16
C 241 9
C 242 3
C 243 18
C 244 20
C 245 22
C 246 24
C 247 26
C 248 26
C 249 18
C 250 14
C 251 19
C 252 16
C 253 21
C 254 15
C 255 5
C 256 26
C 257 19
C 258 2
C 259 23
C 260 11
C 261 11
C 262 17
C 263 5
C 264 24
C 265 24
C 266 15
C 267 14
C 268 6
C 269 3
C 270 2
C 271 25
C 272 20
C 273 5
C 274 16
C 275 0
C 276 18
C 277 4
C 278 5
C 279 0
C 280 12
C 281 22
C 282 14
C 283 14
C 284 21
C 285 22
C 286 20
C 287 9
C 288 21
C 289 24
C 290 20
C 291 19
C 292 7
C 293 8
C 294 16
C 295 7
C 296 24
C 297 23
C 298 19
C 299 23
C 300 11
C 301 24
C 302 14
C 303 21
C 304 21
C 305 2
C 306 3
C 307 22
C 308 4
C 309 24
C 310 1
C 311 12
C 312 20
C 313 3
C 314 26
C 315 20
C 316 19
C 317 1
C 318 17
C 319 0
C 320 19
C 321 12
C 322 7
C 323 25
C 324 16
C 325 9
C 326 25
C 327 10
C 328 8
C 329 23
C 330 12
C 331 18
C 332 19
C 333 16
C 334 4
C 335 21
C 336 10
C 337 19
C 338 8
C 339 26
C 340 26
C 341 12
C 342 24
C 343 10
C 344 16
C 345 9
C 346 23
C 347 10
C 348 16
C 349 25
C 350 10
I 4 1 4 (1,3,3) (0,-1,-1,0)|(0,-1,1,0)
I 3 3 15 (0,2,2) (1,-1,0,0)|(-1,0,0,0)
I 4 3 4 (2,1,5) (-1,-1,1,0)|(-1,-1,0,0)
