D (6,7,8) (1,1,5)
D (6,-1,-1) (3,0,0)
D (6,7,8) (3,3,1)
D (6,7,8) (3,4,4)
D (3,9,-1) (1,2,0)
D (8,3,-1) (1,5,2)
D (7,8,3) (2,1,4)
D (6,7,8) (3,1,1)
D (7,-1,-1) (5,3,2)
D (7,-1,-1) (1,3,0)
D (3,9,-1) (1,4,0)
D (8,-1,-1) (2,0,1)
D (3,9,-1) (2,5,2)
D (3,9,-1) (4,5,2)
D (8,-1,-1) (5,3,1)
D (9,-1,-1) (1,0,1)
D (7,8,3) (1,3,3)
D (9,-1,-1) (0,4,1)
D (8,3,-1) (2,3,2)
D (6,-1,-1) (2,3,4)
D (9,-1,-1) (5,4,4)
D (7,-1,-1) (3,5,0)
D (8,-1,-1) (0,4,5)
D (8,-1,-1) (0,4,4)
D (6,7,-1) (4,3,5)
D (6,7,-1) (0,0,2)
D (8,-1,-1) (5,4,3)
D (8,-1,-1) (2,0,0)
D (9,-1,-1) (5,2,5)
D (3,9,-1) (1,4,4)
D (3,-1,-1) (3,5,3)
D (7,8,3) (0,0,4)
D (3,9,-1) (3,5,2)
D (3,-1,-1) (2,1,2)
D (7,-1,-1) (1,1,4)
D (8,3,9) (0,3,2)
D (7,8,-1) (4,5,3)
D (9,-1,-1) (5,2,2)
D (7,8,3) (2,5,3)
D (7,-1,-1) (2,4,5)
D (9,-1,-1) (3,2,4)
D (6,-1,-1) (1,2,2)
D (6,7,-1) (4,1,5)
C 0 20
C 1 24
C 2 21
C 3 9
C 4 10
C 5 17
C 6 19
C 7 4
C 8 18
C 9 11
C 10 14
C 11 4
C 12 2
C 13 21
C 14 23
C 15 6
C 16 11
C 17 12
C 18 15
C 19 9
C 20 17
C 21 10
C 22 9
C 23 26
C 24 11
C 25 24
C 26 25
C 27 10
C 28 18
C 29 21
C 30 14
C 31 2
C 32 0
C 33 0
C 34 0
C 35 0
C 36 0
C 37 0
C 38 0
C 39 0
C 40 0
C 41 0
C 42 0
C 43 0
C 44 0
C 45 0
C 46 0
C 47 0
C 48 0
C 49 16
C 50 3
C 51 4
C 52 20
C 53 8
C 54 20
C 55 6
C 56 9
C 57 0
C 58 2
C 59 26
C 60 16
C 61 23
C 62 14
C 63 7
C 64 25
C 65 20
C 66 22
C 67 22
C 68 23
C 69 8
C 70 15
C 71 6
C 72 23
C 73 6
C 74 21
C 75 11
C 76 14
C 77 10
C 78 10
C 79 4
C 80 24
C 81 23
C 82 1
C 83 26
C 84 21
C 85 0
C 86 24
C 87 12
C 88 23
C 89 4
C 90 19
C 91 5
C 92 16
C 93 7
C 94 21
C 95 22
C 96 26
C 97 0
C 98 4
C 99 18
C 100 4
C 101 2
C 102 9
C 103 10
C 104 4
C 105 17
C 106 9
C 107 26
C 108 21
C 109 26
C 110 22
C 111 21
C 112 10
C 113 7
C 114 1
C 115 5
C 116 5
C 117 20
C 118 0
C 119 16
C 120 6
C 121 22
C 122 20
C 123 17
C 124 8
C 125 26
C 126 12
C 127 20
C 128 26
C 129 15
C 130 24
C 131 12
C 132 19
C 133 1
C 134 1
C 135 11
C 136 9
C 137 2
C 138 16
C 139 17
C 140 23
C 141 19
C 142 3
C 143 15
C 144 4
C 145 5
C 146 11
C 147 8
C 148 15
C 149 7
C 150 16
C 151 3
C 152 26
C 153 3
C 154 26
C 155 5
C 156 2
C 157 2
C 158 9
C 159 12
C 160 6
C 161 23
C 162 0
C 163 21
C 164 19
C 165 25
C 166 17
C 167 14
C 168 24
C 169 20
C 170 18
C 171 23
C 172 7
C 173 18
C 174 14
C 175 23
C 176 4
C 177 18
C 178 0
C 179 17
C 180 14
C 181 4
C 182 19
C 183 26
C 184 1
C 185 21
C 186 10
C 187 8
C 188 0
C 189 3
C 190 5
C 191 12
C 192 1
C 193 9
C 194 20
C 195 7
C 196 9
C 197 19
C 198 26
C 199 5
C 200 6
C 201 21
C 202 8
C 203 0
C 204 16
C 205 15
C 206 18
C 207 16
C 208 15
C 209 19
C 210 26
C 211 20
C 212 11
C 213 18
C 214 25
C 215 14
C 216 9
C 217 26
C 218 11
C 219 3
C 220 0
C 221 12
C 222 25
C 223 21
C 224 3
C 225 12
C 226 26
C 227 5
C 228 12
C 229 22
C 230 16
C 231 19
C 232 14
C 233 1
C 234 23
C 235 22
C 236 6
C 237 5
C 238 21
C 239 6
C 240 12
C 241 4
C 242 22
C 243 6
C 244 23
C 245 17
C 246 22
C 247 8
C 248 4
C 249 5
C 250 2
C 251 1
C 252 24
C 253 1
C 254 11
C 255 8
C 256 26
C 257 12
C 258 26
C 259 3
C 260 18
C 261 0
C 262 6
C 263 4
C 264 0
C 265 22
C 266 10
C 267 11
C 268 15
C 269 18
I 0 2 4 (3,0,4) (-1,1,-1,0)|(1,-1,0,0)|(-1,1,1,0)
I 3 2 13 (3,4,4) (1,0,0,0)|(-1,1,0,0)|(1,-1,-1,0)|(1,1,-1,0)|(1,1,0,0)
I 0 2 3 (2,5,5) (1,0,0,0)|(1,-1,-1,0)
