D (8,-1,-1) (1,1,2)
D (3,9,-1) (1,3,0)
D (9,-1,-1) (0,3,0)
D (7,8,-1) (0,4,2)
D (3,9,-1) (5,0,2)
D (6,7,8) (2,3,1)
D (3,-1,-1) (4,2,1)
D (3,9,-1) (2,0,3)
D (8,3,-1) (0,3,1)
D (7,-1,-1) (0,2,2)
D (7,-1,-1) (4,1,2)
D (3,-1,-1) (2,3,0)
D (7,-1,-1) (0,5,3)
D (3,9,-1) (1,4,5)
D (3,9,-1) (5,5,1)
D (3,-1,-1) (0,2,1)
D (7,-1,-1) (2,5,3)
D (3,-1,-1) (3,2,4)
D (9,-1,-1) (1,1,5)
D (9,-1,-1) (2,5,2)
D (9,-1,-1) (2,4,1)
D (3,9,-1) (2,2,0)
D (7,8,3) (2,4,5)
D (3,9,-1) (1,4,2)
D (3,9,-1) (4,1,3)
D (6,7,-1) (1,5,3)
D (8,-1,-1) (0,5,5)
D (6,7,-1) (0,4,5)
D (7,8,-1) (3,3,3)
D (9,-1,-1) (2,4,2)
D (9,-1,-1) (0,2,3)
D (9,-1,-1) (1,3,5)
D (3,-1,-1) (4,0,0)
D (6,-1,-1) (3,1,5)
D (3,9,-1) (3,0,1)
D (8,3,9) (3,0,3)
D (9,-1,-1) (2,0,0)
D (8,-1,-1) (4,5,3)
D (6,7,8) (1,4,4)
D (8,3,9) (0,0,4)
C 0 9
C 1 20
C 2 18
C 3 11
C 4 1
C 5 11
C 6 10
C 7 2
C 8 18
C 9 21
C 10 17
C 11 0
C 12 5
C 13 24
C 14 4
C 15 5
C 16 4
C 17 3
C 18 14
C 19 15
C 20 9
C 21 20
C 22 24
C 23 25
C 24 25
C 25 9
C 26 6
C 27 3
C 28 23
C 29 17
C 30 5
C 31 10
C 32 19
C 33 8
C 34 1
C 35 24
C 36 25
C 37 8
C 38 5
C 39 12
C 40 8
C 41 19
C 42 22
C 43 0
C 44 12
C 45 15
C 46 16
C 47 20
C 48 15
C 49 3
C 50 1
C 51 24
C 52 12
C 53 7
C 54 8
C 55 20
C 56 26
C 57 24
C 58 22
C 59 5
C 60 16
C 61 2
C 62 24
C 63 23
C 64 2
C 65 6
C 66 18
C 67 3
C 68 23
C 69 3
C 70 6
C 71 3
C 72 4
C 73 25
C 74 15
C 75 19
C 76 8
C 77 21
C 78 1
C 79 5
C 80 24
C 81 12
C 82 17
C 83 6
C 84 23
C 85 20
C 86 9
C 87 22
C 88 16
C 89 5
C 90 14
C 91 22
C 92 11
C 93 5
C 94 12
C 95 8
C 96 22
C 97 12
C 98 8
C 99 25
C 100 11
C 101 26
C 102 5
C 103 19
C 104 17
C 105 3
C 106 24
C 107 16
C 108 11
C 109 4
C 110 2
C 111 11
C 112 21
C 113 3
C 114 0
C 115 22
C 116 5
C 117 22
C 118 8
C 119 20
C 120 21
C 121 1
C 122 15
C 123 12
C 124 25
C 125 11
C 126 25
C 127 16
C 128 25
C 129 4
C 130 23
C 131 14
C 132 9
C 133 1
C 134 22
C 135 0
C 136 8
C 137 15
C 138 23
C 139 7
C 140 4
C 141 7
C 142 19
C 143 16
C 144 3
C 145 24
C 146 21
C 147 7
C 148 24
C 149 14
C 150 5
C 151 4
C 152 19
C 153 1
C 154 3
C 155 11
C 156 19
C 157 6
C 158 16
C 159 26
C 160 8
C 161 6
C 162 11
C 163 24
C 164 17
C 165 20
C 166 22
C 167 1
C 168 17
C 169 10
C 170 16
C 171 18
C 172 10
C 173 9
C 174 0
C 175 3
C 176 7
C 177 24
C 178 26
C 179 18
C 180 7
C 181 17
C 182 18
C 183 25
C 184 17
C 185 7
C 186 24
C 187 16
C 188 8
C 189 6
C 190 12
C 191 19
C 192 0
C 193 22
C 194 11
C 195 0
C 196 0
C 197 0
C 198 0
C 199 0
C 200 0
C 201 0
C 202 0
C 203 0
C 204 0
C 205 0
C 206 0
C 207 0
C 208 0
C 209 0
C 210 0
C 211 0
C 212 0
C 213 0
C 214 0
C 215 0
C 216 0
C 217 0
C 218 0
C 219 0
C 220 0
C 221 0
C 222 0
C 223 0
C 224 0
C 225 0
C 226 0
C 227 0
C 228 0
C 229 0
C 230 0
C 231 0
C 232 0
C 233 0
C 234 0
C 235 0
C 236 0
C 237 0
C 238 0
C 239 0
C 240 0
C 241 0
C 242 0
C 243 0
C 244 0
C 245 0
C 246 8
C 247 20
C 248 9
C 249 2
C 250 4
C 251 8
C 252 0
C 253 22
C 254 25
C 255 8
C 256 1
C 257 21
C 258 14
C 259 18
C 260 8
C 261 10
C 262 7
C 263 23
C 264 26
C 265 2
C 266 20
C 267 1
C 268 6
C 269 0
I 4 1 14 (4,4,3) (0,0,0,0)
I 0 2 14 (3,3,1) (1,0,0,0)|(-1,-1,-1,0)
I 4 1 14 (4,4,3) (-1,1,1,0)
