D (3,9,-1) (4,4,0)
D (8,3,9) (4,1,0)
D (6,-1,-1) (5,4,4)
D (3,9,-1) (3,4,1)
D (3,9,-1) (3,0,4)
D (9,-1,-1) (4,1,2)
D (7,8,3) (4,4,3)
D (7,-1,-1) (3,2,1)
D (9,-1,-1) (5,5,4)
D (9,-1,-1) (3,2,4)
D (9,-1,-1) (4,0,4)
D (6,7,-1) (2,4,3)
D (7,-1,-1) (3,2,3)
D (9,-1,-1) (5,1,2)
D (9,-1,-1) (2,0,4)
D (9,-1,-1) (0,0,5)
D (6,7,-1) (1,0,1)
D (3,-1,-1) (3,0,3)
D (8,3,9) (4,5,1)
D (7,-1,-1) (0,1,3)
D (9,-1,-1) (1,2,2)
D (3,9,-1) (4,1,1)
D (3,9,-1) (4,5,2)
D (9,-1,-1) (1,5,5)
D (6,7,8) (1,0,0)
D (6,7,-1) (2,5,1)
D (9,-1,-1) (5,2,4)
D (7,8,3) (0,2,4)
D (7,8,3) (3,1,4)
D (8,-1,-1) (1,4,2)
D (8,3,-1) (3,5,0)
D (7,-1,-1) (4,0,0)
D (8,-1,-1) (0,2,1)
D (9,-1,-1) (3,0,0)
D (6,7,8) (3,5,2)
D (3,9,-1) (5,2,0)
C 0 17
C 1 6
C 2 16
C 3 19
C 4 0
C 5 0
C 6 0
C 7 0
C 8 0
C 9 0
C 10 0
C 11 0
C 12 0
C 13 0
C 14 0
C 15 0
C 16 0
C 17 0
C 18 0
C 19 0
C 20 0
C 21 0
C 22 0
C 23 0
C 24 0
C 25 0
C 26 0
C 27 0
C 28 0
C 29 0
C 30 0
C 31 0
C 32 0
C 33 0
C 34 0
C 35 0
C 36 0
C 37 0
C 38 0
C 39 0
C 40 0
C 41 0
C 42 0
C 43 0
C 44 0
C 45 0
C 46 0
C 47 0
C 48 0
C 49 0
C 50 1
C 51 19
C 52 19
C 53 20
C 54 7
C 55 24
C 56 19
C 57 18
C 58 21
C 59 20
C 60 16
C 61 18
C 62 18
C 63 7
C 64 5
C 65 24
C 66 20
C 67 22
C 68 2
C 69 0
C 70 0
C 71 0
C 72 0
C 73 0
C 74 0
C 75 0
C 76 0
C 77 0
C 78 0
C 79 0
C 80 0
C 81 0
C 82 0
C 83 0
C 84 0
C 85 0
C 86 0
C 87 0
C 88 0
C 89 0
C 90 0
C 91 0
C 92 0
C 93 0
C 94 0
C 95 0
C 96 0
C 97 0
C 98 0
C 99 0
C 100 0
C 101 0
C 102 0
C 103 0
C 104 11
C 105 9
C 106 4
C 107 10
C 108 6
C 109 19
C 110 22
C 111 25
C 112 21
C 113 19
C 114 5
C 115 17
C 116 2
C 117 20
C 118 21
C 119 4
C 120 3
C 121 26
C 122 2
C 123 22
C 124 23
C 125 18
C 126 7
C 127 3
C 128 21
C 129 6
C 130 12
C 131 16
C 132 23
C 133 15
C 134 22
C 135 14
C 136 15
C 137 2
C 138 22
C 139 0
C 140 19
C 141 9
C 142 21
C 143 20
C 144 23
C 145 4
C 146 2
C 147 18
C 148 16
C 149 10
C 150 22
C 151 1
C 152 14
C 153 10
C 154 23
C 155 0
C 156 0
C 157 0
C 158 0
C 159 0
C 160 0
C 161 0
C 162 0
C 163 0
C 164 0
C 165 0
C 166 0
C 167 0
C 168 0
C 169 0
C 170 0
C 171 0
C 172 0
C 173 0
C 174 0
C 175 0
C 176 0
C 177 0
C 178 0
C 179 0
C 180 0
C 181 0
C 182 0
C 183 0
C 184 0
C 185 0
C 186 0
C 187 0
C 188 0
C 189 0
C 190 0
C 191 0
C 192 0
C 193 0
C 194 16
C 195 6
C 196 2
C 197 5
C 198 0
C 199 25
C 200 14
C 201 8
C 202 6
C 203 1
C 204 3
C 205 26
C 206 3
C 207 15
C 208 22
C 209 24
C 210 15
C 211 14
C 212 5
C 213 22
C 214 16
C 215 25
C 216 10
C 217 18
C 218 3
C 219 18
C 220 3
C 221 3
C 222 12
C 223 11
C 224 15
C 225 26
C 226 4
C 227 24
C 228 26
C 229 7
C 230 16
C 231 17
C 232 8
C 233 10
C 234 9
C 235 23
C 236 25
C 237 15
C 238 11
C 239 9
C 240 5
C 241 19
C 242 5
C 243 21
C 244 19
C 245 10
C 246 10
C 247 21
C 248 22
C 249 0
C 250 15
C 251 22
C 252 6
C 253 25
C 254 17
C 255 3
C 256 25
C 257 9
C 258 18
C 259 8
C 260 18
C 261 22
C 262 19
C 263 9
C 264 21
C 265 12
C 266 16
C 267 18
C 268 17
C 269 4
I 1 2 14 (3,0,0) (-1,-1,-1,0)
I 0 3 1 (0,0,0) (1,1,0,0)|(0,-1,0,0)
I 2 1 4 (3,3,2) (1,0,0,0)
