D (8,3,9) (4,1,5)
D (6,7,-1) (4,4,3)
D (7,-1,-1) (2,4,5)
D (9,-1,-1) (0,2,5)
D (8,-1,-1) (4,3,5)
D (9,-1,-1) (2,1,1)
D (8,-1,-1) (1,2,5)
D (3,-1,-1) (1,1,4)
D (3,-1,-1) (0,5,4)
D (3,9,-1) (5,3,0)
D (3,9,-1) (1,4,3)
D (8,-1,-1) (4,0,4)
D (6,-1,-1) (0,4,5)
D (7,8,3) (4,5,4)
D (6,7,-1) (4,4,2)
D (6,7,-1) (4,3,0)
D (8,3,9) (5,2,3)
D (6,7,-1) (1,5,2)
D (8,3,-1) (3,3,4)
D (8,3,9) (2,3,2)
D (9,-1,-1) (5,4,5)
D (8,-1,-1) (1,5,0)
D (9,-1,-1) (4,2,3)
D (7,8,3) (5,3,3)
D (9,-1,-1) (5,2,0)
D (6,7,-1) (5,2,4)
D (7,-1,-1) (3,1,0)
D (8,3,-1) (2,1,2)
D (7,8,3) (4,4,4)
D (7,-1,-1) (1,1,1)
D (6,-1,-1) (2,1,3)
D (7,8,3) (2,2,3)
D (7,-1,-1) (5,1,1)
D (8,3,9) (2,4,3)
D (9,-1,-1) (3,1,5)
D (9,-1,-1) (5,1,4)
D (7,-1,-1) (3,4,2)
D (7,8,3) (2,4,1)
D (3,9,-1) (0,1,1)
D (6,7,-1) (3,0,5)
D (8,3,9) (2,2,0)
D (8,-1,-1) (5,3,5)
D (8,3,-1) (5,0,2)
D (3,-1,-1) (1,3,3)
D (8,-1,-1) (3,2,3)
D (8,3,9) (4,4,5)
D (9,-1,-1) (2,0,0)
D (8,3,-1) (2,4,2)
D (9,-1,-1) (1,3,4)
D (6,7,8) (3,2,5)
D (7,8,3) (1,4,2)
D (3,9,-1) (1,0,1)
C 0 3
C 1 18
C 2 25
C 3 10
C 4 16
C 5 4
C 6 25
C 7 17
C 8 7
C 9 10
C 10 25
C 11 19
C 12 6
C 13 12
C 14 7
C 15 2
C 16 25
C 17 15
C 18 16
C 19 10
C 20 17
C 21 18
C 22 16
C 23 4
C 24 0
C 25 14
C 26 26
C 27 11
C 28 6
C 29 14
C 30 24
C 31 24
C 32 16
C 33 2
C 34 12
C 35 24
C 36 25
C 37 14
C 38 7
C 39 12
C 40 4
C 41 3
C 42 26
C 43 3
C 44 5
C 45 12
C 46 5
C 47 5
C 48 6
C 49 1
C 50 12
C 51 23
C 52 18
C 53 22
C 54 3
C 55 24
C 56 15
C 57 8
C 58 2
C 59 11
C 60 11
C 61 7
C 62 24
C 63 18
C 64 17
C 65 7
C 66 2
C 67 3
C 68 12
C 69 23
C 70 6
C 71 11
C 72 1
C 73 15
C 74 25
C 75 20
C 76 22
C 77 11
C 78 1
C 79 14
C 80 15
C 81 10
C 82 6
C 83 1
C 84 24
C 85 1
C 86 2
C 87 15
C 88 1
C 89 10
C 90 8
C 91 14
C 92 9
C 93 23
C 94 26
C 95 2
C 96 17
C 97 11
C 98 1
C 99 24
C 100 4
C 101 26
C 102 12
C 103 14
C 104 18
C 105 15
C 106 9
C 107 8
C 108 10
C 109 16
C 110 2
C 111 20
C 112 10
C 113 8
C 114 0
C 115 22
C 116 26
C 117 15
C 118 23
C 119 25
C 120 4
C 121 15
C 122 2
C 123 8
C 124 5
C 125 4
C 126 26
C 127 3
C 128 7
C 129 20
C 130 14
C 131 8
C 132 11
C 133 0
C 134 9
C 135 25
C 136 0
C 137 2
C 138 5
C 139 7
C 140 6
C 141 7
C 142 10
C 143 3
C 144 25
C 145 19
C 146 22
C 147 16
C 148 19
C 149 10
C 150 23
C 151 25
C 152 1
C 153 1
C 154 11
C 155 6
C 156 0
C 157 0
C 158 0
C 159 0
C 160 0
C 161 11
C 162 15
C 163 25
C 164 25
C 165 20
C 166 21
C 167 2
C 168 9
C 169 3
C 170 10
C 171 26
C 172 11
C 173 11
C 174 12
C 175 3
C 176 10
C 177 24
C 178 17
C 179 11
C 180 20
C 181 7
C 182 22
C 183 16
C 184 21
C 185 5
C 186 22
C 187 19
C 188 10
C 189 19
C 190 17
C 191 18
C 192 11
C 193 7
C 194 18
C 195 14
C 196 21
C 197 11
C 198 24
C 199 26
C 200 26
C 201 23
C 202 2
C 203 1
C 204 16
C 205 4
C 206 23
C 207 16
C 208 12
C 209 7
C 210 23
C 211 9
C 212 23
C 213 1
C 214 10
C 215 24
C 216 12
C 217 18
C 218 14
C 219 2
C 220 1
C 221 17
C 222 10
C 223 1
C 224 22
C 225 23
C 226 14
C 227 23
C 228 6
C 229 7
C 230 6
C 231 24
C 232 1
C 233 11
C 234 25
C 235 3
C 236 5
C 237 4
C 238 7
C 239 23
C 240 16
C 241 26
C 242 25
C 243 23
C 244 19
C 245 18
C 246 7
C 247 17
C 248 12
C 249 22
C 250 5
C 251 16
C 252 17
C 253 11
C 254 10
C 255 11
C 256 15
C 257 18
C 258 6
C 259 8
C 260 5
C 261 19
C 262 10
C 263 9
C 264 12
C 265 20
C 266 2
C 267 0
C 268 24
C 269 5
I 4 3 10 (5,2,2) (0,0,1,0)
I 1 2 10 (4,0,2) (-1,1,1,0)|(-1,1,0,0)|(0,-1,1,0)|(0,-1,1,0)
I 2 3 10 (4,2,4) (1,-1,-1,0)|(0,-1,-1,0)
