D (9,-1,-1) (5,1,1)
D (3,9,-1) (0,4,1)
D (8,-1,-1) (3,5,3)
D (3,-1,-1) (3,1,5)
D (7,8,3) (5,0,3)
D (7,8,3) (3,2,3)
D (7,-1,-1) (5,4,5)
D (8,3,-1) (4,5,3)
D (6,-1,-1) (3,2,4)
D (7,8,-1) (2,1,5)
D (8,3,9) (4,2,3)
D (9,-1,-1) (5,1,5)
D (8,-1,-1) (0,4,0)
D (8,3,-1) (4,2,1)
D (9,-1,-1) (3,4,5)
D (6,-1,-1) (4,2,2)
D (3,9,-1) (1,5,0)
D (8,3,-1) (4,3,0)
D (3,9,-1) (2,0,0)
D (6,7,-1) (2,5,5)
D (3,9,-1) (2,0,4)
D (3,-1,-1) (4,1,4)
D (3,-1,-1) (2,4,4)
D (9,-1,-1) (3,2,5)
D (6,7,-1) (5,2,5)
D (3,9,-1) (0,0,5)
D (3,9,-1) (2,5,4)
D (6,7,-1) (4,3,1)
D (7,-1,-1) (1,3,3)
D (6,7,-1) (0,5,5)
D (7,-1,-1) (2,0,5)
D (9,-1,-1) (1,3,2)
D (8,-1,-1) (1,2,1)
D (6,7,8) (1,4,5)
D (3,9,-1) (4,5,4)
D (7,-1,-1) (2,3,0)
D (9,-1,-1) (3,3,4)
D (7,-1,-1) (1,5,4)
D (3,9,-1) (3,0,5)
D (3,9,-1) (1,4,4)
D (7,-1,-1) (4,0,2)
D (7,8,-1) (1,2,5)
D (9,-1,-1) (3,5,4)
D (8,3,-1) (0,5,3)
C 0 15
C 1 14
C 2 4
C 3 2
C 4 11
C 5 11
C 6 23
C 7 20
C 8 25
C 9 18
C 10 5
C 11 5
C 12 5
C 13 17
C 14 20
C 15 7
C 16 10
C 17 26
C 18 1
C 19 26
C 20 16
C 21 22
C 22 3
C 23 22
C 24 1
C 25 19
C 26 20
C 27 9
C 28 11
C 29 18
C 30 16
C 31 23
C 32 9
C 33 24
C 34 22
C 35 26
C 36 9
C 37 20
C 38 20
C 39 1
C 40 21
C 41 12
C 42 25
C 43 15
C 44 3
C 45 9
C 46 6
C 47 4
C 48 2
C 49 19
C 50 1
C 51 6
C 52 18
C 53 24
C 54 7
C 55 14
C 56 3
C 57 18
C 58 18
C 59 20
C 60 17
C 61 11
C 62 17
C 63 0
C 64 0
C 65 0
C 66 0
C 67 0
C 68 0
C 69 0
C 70 0
C 71 0
C 72 0
C 73 0
C 74 0
C 75 11
C 76 25
C 77 4
C 78 10
C 79 22
C 80 4
C 81 19
C 82 5
C 83 18
C 84 17
C 85 20
C 86 16
C 87 24
C 88 3
C 89 15
C 90 22
C 91 20
C 92 2
C 93 14
C 94 20
C 95 7
C 96 10
C 97 2
C 98 12
C 99 9
C 100 23
C 101 14
C 102 0
C 103 0
C 104 0
C 105 0
C 106 0
C 107 0
C 108 0
C 109 0
C 110 0
C 111 0
C 112 0
C 113 0
C 114 0
C 115 0
C 116 0
C 117 0
C 118 0
C 119 0
C 120 0
C 121 0
C 122 0
C 123 0
C 124 0
C 125 0
C 126 0
C 127 0
C 128 0
C 129 0
C 130 0
C 131 0
C 132 0
C 133 0
C 134 0
C 135 0
C 136 0
C 137 0
C 138 0
C 139 0
C 140 0
C 141 0
C 142 0
C 143 0
C 144 0
C 145 0
C 146 0
C 147 0
C 148 0
C 149 0
C 150 0
C 151 0
C 152 0
C 153 0
C 154 0
C 155 0
C 156 0
C 157 0
C 158 0
C 159 0
C 160 0
C 161 0
C 162 0
C 163 0
C 164 0
C 165 0
C 166 0
C 167 0
C 168 0
C 169 0
C 170 0
C 171 0
C 172 0
C 173 0
C 174 0
C 175 0
C 176 0
C 177 0
C 178 0
C 179 0
C 180 0
C 181 0
C 182 0
C 183 0
C 184 0
C 185 0
C 186 0
C 187 0
C 188 0
C 189 0
C 190 0
C 191 0
C 192 0
C 193 0
C 194 0
C 195 0
C 196 0
C 197 0
C 198 0
C 199 0
C 200 0
C 201 0
C 202 0
C 203 0
C 204 0
C 205 0
C 206 0
C 207 0
C 208 0
C 209 0
C 210 0
C 211 0
C 212 0
C 213 0
C 214 0
C 215 0
C 216 0
C 217 0
C 218 0
C 219 0
C 220 0
C 221 0
C 222 0
C 223 0
C 224 0
C 225 0
C 226 0
C 227 0
C 228 0
C 229 0
C 230 0
C 231 0
C 232 0
C 233 0
C 234 0
C 235 0
C 236 0
C 237 0
C 238 0
C 239 0
C 240 0
C 241 0
C 242 0
C 243 0
C 244 0
C 245 0
C 246 0
C 247 0
C 248 0
C 249 0
C 250 0
C 251 0
C 252 0
C 253 0
C 254 0
C 255 0
C 256 0
C 257 0
C 258 0
C 259 0
C 260 0
C 261 0
C 262 0
C 263 0
C 264 14
C 265 18
C 266 19
C 267 15
C 268 3
C 269 4
I 5 3 6 (3,0,1) (-1,1,1,0)
I 1 1 16 (2,0,1) (-1,1,1,0)|(1,1,1,0)
I 1 2 18 (2,0,0) (-1,0,1,0)|(-1,1,-1,0)
