D (9,-1,-1) (5,3,0)
D (8,3,-1) (4,2,1)
D (3,9,-1) (2,4,1)
D (8,3,9) (1,5,1)
D (6,7,-1) (1,0,2)
D (3,9,-1) (4,3,5)
D (8,-1,-1) (5,1,3)
D (7,8,3) (2,2,3)
D (8,-1,-1) (2,1,3)
D (8,-1,-1) (2,4,3)
D (6,-1,-1) (5,0,2)
D (9,-1,-1) (0,0,0)
D (7,-1,-1) (5,4,4)
D (6,-1,-1) (5,0,1)
D (7,8,-1) (4,0,5)
D (8,3,-1) (2,1,2)
D (7,8,3) (1,3,5)
D (7,8,-1) (0,1,1)
D (3,9,-1) (4,3,4)
D (3,9,-1) (0,5,1)
D (3,-1,-1) (4,2,2)
D (7,8,-1) (3,0,0)
D (9,-1,-1) (3,0,5)
D (3,9,-1) (2,0,4)
D (3,9,-1) (1,2,5)
D (9,-1,-1) (5,0,4)
D (6,7,8) (4,5,5)
D (3,9,-1) (0,2,0)
D (8,3,9) (3,0,2)
D (7,8,3) (2,1,4)
D (6,-1,-1) (5,5,1)
D (7,-1,-1) (4,5,4)
D (9,-1,-1) (2,2,0)
D (6,-1,-1) (3,5,0)
C 0 9
C 1 14
C 2 14
C 3 23
C 4 17
C 5 15
C 6 17
C 7 12
C 8 12
C 9 1
C 10 22
C 11 9
C 12 9
C 13 17
C 14 16
C 15 9
C 16 4
C 17 12
C 18 4
C 19 9
C 20 16
C 21 2
C 22 7
C 23 1
C 24 0
C 25 5
C 26 4
C 27 11
C 28 9
C 29 5
C 30 17
C 31 12
C 32 0
C 33 6
C 34 22
C 35 4
C 36 26
C 37 25
C 38 14
C 39 0
C 40 1
C 41 22
C 42 11
C 43 7
C 44 23
C 45 9
C 46 6
C 47 22
C 48 17
C 49 14
C 50 14
C 51 16
C 52 10
C 53 9
C 54 7
C 55 14
C 56 10
C 57 10
C 58 7
C 59 18
C 60 6
C 61 0
C 62 24
C 63 24
C 64 11
C 65 15
C 66 15
C 67 16
C 68 14
C 69 4
C 70 25
C 71 12
C 72 8
C 73 8
C 74 25
C 75 18
C 76 11
C 77 17
C 78 8
C 79 17
C 80 15
C 81 5
C 82 12
C 83 3
C 84 10
C 85 6
C 86 18
C 87 19
C 88 9
C 89 9
C 90 9
C 91 9
C 92 25
C 93 20
C 94 9
C 95 3
C 96 20
C 97 6
C 98 9
C 99 1
C 100 21
C 101 16
C 102 8
C 103 6
C 104 7
C 105 9
C 106 22
C 107 9
C 108 8
C 109 17
C 110 14
C 111 14
C 112 19
C 113 16
C 114 21
C 115 21
C 116 8
C 117 5
C 118 16
C 119 5
C 120 2
C 121 4
C 122 15
C 123 7
C 124 18
C 125 5
C 126 7
C 127 21
C 128 1
C 129 5
C 130 5
C 131 17
C 132 7
C 133 14
C 134 10
C 135 15
C 136 23
C 137 17
C 138 15
C 139 7
C 140 16
C 141 0
C 142 0
C 143 0
C 144 0
C 145 0
C 146 0
C 147 0
C 148 0
C 149 0
C 150 0
C 151 0
C 152 0
C 153 0
C 154 0
C 155 0
C 156 0
C 157 0
C 158 0
C 159 0
C 160 0
C 161 0
C 162 0
C 163 0
C 164 9
C 165 3
C 166 0
C 167 26
C 168 5
C 169 12
C 170 9
C 171 0
C 172 12
C 173 22
C 174 0
C 175 9
C 176 15
C 177 10
C 178 4
C 179 6
C 180 17
C 181 11
C 182 22
C 183 25
C 184 16
C 185 25
C 186 26
C 187 19
C 188 16
C 189 11
C 190 7
C 191 0
C 192 20
C 193 24
C 194 4
C 195 0
C 196 24
C 197 22
C 198 1
C 199 14
C 200 8
C 201 9
C 202 14
C 203 1
C 204 5
C 205 15
C 206 17
C 207 16
C 208 9
C 209 15
C 210 18
C 211 6
C 212 8
C 213 17
C 214 7
C 215 12
C 216 6
C 217 17
C 218 21
C 219 25
C 220 3
C 221 2
C 222 6
C 223 6
C 224 23
C 225 9
C 226 6
C 227 21
C 228 16
C 229 23
C 230 8
C 231 24
C 232 0
C 233 15
C 234 1
C 235 4
C 236 24
C 237 7
C 238 7
C 239 4
C 240 20
C 241 20
C 242 23
C 243 15
C 244 4
C 245 22
C 246 25
C 247 0
C 248 2
C 249 12
C 250 3
C 251 3
C 252 0
C 253 10
C 254 15
C 255 8
C 256 7
C 257 2
C 258 26
C 259 12
C 260 23
C 261 21
C 262 16
C 263 4
C 264 6
C 265 16
C 266 14
C 267 20
C 268 5
C 269 22
I 5 1 10 (4,5,1) (-1,-1,-1,0)
I 1 1 8 (0,3,2) (0,-1,0,0)|(0,1,0,0)|(0,1,0,0)
I 4 1 6 (1,1,3) (0,1,0,0)
