D (8,3,9) (3,4,1)
D (7,-1,-1) (3,3,0)
D (6,-1,-1) (2,0,0)
D (3,9,-1) (0,5,3)
D (7,8,3) (3,1,3)
D (3,-1,-1) (5,1,2)
D (6,-1,-1) (4,4,0)
D (8,3,-1) (5,5,4)
D (8,3,-1) (2,1,0)
D (3,9,-1) (3,2,2)
D (9,-1,-1) (4,5,5)
D (7,8,3) (5,1,5)
D (7,8,-1) (0,5,0)
D (6,7,8) (4,1,2)
D (7,-1,-1) (2,0,3)
D (9,-1,-1) (1,2,4)
D (3,-1,-1) (5,0,4)
D (9,-1,-1) (4,4,4)
D (8,3,9) (4,4,5)
D (8,3,-1) (5,4,4)
D (9,-1,-1) (5,3,0)
D (7,8,-1) (4,3,5)
D (9,-1,-1) (5,5,5)
D (7,-1,-1) (5,5,2)
D (9,-1,-1) (3,0,4)
D (3,9,-1) (5,4,2)
D (9,-1,-1) (3,4,0)
D (6,7,8) (3,5,2)
D (3,9,-1) (2,4,5)
D (8,-1,-1) (3,0,1)
D (7,8,3) (1,4,0)
D (6,7,-1) (3,1,0)
D (7,8,3) (4,1,5)
D (6,-1,-1) (0,4,5)
D (6,7,-1) (0,3,3)
D (7,8,3) (2,1,3)
D (8,3,-1) (1,3,3)
D (3,-1,-1) (3,2,5)
D (7,8,3) (2,3,3)
D (7,8,3) (5,3,2)
D (6,7,-1) (3,3,2)
D (9,-1,-1) (1,0,3)
D (6,7,8) (2,0,4)
D (6,-1,-1) (0,1,1)
D (3,-1,-1) (5,2,2)
D (3,-1,-1) (4,1,4)
D (8,3,9) (2,0,1)
D (3,9,-1) (0,4,0)
D (9,-1,-1) (2,2,1)
D (3,9,-1) (2,4,3)
D (3,-1,-1) (1,1,4)
C 0 1
C 1 0
C 2 16
C 3 4
C 4 3
C 5 15
C 6 20
C 7 24
C 8 23
C 9 5
C 10 23
C 11 14
C 12 5
C 13 1
C 14 21
C 15 6
C 16 4
C 17 22
C 18 16
C 19 15
C 20 6
C 21 12
C 22 15
C 23 10
C 24 18
C 25 0
C 26 0
C 27 0
C 28 0
C 29 0
C 30 0
C 31 0
C 32 0
C 33 0
C 34 0
C 35 0
C 36 0
C 37 0
C 38 0
C 39 0
C 40 0
C 41 0
C 42 10
C 43 14
C 44 17
C 45 3
C 46 24
C 47 14
C 48 25
C 49 5
C 50 4
C 51 4
C 52 8
C 53 2
C 54 12
C 55 5
C 56 20
C 57 26
C 58 19
C 59 3
C 60 0
C 61 26
C 62 15
C 63 3
C 64 22
C 65 19
C 66 5
C 67 8
C 68 17
C 69 6
C 70 26
C 71 10
C 72 25
C 73 6
C 74 25
C 75 26
C 76 16
C 77 20
C 78 9
C 79 3
C 80 17
C 81 17
C 82 19
C 83 26
C 84 3
C 85 25
C 86 0
C 87 16
C 88 1
C 89 6
C 90 22
C 91 26
C 92 17
C 93 0
C 94 15
C 95 24
C 96 17
C 97 12
C 98 4
C 99 22
C 100 20
C 101 1
C 102 1
C 103 19
C 104 9
C 105 5
C 106 9
C 107 22
C 108 11
C 109 17
C 110 5
C 111 3
C 112 7
C 113 2
C 114 3
C 115 23
C 116 3
C 117 24
C 118 25
C 119 14
C 120 5
C 121 8
C 122 17
C 123 5
C 124 21
C 125 0
C 126 25
C 127 1
C 128 10
C 129 6
C 130 7
C 131 2
C 132 22
C 133 10
C 134 20
C 135 1
C 136 19
C 137 19
C 138 17
C 139 10
C 140 3
C 141 19
C 142 14
C 143 26
C 144 8
C 145 26
C 146 14
C 147 9
C 148 8
C 149 21
C 150 1
C 151 15
C 152 2
C 153 10
C 154 19
C 155 20
C 156 5
C 157 22
C 158 10
C 159 17
C 160 26
C 161 3
C 162 20
C 163 19
C 164 14
C 165 1
C 166 2
C 167 18
C 168 25
C 169 1
C 170 20
C 171 6
C 172 18
C 173 14
C 174 11
C 175 26
C 176 26
C 177 25
C 178 5
C 179 22
C 180 18
C 181 1
C 182 11
C 183 8
C 184 17
C 185 6
C 186 25
C 187 14
C 188 24
C 189 10
C 190 9
C 191 8
C 192 26
C 193 24
C 194 26
C 195 10
C 196 17
C 197 12
C 198 7
C 199 10
C 200 5
C 201 15
C 202 19
C 203 2
C 204 23
C 205 14
C 206 23
C 207 8
C 208 14
C 209 5
C 210 19
C 211 9
C 212 24
C 213 11
C 214 26
C 215 26
C 216 6
C 217 5
C 218 4
C 219 21
C 220 3
C 221 14
C 222 15
C 223 10
C 224 12
C 225 21
C 226 20
C 227 2
C 228 15
C 229 9
C 230 18
C 231 4
C 232 15
C 233 22
C 234 6
C 235 22
C 236 12
C 237 0
C 238 8
C 239 19
C 240 22
C 241 22
C 242 20
C 243 1
C 244 16
C 245 15
C 246 18
C 247 23
C 248 20
C 249 14
C 250 6
C 251 11
C 252 19
C 253 11
C 254 5
C 255 12
C 256 20
C 257 12
C 258 0
C 259 9
C 260 24
C 261 2
C 262 16
C 263 10
C 264 0
C 265 8
C 266 14
C 267 14
C 268 4
C 269 1
I 0 1 3 (2,5,0) (0,0,1,0)|(-1,-1,-1,0)
I 0 3 11 (2,1,5) (1,-1,0,0)
I 4 3 19 (2,2,3) (1,0,-1,0)
