D (6,7,-1) (3,2,4)
D (8,3,9) (4,2,3)
D (9,-1,-1) (0,1,2)
D (8,3,9) (4,2,5)
D (7,8,3) (0,4,3)
D (3,9,-1) (0,0,1)
D (8,3,-1) (2,2,3)
D (8,3,-1) (0,1,3)
D (8,3,-1) (5,3,0)
D (3,-1,-1) (5,2,0)
D (7,8,3) (2,4,4)
D (3,-1,-1) (4,5,5)
D (7,8,-1) (5,2,5)
D (8,-1,-1) (1,5,3)
D (8,-1,-1) (4,0,3)
D (9,-1,-1) (4,3,0)
D (6,7,8) (4,2,0)
D (9,-1,-1) (3,5,5)
D (3,9,-1) (1,0,5)
D (8,3,-1) (4,4,2)
D (8,3,9) (3,3,3)
D (9,-1,-1) (2,0,2)
D (3,9,-1) (2,5,5)
D (8,3,9) (1,2,4)
D (8,3,9) (3,3,2)
D (6,7,8) (3,1,2)
D (7,8,-1) (3,2,2)
D (9,-1,-1) (0,5,0)
D (7,8,3) (3,3,5)
D (3,-1,-1) (1,3,2)
D (3,9,-1) (1,0,2)
D (9,-1,-1) (4,1,3)
D (9,-1,-1) (4,1,2)
D (6,7,8) (1,1,1)
D (9,-1,-1) (0,0,5)
D (9,-1,-1) (0,0,3)
D (9,-1,-1) (1,3,5)
D (6,7,-1) (5,0,3)
D (9,-1,-1) (4,3,4)
D (3,-1,-1) (1,1,5)
D (7,8,3) (5,5,1)
D (7,8,-1) (4,0,2)
D (9,-1,-1) (5,0,4)
D (9,-1,-1) (5,0,1)
D (3,9,-1) (1,3,1)
D (7,-1,-1) (5,5,4)
D (9,-1,-1) (3,2,0)
D (8,-1,-1) (1,1,0)
D (7,8,3) (4,2,2)
D (6,7,8) (4,3,5)
D (3,-1,-1) (2,2,5)
D (7,-1,-1) (5,4,0)
D (3,-1,-1) (3,5,4)
D (6,7,-1) (5,0,5)
D (9,-1,-1) (2,4,3)
D (6,7,8) (5,5,2)
D (7,8,-1) (4,3,3)
D (3,9,-1) (5,5,5)
D (8,3,9) (0,3,1)
D (7,8,3) (3,0,3)
D (8,-1,-1) (5,4,5)
D (6,-1,-1) (5,3,1)
D (6,7,-1) (2,3,4)
D (7,8,-1) (0,1,1)
D (8,-1,-1) (4,3,1)
D (6,-1,-1) (2,4,2)
D (6,-1,-1) (4,5,1)
D (9,-1,-1) (0,4,0)
D (3,9,-1) (2,4,0)
D (9,-1,-1) (0,4,5)
D (3,-1,-1) (3,1,1)
D (9,-1,-1) (2,1,3)
D (9,-1,-1) (3,3,4)
C 0 25
C 1 24
C 2 11
C 3 2
C 4 9
C 5 17
C 6 25
C 7 23
C 8 24
C 9 17
C 10 3
C 11 18
C 12 6
C 13 7
C 14 1
C 15 8
C 16 18
C 17 5
C 18 17
C 19 25
C 20 0
C 21 0
C 22 6
C 23 14
C 24 19
C 25 12
C 26 8
C 27 23
C 28 15
C 29 1
C 30 21
C 31 26
C 32 22
C 33 23
C 34 15
C 35 11
C 36 12
C 37 16
C 38 17
C 39 18
C 40 24
C 41 23
C 42 19
C 43 11
C 44 6
C 45 8
C 46 21
C 47 1
C 48 0
C 49 5
C 50 0
C 51 2
C 52 15
C 53 0
C 54 18
C 55 19
C 56 19
C 57 6
C 58 8
C 59 4
C 60 21
C 61 14
C 62 11
C 63 5
C 64 26
C 65 24
C 66 3
C 67 25
C 68 26
C 69 16
C 70 6
C 71 10
C 72 18
C 73 6
C 74 14
C 75 10
C 76 17
C 77 21
C 78 23
C 79 25
C 80 15
C 81 24
C 82 2
C 83 19
C 84 5
C 85 26
C 86 2
C 87 20
C 88 9
C 89 6
C 90 21
C 91 16
C 92 0
C 93 10
C 94 6
C 95 21
C 96 20
C 97 14
C 98 8
C 99 16
C 100 16
C 101 6
C 102 9
C 103 14
C 104 12
C 105 10
C 106 19
C 107 17
C 108 2
C 109 15
C 110 15
C 111 8
C 112 18
C 113 8
C 114 22
C 115 3
C 116 16
C 117 7
C 118 11
C 119 2
C 120 15
C 121 1
C 122 6
C 123 8
C 124 3
C 125 6
C 126 21
C 127 16
C 128 11
C 129 17
C 130 5
C 131 14
C 132 8
C 133 26
C 134 8
C 135 14
C 136 0
C 137 26
C 138 20
C 139 10
C 140 16
C 141 2
C 142 26
C 143 12
C 144 22
C 145 9
C 146 22
C 147 15
C 148 12
C 149 11
C 150 4
C 151 14
C 152 2
C 153 26
C 154 21
C 155 11
C 156 12
C 157 9
C 158 16
C 159 2
C 160 23
C 161 26
C 162 20
C 163 2
C 164 10
C 165 19
C 166 24
C 167 25
C 168 8
C 169 5
C 170 12
C 171 12
C 172 0
C 173 12
C 174 19
C 175 14
C 176 25
C 177 7
C 178 21
C 179 4
C 180 11
C 181 26
C 182 17
C 183 15
C 184 9
C 185 0
C 186 22
C 187 24
C 188 21
C 189 20
C 190 0
C 191 14
C 192 16
C 193 8
C 194 10
C 195 21
C 196 19
C 197 11
C 198 10
C 199 0
C 200 8
C 201 10
C 202 10
C 203 0
C 204 20
C 205 0
C 206 10
C 207 17
C 208 16
C 209 26
C 210 25
C 211 2
C 212 16
C 213 8
C 214 24
C 215 1
C 216 1
C 217 25
C 218 12
C 219 20
C 220 10
C 221 23
C 222 6
C 223 12
C 224 9
C 225 5
C 226 21
C 227 8
C 228 10
C 229 17
C 230 12
C 231 10
C 232 2
C 233 22
C 234 21
C 235 8
C 236 12
C 237 24
C 238 10
C 239 1
C 240 1
C 241 16
C 242 19
C 243 8
C 244 15
C 245 4
C 246 17
C 247 12
C 248 8
C 249 9
C 250 11
C 251 12
C 252 15
C 253 5
C 254 8
C 255 12
C 256 14
C 257 10
C 258 18
C 259 24
C 260 23
C 261 10
C 262 8
C 263 23
C 264 19
C 265 14
C 266 16
C 267 14
C 268 14
C 269 0
I 5 1 8 (0,5,1) (1,-1,-1,0)|(1,1,0,0)|(0,-1,-1,0)|(1,1,1,0)
I 1 1 18 (1,4,0) (0,1,1,0)|(1,-1,0,0)|(0,0,0,0)
I 5 1 12 (5,4,2) (-1,1,0,0)|(0,0,0,0)|(1,1,0,0)|(-1,-1,1,0)|(1,1,0,0)
