D (9,-1,-1) (0,3,2)
D (7,8,-1) (1,1,4)
D (7,8,3) (1,0,3)
D (8,3,-1) (1,3,0)
D (7,8,3) (4,3,4)
D (3,9,-1) (3,4,4)
D (9,-1,-1) (1,5,2)
D (8,3,-1) (2,1,4)
D (6,-1,-1) (4,3,3)
D (8,-1,-1) (5,4,2)
D (3,9,-1) (2,1,0)
D (6,7,-1) (5,1,2)
D (7,8,3) (3,5,3)
D (3,9,-1) (1,4,2)
D (9,-1,-1) (1,3,2)
D (7,-1,-1) (2,0,3)
D (3,9,-1) (1,5,0)
D (7,8,-1) (3,2,2)
D (9,-1,-1) (3,0,1)
D (8,-1,-1) (4,2,3)
D (8,-1,-1) (3,4,3)
D (9,-1,-1) (1,4,3)
D (9,-1,-1) (3,0,4)
D (9,-1,-1) (4,3,2)
D (6,-1,-1) (0,5,4)
D (3,9,-1) (3,1,5)
D (6,-1,-1) (1,2,1)
D (3,9,-1) (0,5,5)
D (6,7,-1) (0,5,0)
D (3,9,-1) (2,3,1)
D (8,3,9) (1,5,3)
D (8,-1,-1) (1,2,4)
D (6,-1,-1) (5,2,1)
D (6,7,8) (0,3,0)
D (6,-1,-1) (5,0,1)
D (6,7,-1) (1,1,3)
D (3,9,-1) (2,5,2)
D (6,7,8) (1,4,0)
D (7,-1,-1) (3,3,3)
D (3,9,-1) (2,2,4)
D (7,-1,-1) (4,0,5)
D (3,9,-1) (2,5,4)
D (9,-1,-1) (2,3,2)
D (8,3,-1) (4,5,4)
D (6,-1,-1) (4,1,5)
D (3,-1,-1) (1,3,5)
C 0 24
C 1 22
C 2 3
C 3 22
C 4 24
C 5 24
C 6 16
C 7 23
C 8 25
C 9 12
C 10 25
C 11 1
C 12 10
C 13 19
C 14 6
C 15 21
C 16 24
C 17 23
C 18 2
C 19 6
C 20 3
C 21 4
C 22 7
C 23 7
C 24 7
C 25 15
C 26 5
C 27 2
C 28 8
C 29 9
C 30 25
C 31 12
C 32 24
C 33 21
C 34 15
C 35 16
C 36 17
C 37 19
C 38 17
C 39 7
C 40 3
C 41 26
C 42 7
C 43 26
C 44 4
C 45 9
C 46 9
C 47 1
C 48 0
C 49 4
C 50 25
C 51 4
C 52 8
C 53 0
C 54 16
C 55 10
C 56 3
C 57 9
C 58 20
C 59 20
C 60 15
C 61 14
C 62 12
C 63 3
C 64 8
C 65 11
C 66 18
C 67 22
C 68 18
C 69 1
C 70 0
C 71 3
C 72 26
C 73 9
C 74 17
C 75 5
C 76 25
C 77 18
C 78 19
C 79 9
C 80 25
C 81 6
C 82 11
C 83 17
C 84 4
C 85 3
C 86 11
C 87 17
C 88 16
C 89 12
C 90 9
C 91 18
C 92 9
C 93 22
C 94 6
C 95 5
C 96 5
C 97 4
C 98 21
C 99 8
C 100 0
C 101 0
C 102 0
C 103 0
C 104 0
C 105 0
C 106 0
C 107 0
C 108 0
C 109 0
C 110 0
C 111 0
C 112 0
C 113 0
C 114 0
C 115 0
C 116 0
C 117 0
C 118 0
C 119 0
C 120 0
C 121 0
C 122 0
C 123 0
C 124 0
C 125 0
C 126 12
C 127 0
C 128 19
C 129 21
C 130 3
C 131 0
C 132 22
C 133 22
C 134 0
C 135 22
C 136 22
C 137 14
C 138 5
C 139 1
C 140 8
C 141 22
C 142 11
C 143 12
C 144 5
C 145 6
C 146 24
C 147 26
C 148 23
C 149 18
C 150 8
C 151 9
C 152 3
C 153 26
C 154 16
C 155 26
C 156 7
C 157 18
C 158 20
C 159 9
C 160 8
C 161 17
C 162 10
C 163 18
C 164 3
C 165 23
C 166 1
C 167 12
C 168 8
C 169 7
C 170 22
C 171 20
C 172 15
C 173 20
C 174 1
C 175 15
C 176 5
C 177 5
C 178 19
C 179 26
C 180 9
C 181 11
C 182 5
C 183 2
C 184 10
C 185 14
C 186 0
C 187 17
C 188 16
C 189 2
C 190 24
C 191 12
C 192 2
C 193 2
C 194 17
C 195 0
C 196 5
C 197 18
C 198 23
C 199 25
C 200 2
C 201 1
C 202 16
C 203 7
C 204 6
C 205 18
C 206 16
C 207 23
C 208 12
C 209 12
C 210 8
C 211 23
C 212 26
C 213 12
C 214 12
C 215 17
C 216 24
C 217 23
C 218 19
C 219 0
C 220 19
C 221 5
C 222 21
C 223 4
C 224 17
C 225 24
C 226 15
C 227 16
C 228 4
C 229 16
C 230 7
C 231 2
C 232 17
C 233 0
C 234 8
C 235 21
C 236 3
C 237 26
C 238 19
C 239 0
C 240 11
C 241 2
C 242 19
C 243 22
C 244 6
C 245 23
C 246 3
C 247 9
C 248 26
C 249 23
C 250 22
C 251 0
C 252 1
C 253 9
C 254 12
C 255 11
C 256 3
C 257 1
C 258 21
C 259 18
C 260 11
C 261 21
C 262 24
C 263 21
C 264 15
C 265 24
C 266 10
C 267 9
C 268 16
C 269 17
I 5 1 14 (3,1,0) (-1,0,1,0)|(-1,1,1,0)
I 4 2 4 (5,0,0) (-1,-1,0,0)
I 0 3 19 (3,2,0) (-1,1,0,0)|(1,0,0,0)|(-1,-1,-1,0)
