D (3,-1,-1) (5,5,1)
D (7,8,-1) (4,2,3)
D (3,9,-1) (3,0,2)
D (9,-1,-1) (0,4,5)
D (3,-1,-1) (5,3,4)
D (3,9,-1) (0,1,5)
D (3,9,-1) (3,4,1)
D (6,-1,-1) (5,2,3)
D (3,9,-1) (2,0,2)
D (3,-1,-1) (5,1,4)
D (6,7,8) (4,0,0)
D (3,-1,-1) (0,0,3)
D (7,8,-1) (3,3,5)
D (8,-1,-1) (5,3,0)
D (6,7,8) (3,0,4)
D (6,7,8) (5,1,2)
D (9,-1,-1) (4,0,1)
D (8,3,9) (0,2,3)
D (3,9,-1) (4,1,3)
D (6,-1,-1) (0,5,5)
D (6,7,-1) (0,3,2)
D (6,7,-1) (0,4,0)
D (7,8,-1) (1,1,2)
D (8,3,-1) (2,3,1)
D (7,8,3) (2,5,1)
D (6,7,8) (0,0,0)
D (3,9,-1) (5,5,5)
D (3,9,-1) (5,4,2)
D (9,-1,-1) (3,1,0)
D (8,-1,-1) (2,2,0)
D (8,-1,-1) (1,4,5)
D (3,9,-1) (4,1,0)
D (7,-1,-1) (5,0,0)
D (9,-1,-1) (4,4,4)
D (9,-1,-1) (4,0,5)
D (6,7,8) (1,1,1)
D (8,3,9) (0,0,4)
D (9,-1,-1) (4,3,0)
D (3,9,-1) (5,4,5)
D (7,8,3) (3,0,1)
D (6,-1,-1) (1,5,3)
D (9,-1,-1) (1,3,5)
D (7,8,3) (5,2,0)
D (9,-1,-1) (3,2,0)
D (6,-1,-1) (4,0,3)
D (6,7,8) (0,5,0)
D (9,-1,-1) (2,5,5)
D (7,8,-1) (2,2,4)
D (9,-1,-1) (0,4,3)
D (3,9,-1) (5,5,4)
D (6,7,-1) (1,1,4)
D (9,-1,-1) (3,5,1)
D (7,-1,-1) (2,5,0)
C 0 0
C 1 0
C 2 0
C 3 0
C 4 0
C 5 0
C 6 0
C 7 0
C 8 0
C 9 0
C 10 24
C 11 14
C 12 14
C 13 11
C 14 21
C 15 11
C 16 17
C 17 2
C 18 9
C 19 6
C 20 25
C 21 6
C 22 23
C 23 14
C 24 26
C 25 10
C 26 5
C 27 14
C 28 17
C 29 9
C 30 8
C 31 0
C 32 17
C 33 9
C 34 15
C 35 16
C 36 3
C 37 5
C 38 6
C 39 21
C 40 5
C 41 8
C 42 7
C 43 22
C 44 25
C 45 2
C 46 2
C 47 4
C 48 26
C 49 14
C 50 5
C 51 18
C 52 17
C 53 10
C 54 4
C 55 6
C 56 17
C 57 20
C 58 2
C 59 1
C 60 24
C 61 5
C 62 25
C 63 20
C 64 26
C 65 18
C 66 23
C 67 3
C 68 4
C 69 5
C 70 2
C 71 4
C 72 22
C 73 10
C 74 3
C 75 9
C 76 11
C 77 9
C 78 3
C 79 7
C 80 26
C 81 10
C 82 12
C 83 21
C 84 2
C 85 4
C 86 5
C 87 23
C 88 14
C 89 16
C 90 18
C 91 1
C 92 3
C 93 22
C 94 22
C 95 0
C 96 22
C 97 14
C 98 11
C 99 18
C 100 20
C 101 1
C 102 4
C 103 5
C 104 17
C 105 22
C 106 11
C 107 8
C 108 20
C 109 6
C 110 16
C 111 18
C 112 22
C 113 16
C 114 11
C 115 21
C 116 21
C 117 18
C 118 1
C 119 8
C 120 12
C 121 21
C 122 15
C 123 11
C 124 24
C 125 14
C 126 3
C 127 9
C 128 18
C 129 3
C 130 10
C 131 4
C 132 1
C 133 8
C 134 16
C 135 4
C 136 22
C 137 24
C 138 14
C 139 19
C 140 22
C 141 1
C 142 23
C 143 10
C 144 15
C 145 10
C 146 21
C 147 9
C 148 15
C 149 26
C 150 0
C 151 7
C 152 24
C 153 0
C 154 14
C 155 8
C 156 15
C 157 22
C 158 23
C 159 10
C 160 14
C 161 19
C 162 9
C 163 17
C 164 9
C 165 6
C 166 18
C 167 5
C 168 25
C 169 19
C 170 23
C 171 0
C 172 14
C 173 25
C 174 21
C 175 18
C 176 25
C 177 5
C 178 10
C 179 25
C 180 19
C 181 0
C 182 21
C 183 17
C 184 25
C 185 4
C 186 23
C 187 7
C 188 4
C 189 24
C 190 12
C 191 17
C 192 8
C 193 3
C 194 8
C 195 23
C 196 6
C 197 10
C 198 17
C 199 20
C 200 14
C 201 4
C 202 18
C 203 6
C 204 8
C 205 10
C 206 1
C 207 1
C 208 22
C 209 4
C 210 0
C 211 15
C 212 12
C 213 15
C 214 14
C 215 18
C 216 15
C 217 24
C 218 15
C 219 8
C 220 22
C 221 11
C 222 7
C 223 22
C 224 12
C 225 7
C 226 25
C 227 8
C 228 21
C 229 23
C 230 4
C 231 25
C 232 22
C 233 6
C 234 4
C 235 15
C 236 8
C 237 22
C 238 8
C 239 17
C 240 23
C 241 15
C 242 26
C 243 8
C 244 1
C 245 3
C 246 26
C 247 8
C 248 20
C 249 24
C 250 10
C 251 14
C 252 26
C 253 7
C 254 3
C 255 15
C 256 11
C 257 11
C 258 4
C 259 22
C 260 17
C 261 7
C 262 16
C 263 1
C 264 22
C 265 7
C 266 5
C 267 0
C 268 22
C 269 23
I 3 1 7 (4,2,3) (-1,0,-1,0)|(0,0,-1,0)|(1,-1,0,0)
I 0 1 9 (1,1,3) (0,1,-1,0)|(-1,0,1,0)|(1,1,1,0)
I 4 2 5 (5,0,4) (-1,-1,0,0)|(0,0,1,0)|(0,0,0,0)
