D (9,-1,-1) (3,3,1)
D (3,-1,-1) (5,5,3)
D (7,-1,-1) (0,4,4)
D (9,-1,-1) (2,0,1)
D (8,3,-1) (5,0,1)
D (3,9,-1) (5,5,2)
D (6,7,8) (1,0,4)
D (8,-1,-1) (5,1,0)
D (3,-1,-1) (5,1,5)
D (9,-1,-1) (5,0,4)
D (3,-1,-1) (0,0,2)
D (8,-1,-1) (2,5,5)
D (6,7,-1) (5,4,0)
D (8,3,-1) (4,5,4)
D (6,-1,-1) (2,4,0)
D (9,-1,-1) (3,5,3)
D (9,-1,-1) (5,3,3)
D (6,-1,-1) (5,4,4)
D (9,-1,-1) (1,5,4)
D (3,9,-1) (4,4,1)
D (9,-1,-1) (5,0,5)
D (8,3,-1) (3,3,2)
D (3,9,-1) (1,3,5)
D (3,9,-1) (1,5,5)
D (7,8,-1) (4,0,1)
D (3,9,-1) (0,2,5)
D (3,9,-1) (5,3,2)
D (3,-1,-1) (4,3,4)
D (8,-1,-1) (4,3,2)
D (6,7,8) (2,2,0)
D (3,-1,-1) (5,2,0)
D (6,7,8) (1,5,1)
D (6,-1,-1) (5,2,1)
D (6,7,-1) (1,0,2)
D (8,-1,-1) (4,3,0)
D (6,7,-1) (2,5,4)
D (3,9,-1) (4,1,1)
D (8,3,-1) (5,3,0)
D (6,-1,-1) (3,1,3)
D (6,7,8) (0,0,0)
D (6,-1,-1) (0,1,0)
D (6,7,-1) (2,3,2)
D (6,7,-1) (0,3,0)
D (7,-1,-1) (4,5,2)
D (3,9,-1) (1,4,4)
D (6,-1,-1) (0,5,2)
D (3,9,-1) (2,1,2)
D (6,-1,-1) (2,2,5)
D (7,8,-1) (2,4,5)
D (9,-1,-1) (4,3,1)
D (9,-1,-1) (3,4,0)
D (3,-1,-1) (4,2,4)
D (7,-1,-1) (5,5,0)
D (7,-1,-1) (1,2,2)
D (8,3,-1) (1,2,1)
D (8,-1,-1) (3,1,1)
D (9,-1,-1) (5,1,4)
D (8,3,9) (2,1,5)
D (6,-1,-1) (3,1,4)
D (3,-1,-1) (0,5,1)
D (7,8,-1) (3,5,2)
D (9,-1,-1) (4,1,5)
D (7,8,-1) (5,5,5)
D (6,7,8) (3,3,4)
D (6,7,-1) (1,4,5)
C 0 23
C 1 17
C 2 7
C 3 15
C 4 21
C 5 24
C 6 24
C 7 19
C 8 5
C 9 20
C 10 7
C 11 6
C 12 22
C 13 21
C 14 2
C 15 9
C 16 6
C 17 23
C 18 5
C 19 9
C 20 14
C 21 24
C 22 23
C 23 7
C 24 5
C 25 19
C 26 6
C 27 7
C 28 4
C 29 6
C 30 25
C 31 17
C 32 16
C 33 22
C 34 25
C 35 6
C 36 0
C 37 2
C 38 25
C 39 9
C 40 22
C 41 7
C 42 9
C 43 20
C 44 1
C 45 5
C 46 6
C 47 2
C 48 9
C 49 9
C 50 10
C 51 6
C 52 24
C 53 3
C 54 11
C 55 7
C 56 20
C 57 8
C 58 23
C 59 20
C 60 0
C 61 10
C 62 22
C 63 7
C 64 15
C 65 0
C 66 25
C 67 17
C 68 8
C 69 11
C 70 6
C 71 0
C 72 25
C 73 1
C 74 26
C 75 10
C 76 0
C 77 22
C 78 26
C 79 3
C 80 17
C 81 4
C 82 3
C 83 1
C 84 7
C 85 16
C 86 15
C 87 3
C 88 16
C 89 23
C 90 18
C 91 16
C 92 19
C 93 14
C 94 19
C 95 21
C 96 16
C 97 17
C 98 15
C 99 23
C 100 4
C 101 8
C 102 26
C 103 14
C 104 15
C 105 17
C 106 23
C 107 12
C 108 15
C 109 17
C 110 22
C 111 11
C 112 23
C 113 12
C 114 11
C 115 26
C 116 18
C 117 4
C 118 2
C 119 6
C 120 22
C 121 16
C 122 24
C 123 12
C 124 5
C 125 26
C 126 23
C 127 24
C 128 0
C 129 19
C 130 6
C 131 8
C 132 3
C 133 23
C 134 26
C 135 12
C 136 8
C 137 18
C 138 12
C 139 2
C 140 5
C 141 15
C 142 21
C 143 26
C 144 19
C 145 3
C 146 8
C 147 3
C 148 5
C 149 4
C 150 3
C 151 1
C 152 24
C 153 2
C 154 19
C 155 16
C 156 19
C 157 2
C 158 25
C 159 17
C 160 18
C 161 16
C 162 11
C 163 14
C 164 19
C 165 11
C 166 25
C 167 25
C 168 4
C 169 16
C 170 12
C 171 2
C 172 12
C 173 6
C 174 16
C 175 26
C 176 22
C 177 24
C 178 18
C 179 0
C 180 2
C 181 10
C 182 8
C 183 19
C 184 20
C 185 6
C 186 10
C 187 22
C 188 7
C 189 8
C 190 6
C 191 10
C 192 15
C 193 18
C 194 17
C 195 0
C 196 17
C 197 12
C 198 6
C 199 14
C 200 16
C 201 10
C 202 1
C 203 11
C 204 17
C 205 16
C 206 14
C 207 1
C 208 25
C 209 21
C 210 1
C 211 24
C 212 5
C 213 8
C 214 15
C 215 20
C 216 21
C 217 26
C 218 2
C 219 5
C 220 7
C 221 25
C 222 24
C 223 6
C 224 18
C 225 26
C 226 5
C 227 16
C 228 9
C 229 11
C 230 15
C 231 9
C 232 7
C 233 6
C 234 24
C 235 0
C 236 3
C 237 14
C 238 26
C 239 18
C 240 2
C 241 6
C 242 14
C 243 5
C 244 21
C 245 2
C 246 2
C 247 18
C 248 17
C 249 11
C 250 21
C 251 23
C 252 25
C 253 4
C 254 7
C 255 17
C 256 19
C 257 0
C 258 16
C 259 6
C 260 17
C 261 11
C 262 12
C 263 23
C 264 23
C 265 9
C 266 18
C 267 26
C 268 6
C 269 6
I 0 1 5 (1,2,4) (0,1,-1,0)|(-1,-1,1,0)
