D (9,-1,-1) (3,2,5)
D (6,7,8) (3,0,5)
D (9,-1,-1) (3,0,1)
D (3,9,-1) (2,4,0)
D (7,8,3) (1,5,1)
D (7,8,-1) (4,0,1)
D (3,9,-1) (3,4,1)
D (8,-1,-1) (0,3,0)
D (8,3,-1) (4,3,4)
D (8,-1,-1) (3,1,3)
D (7,-1,-1) (1,4,3)
D (8,-1,-1) (4,3,1)
D (7,8,-1) (4,5,4)
D (8,-1,-1) (0,1,4)
D (3,9,-1) (3,2,2)
D (8,3,9) (1,1,2)
D (8,-1,-1) (0,5,4)
D (8,-1,-1) (2,5,3)
D (8,3,-1) (1,5,0)
D (8,3,-1) (5,2,3)
D (3,-1,-1) (1,3,5)
D (8,3,-1) (2,0,0)
D (7,-1,-1) (4,3,0)
D (9,-1,-1) (2,2,0)
D (7,8,-1) (3,1,4)
D (3,9,-1) (1,1,3)
D (7,8,3) (3,2,3)
D (9,-1,-1) (4,4,4)
D (9,-1,-1) (3,3,1)
D (3,9,-1) (3,4,4)
D (9,-1,-1) (1,0,1)
D (8,-1,-1) (0,0,5)
D (7,8,-1) (2,1,4)
D (6,7,8) (1,5,5)
D (3,-1,-1) (2,3,0)
D (9,-1,-1) (4,5,1)
D (6,7,8) (5,4,0)
D (6,-1,-1) (2,4,3)
D (7,8,3) (3,2,0)
D (8,3,9) (5,1,1)
D (7,8,3) (5,4,4)
D (3,9,-1) (2,3,3)
D (9,-1,-1) (0,5,2)
D (8,3,-1) (5,4,1)
C 0 25
C 1 17
C 2 3
C 3 18
C 4 22
C 5 21
C 6 14
C 7 6
C 8 7
C 9 4
C 10 4
C 11 23
C 12 19
C 13 2
C 14 26
C 15 5
C 16 18
C 17 21
C 18 3
C 19 1
C 20 24
C 21 15
C 22 25
C 23 5
C 24 26
C 25 8
C 26 23
C 27 26
C 28 5
C 29 14
C 30 1
C 31 8
C 32 23
C 33 6
C 34 9
C 35 8
C 36 9
C 37 4
C 38 22
C 39 3
C 40 7
C 41 10
C 42 15
C 43 1
C 44 25
C 45 25
C 46 6
C 47 8
C 48 26
C 49 16
C 50 16
C 51 8
C 52 19
C 53 17
C 54 19
C 55 9
C 56 23
C 57 11
C 58 26
C 59 19
C 60 1
C 61 22
C 62 25
C 63 9
C 64 6
C 65 23
C 66 9
C 67 9
C 68 1
C 69 14
C 70 1
C 71 24
C 72 19
C 73 12
C 74 4
C 75 15
C 76 0
C 77 9
C 78 21
C 79 20
C 80 24
C 81 18
C 82 24
C 83 1
C 84 0
C 85 8
C 86 11
C 87 3
C 88 18
C 89 6
C 90 18
C 91 1
C 92 1
C 93 21
C 94 14
C 95 19
C 96 15
C 97 6
C 98 17
C 99 2
C 100 11
C 101 7
C 102 3
C 103 24
C 104 10
C 105 10
C 106 25
C 107 10
C 108 14
C 109 11
C 110 25
C 111 19
C 112 15
C 113 16
C 114 3
C 115 3
C 116 20
C 117 20
C 118 17
C 119 25
C 120 24
C 121 20
C 122 2
C 123 20
C 124 6
C 125 23
C 126 0
C 127 16
C 128 3
C 129 26
C 130 9
C 131 24
C 132 7
C 133 11
C 134 6
C 135 1
C 136 1
C 137 22
C 138 15
C 139 18
C 140 18
C 141 15
C 142 14
C 143 9
C 144 2
C 145 18
C 146 15
C 147 7
C 148 17
C 149 2
C 150 22
C 151 25
C 152 8
C 153 14
C 154 18
C 155 21
C 156 17
C 157 4
C 158 18
C 159 1
C 160 0
C 161 0
C 162 0
C 163 0
C 164 0
C 165 0
C 166 0
C 167 0
C 168 0
C 169 0
C 170 0
C 171 0
C 172 0
C 173 0
C 174 22
C 175 22
C 176 9
C 177 5
C 178 23
C 179 19
C 180 0
C 181 20
C 182 11
C 183 7
C 184 9
C 185 16
C 186 12
C 187 1
C 188 18
C 189 11
C 190 23
C 191 26
C 192 12
C 193 20
C 194 22
C 195 3
C 196 21
C 197 17
C 198 12
C 199 22
C 200 14
C 201 2
C 202 19
C 203 20
C 204 20
C 205 1
C 206 6
C 207 5
C 208 5
C 209 15
C 210 17
C 211 23
C 212 11
C 213 9
C 214 7
C 215 11
C 216 2
C 217 19
C 218 11
C 219 4
C 220 2
C 221 9
C 222 7
C 223 2
C 224 20
C 225 10
C 226 2
C 227 0
C 228 23
C 229 9
C 230 25
C 231 26
C 232 18
C 233 23
C 234 19
C 235 11
C 236 22
C 237 12
C 238 20
C 239 17
C 240 15
C 241 21
C 242 26
C 243 7
C 244 17
C 245 20
C 246 25
C 247 23
C 248 22
C 249 26
C 250 3
C 251 23
C 252 10
C 253 9
C 254 22
C 255 1
C 256 9
C 257 0
C 258 11
C 259 11
C 260 7
C 261 2
C 262 10
C 263 9
C 264 2
C 265 9
C 266 9
C 267 22
C 268 5
C 269 15
I 3 3 3 (2,5,4) (1,0,0,0)|(0,0,1,0)|(1,-1,1,0)
I 1 2 8 (5,3,3) (-1,0,0,0)|(0,1,0,0)
I 4 2 20 (2,2,0) (1,-1,-1,0)|(0,0,0,0)
