D (6,-1,-1) (1,3,0)
D (9,-1,-1) (0,5,1)
D (7,-1,-1) (0,2,0)
D (7,8,-1) (2,2,1)
D (8,3,9) (3,4,5)
D (9,-1,-1) (4,2,0)
D (7,-1,-1) (2,0,2)
D (3,9,-1) (2,5,3)
D (6,7,8) (1,5,4)
D (3,9,-1) (4,3,1)
D (6,7,8) (2,1,4)
D (7,-1,-1) (1,0,3)
D (7,-1,-1) (5,4,4)
D (7,8,3) (3,0,1)
D (3,9,-1) (3,3,5)
D (3,9,-1) (0,3,0)
D (6,-1,-1) (2,5,0)
D (3,9,-1) (4,0,4)
D (3,-1,-1) (2,3,5)
D (7,-1,-1) (1,2,5)
D (9,-1,-1) (2,4,5)
D (7,8,-1) (1,5,2)
D (6,-1,-1) (2,3,2)
D (6,7,-1) (4,2,3)
D (8,3,9) (3,4,0)
D (9,-1,-1) (2,3,3)
D (6,7,8) (0,2,1)
D (9,-1,-1) (0,0,3)
D (7,8,3) (2,4,4)
D (6,7,8) (2,5,4)
D (7,8,3) (2,5,2)
D (6,7,-1) (3,2,3)
D (3,-1,-1) (4,3,3)
D (3,9,-1) (4,5,0)
C 0 7
C 1 9
C 2 24
C 3 20
C 4 22
C 5 2
C 6 5
C 7 11
C 8 15
C 9 20
C 10 5
C 11 24
C 12 6
C 13 16
C 14 18
C 15 18
C 16 18
C 17 9
C 18 24
C 19 6
C 20 17
C 21 25
C 22 18
C 23 19
C 24 14
C 25 2
C 26 23
C 27 0
C 28 14
C 29 20
C 30 18
C 31 6
C 32 19
C 33 12
C 34 9
C 35 2
C 36 0
C 37 21
C 38 17
C 39 17
C 40 3
C 41 8
C 42 23
C 43 9
C 44 23
C 45 6
C 46 11
C 47 7
C 48 21
C 49 0
C 50 7
C 51 3
C 52 12
C 53 5
C 54 3
C 55 4
C 56 22
C 57 22
C 58 23
C 59 17
C 60 25
C 61 7
C 62 16
C 63 3
C 64 26
C 65 7
C 66 25
C 67 2
C 68 1
C 69 16
C 70 4
C 71 4
C 72 22
C 73 20
C 74 2
C 75 14
C 76 9
C 77 26
C 78 11
C 79 2
C 80 6
C 81 1
C 82 11
C 83 21
C 84 0
C 85 26
C 86 7
C 87 17
C 88 17
C 89 5
C 90 0
C 91 7
C 92 19
C 93 11
C 94 2
C 95 3
C 96 7
C 97 20
C 98 6
C 99 8
C 100 6
C 101 1
C 102 7
C 103 14
C 104 19
C 105 16
C 106 6
C 107 25
C 108 7
C 109 26
C 110 15
C 111 8
C 112 0
C 113 21
C 114 7
C 115 17
C 116 21
C 117 23
C 118 5
C 119 11
C 120 21
C 121 15
C 122 19
C 123 4
C 124 24
C 125 22
C 126 15
C 127 1
C 128 21
C 129 18
C 130 21
C 131 25
C 132 15
C 133 7
C 134 6
C 135 9
C 136 11
C 137 4
C 138 25
C 139 25
C 140 7
C 141 4
C 142 0
C 143 22
C 144 3
C 145 1
C 146 15
C 147 9
C 148 17
C 149 17
C 150 22
C 151 2
C 152 3
C 153 6
C 154 22
C 155 18
C 156 19
C 157 20
C 158 7
C 159 24
C 160 26
C 161 15
C 162 5
C 163 21
C 164 25
C 165 20
C 166 19
C 167 25
C 168 2
C 169 3
C 170 17
C 171 19
C 172 5
C 173 11
C 174 9
C 175 14
C 176 18
C 177 3
C 178 11
C 179 26
C 180 18
C 181 3
C 182 16
C 183 20
C 184 0
C 185 23
C 186 18
C 187 8
C 188 15
C 189 18
C 190 24
C 191 10
C 192 7
C 193 0
C 194 7
C 195 5
C 196 22
C 197 8
C 198 22
C 199 16
C 200 5
C 201 7
C 202 10
C 203 6
C 204 0
C 205 25
C 206 0
C 207 23
C 208 26
C 209 6
C 210 1
C 211 11
C 212 26
C 213 7
C 214 23
C 215 19
C 216 26
C 217 11
C 218 8
C 219 8
C 220 3
C 221 4
C 222 12
C 223 21
C 224 5
C 225 8
C 226 20
C 227 1
C 228 10
C 229 26
C 230 8
C 231 25
C 232 8
C 233 26
C 234 26
C 235 12
C 236 5
C 237 5
C 238 11
C 239 25
C 240 10
C 241 16
C 242 21
C 243 16
C 244 17
C 245 8
C 246 23
C 247 11
C 248 26
C 249 9
C 250 7
C 251 24
C 252 15
C 253 9
C 254 12
C 255 20
C 256 0
C 257 9
C 258 20
C 259 23
C 260 12
C 261 24
C 262 21
C 263 4
C 264 8
C 265 9
C 266 25
C 267 21
C 268 1
C 269 24
I 0 2 4 (1,3,3) (0,-1,0,0)|(1,0,1,0)|(1,1,1,0)
I 4 1 8 (3,3,4) (1,-1,0,0)|(-1,0,0,0)
