D (9,-1,-1) (4,4,0)
D (7,8,-1) (5,1,1)
D (8,3,-1) (3,2,4)
D (9,-1,-1) (2,0,1)
D (7,-1,-1) (0,3,0)
D (6,7,8) (5,3,0)
D (8,3,9) (4,1,3)
D (7,8,-1) (5,5,1)
D (3,9,-1) (3,2,0)
D (6,7,8) (2,1,2)
D (6,7,8) (5,4,3)
D (3,-1,-1) (2,2,4)
D (9,-1,-1) (1,2,2)
D (3,9,-1) (0,5,3)
D (8,3,-1) (5,0,0)
D (3,-1,-1) (2,4,0)
D (9,-1,-1) (1,2,0)
D (8,3,9) (3,1,3)
D (6,7,8) (2,1,0)
D (9,-1,-1) (1,0,4)
D (7,-1,-1) (1,4,3)
D (3,9,-1) (0,2,1)
D (9,-1,-1) (1,4,2)
D (9,-1,-1) (4,3,0)
D (9,-1,-1) (4,4,4)
D (3,-1,-1) (5,4,0)
D (8,3,9) (2,4,2)
D (7,8,3) (2,2,5)
D (7,8,-1) (0,2,3)
D (9,-1,-1) (1,0,5)
D (6,7,8) (5,1,0)
D (9,-1,-1) (1,1,0)
D (7,-1,-1) (3,1,5)
D (3,-1,-1) (0,0,1)
D (9,-1,-1) (5,4,2)
D (6,-1,-1) (2,2,3)
D (6,7,8) (0,0,0)
D (3,-1,-1) (1,3,0)
D (3,9,-1) (4,2,4)
D (9,-1,-1) (4,3,1)
D (7,8,3) (3,5,1)
D (3,9,-1) (2,1,5)
D (6,7,-1) (4,2,1)
D (8,3,9) (0,3,4)
D (7,-1,-1) (0,3,3)
D (3,-1,-1) (3,0,5)
D (6,7,8) (1,3,4)
D (3,9,-1) (1,1,5)
D (6,7,-1) (3,5,4)
D (3,9,-1) (3,4,0)
D (3,9,-1) (5,4,5)
D (3,9,-1) (1,4,5)
D (9,-1,-1) (0,5,5)
D (6,-1,-1) (1,1,1)
D (9,-1,-1) (0,5,2)
D (6,-1,-1) (2,5,5)
D (6,-1,-1) (0,2,0)
C 0 21
C 1 10
C 2 15
C 3 0
C 4 15
C 5 17
C 6 16
C 7 25
C 8 7
C 9 23
C 10 2
C 11 12
C 12 8
C 13 16
C 14 15
C 15 6
C 16 12
C 17 21
C 18 21
C 19 12
C 20 1
C 21 2
C 22 23
C 23 12
C 24 5
C 25 19
C 26 8
C 27 6
C 28 0
C 29 9
C 30 11
C 31 26
C 32 8
C 33 14
C 34 14
C 35 0
C 36 9
C 37 0
C 38 5
C 39 24
C 40 26
C 41 23
C 42 1
C 43 22
C 44 1
C 45 17
C 46 26
C 47 8
C 48 25
C 49 12
C 50 1
C 51 4
C 52 3
C 53 20
C 54 12
C 55 4
C 56 15
C 57 16
C 58 15
C 59 24
C 60 7
C 61 11
C 62 0
C 63 12
C 64 24
C 65 15
C 66 25
C 67 17
C 68 11
C 69 9
C 70 11
C 71 24
C 72 15
C 73 5
C 74 20
C 75 25
C 76 6
C 77 2
C 78 6
C 79 3
C 80 18
C 81 7
C 82 16
C 83 6
C 84 7
C 85 0
C 86 4
C 87 23
C 88 4
C 89 17
C 90 9
C 91 15
C 92 25
C 93 20
C 94 5
C 95 8
C 96 21
C 97 9
C 98 16
C 99 14
C 100 5
C 101 12
C 102 7
C 103 11
C 104 20
C 105 10
C 106 20
C 107 14
C 108 6
C 109 22
C 110 23
C 111 3
C 112 1
C 113 26
C 114 2
C 115 23
C 116 11
C 117 1
C 118 9
C 119 10
C 120 8
C 121 10
C 122 22
C 123 23
C 124 26
C 125 5
C 126 0
C 127 8
C 128 4
C 129 26
C 130 16
C 131 0
C 132 25
C 133 7
C 134 9
C 135 9
C 136 10
C 137 6
C 138 17
C 139 12
C 140 15
C 141 26
C 142 26
C 143 14
C 144 10
C 145 23
C 146 8
C 147 16
C 148 17
C 149 21
C 150 23
C 151 26
C 152 15
C 153 26
C 154 3
C 155 2
C 156 12
C 157 3
C 158 23
C 159 10
C 160 7
C 161 4
C 162 12
C 163 19
C 164 18
C 165 15
C 166 16
C 167 12
C 168 23
C 169 16
C 170 21
C 171 20
C 172 17
C 173 2
C 174 4
C 175 2
C 176 2
C 177 23
C 178 1
C 179 26
C 180 8
C 181 8
C 182 12
C 183 6
C 184 25
C 185 26
C 186 9
C 187 14
C 188 7
C 189 25
C 190 24
C 191 15
C 192 2
C 193 8
C 194 7
C 195 15
C 196 9
C 197 9
C 198 19
C 199 1
C 200 1
C 201 4
C 202 11
C 203 7
C 204 0
C 205 24
C 206 4
C 207 12
C 208 1
C 209 14
C 210 9
C 211 25
C 212 12
C 213 12
C 214 26
C 215 8
C 216 4
C 217 3
C 218 6
C 219 10
C 220 17
C 221 5
C 222 6
C 223 22
C 224 15
C 225 11
C 226 11
C 227 2
C 228 18
C 229 9
C 230 26
C 231 19
C 232 4
C 233 17
C 234 12
C 235 23
C 236 4
C 237 17
C 238 17
C 239 12
C 240 23
C 241 11
C 242 1
C 243 4
C 244 6
C 245 5
C 246 8
C 247 6
C 248 4
C 249 2
C 250 8
C 251 3
C 252 5
C 253 6
C 254 15
C 255 0
C 256 14
C 257 15
C 258 12
C 259 14
C 260 1
C 261 16
C 262 5
C 263 21
C 264 15
C 265 23
C 266 4
C 267 1
C 268 15
C 269 6
I 5 1 5 (2,2,2) (-1,1,1,0)|(-1,0,0,0)|(-1,0,1,0)|(1,-1,1,0)
I 0 1 12 (0,2,2) (0,-1,0,0)|(0,1,-1,0)|(0,1,0,0)|(-1,0,-1,0)|(-1,0,0,0)
I 4 3 5 (1,2,5) (-1,0,-1,0)|(-1,0,-1,0)
I 2 3 17 (0,2,4) (1,1,-1,0)|(1,-1,0,0)|(1,0,1,0)|(-1,0,0,0)|(1,0,1,0)
