D (3,9,-1) (3,1,1)
D (6,7,8) (2,0,4)
D (6,7,8) (0,2,2)
D (7,8,3) (3,5,1)
D (7,8,-1) (3,4,5)
D (3,-1,-1) (5,3,5)
D (8,3,-1) (5,4,0)
D (3,9,-1) (4,5,5)
D (3,-1,-1) (0,1,4)
D (6,-1,-1) (5,5,1)
D (6,7,-1) (5,3,4)
D (9,-1,-1) (2,0,2)
D (3,9,-1) (2,1,5)
D (8,3,-1) (1,4,0)
D (9,-1,-1) (1,0,1)
D (6,7,-1) (1,4,3)
D (3,9,-1) (0,1,2)
D (8,3,-1) (1,5,4)
D (7,8,3) (1,2,1)
D (6,-1,-1) (4,3,1)
D (7,8,-1) (3,5,2)
D (7,8,-1) (5,0,5)
D (8,3,9) (5,3,1)
D (8,-1,-1) (5,0,2)
D (3,-1,-1) (1,3,3)
D (3,-1,-1) (5,1,4)
D (6,7,8) (5,2,2)
D (6,-1,-1) (1,4,1)
D (8,3,-1) (5,0,4)
D (7,8,-1) (4,0,4)
D (3,9,-1) (2,2,4)
D (8,-1,-1) (5,3,2)
D (3,-1,-1) (4,4,2)
D (8,-1,-1) (0,3,5)
D (8,3,9) (5,2,4)
D (9,-1,-1) (3,0,5)
D (9,-1,-1) (2,3,3)
D (8,3,9) (5,0,1)
D (6,7,8) (1,3,1)
D (8,3,-1) (5,1,1)
D (7,-1,-1) (4,5,4)
C 0 10
C 1 17
C 2 19
C 3 4
C 4 10
C 5 0
C 6 22
C 7 16
C 8 1
C 9 24
C 10 2
C 11 24
C 12 23
C 13 12
C 14 10
C 15 0
C 16 23
C 17 5
C 18 21
C 19 18
C 20 17
C 21 2
C 22 7
C 23 25
C 24 8
C 25 9
C 26 19
C 27 25
C 28 22
C 29 23
C 30 22
C 31 17
C 32 17
C 33 15
C 34 21
C 35 25
C 36 5
C 37 3
C 38 1
C 39 22
C 40 16
C 41 16
C 42 8
C 43 24
C 44 20
C 45 22
C 46 10
C 47 24
C 48 19
C 49 3
C 50 25
C 51 3
C 52 5
C 53 7
C 54 23
C 55 18
C 56 6
C 57 25
C 58 1
C 59 17
C 60 5
C 61 15
C 62 14
C 63 18
C 64 9
C 65 20
C 66 23
C 67 12
C 68 26
C 69 25
C 70 15
C 71 12
C 72 7
C 73 10
C 74 21
C 75 1
C 76 21
C 77 15
C 78 11
C 79 5
C 80 11
C 81 16
C 82 8
C 83 19
C 84 15
C 85 4
C 86 20
C 87 14
C 88 23
C 89 3
C 90 7
C 91 14
C 92 3
C 93 20
C 94 15
C 95 9
C 96 0
C 97 0
C 98 0
C 99 0
C 100 0
C 101 0
C 102 0
C 103 0
C 104 0
C 105 0
C 106 0
C 107 0
C 108 0
C 109 0
C 110 0
C 111 0
C 112 0
C 113 0
C 114 0
C 115 0
C 116 0
C 117 0
C 118 0
C 119 0
C 120 0
C 121 0
C 122 0
C 123 0
C 124 0
C 125 0
C 126 0
C 127 0
C 128 0
C 129 0
C 130 0
C 131 0
C 132 0
C 133 0
C 134 0
C 135 0
C 136 0
C 137 0
C 138 0
C 139 0
C 140 0
C 141 0
C 142 0
C 143 23
C 144 12
C 145 12
C 146 2
C 147 7
C 148 15
C 149 26
C 150 12
C 151 19
C 152 16
C 153 22
C 154 4
C 155 22
C 156 8
C 157 22
C 158 11
C 159 4
C 160 1
C 161 4
C 162 0
C 163 18
C 164 7
C 165 25
C 166 25
C 167 19
C 168 3
C 169 3
C 170 15
C 171 17
C 172 25
C 173 6
C 174 15
C 175 16
C 176 24
C 177 17
C 178 7
C 179 14
C 180 5
C 181 5
C 182 26
C 183 4
C 184 23
C 185 12
C 186 25
C 187 12
C 188 24
C 189 23
C 190 12
C 191 10
C 192 7
C 193 0
C 194 0
C 195 12
C 196 23
C 197 23
C 198 0
C 199 0
C 200 0
C 201 0
C 202 0
C 203 0
C 204 0
C 205 0
C 206 0
C 207 0
C 208 0
C 209 0
C 210 0
C 211 0
C 212 0
C 213 0
C 214 0
C 215 0
C 216 0
C 217 0
C 218 0
C 219 0
C 220 0
C 221 0
C 222 0
C 223 0
C 224 0
C 225 0
C 226 0
C 227 0
C 228 0
C 229 0
C 230 0
C 231 0
C 232 0
C 233 0
C 234 0
C 235 0
C 236 0
C 237 0
C 238 0
C 239 0
C 240 0
C 241 0
C 242 0
C 243 0
C 244 0
C 245 0
C 246 0
C 247 0
C 248 0
C 249 0
C 250 0
C 251 0
C 252 4
C 253 17
C 254 4
C 255 11
C 256 12
C 257 19
C 258 1
C 259 5
C 260 16
C 261 6
C 262 18
C 263 18
C 264 24
C 265 2
C 266 18
C 267 24
C 268 26
C 269 0
I 5 1 17 (1,1,0) (-1,-1,-1,0)
I 3 3 18 (4,3,2) (0,0,-1,0)|(-1,0,-1,0)
I 0 2 14 (3,1,2) (0,1,1,0)
