D (7,8,3) (2,3,3)
D (7,8,3) (3,4,0)
D (3,9,-1) (4,5,4)
D (8,-1,-1) (2,5,2)
D (8,3,9) (2,1,1)
D (9,-1,-1) (1,5,5)
D (9,-1,-1) (3,1,3)
D (6,7,-1) (0,1,1)
D (7,8,-1) (0,5,1)
D (6,7,-1) (3,2,1)
D (3,9,-1) (0,4,3)
D (3,9,-1) (3,2,0)
D (6,7,8) (1,0,5)
D (8,-1,-1) (3,5,0)
D (8,3,9) (3,4,4)
D (3,-1,-1) (0,2,1)
D (9,-1,-1) (5,0,3)
D (9,-1,-1) (3,5,2)
D (3,-1,-1) (4,3,3)
D (6,7,8) (5,3,0)
D (6,7,8) (2,0,4)
D (3,9,-1) (5,2,5)
D (6,-1,-1) (3,3,4)
D (9,-1,-1) (3,4,5)
D (7,-1,-1) (5,1,5)
D (6,7,8) (0,4,5)
D (8,3,9) (2,2,5)
D (3,-1,-1) (1,3,4)
D (8,3,9) (0,0,2)
D (7,8,-1) (2,1,0)
D (7,8,-1) (4,5,2)
D (3,9,-1) (2,0,3)
D (6,7,8) (2,2,0)
D (7,-1,-1) (3,0,1)
D (7,8,-1) (5,0,2)
D (8,3,-1) (5,2,0)
D (6,-1,-1) (3,2,2)
D (9,-1,-1) (3,0,3)
D (9,-1,-1) (3,4,1)
D (8,-1,-1) (4,0,4)
D (8,3,-1) (3,5,1)
D (8,3,-1) (2,0,2)
D (8,3,-1) (2,5,5)
D (6,7,8) (1,1,4)
D (8,3,9) (4,0,1)
D (3,-1,-1) (0,1,2)
D (9,-1,-1) (3,3,3)
D (6,7,8) (1,3,0)
D (6,7,8) (5,5,3)
D (6,7,8) (1,0,1)
D (7,8,3) (2,5,1)
D (9,-1,-1) (0,0,1)
D (8,-1,-1) (1,5,0)
D (9,-1,-1) (4,1,3)
D (6,-1,-1) (1,2,3)
D (6,7,8) (4,5,3)
D (3,-1,-1) (2,2,4)
D (9,-1,-1) (5,1,0)
D (3,-1,-1) (4,4,1)
D (9,-1,-1) (4,5,0)
D (8,3,9) (2,1,3)
D (3,9,-1) (0,2,3)
D (3,9,-1) (2,5,0)
D (9,-1,-1) (1,1,2)
D (9,-1,-1) (2,4,5)
D (6,7,8) (5,5,4)
D (6,7,-1) (5,4,0)
D (8,-1,-1) (4,3,2)
D (7,8,-1) (4,4,3)
D (7,8,3) (2,4,0)
D (9,-1,-1) (1,5,3)
D (6,7,8) (3,4,2)
D (6,7,8) (3,3,5)
D (3,9,-1) (4,3,1)
D (9,-1,-1) (0,1,5)
D (6,-1,-1) (3,1,5)
D (3,9,-1) (0,4,4)
C 0 10
C 1 20
C 2 12
C 3 4
C 4 19
C 5 26
C 6 2
C 7 22
C 8 22
C 9 23
C 10 3
C 11 6
C 12 5
C 13 19
C 14 12
C 15 5
C 16 14
C 17 6
C 18 2
C 19 25
C 20 3
C 21 3
C 22 18
C 23 11
C 24 15
C 25 22
C 26 18
C 27 12
C 28 8
C 29 9
C 30 11
C 31 8
C 32 10
C 33 12
C 34 5
C 35 7
C 36 16
C 37 0
C 38 4
C 39 6
C 40 8
C 41 18
C 42 17
C 43 7
C 44 6
C 45 11
C 46 26
C 47 17
C 48 12
C 49 4
C 50 26
C 51 8
C 52 18
C 53 23
C 54 22
C 55 10
C 56 18
C 57 11
C 58 1
C 59 25
C 60 18
C 61 16
C 62 6
C 63 7
C 64 7
C 65 18
C 66 23
C 67 24
C 68 20
C 69 10
C 70 8
C 71 16
C 72 2
C 73 17
C 74 1
C 75 5
C 76 4
C 77 1
C 78 14
C 79 12
C 80 11
C 81 9
C 82 1
C 83 17
C 84 9
C 85 26
C 86 25
C 87 5
C 88 26
C 89 7
C 90 21
C 91 11
C 92 2
C 93 0
C 94 21
C 95 22
C 96 5
C 97 24
C 98 9
C 99 22
C 100 17
C 101 7
C 102 8
C 103 10
C 104 23
C 105 26
C 106 11
C 107 23
C 108 19
C 109 26
C 110 23
C 111 22
C 112 19
C 113 0
C 114 0
C 115 0
C 116 0
C 117 0
C 118 0
C 119 0
C 120 0
C 121 0
C 122 0
C 123 0
C 124 0
C 125 0
C 126 0
C 127 0
C 128 0
C 129 0
C 130 0
C 131 0
C 132 0
C 133 0
C 134 0
C 135 0
C 136 0
C 137 0
C 138 0
C 139 0
C 140 0
C 141 0
C 142 0
C 143 0
C 144 0
C 145 0
C 146 0
C 147 0
C 148 0
C 149 0
C 150 0
C 151 0
C 152 0
C 153 0
C 154 0
C 155 0
C 156 0
C 157 0
C 158 0
C 159 0
C 160 0
C 161 0
C 162 0
C 163 0
C 164 0
C 165 0
C 166 0
C 167 0
C 168 0
C 169 0
C 170 3
C 171 24
C 172 8
C 173 11
C 174 7
C 175 18
C 176 19
C 177 26
C 178 23
C 179 3
C 180 18
C 181 24
C 182 1
C 183 15
C 184 21
C 185 19
C 186 6
C 187 7
C 188 9
C 189 17
C 190 9
C 191 14
C 192 8
C 193 8
C 194 26
C 195 7
C 196 18
C 197 7
C 198 2
C 199 8
C 200 15
C 201 0
C 202 1
C 203 0
C 204 0
C 205 0
C 206 0
C 207 0
C 208 0
C 209 0
C 210 0
C 211 0
C 212 0
C 213 0
C 214 0
C 215 0
C 216 0
C 217 0
C 218 0
C 219 0
C 220 0
C 221 0
C 222 0
C 223 0
C 224 0
C 225 0
C 226 0
C 227 0
C 228 0
C 229 0
C 230 0
C 231 0
C 232 0
C 233 0
C 234 0
C 235 0
C 236 0
C 237 0
C 238 0
C 239 0
C 240 0
C 241 0
C 242 0
C 243 0
C 244 0
C 245 0
C 246 6
C 247 9
C 248 15
C 249 10
C 250 24
C 251 26
C 252 15
C 253 4
C 254 12
C 255 3
C 256 4
C 257 7
C 258 2
C 259 2
C 260 25
C 261 14
C 262 23
C 263 0
C 264 25
C 265 25
C 266 7
C 267 11
C 268 10
C 269 16
I 1 2 9 (5,3,5) (0,1,-1,0)
I 3 3 19 (5,1,3) (1,-1,1,0)
I 5 3 3 (5,0,0) (-1,-1,0,0)
