D (6,-1,-1) (5,5,1)
D (6,7,8) (0,1,5)
D (8,3,-1) (5,3,1)
D (8,-1,-1) (2,1,2)
D (6,7,-1) (5,4,0)
D (3,9,-1) (0,0,3)
D (6,7,8) (2,3,2)
D (9,-1,-1) (2,1,3)
D (6,7,-1) (1,0,3)
D (6,7,8) (4,1,2)
D (9,-1,-1) (5,1,5)
D (9,-1,-1) (3,1,2)
D (3,-1,-1) (2,1,4)
D (3,9,-1) (4,4,4)
D (3,9,-1) (2,1,1)
D (3,-1,-1) (5,3,2)
D (3,9,-1) (0,5,1)
D (9,-1,-1) (0,3,0)
D (6,-1,-1) (4,3,1)
D (9,-1,-1) (0,3,2)
D (6,-1,-1) (3,0,0)
D (3,9,-1) (4,4,1)
D (6,7,-1) (2,1,5)
D (8,3,9) (2,5,4)
D (3,-1,-1) (0,3,1)
D (6,7,8) (1,1,3)
D (6,-1,-1) (1,5,4)
D (3,-1,-1) (2,5,2)
D (7,-1,-1) (5,3,5)
D (3,9,-1) (1,5,0)
D (6,7,-1) (1,2,0)
D (7,8,-1) (4,5,3)
D (9,-1,-1) (5,0,1)
D (8,3,9) (1,2,1)
D (9,-1,-1) (5,5,5)
D (3,9,-1) (0,0,5)
D (7,8,-1) (4,4,3)
D (6,7,-1) (1,1,2)
D (8,3,9) (2,5,1)
D (3,9,-1) (3,0,4)
D (8,3,9) (3,4,4)
D (9,-1,-1) (2,4,5)
D (9,-1,-1) (2,4,4)
D (3,9,-1) (3,1,5)
C 0 20
C 1 19
C 2 22
C 3 11
C 4 0
C 5 16
C 6 9
C 7 24
C 8 17
C 9 17
C 10 6
C 11 26
C 12 1
C 13 12
C 14 24
C 15 24
C 16 18
C 17 14
C 18 9
C 19 1
C 20 7
C 21 6
C 22 17
C 23 16
C 24 26
C 25 18
C 26 6
C 27 2
C 28 12
C 29 22
C 30 9
C 31 9
C 32 21
C 33 1
C 34 3
C 35 1
C 36 5
C 37 25
C 38 20
C 39 25
C 40 19
C 41 17
C 42 7
C 43 0
C 44 4
C 45 16
C 46 23
C 47 9
C 48 21
C 49 24
C 50 26
C 51 15
C 52 21
C 53 5
C 54 15
C 55 12
C 56 2
C 57 11
C 58 9
C 59 16
C 60 21
C 61 1
C 62 0
C 63 1
C 64 8
C 65 3
C 66 21
C 67 20
C 68 24
C 69 26
C 70 11
C 71 4
C 72 24
C 73 16
C 74 17
C 75 18
C 76 1
C 77 9
C 78 6
C 79 12
C 80 21
C 81 10
C 82 22
C 83 4
C 84 24
C 85 0
C 86 2
C 87 8
C 88 22
C 89 14
C 90 21
C 91 21
C 92 26
C 93 8
C 94 0
C 95 10
C 96 4
C 97 20
C 98 7
C 99 15
C 100 8
C 101 24
C 102 15
C 103 2
C 104 15
C 105 16
C 106 9
C 107 18
C 108 24
C 109 1
C 110 22
C 111 0
C 112 1
C 113 14
C 114 12
C 115 19
C 116 22
C 117 22
C 118 6
C 119 0
C 120 15
C 121 8
C 122 1
C 123 23
C 124 8
C 125 22
C 126 24
C 127 22
C 128 15
C 129 22
C 130 14
C 131 8
C 132 24
C 133 1
C 134 9
C 135 18
C 136 17
C 137 10
C 138 21
C 139 12
C 140 1
C 141 1
C 142 0
C 143 7
C 144 22
C 145 16
C 146 14
C 147 19
C 148 7
C 149 24
C 150 10
C 151 24
C 152 16
C 153 0
C 154 1
C 155 2
C 156 23
C 157 14
C 158 25
C 159 9
C 160 22
C 161 2
C 162 15
C 163 21
C 164 24
C 165 23
C 166 25
C 167 12
C 168 17
C 169 16
C 170 18
C 171 24
C 172 1
C 173 14
C 174 6
C 175 14
C 176 12
C 177 10
C 178 24
C 179 9
C 180 7
C 181 6
C 182 18
C 183 24
C 184 19
C 185 2
C 186 5
C 187 4
C 188 14
C 189 11
C 190 7
C 191 15
C 192 24
C 193 21
C 194 7
C 195 10
C 196 3
C 197 23
C 198 11
C 199 16
C 200 5
C 201 21
C 202 2
C 203 1
C 204 4
C 205 16
C 206 3
C 207 11
C 208 12
C 209 0
C 210 6
C 211 1
C 212 24
C 213 1
C 214 0
C 215 22
C 216 14
C 217 8
C 218 18
C 219 25
C 220 6
C 221 26
C 222 6
C 223 19
C 224 26
C 225 12
C 226 25
C 227 3
C 228 19
C 229 18
C 230 5
C 231 21
C 232 20
C 233 12
C 234 3
C 235 21
C 236 11
C 237 7
C 238 7
C 239 8
C 240 15
C 241 6
C 242 9
C 243 6
C 244 0
C 245 21
C 246 20
C 247 16
C 248 23
C 249 7
C 250 17
C 251 26
C 252 20
C 253 24
C 254 17
C 255 10
C 256 5
C 257 0
C 258 15
C 259 26
C 260 19
C 261 11
C 262 8
C 263 10
C 264 11
C 265 23
C 266 17
C 267 4
C 268 23
C 269 2
I 4 2 15 (3,3,1) (0,-1,0,0)|(1,-1,0,0)|(1,-1,0,0)|(0,1,0,0)
I 0 2 17 (2,4,2) (1,-1,0,0)|(0,0,0,0)|(0,-1,0,0)|(0,-1,1,0)
