D (9,-1,-1) (0,0,0)
D (7,-1,-1) (3,0,3)
D (6,-1,-1) (1,1,0)
D (3,-1,-1) (2,2,2)
D (9,-1,-1) (0,3,2)
D (3,9,-1) (1,5,1)
D (9,-1,-1) (5,3,1)
D (7,-1,-1) (3,2,1)
D (3,9,-1) (3,0,0)
D (8,3,-1) (0,5,2)
D (8,3,-1) (2,2,1)
D (3,9,-1) (3,1,4)
D (7,-1,-1) (1,3,1)
D (8,-1,-1) (0,5,1)
D (8,-1,-1) (3,2,0)
D (9,-1,-1) (4,3,0)
D (6,7,8) (3,5,0)
D (9,-1,-1) (2,3,1)
D (9,-1,-1) (1,5,2)
D (8,3,-1) (2,3,3)
D (3,-1,-1) (1,5,5)
D (7,-1,-1) (3,1,5)
D (9,-1,-1) (0,4,0)
D (6,7,8) (3,2,3)
D (9,-1,-1) (5,5,0)
D (9,-1,-1) (5,2,2)
D (8,-1,-1) (1,4,4)
D (7,8,-1) (5,2,3)
D (3,9,-1) (0,1,1)
D (7,8,-1) (0,1,2)
D (3,-1,-1) (1,3,4)
D (8,-1,-1) (1,0,1)
D (6,7,-1) (3,5,3)
D (7,8,-1) (5,0,2)
D (6,-1,-1) (3,5,2)
D (7,-1,-1) (5,0,4)
D (3,9,-1) (5,0,3)
D (9,-1,-1) (5,1,4)
D (3,9,-1) (2,4,0)
D (9,-1,-1) (4,4,3)
D (7,8,3) (1,1,5)
D (9,-1,-1) (2,4,1)
D (7,8,3) (3,1,0)
D (3,9,-1) (1,4,3)
D (8,-1,-1) (3,4,4)
D (8,3,-1) (4,4,2)
D (8,-1,-1) (0,0,4)
D (8,-1,-1) (2,1,5)
D (6,-1,-1) (1,2,4)
D (6,7,-1) (2,1,1)
D (7,8,3) (0,2,3)
D (7,8,3) (4,0,5)
D (7,8,3) (2,5,3)
D (9,-1,-1) (3,5,5)
D (9,-1,-1) (1,4,2)
D (9,-1,-1) (3,0,1)
D (7,8,3) (0,4,3)
D (9,-1,-1) (0,0,3)
D (6,7,8) (1,5,4)
D (3,9,-1) (5,5,2)
D (8,-1,-1) (4,2,5)
D (9,-1,-1) (2,0,1)
D (6,-1,-1) (4,2,4)
D (3,9,-1) (1,2,3)
D (3,9,-1) (2,1,0)
D (9,-1,-1) (1,4,5)
D (3,9,-1) (4,1,4)
D (6,-1,-1) (1,1,2)
D (9,-1,-1) (1,3,3)
D (9,-1,-1) (2,3,4)
C 0 16
C 1 9
C 2 16
C 3 22
C 4 21
C 5 0
C 6 26
C 7 15
C 8 5
C 9 11
C 10 24
C 11 22
C 12 24
C 13 19
C 14 16
C 15 8
C 16 26
C 17 4
C 18 4
C 19 23
C 20 0
C 21 17
C 22 20
C 23 6
C 24 15
C 25 1
C 26 3
C 27 16
C 28 23
C 29 8
C 30 18
C 31 0
C 32 20
C 33 14
C 34 15
C 35 18
C 36 16
C 37 2
C 38 21
C 39 23
C 40 2
C 41 26
C 42 2
C 43 12
C 44 26
C 45 12
C 46 23
C 47 12
C 48 20
C 49 9
C 50 8
C 51 21
C 52 5
C 53 21
C 54 12
C 55 26
C 56 17
C 57 7
C 58 2
C 59 0
C 60 0
C 61 0
C 62 0
C 63 0
C 64 0
C 65 0
C 66 0
C 67 0
C 68 0
C 69 0
C 70 0
C 71 0
C 72 25
C 73 4
C 74 3
C 75 12
C 76 20
C 77 11
C 78 10
C 79 10
C 80 10
C 81 2
C 82 12
C 83 9
C 84 20
C 85 6
C 86 25
C 87 14
C 88 4
C 89 20
C 90 21
C 91 8
C 92 16
C 93 2
C 94 21
C 95 11
C 96 3
C 97 21
C 98 3
C 99 12
C 100 26
C 101 0
C 102 0
C 103 0
C 104 15
C 105 17
C 106 24
C 107 6
C 108 6
C 109 4
C 110 25
C 111 0
C 112 1
C 113 19
C 114 6
C 115 2
C 116 4
C 117 3
C 118 19
C 119 0
C 120 0
C 121 0
C 122 0
C 123 0
C 124 0
C 125 0
C 126 0
C 127 0
C 128 0
C 129 0
C 130 0
C 131 0
C 132 0
C 133 0
C 134 0
C 135 0
C 136 0
C 137 0
C 138 0
C 139 0
C 140 0
C 141 0
C 142 0
C 143 0
C 144 0
C 145 0
C 146 0
C 147 0
C 148 0
C 149 0
C 150 0
C 151 0
C 152 0
C 153 0
C 154 0
C 155 0
C 156 0
C 157 0
C 158 0
C 159 0
C 160 0
C 161 0
C 162 0
C 163 0
C 164 0
C 165 0
C 166 0
C 167 0
C 168 0
C 169 0
C 170 0
C 171 0
C 172 0
C 173 0
C 174 0
C 175 0
C 176 0
C 177 0
C 178 0
C 179 0
C 180 0
C 181 0
C 182 0
C 183 0
C 184 0
C 185 0
C 186 0
C 187 0
C 188 0
C 189 0
C 190 0
C 191 0
C 192 0
C 193 0
C 194 0
C 195 0
C 196 0
C 197 0
C 198 1
C 199 24
C 200 5
C 201 24
C 202 7
C 203 17
C 204 4
C 205 14
C 206 15
C 207 16
C 208 8
C 209 25
C 210 8
C 211 20
C 212 8
C 213 12
C 214 11
C 215 14
C 216 0
C 217 14
C 218 1
C 219 17
C 220 8
C 221 16
C 222 20
C 223 18
C 224 0
C 225 19
C 226 17
C 227 15
C 228 16
C 229 5
C 230 11
C 231 3
C 232 19
C 233 6
C 234 7
C 235 0
C 236 6
C 237 24
C 238 26
C 239 2
C 240 22
C 241 17
C 242 5
C 243 14
C 244 16
C 245 8
C 246 10
C 247 19
C 248 5
C 249 20
C 250 23
C 251 20
C 252 24
C 253 7
C 254 21
C 255 0
C 256 11
C 257 1
C 258 23
C 259 14
C 260 24
C 261 20
C 262 3
C 263 17
C 264 22
C 265 24
C 266 4
C 267 12
C 268 19
C 269 23
I 1 1 11 (1,3,0) (0,-1,0,0)
I 5 3 7 (1,0,4) (-1,0,0,0)|(0,1,0,0)
I 1 1 1 (2,1,3) (1,1,1,0)
