D (7,8,3) (0,2,3)
D (3,9,-1) (1,1,2)
D (7,8,-1) (5,2,4)
D (3,9,-1) (0,5,2)
D (6,7,-1) (5,5,2)
D (6,-1,-1) (0,5,3)
D (3,-1,-1) (2,5,0)
D (9,-1,-1) (2,3,0)
D (6,7,8) (2,1,2)
D (7,8,3) (0,3,5)
D (3,9,-1) (0,3,2)
D (3,9,-1) (4,1,5)
D (7,8,3) (5,2,5)
D (7,8,3) (5,2,2)
D (8,3,-1) (3,0,4)
D (7,-1,-1) (5,3,5)
D (3,9,-1) (4,0,3)
D (7,-1,-1) (2,1,5)
D (8,3,9) (5,1,3)
D (6,7,8) (0,2,5)
D (8,-1,-1) (4,4,1)
D (9,-1,-1) (1,3,0)
D (3,9,-1) (4,0,4)
D (6,-1,-1) (0,3,3)
D (9,-1,-1) (4,5,5)
D (8,3,9) (1,1,1)
D (3,9,-1) (2,4,0)
D (3,9,-1) (3,2,5)
D (8,3,-1) (4,4,4)
D (8,3,9) (5,5,5)
D (7,8,3) (2,5,4)
D (8,-1,-1) (5,0,3)
D (7,8,3) (5,4,4)
D (3,9,-1) (5,0,2)
D (7,8,3) (3,3,4)
D (3,9,-1) (5,4,0)
D (9,-1,-1) (5,2,0)
D (6,7,-1) (5,3,1)
D (9,-1,-1) (4,5,1)
D (7,8,3) (1,0,1)
D (9,-1,-1) (1,2,5)
D (3,-1,-1) (3,0,1)
D (3,9,-1) (5,0,4)
D (8,3,-1) (3,5,3)
D (9,-1,-1) (2,0,1)
D (8,3,-1) (4,3,5)
D (8,-1,-1) (2,0,3)
D (6,-1,-1) (0,5,0)
D (9,-1,-1) (4,3,2)
D (7,8,-1) (3,3,3)
C 0 10
C 1 17
C 2 25
C 3 18
C 4 7
C 5 20
C 6 5
C 7 4
C 8 19
C 9 15
C 10 12
C 11 2
C 12 20
C 13 12
C 14 12
C 15 24
C 16 12
C 17 24
C 18 11
C 19 24
C 20 4
C 21 2
C 22 14
C 23 19
C 24 9
C 25 9
C 26 24
C 27 23
C 28 15
C 29 2
C 30 15
C 31 6
C 32 8
C 33 9
C 34 5
C 35 22
C 36 19
C 37 4
C 38 16
C 39 1
C 40 6
C 41 23
C 42 6
C 43 26
C 44 4
C 45 4
C 46 19
C 47 1
C 48 12
C 49 5
C 50 3
C 51 15
C 52 21
C 53 3
C 54 17
C 55 21
C 56 7
C 57 26
C 58 14
C 59 26
C 60 15
C 61 5
C 62 0
C 63 24
C 64 17
C 65 22
C 66 11
C 67 23
C 68 6
C 69 5
C 70 11
C 71 3
C 72 24
C 73 2
C 74 24
C 75 6
C 76 8
C 77 16
C 78 9
C 79 24
C 80 9
C 81 17
C 82 24
C 83 17
C 84 10
C 85 24
C 86 21
C 87 22
C 88 20
C 89 21
C 90 15
C 91 19
C 92 7
C 93 24
C 94 9
C 95 15
C 96 1
C 97 9
C 98 6
C 99 22
C 100 12
C 101 7
C 102 16
C 103 19
C 104 25
C 105 5
C 106 23
C 107 4
C 108 1
C 109 15
C 110 15
C 111 18
C 112 12
C 113 6
C 114 3
C 115 9
C 116 23
C 117 12
C 118 8
C 119 7
C 120 0
C 121 5
C 122 10
C 123 15
C 124 12
C 125 22
C 126 14
C 127 5
C 128 25
C 129 8
C 130 16
C 131 20
C 132 19
C 133 17
C 134 10
C 135 15
C 136 22
C 137 3
C 138 20
C 139 12
C 140 21
C 141 7
C 142 10
C 143 16
C 144 18
C 145 19
C 146 24
C 147 25
C 148 21
C 149 0
C 150 10
C 151 0
C 152 0
C 153 0
C 154 0
C 155 0
C 156 0
C 157 0
C 158 0
C 159 0
C 160 0
C 161 0
C 162 0
C 163 0
C 164 0
C 165 0
C 166 0
C 167 0
C 168 0
C 169 0
C 170 0
C 171 0
C 172 0
C 173 0
C 174 0
C 175 0
C 176 0
C 177 0
C 178 0
C 179 0
C 180 0
C 181 0
C 182 0
C 183 0
C 184 0
C 185 0
C 186 0
C 187 0
C 188 0
C 189 0
C 190 0
C 191 0
C 192 0
C 193 0
C 194 0
C 195 0
C 196 0
C 197 0
C 198 0
C 199 0
C 200 21
C 201 22
C 202 5
C 203 22
C 204 2
C 205 21
C 206 19
C 207 12
C 208 6
C 209 8
C 210 10
C 211 4
C 212 16
C 213 16
C 214 11
C 215 17
C 216 1
C 217 23
C 218 22
C 219 15
C 220 2
C 221 19
C 222 6
C 223 18
C 224 0
C 225 9
C 226 12
C 227 1
C 228 18
C 229 16
C 230 17
C 231 14
C 232 15
C 233 6
C 234 15
C 235 2
C 236 11
C 237 20
C 238 5
C 239 21
C 240 11
C 241 10
C 242 17
C 243 20
C 244 1
C 245 17
C 246 0
C 247 24
C 248 5
C 249 0
C 250 21
C 251 26
C 252 16
C 253 4
C 254 10
C 255 4
C 256 17
C 257 11
C 258 10
C 259 2
C 260 21
C 261 18
C 262 11
C 263 20
C 264 16
C 265 10
C 266 8
C 267 24
C 268 9
C 269 12
I 0 2 9 (4,1,3) (-1,1,-1,0)|(0,-1,1,0)
I 5 2 11 (5,0,2) (-1,-1,0,0)|(0,1,1,0)|(1,-1,0,0)
I 2 3 8 (2,0,0) (0,0,-1,0)|(0,1,-1,0)
