D (6,-1,-1) (0,2,1)
D (3,-1,-1) (1,3,0)
D (7,-1,-1) (3,1,3)
D (6,-1,-1) (4,0,1)
D (6,7,8) (3,5,5)
D (7,-1,-1) (3,4,5)
D (7,8,-1) (1,2,4)
D (7,8,-1) (1,0,1)
D (8,3,-1) (5,2,1)
D (8,3,-1) (2,1,3)
D (7,8,-1) (5,5,4)
D (8,3,-1) (5,1,5)
D (8,3,9) (2,5,4)
D (7,-1,-1) (0,0,4)
D (7,8,-1) (5,0,1)
D (7,8,3) (3,1,2)
D (6,-1,-1) (2,0,2)
D (3,9,-1) (0,0,5)
D (7,8,3) (5,0,3)
D (6,-1,-1) (5,3,1)
D (3,9,-1) (0,5,4)
D (3,-1,-1) (2,2,5)
D (3,-1,-1) (2,2,3)
D (9,-1,-1) (1,2,3)
D (8,3,-1) (5,4,2)
D (7,8,3) (0,5,1)
D (6,7,-1) (1,0,0)
D (3,9,-1) (1,2,5)
D (3,-1,-1) (0,4,5)
D (9,-1,-1) (5,5,1)
D (7,-1,-1) (3,2,4)
D (9,-1,-1) (0,4,0)
D (3,-1,-1) (2,0,0)
D (9,-1,-1) (3,3,1)
D (7,8,-1) (4,4,2)
D (6,7,8) (2,4,3)
D (7,-1,-1) (5,1,2)
D (9,-1,-1) (1,3,5)
D (6,-1,-1) (0,2,2)
D (3,9,-1) (5,5,0)
D (8,3,-1) (2,3,2)
D (3,-1,-1) (3,1,1)
D (6,-1,-1) (2,4,2)
D (7,8,-1) (5,0,2)
D (9,-1,-1) (1,0,5)
D (8,-1,-1) (2,5,3)
D (3,9,-1) (3,0,1)
D (9,-1,-1) (3,2,5)
D (7,8,-1) (1,0,3)
D (8,3,-1) (4,0,3)
D (9,-1,-1) (2,3,3)
D (7,8,3) (0,1,5)
D (6,7,8) (0,1,0)
D (9,-1,-1) (1,5,4)
D (3,9,-1) (0,0,3)
C 0 26
C 1 12
C 2 15
C 3 22
C 4 16
C 5 15
C 6 5
C 7 6
C 8 26
C 9 12
C 10 15
C 11 16
C 12 24
C 13 14
C 14 12
C 15 14
C 16 17
C 17 18
C 18 23
C 19 3
C 20 22
C 21 18
C 22 12
C 23 9
C 24 12
C 25 12
C 26 14
C 27 5
C 28 16
C 29 2
C 30 23
C 31 12
C 32 9
C 33 21
C 34 21
C 35 2
C 36 23
C 37 10
C 38 15
C 39 3
C 40 16
C 41 1
C 42 19
C 43 19
C 44 23
C 45 24
C 46 5
C 47 16
C 48 8
C 49 19
C 50 22
C 51 10
C 52 2
C 53 15
C 54 0
C 55 16
C 56 21
C 57 2
C 58 16
C 59 18
C 60 11
C 61 14
C 62 19
C 63 17
C 64 25
C 65 14
C 66 12
C 67 5
C 68 11
C 69 9
C 70 9
C 71 8
C 72 22
C 73 16
C 74 10
C 75 7
C 76 4
C 77 16
C 78 11
C 79 15
C 80 8
C 81 7
C 82 18
C 83 9
C 84 17
C 85 3
C 86 6
C 87 10
C 88 7
C 89 1
C 90 14
C 91 17
C 92 6
C 93 7
C 94 24
C 95 4
C 96 5
C 97 22
C 98 3
C 99 0
C 100 10
C 101 1
C 102 20
C 103 20
C 104 20
C 105 16
C 106 19
C 107 4
C 108 18
C 109 11
C 110 1
C 111 22
C 112 14
C 113 26
C 114 1
C 115 22
C 116 15
C 117 4
C 118 19
C 119 10
C 120 3
C 121 24
C 122 22
C 123 11
C 124 6
C 125 0
C 126 20
C 127 14
C 128 3
C 129 19
C 130 11
C 131 23
C 132 20
C 133 5
C 134 17
C 135 26
C 136 22
C 137 10
C 138 5
C 139 6
C 140 2
C 141 26
C 142 22
C 143 10
C 144 9
C 145 10
C 146 19
C 147 11
C 148 11
C 149 20
C 150 2
C 151 15
C 152 23
C 153 15
C 154 9
C 155 0
C 156 26
C 157 4
C 158 23
C 159 11
C 160 26
C 161 15
C 162 19
C 163 11
C 164 19
C 165 8
C 166 26
C 167 16
C 168 26
C 169 18
C 170 19
C 171 23
C 172 20
C 173 0
C 174 20
C 175 23
C 176 19
C 177 1
C 178 15
C 179 0
C 180 4
C 181 4
C 182 11
C 183 6
C 184 1
C 185 15
C 186 19
C 187 2
C 188 15
C 189 3
C 190 2
C 191 5
C 192 18
C 193 21
C 194 22
C 195 12
C 196 12
C 197 21
C 198 1
C 199 9
C 200 21
C 201 23
C 202 10
C 203 9
C 204 10
C 205 5
C 206 16
C 207 5
C 208 4
C 209 17
C 210 7
C 211 23
C 212 14
C 213 22
C 214 23
C 215 15
C 216 17
C 217 6
C 218 5
C 219 9
C 220 6
C 221 26
C 222 12
C 223 26
C 224 4
C 225 8
C 226 21
C 227 1
C 228 14
C 229 7
C 230 25
C 231 10
C 232 17
C 233 2
C 234 16
C 235 3
C 236 10
C 237 9
C 238 16
C 239 16
C 240 2
C 241 8
C 242 4
C 243 25
C 244 15
C 245 18
C 246 23
C 247 6
C 248 20
C 249 4
C 250 1
C 251 6
C 252 8
C 253 1
C 254 9
C 255 3
C 256 16
C 257 5
C 258 21
C 259 7
C 260 2
C 261 14
C 262 12
C 263 20
C 264 2
C 265 7
C 266 15
C 267 22
C 268 17
C 269 5
I 1 1 9 (3,2,3) (-1,1,1,0)|(1,0,0,0)|(0,0,0,0)
I 1 1 5 (4,3,4) (-1,0,1,0)
I 2 3 12 (0,0,5) (-1,1,0,0)|(0,-1,0,0)|(0,0,-1,0)|(0,-1,-1,0)
