D (6,7,8) (3,4,3)
D (3,-1,-1) (4,3,4)
D (8,3,-1) (0,4,4)
D (8,3,9) (5,0,4)
D (6,-1,-1) (0,4,1)
D (9,-1,-1) (3,4,0)
D (3,9,-1) (2,2,4)
D (8,3,9) (1,4,0)
D (7,8,-1) (0,3,4)
D (6,-1,-1) (2,1,3)
D (8,-1,-1) (1,0,3)
D (3,9,-1) (5,1,5)
D (3,9,-1) (3,2,3)
D (3,-1,-1) (0,2,4)
D (7,8,-1) (1,5,3)
D (3,-1,-1) (4,4,2)
D (7,8,3) (5,0,2)
D (9,-1,-1) (0,5,1)
D (6,-1,-1) (5,4,4)
D (7,8,-1) (3,1,4)
D (3,9,-1) (1,4,1)
D (6,-1,-1) (5,2,1)
D (9,-1,-1) (3,0,2)
D (8,-1,-1) (5,1,0)
D (3,9,-1) (3,1,3)
D (8,-1,-1) (4,3,5)
D (6,7,8) (1,1,5)
D (7,8,-1) (1,1,0)
D (9,-1,-1) (3,5,3)
D (3,-1,-1) (3,3,5)
D (6,7,-1) (0,3,3)
D (6,7,-1) (0,2,0)
D (7,8,3) (2,4,0)
D (9,-1,-1) (4,3,0)
D (6,-1,-1) (5,4,3)
D (9,-1,-1) (0,5,2)
D (6,7,8) (2,2,3)
D (7,-1,-1) (5,0,0)
D (7,8,-1) (5,3,1)
D (6,7,8) (3,4,4)
D (9,-1,-1) (1,0,5)
D (8,-1,-1) (2,0,0)
C 0 11
C 1 19
C 2 12
C 3 10
C 4 18
C 5 20
C 6 17
C 7 9
C 8 5
C 9 3
C 10 5
C 11 1
C 12 17
C 13 23
C 14 25
C 15 20
C 16 20
C 17 6
C 18 22
C 19 2
C 20 7
C 21 3
C 22 5
C 23 10
C 24 14
C 25 9
C 26 20
C 27 2
C 28 6
C 29 16
C 30 11
C 31 9
C 32 15
C 33 5
C 34 20
C 35 16
C 36 8
C 37 10
C 38 5
C 39 11
C 40 7
C 41 14
C 42 8
C 43 7
C 44 20
C 45 15
C 46 12
C 47 2
C 48 21
C 49 21
C 50 19
C 51 7
C 52 15
C 53 22
C 54 11
C 55 14
C 56 1
C 57 11
C 58 8
C 59 9
C 60 21
C 61 20
C 62 26
C 63 20
C 64 21
C 65 0
C 66 5
C 67 19
C 68 0
C 69 26
C 70 8
C 71 23
C 72 12
C 73 5
C 74 17
C 75 21
C 76 5
C 77 15
C 78 16
C 79 3
C 80 8
C 81 2
C 82 19
C 83 8
C 84 16
C 85 15
C 86 5
C 87 11
C 88 7
C 89 16
C 90 19
C 91 24
C 92 9
C 93 25
C 94 15
C 95 19
C 96 26
C 97 23
C 98 1
C 99 11
C 100 20
C 101 19
C 102 16
C 103 24
C 104 20
C 105 11
C 106 25
C 107 0
C 108 6
C 109 15
C 110 18
C 111 4
C 112 17
C 113 21
C 114 23
C 115 23
C 116 7
C 117 15
C 118 26
C 119 3
C 120 9
C 121 26
C 122 0
C 123 0
C 124 0
C 125 0
C 126 26
C 127 18
C 128 26
C 129 17
C 130 10
C 131 19
C 132 24
C 133 20
C 134 22
C 135 6
C 136 0
C 137 11
C 138 12
C 139 2
C 140 11
C 141 10
C 142 3
C 143 5
C 144 22
C 145 1
C 146 2
C 147 11
C 148 6
C 149 25
C 150 24
C 151 23
C 152 9
C 153 11
C 154 22
C 155 5
C 156 18
C 157 18
C 158 4
C 159 24
C 160 25
C 161 0
C 162 23
C 163 21
C 164 26
C 165 19
C 166 5
C 167 25
C 168 16
C 169 14
C 170 6
C 171 1
C 172 20
C 173 26
C 174 25
C 175 5
C 176 18
C 177 18
C 178 8
C 179 3
C 180 9
C 181 3
C 182 23
C 183 14
C 184 24
C 185 26
C 186 8
C 187 24
C 188 23
C 189 9
C 190 22
C 191 26
C 192 2
C 193 18
C 194 10
C 195 20
C 196 0
C 197 19
C 198 24
C 199 0
C 200 19
C 201 24
C 202 26
C 203 0
C 204 5
C 205 8
C 206 21
C 207 22
C 208 19
C 209 2
C 210 24
C 211 6
C 212 15
C 213 3
C 214 9
C 215 20
C 216 9
C 217 0
C 218 0
C 219 0
C 220 0
C 221 0
C 222 0
C 223 0
C 224 0
C 225 0
C 226 0
C 227 0
C 228 0
C 229 0
C 230 9
C 231 18
C 232 17
C 233 10
C 234 10
C 235 15
C 236 26
C 237 9
C 238 26
C 239 23
C 240 2
C 241 24
C 242 5
C 243 18
C 244 16
C 245 10
C 246 8
C 247 15
C 248 22
C 249 22
C 250 18
C 251 20
C 252 15
C 253 16
C 254 16
C 255 0
C 256 23
C 257 0
C 258 17
C 259 18
C 260 6
C 261 0
C 262 10
C 263 1
C 264 6
C 265 25
C 266 14
C 267 16
C 268 2
C 269 5
I 0 1 4 (2,0,2) (0,1,-1,0)|(-1,-1,1,0)|(-1,1,1,0)
I 3 3 7 (2,4,4) (-1,1,-1,0)|(0,0,1,0)|(0,1,0,0)
I 1 3 14 (4,5,4) (-1,-1,0,0)|(1,-1,0,0)
