D (8,-1,-1) (2,0,3)
D (9,-1,-1) (5,3,3)
D (3,-1,-1) (3,5,3)
D (6,-1,-1) (5,2,4)
D (7,-1,-1) (2,5,2)
D (6,7,8) (0,5,4)
D (8,-1,-1) (5,5,2)
D (8,3,9) (5,3,1)
D (7,-1,-1) (2,1,1)
D (6,7,8) (3,0,1)
D (9,-1,-1) (0,1,1)
D (6,-1,-1) (2,5,3)
D (3,-1,-1) (2,3,2)
D (9,-1,-1) (3,2,4)
D (3,-1,-1) (4,3,5)
D (9,-1,-1) (1,1,2)
D (8,3,-1) (5,4,4)
D (6,7,8) (0,1,2)
D (3,9,-1) (5,5,0)
D (8,3,-1) (4,4,5)
D (3,-1,-1) (0,4,0)
D (8,3,-1) (4,5,0)
D (9,-1,-1) (5,2,1)
D (9,-1,-1) (1,2,0)
D (6,-1,-1) (1,3,3)
D (8,3,9) (4,1,0)
D (3,-1,-1) (2,3,3)
D (3,9,-1) (1,1,5)
D (8,3,9) (4,4,2)
D (9,-1,-1) (2,1,0)
D (7,-1,-1) (5,4,2)
D (8,3,-1) (2,2,1)
D (9,-1,-1) (0,5,0)
D (3,-1,-1) (4,0,2)
D (6,7,-1) (0,3,5)
D (6,7,-1) (4,4,4)
D (9,-1,-1) (4,5,3)
D (3,9,-1) (2,4,1)
D (3,9,-1) (0,1,5)
D (6,7,-1) (3,0,4)
D (3,9,-1) (0,4,4)
D (9,-1,-1) (3,1,0)
D (8,3,-1) (0,2,5)
D (9,-1,-1) (2,3,5)
D (3,9,-1) (2,3,1)
D (8,-1,-1) (1,5,5)
D (8,3,-1) (4,2,4)
D (6,7,-1) (1,5,1)
D (6,7,-1) (2,0,5)
D (6,7,8) (2,0,4)
D (9,-1,-1) (0,2,3)
C 0 26
C 1 7
C 2 0
C 3 1
C 4 19
C 5 11
C 6 22
C 7 11
C 8 0
C 9 12
C 10 2
C 11 3
C 12 8
C 13 25
C 14 0
C 15 14
C 16 2
C 17 10
C 18 23
C 19 16
C 20 7
C 21 8
C 22 17
C 23 22
C 24 12
C 25 10
C 26 16
C 27 24
C 28 26
C 29 7
C 30 15
C 31 18
C 32 19
C 33 23
C 34 0
C 35 1
C 36 14
C 37 1
C 38 18
C 39 7
C 40 0
C 41 0
C 42 0
C 43 0
C 44 0
C 45 0
C 46 0
C 47 0
C 48 0
C 49 0
C 50 0
C 51 0
C 52 0
C 53 0
C 54 0
C 55 0
C 56 0
C 57 0
C 58 0
C 59 0
C 60 0
C 61 0
C 62 0
C 63 0
C 64 0
C 65 0
C 66 0
C 67 0
C 68 0
C 69 0
C 70 0
C 71 0
C 72 0
C 73 0
C 74 0
C 75 0
C 76 0
C 77 15
C 78 19
C 79 2
C 80 24
C 81 11
C 82 7
C 83 3
C 84 0
C 85 4
C 86 3
C 87 24
C 88 12
C 89 25
C 90 26
C 91 0
C 92 7
C 93 7
C 94 0
C 95 16
C 96 7
C 97 12
C 98 25
C 99 18
C 100 23
C 101 14
C 102 21
C 103 5
C 104 12
C 105 21
C 106 21
C 107 12
C 108 3
C 109 22
C 110 4
C 111 3
C 112 3
C 113 16
C 114 21
C 115 26
C 116 17
C 117 4
C 118 18
C 119 21
C 120 23
C 121 10
C 122 4
C 123 4
C 124 4
C 125 25
C 126 12
C 127 7
C 128 25
C 129 7
C 130 15
C 131 0
C 132 16
C 133 25
C 134 7
C 135 10
C 136 25
C 137 15
C 138 6
C 139 24
C 140 8
C 141 12
C 142 5
C 143 9
C 144 2
C 145 10
C 146 17
C 147 0
C 148 7
C 149 20
C 150 16
C 151 16
C 152 25
C 153 12
C 154 4
C 155 10
C 156 22
C 157 8
C 158 22
C 159 25
C 160 26
C 161 25
C 162 8
C 163 15
C 164 15
C 165 23
C 166 14
C 167 15
C 168 0
C 169 10
C 170 3
C 171 8
C 172 3
C 173 19
C 174 0
C 175 23
C 176 8
C 177 0
C 178 16
C 179 7
C 180 12
C 181 7
C 182 8
C 183 0
C 184 3
C 185 23
C 186 10
C 187 18
C 188 18
C 189 6
C 190 20
C 191 25
C 192 21
C 193 4
C 194 15
C 195 6
C 196 6
C 197 9
C 198 24
C 199 6
C 200 14
C 201 24
C 202 15
C 203 25
C 204 5
C 205 15
C 206 10
C 207 5
C 208 8
C 209 24
C 210 20
C 211 22
C 212 2
C 213 3
C 214 12
C 215 4
C 216 10
C 217 10
C 218 22
C 219 5
C 220 3
C 221 5
C 222 24
C 223 25
C 224 22
C 225 4
C 226 9
C 227 16
C 228 1
C 229 23
C 230 18
C 231 26
C 232 8
C 233 11
C 234 11
C 235 2
C 236 11
C 237 12
C 238 2
C 239 26
C 240 11
C 241 6
C 242 6
C 243 19
C 244 25
C 245 9
C 246 25
C 247 0
C 248 23
C 249 11
C 250 3
C 251 5
C 252 10
C 253 7
C 254 25
C 255 12
C 256 9
C 257 10
C 258 10
C 259 14
C 260 19
C 261 11
C 262 19
C 263 22
C 264 22
C 265 21
C 266 22
C 267 4
C 268 26
C 269 4
I 0 1 10 (2,4,3) (-1,-1,1,0)|(-1,0,-1,0)
I 0 2 8 (5,5,2) (-1,-1,0,0)|(1,1,0,0)|(1,-1,0,0)
I 0 1 2 (4,3,3) (0,1,1,0)|(0,0,-1,0)
