D (7,-1,-1) (1,4,5)
D (7,-1,-1) (5,2,2)
D (8,3,9) (3,4,3)
D (3,9,-1) (4,5,0)
D (3,9,-1) (5,2,3)
D (9,-1,-1) (0,1,2)
D (7,8,-1) (2,4,3)
D (9,-1,-1) (0,4,2)
D (7,8,3) (4,4,1)
D (6,-1,-1) (4,5,5)
D (9,-1,-1) (1,4,1)
D (8,-1,-1) (3,0,0)
D (7,8,-1) (1,1,1)
D (3,9,-1) (1,1,0)
D (9,-1,-1) (3,2,1)
D (9,-1,-1) (0,4,1)
D (8,-1,-1) (3,2,5)
D (8,-1,-1) (5,5,2)
D (8,-1,-1) (0,2,5)
D (8,3,9) (3,5,3)
D (9,-1,-1) (5,2,4)
D (8,-1,-1) (4,0,1)
D (9,-1,-1) (2,3,4)
D (7,-1,-1) (0,3,0)
D (8,3,9) (5,1,1)
D (8,3,-1) (1,5,0)
D (3,9,-1) (2,4,0)
D (6,7,-1) (4,2,0)
D (7,8,-1) (5,1,5)
D (6,7,8) (4,2,3)
D (7,8,-1) (3,1,1)
D (3,9,-1) (5,0,3)
D (9,-1,-1) (3,5,0)
D (7,8,-1) (5,4,3)
D (6,-1,-1) (2,2,2)
D (8,-1,-1) (1,0,3)
D (9,-1,-1) (3,5,4)
C 0 20
C 1 24
C 2 5
C 3 1
C 4 20
C 5 0
C 6 11
C 7 15
C 8 11
C 9 4
C 10 15
C 11 2
C 12 5
C 13 4
C 14 26
C 15 14
C 16 21
C 17 14
C 18 16
C 19 1
C 20 24
C 21 20
C 22 23
C 23 24
C 24 18
C 25 22
C 26 11
C 27 3
C 28 9
C 29 0
C 30 0
C 31 0
C 32 0
C 33 0
C 34 0
C 35 0
C 36 0
C 37 0
C 38 0
C 39 0
C 40 0
C 41 0
C 42 0
C 43 0
C 44 0
C 45 0
C 46 0
C 47 0
C 48 0
C 49 0
C 50 0
C 51 0
C 52 0
C 53 0
C 54 0
C 55 0
C 56 0
C 57 0
C 58 0
C 59 0
C 60 0
C 61 0
C 62 0
C 63 0
C 64 0
C 65 0
C 66 0
C 67 0
C 68 0
C 69 0
C 70 0
C 71 0
C 72 0
C 73 0
C 74 0
C 75 0
C 76 0
C 77 0
C 78 0
C 79 0
C 80 0
C 81 0
C 82 0
C 83 0
C 84 0
C 85 0
C 86 0
C 87 0
C 88 0
C 89 0
C 90 0
C 91 0
C 92 0
C 93 0
C 94 0
C 95 0
C 96 0
C 97 0
C 98 0
C 99 0
C 100 0
C 101 0
C 102 0
C 103 0
C 104 0
C 105 0
C 106 0
C 107 0
C 108 0
C 109 0
C 110 0
C 111 0
C 112 0
C 113 0
C 114 0
C 115 0
C 116 0
C 117 0
C 118 0
C 119 20
C 120 14
C 121 7
C 122 24
C 123 21
C 124 24
C 125 10
C 126 16
C 127 15
C 128 1
C 129 3
C 130 18
C 131 16
C 132 19
C 133 16
C 134 8
C 135 12
C 136 15
C 137 24
C 138 24
C 139 8
C 140 19
C 141 20
C 142 4
C 143 10
C 144 3
C 145 19
C 146 17
C 147 7
C 148 1
C 149 3
C 150 1
C 151 16
C 152 5
C 153 26
C 154 22
C 155 0
C 156 15
C 157 17
C 158 3
C 159 2
C 160 14
C 161 22
C 162 3
C 163 18
C 164 16
C 165 14
C 166 23
C 167 25
C 168 0
C 169 24
C 170 7
C 171 0
C 172 14
C 173 11
C 174 17
C 175 3
C 176 24
C 177 10
C 178 21
C 179 0
C 180 16
C 181 21
C 182 23
C 183 22
C 184 23
C 185 11
C 186 16
C 187 9
C 188 12
C 189 0
C 190 0
C 191 0
C 192 0
C 193 0
C 194 0
C 195 0
C 196 0
C 197 0
C 198 0
C 199 0
C 200 0
C 201 0
C 202 0
C 203 0
C 204 0
C 205 0
C 206 0
C 207 0
C 208 0
C 209 0
C 210 0
C 211 0
C 212 0
C 213 0
C 214 0
C 215 0
C 216 0
C 217 0
C 218 0
C 219 0
C 220 0
C 221 0
C 222 0
C 223 0
C 224 0
C 225 0
C 226 0
C 227 0
C 228 0
C 229 0
C 230 0
C 231 0
C 232 0
C 233 0
C 234 0
C 235 0
C 236 0
C 237 0
C 238 0
C 239 0
C 240 0
C 241 0
C 242 0
C 243 0
C 244 0
C 245 0
C 246 0
C 247 0
C 248 0
C 249 0
C 250 0
C 251 0
C 252 0
C 253 0
C 254 0
C 255 0
C 256 0
C 257 0
C 258 0
C 259 0
C 260 19
C 261 21
C 262 10
C 263 16
C 264 0
C 265 8
C 266 8
C 267 10
C 268 10
C 269 6
I 4 1 16 (1,2,0) (1,1,1,0)|(0,-1,0,0)
I 0 2 14 (0,0,4) (1,0,0,0)|(0,0,-1,0)|(0,1,0,0)|(1,0,0,0)
I 4 1 19 (0,2,3) (0,0,0,0)
