D (7,-1,-1) (5,1,2)
D (6,7,8) (3,1,2)
D (9,-1,-1) (0,5,0)
D (7,8,3) (1,4,1)
D (7,8,-1) (2,1,1)
D (6,-1,-1) (5,3,4)
D (8,-1,-1) (1,4,0)
D (7,8,-1) (4,5,5)
D (8,3,-1) (4,1,5)
D (7,8,3) (1,3,1)
D (8,3,-1) (0,2,0)
D (3,9,-1) (1,5,4)
D (7,8,3) (5,0,0)
D (3,-1,-1) (0,4,3)
D (7,-1,-1) (5,5,2)
D (6,7,8) (5,1,0)
D (8,-1,-1) (2,5,0)
D (8,3,-1) (1,5,1)
D (7,8,-1) (3,0,5)
D (9,-1,-1) (5,0,5)
D (3,-1,-1) (4,0,0)
D (6,7,-1) (4,3,5)
D (8,3,-1) (5,2,5)
D (3,9,-1) (0,4,4)
D (9,-1,-1) (1,5,5)
D (3,9,-1) (1,0,5)
D (6,-1,-1) (3,4,2)
D (3,9,-1) (3,4,4)
D (9,-1,-1) (4,5,3)
D (6,7,8) (2,2,3)
D (3,-1,-1) (0,0,3)
D (6,7,8) (4,5,1)
D (7,8,-1) (5,3,2)
D (7,-1,-1) (3,1,3)
D (7,-1,-1) (0,1,5)
D (7,8,-1) (2,0,4)
D (8,-1,-1) (5,2,0)
D (7,8,-1) (5,3,5)
D (7,8,-1) (2,1,5)
D (6,7,8) (2,1,0)
D (7,-1,-1) (5,3,0)
D (8,3,-1) (4,0,3)
D (7,-1,-1) (5,2,1)
D (7,8,-1) (1,4,5)
D (6,7,-1) (5,4,5)
D (9,-1,-1) (0,0,4)
D (7,8,-1) (5,4,1)
D (7,-1,-1) (0,2,1)
D (8,3,-1) (3,2,4)
D (6,7,-1) (5,5,5)
D (3,-1,-1) (0,1,4)
D (6,7,8) (1,3,2)
D (9,-1,-1) (0,4,0)
D (3,9,-1) (0,4,5)
D (3,9,-1) (1,1,4)
D (9,-1,-1) (5,1,1)
D (3,9,-1) (4,2,2)
D (6,7,-1) (5,4,4)
D (7,8,-1) (5,3,1)
D (7,-1,-1) (1,2,4)
C 0 25
C 1 24
C 2 12
C 3 22
C 4 1
C 5 2
C 6 24
C 7 12
C 8 20
C 9 5
C 10 22
C 11 0
C 12 19
C 13 16
C 14 11
C 15 23
C 16 3
C 17 8
C 18 4
C 19 3
C 20 21
C 21 6
C 22 7
C 23 24
C 24 19
C 25 12
C 26 18
C 27 6
C 28 20
C 29 16
C 30 8
C 31 24
C 32 14
C 33 22
C 34 3
C 35 23
C 36 5
C 37 16
C 38 22
C 39 7
C 40 21
C 41 8
C 42 18
C 43 26
C 44 1
C 45 21
C 46 7
C 47 17
C 48 23
C 49 19
C 50 5
C 51 9
C 52 18
C 53 26
C 54 19
C 55 10
C 56 17
C 57 17
C 58 19
C 59 6
C 60 18
C 61 17
C 62 25
C 63 18
C 64 16
C 65 25
C 66 17
C 67 23
C 68 6
C 69 3
C 70 19
C 71 12
C 72 14
C 73 23
C 74 16
C 75 21
C 76 22
C 77 19
C 78 23
C 79 19
C 80 10
C 81 18
C 82 14
C 83 2
C 84 20
C 85 12
C 86 5
C 87 14
C 88 7
C 89 20
C 90 1
C 91 7
C 92 10
C 93 23
C 94 3
C 95 26
C 96 22
C 97 22
C 98 21
C 99 0
C 100 20
C 101 26
C 102 1
C 103 1
C 104 25
C 105 23
C 106 17
C 107 11
C 108 19
C 109 25
C 110 1
C 111 21
C 112 5
C 113 16
C 114 18
C 115 15
C 116 7
C 117 16
C 118 19
C 119 16
C 120 0
C 121 21
C 122 3
C 123 3
C 124 14
C 125 0
C 126 0
C 127 0
C 128 0
C 129 0
C 130 0
C 131 0
C 132 0
C 133 0
C 134 0
C 135 0
C 136 0
C 137 0
C 138 0
C 139 0
C 140 0
C 141 0
C 142 0
C 143 0
C 144 0
C 145 0
C 146 0
C 147 0
C 148 0
C 149 0
C 150 0
C 151 0
C 152 0
C 153 0
C 154 0
C 155 0
C 156 0
C 157 0
C 158 0
C 159 0
C 160 0
C 161 0
C 162 0
C 163 0
C 164 0
C 165 0
C 166 0
C 167 0
C 168 0
C 169 0
C 170 0
C 171 0
C 172 0
C 173 0
C 174 0
C 175 0
C 176 0
C 177 0
C 178 0
C 179 0
C 180 0
C 181 0
C 182 0
C 183 0
C 184 0
C 185 0
C 186 0
C 187 0
C 188 0
C 189 0
C 190 0
C 191 0
C 192 0
C 193 0
C 194 0
C 195 0
C 196 0
C 197 14
C 198 21
C 199 14
C 200 16
C 201 2
C 202 26
C 203 2
C 204 12
C 205 4
C 206 21
C 207 14
C 208 14
C 209 20
C 210 14
C 211 0
C 212 12
C 213 19
C 214 4
C 215 3
C 216 24
C 217 12
C 218 2
C 219 25
C 220 14
C 221 14
C 222 4
C 223 5
C 224 1
C 225 9
C 226 9
C 227 16
C 228 10
C 229 23
C 230 24
C 231 24
C 232 3
C 233 26
C 234 1
C 235 12
C 236 12
C 237 8
C 238 25
C 239 4
C 240 15
C 241 24
C 242 5
C 243 4
C 244 6
C 245 2
C 246 21
C 247 7
C 248 19
C 249 19
C 250 20
C 251 0
C 252 9
C 253 10
C 254 10
C 255 5
C 256 5
C 257 22
C 258 11
C 259 8
C 260 4
C 261 21
C 262 7
C 263 24
C 264 2
C 265 10
C 266 11
C 267 20
C 268 15
C 269 2
I 2 2 15 (0,2,4) (-1,-1,0,0)|(0,-1,-1,0)
I 4 2 9 (2,4,2) (1,0,1,0)|(-1,-1,1,0)|(1,-1,1,0)
I 0 1 8 (3,3,3) (-1,-1,-1,0)|(0,1,1,0)
