D (3,9,-1) (3,4,3)
D (8,3,-1) (5,3,0)
D (9,-1,-1) (2,5,2)
D (7,8,3) (4,3,2)
D (8,3,9) (3,0,2)
D (3,9,-1) (3,0,0)
D (3,9,-1) (0,2,5)
D (9,-1,-1) (2,3,5)
D (9,-1,-1) (4,1,1)
D (9,-1,-1) (3,2,0)
D (8,-1,-1) (0,0,2)
D (6,7,-1) (5,4,4)
D (6,-1,-1) (5,2,5)
D (6,7,8) (1,4,5)
D (9,-1,-1) (2,3,3)
D (3,9,-1) (4,1,2)
D (3,9,-1) (2,5,1)
D (9,-1,-1) (2,3,2)
D (6,7,-1) (4,2,1)
D (6,-1,-1) (2,0,5)
D (9,-1,-1) (2,5,4)
D (3,9,-1) (2,1,1)
D (8,3,9) (2,2,2)
D (8,-1,-1) (0,2,2)
D (8,3,-1) (4,1,0)
D (8,3,9) (3,2,3)
D (6,7,8) (3,1,1)
D (8,3,-1) (4,5,3)
D (7,8,-1) (3,3,3)
D (6,7,-1) (2,5,5)
D (7,8,3) (0,3,4)
D (3,9,-1) (4,2,5)
D (7,8,-1) (2,4,3)
D (3,-1,-1) (1,5,5)
D (9,-1,-1) (3,4,5)
D (6,7,8) (5,1,3)
D (3,9,-1) (2,2,5)
D (8,3,9) (1,1,0)
D (8,3,9) (0,2,4)
D (9,-1,-1) (5,0,5)
D (7,-1,-1) (1,1,2)
D (3,9,-1) (2,0,2)
D (3,9,-1) (0,4,4)
D (7,8,-1) (1,5,4)
D (3,9,-1) (4,1,4)
C 0 7
C 1 11
C 2 11
C 3 23
C 4 19
C 5 1
C 6 9
C 7 26
C 8 21
C 9 2
C 10 2
C 11 20
C 12 9
C 13 18
C 14 5
C 15 0
C 16 14
C 17 5
C 18 20
C 19 4
C 20 9
C 21 24
C 22 15
C 23 7
C 24 21
C 25 14
C 26 9
C 27 19
C 28 21
C 29 4
C 30 2
C 31 19
C 32 20
C 33 8
C 34 21
C 35 4
C 36 7
C 37 3
C 38 22
C 39 10
C 40 16
C 41 25
C 42 4
C 43 10
C 44 22
C 45 11
C 46 25
C 47 5
C 48 15
C 49 17
C 50 16
C 51 11
C 52 25
C 53 7
C 54 3
C 55 1
C 56 7
C 57 0
C 58 0
C 59 0
C 60 0
C 61 0
C 62 0
C 63 0
C 64 0
C 65 0
C 66 0
C 67 0
C 68 0
C 69 0
C 70 9
C 71 18
C 72 25
C 73 24
C 74 19
C 75 11
C 76 1
C 77 14
C 78 2
C 79 18
C 80 26
C 81 2
C 82 0
C 83 7
C 84 19
C 85 18
C 86 11
C 87 6
C 88 22
C 89 5
C 90 22
C 91 22
C 92 1
C 93 24
C 94 3
C 95 11
C 96 19
C 97 9
C 98 8
C 99 8
C 100 10
C 101 11
C 102 25
C 103 5
C 104 10
C 105 16
C 106 19
C 107 9
C 108 6
C 109 20
C 110 18
C 111 2
C 112 23
C 113 16
C 114 17
C 115 3
C 116 26
C 117 14
C 118 4
C 119 1
C 120 7
C 121 1
C 122 7
C 123 16
C 124 22
C 125 24
C 126 19
C 127 11
C 128 8
C 129 2
C 130 12
C 131 10
C 132 16
C 133 4
C 134 10
C 135 22
C 136 15
C 137 2
C 138 3
C 139 22
C 140 21
C 141 5
C 142 2
C 143 26
C 144 4
C 145 5
C 146 8
C 147 23
C 148 21
C 149 12
C 150 4
C 151 23
C 152 20
C 153 1
C 154 9
C 155 4
C 156 12
C 157 16
C 158 5
C 159 19
C 160 11
C 161 7
C 162 12
C 163 18
C 164 12
C 165 16
C 166 4
C 167 14
C 168 10
C 169 3
C 170 7
C 171 7
C 172 9
C 173 23
C 174 21
C 175 4
C 176 11
C 177 18
C 178 17
C 179 18
C 180 17
C 181 9
C 182 25
C 183 0
C 184 23
C 185 22
C 186 21
C 187 11
C 188 16
C 189 17
C 190 2
C 191 19
C 192 4
C 193 1
C 194 21
C 195 8
C 196 26
C 197 25
C 198 1
C 199 15
C 200 15
C 201 1
C 202 1
C 203 16
C 204 4
C 205 18
C 206 16
C 207 15
C 208 23
C 209 20
C 210 1
C 211 21
C 212 24
C 213 17
C 214 3
C 215 2
C 216 16
C 217 16
C 218 3
C 219 3
C 220 1
C 221 0
C 222 0
C 223 0
C 224 0
C 225 0
C 226 0
C 227 0
C 228 0
C 229 0
C 230 0
C 231 12
C 232 4
C 233 21
C 234 17
C 235 14
C 236 18
C 237 2
C 238 25
C 239 3
C 240 12
C 241 1
C 242 5
C 243 5
C 244 12
C 245 5
C 246 24
C 247 0
C 248 6
C 249 18
C 250 9
C 251 23
C 252 3
C 253 0
C 254 19
C 255 5
C 256 4
C 257 22
C 258 9
C 259 5
C 260 19
C 261 8
C 262 10
C 263 4
C 264 21
C 265 23
C 266 1
C 267 9
C 268 0
C 269 4
I 0 1 1 (3,4,2) (1,0,1,0)|(-1,-1,-1,0)|(1,-1,-1,0)|(1,0,0,0)
I 0 2 16 (0,2,5) (1,-1,0,0)
I 5 3 1 (3,5,3) (-1,0,1,0)|(1,1,-1,0)
