D (6,7,-1) (1,3,1)
D (7,-1,-1) (4,2,2)
D (9,-1,-1) (3,1,1)
D (6,7,-1) (3,2,2)
D (7,-1,-1) (3,3,4)
D (6,7,-1) (1,3,2)
D (8,3,-1) (5,1,0)
D (6,7,8) (4,1,5)
D (6,7,-1) (0,0,1)
D (8,3,-1) (4,1,3)
D (9,-1,-1) (1,0,1)
D (6,7,8) (5,0,0)
D (7,8,3) (2,5,2)
D (6,7,8) (5,5,5)
D (7,-1,-1) (1,3,3)
D (3,-1,-1) (1,5,1)
D (8,3,9) (5,4,2)
D (7,-1,-1) (5,4,0)
D (3,9,-1) (5,0,2)
D (3,9,-1) (3,5,2)
D (3,-1,-1) (2,2,3)
D (3,-1,-1) (4,1,0)
D (7,8,-1) (2,0,1)
D (8,3,9) (1,4,0)
D (7,8,3) (3,4,2)
D (9,-1,-1) (3,3,2)
D (3,9,-1) (1,5,3)
D (8,3,9) (2,4,3)
D (7,8,-1) (3,0,3)
D (7,8,-1) (0,5,2)
D (3,9,-1) (0,5,4)
D (9,-1,-1) (4,4,4)
D (7,-1,-1) (1,0,2)
D (8,3,9) (5,2,5)
D (8,3,-1) (2,0,5)
D (8,3,-1) (5,5,1)
D (3,9,-1) (4,3,5)
D (9,-1,-1) (0,5,1)
D (8,3,9) (4,4,2)
D (6,7,-1) (5,0,5)
D (6,7,8) (5,3,2)
D (7,-1,-1) (1,1,1)
D (9,-1,-1) (5,0,4)
D (6,7,8) (3,1,3)
D (9,-1,-1) (5,4,4)
D (8,3,-1) (5,4,3)
D (3,9,-1) (2,3,3)
D (3,-1,-1) (2,0,3)
D (9,-1,-1) (2,1,0)
D (8,3,-1) (4,0,4)
D (7,-1,-1) (2,1,4)
D (9,-1,-1) (0,0,3)
D (3,9,-1) (0,2,0)
D (3,9,-1) (2,0,4)
C 0 19
C 1 14
C 2 16
C 3 11
C 4 23
C 5 18
C 6 11
C 7 12
C 8 0
C 9 21
C 10 19
C 11 12
C 12 20
C 13 6
C 14 4
C 15 1
C 16 15
C 17 7
C 18 5
C 19 21
C 20 7
C 21 2
C 22 17
C 23 5
C 24 9
C 25 6
C 26 4
C 27 10
C 28 14
C 29 0
C 30 23
C 31 6
C 32 19
C 33 2
C 34 0
C 35 18
C 36 2
C 37 22
C 38 7
C 39 12
C 40 24
C 41 10
C 42 20
C 43 8
C 44 22
C 45 6
C 46 10
C 47 12
C 48 10
C 49 21
C 50 3
C 51 15
C 52 19
C 53 7
C 54 25
C 55 2
C 56 15
C 57 9
C 58 22
C 59 8
C 60 26
C 61 16
C 62 18
C 63 7
C 64 22
C 65 1
C 66 26
C 67 6
C 68 24
C 69 2
C 70 14
C 71 4
C 72 9
C 73 15
C 74 21
C 75 8
C 76 15
C 77 2
C 78 10
C 79 21
C 80 14
C 81 8
C 82 14
C 83 18
C 84 25
C 85 23
C 86 11
C 87 20
C 88 16
C 89 1
C 90 18
C 91 5
C 92 7
C 93 25
C 94 0
C 95 4
C 96 9
C 97 3
C 98 1
C 99 24
C 100 9
C 101 15
C 102 6
C 103 20
C 104 25
C 105 17
C 106 11
C 107 18
C 108 1
C 109 25
C 110 22
C 111 11
C 112 21
C 113 0
C 114 11
C 115 1
C 116 5
C 117 20
C 118 10
C 119 2
C 120 1
C 121 10
C 122 22
C 123 15
C 124 9
C 125 15
C 126 5
C 127 0
C 128 4
C 129 9
C 130 16
C 131 22
C 132 23
C 133 8
C 134 2
C 135 25
C 136 11
C 137 26
C 138 7
C 139 2
C 140 24
C 141 15
C 142 0
C 143 23
C 144 3
C 145 20
C 146 5
C 147 3
C 148 26
C 149 0
C 150 0
C 151 0
C 152 0
C 153 0
C 154 0
C 155 0
C 156 0
C 157 0
C 158 0
C 159 0
C 160 0
C 161 0
C 162 0
C 163 0
C 164 0
C 165 0
C 166 0
C 167 0
C 168 0
C 169 0
C 170 0
C 171 0
C 172 0
C 173 0
C 174 0
C 175 0
C 176 0
C 177 0
C 178 0
C 179 0
C 180 0
C 181 0
C 182 0
C 183 0
C 184 0
C 185 0
C 186 0
C 187 0
C 188 0
C 189 0
C 190 0
C 191 0
C 192 0
C 193 0
C 194 0
C 195 0
C 196 1
C 197 4
C 198 5
C 199 7
C 200 10
C 201 6
C 202 3
C 203 23
C 204 4
C 205 2
C 206 22
C 207 14
C 208 7
C 209 3
C 210 11
C 211 14
C 212 20
C 213 12
C 214 16
C 215 12
C 216 0
C 217 2
C 218 14
C 219 16
C 220 1
C 221 2
C 222 2
C 223 3
C 224 23
C 225 6
C 226 5
C 227 17
C 228 18
C 229 6
C 230 20
C 231 2
C 232 23
C 233 14
C 234 1
C 235 6
C 236 25
C 237 21
C 238 14
C 239 10
C 240 1
C 241 1
C 242 10
C 243 18
C 244 9
C 245 15
C 246 11
C 247 9
C 248 22
C 249 6
C 250 7
C 251 16
C 252 12
C 253 23
C 254 6
C 255 17
C 256 3
C 257 18
C 258 25
C 259 2
C 260 6
C 261 10
C 262 17
C 263 10
C 264 3
C 265 15
C 266 1
C 267 25
C 268 1
C 269 14
I 5 3 6 (2,3,5) (0,-1,0,0)|(0,1,-1,0)|(0,1,1,0)|(-1,0,0,0)
I 4 2 14 (5,3,4) (-1,0,1,0)|(1,-1,1,0)|(1,-1,0,0)
I 1 2 4 (3,2,0) (1,0,1,0)|(-1,1,0,0)
