D (8,3,9) (5,0,2)
D (6,-1,-1) (3,0,5)
D (8,-1,-1) (4,0,1)
D (9,-1,-1) (4,4,3)
D (6,-1,-1) (4,3,0)
D (8,-1,-1) (1,0,1)
D (9,-1,-1) (3,2,0)
D (9,-1,-1) (0,0,5)
D (9,-1,-1) (2,1,2)
D (7,-1,-1) (0,5,1)
D (3,9,-1) (3,5,3)
D (9,-1,-1) (2,5,4)
D (7,8,-1) (4,3,1)
D (7,8,3) (2,1,3)
D (3,-1,-1) (0,2,2)
D (8,3,-1) (1,1,2)
D (6,7,-1) (5,3,3)
D (3,9,-1) (4,4,1)
D (9,-1,-1) (1,4,4)
D (7,8,-1) (0,5,4)
D (7,8,-1) (0,5,5)
D (7,-1,-1) (3,2,4)
D (6,-1,-1) (4,1,5)
D (3,-1,-1) (3,5,5)
D (9,-1,-1) (0,3,5)
D (7,-1,-1) (2,1,1)
D (9,-1,-1) (1,3,5)
D (6,7,-1) (0,2,3)
D (9,-1,-1) (4,2,2)
D (6,7,-1) (0,0,3)
D (7,-1,-1) (3,3,4)
D (8,3,-1) (1,5,1)
D (9,-1,-1) (1,1,4)
D (9,-1,-1) (3,4,0)
D (8,-1,-1) (5,4,5)
D (6,7,-1) (1,4,1)
D (9,-1,-1) (0,2,0)
D (8,3,9) (4,1,2)
D (9,-1,-1) (4,2,0)
D (9,-1,-1) (1,0,3)
D (3,9,-1) (2,4,4)
D (9,-1,-1) (2,3,1)
C 0 8
C 1 25
C 2 22
C 3 16
C 4 24
C 5 18
C 6 0
C 7 10
C 8 0
C 9 4
C 10 25
C 11 25
C 12 11
C 13 0
C 14 0
C 15 0
C 16 0
C 17 0
C 18 0
C 19 0
C 20 0
C 21 0
C 22 0
C 23 0
C 24 0
C 25 0
C 26 0
C 27 0
C 28 0
C 29 0
C 30 0
C 31 0
C 32 0
C 33 0
C 34 0
C 35 0
C 36 0
C 37 0
C 38 0
C 39 0
C 40 0
C 41 0
C 42 0
C 43 0
C 44 0
C 45 24
C 46 26
C 47 25
C 48 2
C 49 0
C 50 11
C 51 3
C 52 10
C 53 0
C 54 15
C 55 23
C 56 3
C 57 25
C 58 18
C 59 1
C 60 21
C 61 23
C 62 5
C 63 12
C 64 11
C 65 5
C 66 0
C 67 0
C 68 0
C 69 0
C 70 0
C 71 0
C 72 0
C 73 0
C 74 0
C 75 0
C 76 0
C 77 0
C 78 0
C 79 0
C 80 0
C 81 0
C 82 0
C 83 0
C 84 0
C 85 0
C 86 0
C 87 0
C 88 18
C 89 3
C 90 23
C 91 9
C 92 4
C 93 11
C 94 0
C 95 11
C 96 11
C 97 14
C 98 16
C 99 14
C 100 10
C 101 6
C 102 22
C 103 18
C 104 24
C 105 16
C 106 5
C 107 20
C 108 0
C 109 0
C 110 12
C 111 0
C 112 6
C 113 16
C 114 6
C 115 24
C 116 8
C 117 9
C 118 15
C 119 3
C 120 18
C 121 7
C 122 0
C 123 0
C 124 0
C 125 0
C 126 0
C 127 0
C 128 0
C 129 0
C 130 0
C 131 0
C 132 0
C 133 0
C 134 0
C 135 0
C 136 0
C 137 0
C 138 0
C 139 0
C 140 0
C 141 0
C 142 0
C 143 0
C 144 0
C 145 0
C 146 0
C 147 0
C 148 0
C 149 0
C 150 0
C 151 0
C 152 0
C 153 0
C 154 0
C 155 0
C 156 0
C 157 0
C 158 0
C 159 0
C 160 0
C 161 0
C 162 0
C 163 0
C 164 0
C 165 0
C 166 0
C 167 0
C 168 0
C 169 0
C 170 0
C 171 0
C 172 0
C 173 0
C 174 0
C 175 0
C 176 0
C 177 0
C 178 0
C 179 0
C 180 0
C 181 0
C 182 0
C 183 0
C 184 0
C 185 0
C 186 0
C 187 0
C 188 0
C 189 0
C 190 0
C 191 0
C 192 0
C 193 0
C 194 0
C 195 0
C 196 0
C 197 0
C 198 0
C 199 0
C 200 0
C 201 0
C 202 0
C 203 0
C 204 0
C 205 0
C 206 0
C 207 0
C 208 0
C 209 0
C 210 0
C 211 0
C 212 0
C 213 0
C 214 0
C 215 0
C 216 0
C 217 0
C 218 0
C 219 0
C 220 0
C 221 0
C 222 0
C 223 0
C 224 0
C 225 0
C 226 0
C 227 23
C 228 25
C 229 24
C 230 1
C 231 16
C 232 20
C 233 0
C 234 19
C 235 15
C 236 7
C 237 12
C 238 9
C 239 1
C 240 2
C 241 1
C 242 14
C 243 15
C 244 4
C 245 25
C 246 20
C 247 19
C 248 24
C 249 20
C 250 21
C 251 4
C 252 7
C 253 24
C 254 1
C 255 17
C 256 6
C 257 24
C 258 12
C 259 16
C 260 18
C 261 2
C 262 17
C 263 20
C 264 12
C 265 25
C 266 11
C 267 14
C 268 5
C 269 12
I 0 2 12 (5,1,3) (0,1,0,0)|(0,0,-1,0)
I 1 3 14 (5,3,2) (0,-1,-1,0)|(-1,-1,0,0)|(-1,-1,1,0)
