D (9,-1,-1) (5,5,1)
D (7,8,-1) (3,5,4)
D (7,8,-1) (3,4,3)
D (9,-1,-1) (2,4,5)
D (7,8,-1) (1,3,2)
D (9,-1,-1) (5,5,5)
D (6,7,8) (1,4,3)
D (6,7,8) (2,5,1)
D (9,-1,-1) (0,5,5)
D (8,3,-1) (1,5,5)
D (9,-1,-1) (0,4,4)
D (9,-1,-1) (4,0,0)
D (9,-1,-1) (4,0,4)
D (6,7,-1) (3,3,5)
D (6,7,8) (1,3,0)
D (8,-1,-1) (4,1,5)
D (6,7,-1) (2,0,5)
D (7,8,3) (0,5,3)
D (6,7,8) (5,1,0)
D (7,-1,-1) (5,4,1)
D (3,-1,-1) (5,3,2)
D (3,9,-1) (1,4,1)
D (8,-1,-1) (4,0,5)
D (8,3,-1) (5,1,3)
D (7,8,-1) (1,0,2)
D (3,-1,-1) (4,1,0)
D (3,9,-1) (3,0,5)
D (9,-1,-1) (2,3,1)
D (6,7,-1) (5,0,3)
D (3,-1,-1) (3,1,3)
D (6,7,8) (4,1,1)
D (9,-1,-1) (5,1,1)
D (6,-1,-1) (4,3,0)
D (7,-1,-1) (1,5,2)
D (9,-1,-1) (1,0,1)
D (8,-1,-1) (1,4,5)
D (3,9,-1) (2,5,3)
D (3,-1,-1) (5,5,4)
D (9,-1,-1) (0,1,0)
D (7,8,-1) (1,0,0)
D (3,-1,-1) (0,1,3)
C 0 4
C 1 23
C 2 26
C 3 14
C 4 3
C 5 7
C 6 20
C 7 21
C 8 2
C 9 5
C 10 23
C 11 17
C 12 2
C 13 11
C 14 6
C 15 19
C 16 24
C 17 15
C 18 1
C 19 18
C 20 24
C 21 6
C 22 3
C 23 1
C 24 5
C 25 21
C 26 15
C 27 5
C 28 7
C 29 22
C 30 10
C 31 11
C 32 17
C 33 23
C 34 24
C 35 1
C 36 0
C 37 9
C 38 7
C 39 8
C 40 15
C 41 2
C 42 18
C 43 16
C 44 12
C 45 17
C 46 25
C 47 5
C 48 26
C 49 5
C 50 2
C 51 22
C 52 23
C 53 4
C 54 22
C 55 23
C 56 22
C 57 12
C 58 22
C 59 26
C 60 22
C 61 12
C 62 3
C 63 9
C 64 11
C 65 18
C 66 4
C 67 3
C 68 4
C 69 3
C 70 25
C 71 25
C 72 1
C 73 26
C 74 6
C 75 8
C 76 12
C 77 11
C 78 16
C 79 24
C 80 0
C 81 15
C 82 2
C 83 25
C 84 18
C 85 0
C 86 18
C 87 23
C 88 7
C 89 0
C 90 7
C 91 4
C 92 16
C 93 8
C 94 3
C 95 5
C 96 20
C 97 0
C 98 0
C 99 0
C 100 0
C 101 0
C 102 0
C 103 0
C 104 0
C 105 0
C 106 0
C 107 23
C 108 9
C 109 6
C 110 26
C 111 6
C 112 2
C 113 16
C 114 16
C 115 21
C 116 23
C 117 9
C 118 22
C 119 21
C 120 6
C 121 20
C 122 3
C 123 3
C 124 6
C 125 15
C 126 1
C 127 17
C 128 3
C 129 7
C 130 24
C 131 22
C 132 24
C 133 1
C 134 11
C 135 24
C 136 22
C 137 8
C 138 21
C 139 2
C 140 17
C 141 14
C 142 20
C 143 9
C 144 26
C 145 9
C 146 12
C 147 24
C 148 0
C 149 11
C 150 24
C 151 7
C 152 16
C 153 15
C 154 25
C 155 19
C 156 19
C 157 12
C 158 12
C 159 9
C 160 5
C 161 24
C 162 2
C 163 16
C 164 19
C 165 25
C 166 25
C 167 0
C 168 0
C 169 0
C 170 0
C 171 0
C 172 0
C 173 0
C 174 0
C 175 0
C 176 0
C 177 0
C 178 0
C 179 0
C 180 0
C 181 0
C 182 0
C 183 0
C 184 0
C 185 0
C 186 0
C 187 0
C 188 0
C 189 0
C 190 0
C 191 0
C 192 0
C 193 0
C 194 0
C 195 15
C 196 6
C 197 2
C 198 25
C 199 4
C 200 10
C 201 4
C 202 12
C 203 19
C 204 15
C 205 21
C 206 23
C 207 20
C 208 23
C 209 21
C 210 26
C 211 17
C 212 19
C 213 11
C 214 23
C 215 17
C 216 19
C 217 10
C 218 9
C 219 18
C 220 3
C 221 16
C 222 8
C 223 19
C 224 10
C 225 10
C 226 8
C 227 10
C 228 19
C 229 17
C 230 4
C 231 20
C 232 5
C 233 5
C 234 21
C 235 21
C 236 23
C 237 10
C 238 16
C 239 24
C 240 16
C 241 25
C 242 11
C 243 15
C 244 15
C 245 17
C 246 24
C 247 15
C 248 0
C 249 0
C 250 0
C 251 0
C 252 0
C 253 0
C 254 0
C 255 0
C 256 0
C 257 0
C 258 0
C 259 0
C 260 0
C 261 8
C 262 9
C 263 19
C 264 8
C 265 0
C 266 21
C 267 18
C 268 21
C 269 10
I 0 1 13 (0,1,2) (1,0,1,0)|(-1,-1,-1,0)
I 0 3 4 (4,1,3) (0,0,-1,0)|(1,1,0,0)
