D (9,-1,-1) (0,1,3)
D (3,9,-1) (1,0,2)
D (3,9,-1) (4,0,2)
D (3,9,-1) (5,3,2)
D (3,9,-1) (4,1,5)
D (8,3,9) (0,3,4)
D (8,3,9) (1,4,4)
D (7,-1,-1) (3,2,5)
D (7,8,3) (5,4,0)
D (3,-1,-1) (1,3,4)
D (6,7,8) (3,2,1)
D (3,9,-1) (5,5,5)
D (6,7,8) (3,4,3)
D (7,-1,-1) (2,2,5)
D (6,7,8) (4,4,1)
D (6,7,-1) (5,2,4)
D (7,8,3) (2,2,0)
D (7,-1,-1) (4,4,3)
D (6,7,-1) (2,2,1)
D (3,-1,-1) (1,1,5)
D (8,3,9) (1,2,3)
D (7,8,-1) (5,4,1)
D (8,3,-1) (3,0,4)
D (7,-1,-1) (0,3,1)
D (9,-1,-1) (0,4,3)
D (8,3,9) (4,5,2)
D (6,7,8) (2,0,4)
D (6,-1,-1) (4,3,4)
D (7,8,-1) (4,0,3)
D (7,-1,-1) (5,0,4)
D (8,3,9) (4,5,5)
D (6,-1,-1) (5,2,0)
D (3,9,-1) (3,0,1)
D (7,8,-1) (4,4,5)
D (8,3,-1) (2,1,0)
D (6,7,-1) (1,0,4)
D (8,-1,-1) (0,2,0)
D (3,-1,-1) (0,0,1)
D (6,7,-1) (5,2,2)
D (3,-1,-1) (2,3,5)
D (8,3,9) (0,4,0)
D (9,-1,-1) (1,2,4)
D (7,-1,-1) (0,1,1)
D (3,-1,-1) (5,0,5)
D (7,8,-1) (5,4,2)
D (3,9,-1) (3,3,1)
D (9,-1,-1) (3,4,5)
D (6,7,8) (3,2,4)
D (6,-1,-1) (1,5,1)
C 0 5
C 1 25
C 2 17
C 3 15
C 4 23
C 5 2
C 6 24
C 7 22
C 8 20
C 9 8
C 10 18
C 11 0
C 12 26
C 13 15
C 14 9
C 15 26
C 16 15
C 17 5
C 18 21
C 19 10
C 20 6
C 21 25
C 22 6
C 23 20
C 24 14
C 25 26
C 26 11
C 27 6
C 28 5
C 29 18
C 30 17
C 31 25
C 32 9
C 33 4
C 34 12
C 35 7
C 36 3
C 37 16
C 38 11
C 39 4
C 40 4
C 41 1
C 42 8
C 43 23
C 44 3
C 45 22
C 46 18
C 47 25
C 48 24
C 49 0
C 50 14
C 51 16
C 52 18
C 53 25
C 54 24
C 55 20
C 56 17
C 57 7
C 58 20
C 59 0
C 60 9
C 61 6
C 62 22
C 63 10
C 64 25
C 65 24
C 66 17
C 67 9
C 68 25
C 69 14
C 70 24
C 71 22
C 72 23
C 73 23
C 74 16
C 75 2
C 76 15
C 77 11
C 78 20
C 79 20
C 80 8
C 81 12
C 82 15
C 83 1
C 84 9
C 85 10
C 86 12
C 87 5
C 88 9
C 89 10
C 90 18
C 91 23
C 92 17
C 93 23
C 94 1
C 95 8
C 96 25
C 97 23
C 98 15
C 99 9
C 100 3
C 101 26
C 102 4
C 103 24
C 104 1
C 105 10
C 106 10
C 107 9
C 108 21
C 109 7
C 110 23
C 111 10
C 112 5
C 113 26
C 114 12
C 115 5
C 116 22
C 117 12
C 118 9
C 119 10
C 120 1
C 121 15
C 122 1
C 123 4
C 124 5
C 125 8
C 126 11
C 127 2
C 128 6
C 129 9
C 130 14
C 131 5
C 132 15
C 133 23
C 134 21
C 135 17
C 136 26
C 137 2
C 138 2
C 139 17
C 140 8
C 141 7
C 142 3
C 143 12
C 144 1
C 145 6
C 146 0
C 147 24
C 148 8
C 149 26
C 150 16
C 151 16
C 152 6
C 153 9
C 154 0
C 155 2
C 156 15
C 157 24
C 158 22
C 159 22
C 160 18
C 161 2
C 162 19
C 163 12
C 164 23
C 165 10
C 166 25
C 167 19
C 168 24
C 169 8
C 170 22
C 171 20
C 172 21
C 173 10
C 174 0
C 175 3
C 176 16
C 177 17
C 178 4
C 179 4
C 180 22
C 181 23
C 182 23
C 183 16
C 184 25
C 185 4
C 186 7
C 187 12
C 188 17
C 189 3
C 190 26
C 191 11
C 192 14
C 193 5
C 194 7
C 195 22
C 196 16
C 197 17
C 198 3
C 199 3
C 200 24
C 201 3
C 202 5
C 203 19
C 204 10
C 205 10
C 206 3
C 207 15
C 208 5
C 209 3
C 210 10
C 211 26
C 212 16
C 213 9
C 214 9
C 215 5
C 216 24
C 217 6
C 218 11
C 219 12
C 220 8
C 221 19
C 222 23
C 223 6
C 224 22
C 225 5
C 226 17
C 227 21
C 228 22
C 229 25
C 230 26
C 231 4
C 232 15
C 233 1
C 234 9
C 235 21
C 236 18
C 237 11
C 238 12
C 239 12
C 240 16
C 241 9
C 242 26
C 243 17
C 244 0
C 245 0
C 246 0
C 247 0
C 248 0
C 249 0
C 250 0
C 251 0
C 252 0
C 253 0
C 254 0
C 255 0
C 256 0
C 257 0
C 258 0
C 259 0
C 260 0
C 261 0
C 262 0
C 263 0
C 264 0
C 265 0
C 266 0
C 267 0
C 268 0
C 269 0
I 3 3 16 (2,4,4) (1,1,1,0)
I 1 1 20 (0,4,1) (1,0,0,0)
I 3 1 7 (0,4,2) (0,1,-1,0)|(1,1,1,0)|(0,1,1,0)|(-1,-1,-1,0)
