D (3,9,-1) (5,2,2)
D (6,7,-1) (3,0,3)
D (3,9,-1) (0,1,2)
D (8,-1,-1) (5,2,1)
D (3,9,-1) (3,4,0)
D (7,-1,-1) (1,4,2)
D (9,-1,-1) (2,1,5)
D (8,-1,-1) (5,5,3)
D (9,-1,-1) (3,2,3)
D (8,3,9) (1,2,4)
D (8,3,9) (2,1,2)
D (6,-1,-1) (2,5,1)
D (8,-1,-1) (3,2,2)
D (6,-1,-1) (2,3,3)
D (7,8,3) (0,4,2)
D (8,3,-1) (4,3,2)
D (6,-1,-1) (2,5,2)
D (8,3,9) (4,3,0)
D (9,-1,-1) (4,4,1)
D (7,8,-1) (2,5,4)
D (3,9,-1) (3,1,1)
D (6,-1,-1) (5,4,3)
D (6,7,-1) (1,4,0)
D (7,8,3) (2,5,3)
D (7,8,3) (2,5,5)
D (3,9,-1) (5,1,1)
D (8,3,-1) (5,0,5)
D (9,-1,-1) (3,4,4)
D (7,-1,-1) (4,3,1)
D (6,7,8) (4,2,5)
D (6,-1,-1) (1,2,0)
D (6,-1,-1) (1,5,3)
D (8,-1,-1) (1,2,2)
D (6,7,8) (1,2,1)
D (9,-1,-1) (4,5,5)
D (8,-1,-1) (1,4,5)
D (3,9,-1) (1,1,0)
D (3,9,-1) (5,5,5)
D (8,-1,-1) (0,2,5)
D (8,3,-1) (4,1,1)
D (3,-1,-1) (2,1,1)
D (3,9,-1) (0,3,1)
C 0 23
C 1 15
C 2 1
C 3 6
C 4 3
C 5 17
C 6 9
C 7 5
C 8 15
C 9 8
C 10 7
C 11 17
C 12 24
C 13 2
C 14 24
C 15 9
C 16 6
C 17 24
C 18 11
C 19 23
C 20 1
C 21 20
C 22 8
C 23 0
C 24 0
C 25 12
C 26 24
C 27 25
C 28 7
C 29 17
C 30 5
C 31 26
C 32 8
C 33 11
C 34 16
C 35 25
C 36 12
C 37 5
C 38 5
C 39 22
C 40 5
C 41 26
C 42 17
C 43 7
C 44 4
C 45 10
C 46 14
C 47 16
C 48 4
C 49 18
C 50 22
C 51 24
C 52 26
C 53 11
C 54 24
C 55 19
C 56 0
C 57 0
C 58 0
C 59 0
C 60 0
C 61 0
C 62 0
C 63 0
C 64 0
C 65 0
C 66 0
C 67 0
C 68 0
C 69 0
C 70 6
C 71 20
C 72 17
C 73 25
C 74 15
C 75 17
C 76 15
C 77 8
C 78 5
C 79 20
C 80 11
C 81 20
C 82 10
C 83 2
C 84 20
C 85 3
C 86 7
C 87 19
C 88 1
C 89 0
C 90 6
C 91 14
C 92 4
C 93 20
C 94 12
C 95 10
C 96 7
C 97 11
C 98 11
C 99 20
C 100 11
C 101 2
C 102 9
C 103 8
C 104 9
C 105 14
C 106 16
C 107 5
C 108 12
C 109 26
C 110 15
C 111 20
C 112 17
C 113 6
C 114 22
C 115 23
C 116 20
C 117 19
C 118 3
C 119 5
C 120 1
C 121 7
C 122 22
C 123 23
C 124 21
C 125 14
C 126 7
C 127 11
C 128 7
C 129 26
C 130 3
C 131 6
C 132 15
C 133 10
C 134 12
C 135 1
C 136 0
C 137 0
C 138 0
C 139 0
C 140 0
C 141 0
C 142 0
C 143 0
C 144 0
C 145 0
C 146 0
C 147 0
C 148 0
C 149 0
C 150 0
C 151 0
C 152 0
C 153 0
C 154 0
C 155 0
C 156 0
C 157 0
C 158 0
C 159 0
C 160 0
C 161 0
C 162 0
C 163 0
C 164 0
C 165 0
C 166 0
C 167 0
C 168 0
C 169 0
C 170 0
C 171 0
C 172 0
C 173 0
C 174 0
C 175 0
C 176 0
C 177 0
C 178 0
C 179 0
C 180 0
C 181 0
C 182 0
C 183 0
C 184 0
C 185 0
C 186 0
C 187 0
C 188 0
C 189 0
C 190 0
C 191 0
C 192 0
C 193 0
C 194 0
C 195 0
C 196 0
C 197 0
C 198 0
C 199 0
C 200 0
C 201 0
C 202 0
C 203 0
C 204 0
C 205 0
C 206 0
C 207 0
C 208 0
C 209 0
C 210 0
C 211 0
C 212 0
C 213 0
C 214 0
C 215 0
C 216 0
C 217 0
C 218 0
C 219 0
C 220 0
C 221 0
C 222 0
C 223 0
C 224 0
C 225 0
C 226 0
C 227 0
C 228 0
C 229 0
C 230 0
C 231 0
C 232 0
C 233 0
C 234 0
C 235 0
C 236 0
C 237 0
C 238 0
C 239 0
C 240 0
C 241 0
C 242 0
C 243 0
C 244 0
C 245 0
C 246 0
C 247 0
C 248 0
C 249 17
C 250 1
C 251 20
C 252 21
C 253 21
C 254 8
C 255 9
C 256 9
C 257 12
C 258 9
C 259 10
C 260 6
C 261 26
C 262 15
C 263 11
C 264 26
C 265 25
C 266 24
C 267 18
C 268 7
C 269 22
I 3 2 16 (3,4,1) (1,-1,0,0)|(0,1,-1,0)|(1,-1,-1,0)
I 4 3 3 (3,5,2) (1,-1,-1,0)|(-1,1,1,0)
I 0 3 14 (0,4,4) (1,-1,0,0)|(0,-1,-1,0)|(-1,0,0,0)
