D (6,-1,-1) (0,3,0)
D (3,9,-1) (0,5,5)
D (7,-1,-1) (0,4,1)
D (6,7,8) (5,4,1)
D (8,3,-1) (5,2,2)
D (9,-1,-1) (4,1,3)
D (3,-1,-1) (2,1,4)
D (3,9,-1) (3,0,2)
D (3,9,-1) (5,4,3)
D (8,3,-1) (3,0,5)
D (3,9,-1) (4,5,2)
D (8,-1,-1) (0,2,2)
D (8,3,-1) (4,4,3)
D (6,7,-1) (5,5,0)
D (9,-1,-1) (5,1,5)
D (7,8,3) (4,0,0)
D (6,7,-1) (0,5,4)
D (7,-1,-1) (2,4,4)
D (6,-1,-1) (2,4,0)
D (3,9,-1) (5,2,3)
D (3,9,-1) (2,3,4)
D (8,3,9) (2,3,1)
D (6,-1,-1) (2,1,5)
D (7,8,-1) (3,3,0)
D (8,3,-1) (1,5,1)
D (7,-1,-1) (1,0,0)
D (9,-1,-1) (3,2,0)
D (3,9,-1) (3,5,2)
D (6,7,-1) (3,0,1)
D (8,-1,-1) (5,5,4)
D (9,-1,-1) (1,4,0)
D (6,-1,-1) (3,1,0)
D (7,8,3) (0,3,5)
D (9,-1,-1) (4,4,4)
D (6,7,-1) (4,2,5)
D (6,7,8) (1,3,2)
D (7,8,-1) (4,4,1)
D (9,-1,-1) (3,5,3)
D (8,3,9) (1,2,4)
D (8,-1,-1) (5,0,0)
D (8,-1,-1) (5,0,2)
D (9,-1,-1) (0,5,0)
D (7,-1,-1) (0,4,3)
D (7,-1,-1) (3,3,4)
D (6,-1,-1) (5,0,5)
D (3,9,-1) (3,4,2)
D (6,7,8) (4,4,2)
D (8,3,9) (3,2,5)
D (3,9,-1) (2,0,0)
D (7,8,-1) (5,5,5)
C 0 26
C 1 24
C 2 20
C 3 17
C 4 11
C 5 3
C 6 12
C 7 16
C 8 23
C 9 22
C 10 16
C 11 15
C 12 7
C 13 1
C 14 10
C 15 14
C 16 11
C 17 9
C 18 20
C 19 9
C 20 7
C 21 0
C 22 17
C 23 0
C 24 8
C 25 24
C 26 20
C 27 5
C 28 10
C 29 12
C 30 1
C 31 4
C 32 25
C 33 3
C 34 23
C 35 2
C 36 0
C 37 25
C 38 8
C 39 15
C 40 3
C 41 26
C 42 2
C 43 20
C 44 1
C 45 2
C 46 1
C 47 17
C 48 17
C 49 16
C 50 0
C 51 18
C 52 23
C 53 23
C 54 1
C 55 6
C 56 20
C 57 25
C 58 14
C 59 25
C 60 0
C 61 17
C 62 3
C 63 4
C 64 19
C 65 24
C 66 23
C 67 22
C 68 25
C 69 21
C 70 21
C 71 26
C 72 26
C 73 3
C 74 18
C 75 24
C 76 21
C 77 11
C 78 1
C 79 26
C 80 20
C 81 2
C 82 6
C 83 16
C 84 1
C 85 15
C 86 16
C 87 18
C 88 9
C 89 24
C 90 5
C 91 0
C 92 6
C 93 26
C 94 1
C 95 11
C 96 11
C 97 1
C 98 12
C 99 14
C 100 21
C 101 1
C 102 19
C 103 26
C 104 1
C 105 19
C 106 3
C 107 12
C 108 1
C 109 2
C 110 11
C 111 11
C 112 7
C 113 4
C 114 9
C 115 2
C 116 10
C 117 11
C 118 3
C 119 10
C 120 10
C 121 14
C 122 6
C 123 10
C 124 8
C 125 9
C 126 0
C 127 7
C 128 25
C 129 26
C 130 20
C 131 15
C 132 16
C 133 22
C 134 2
C 135 23
C 136 22
C 137 18
C 138 14
C 139 18
C 140 16
C 141 2
C 142 3
C 143 5
C 144 24
C 145 1
C 146 15
C 147 1
C 148 10
C 149 20
C 150 5
C 151 16
C 152 16
C 153 12
C 154 15
C 155 6
C 156 7
C 157 14
C 158 21
C 159 19
C 160 7
C 161 18
C 162 14
C 163 8
C 164 14
C 165 5
C 166 12
C 167 1
C 168 22
C 169 25
C 170 8
C 171 3
C 172 5
C 173 12
C 174 16
C 175 7
C 176 15
C 177 7
C 178 11
C 179 21
C 180 2
C 181 7
C 182 5
C 183 25
C 184 10
C 185 12
C 186 2
C 187 0
C 188 20
C 189 22
C 190 9
C 191 2
C 192 1
C 193 1
C 194 21
C 195 23
C 196 5
C 197 17
C 198 21
C 199 22
C 200 26
C 201 1
C 202 16
C 203 19
C 204 5
C 205 18
C 206 11
C 207 3
C 208 2
C 209 0
C 210 23
C 211 10
C 212 15
C 213 20
C 214 19
C 215 19
C 216 20
C 217 23
C 218 26
C 219 18
C 220 18
C 221 6
C 222 10
C 223 18
C 224 1
C 225 26
C 226 20
C 227 4
C 228 22
C 229 18
C 230 18
C 231 12
C 232 12
C 233 21
C 234 9
C 235 12
C 236 7
C 237 5
C 238 8
C 239 3
C 240 5
C 241 18
C 242 1
C 243 2
C 244 24
C 245 4
C 246 25
C 247 26
C 248 20
C 249 19
C 250 7
C 251 21
C 252 6
C 253 1
C 254 3
C 255 3
C 256 25
C 257 1
C 258 19
C 259 3
C 260 25
C 261 0
C 262 22
C 263 0
C 264 5
C 265 0
C 266 3
C 267 0
C 268 3
C 269 11
I 2 1 11 (2,2,2) (-1,0,-1,0)|(1,1,1,0)|(0,-1,0,0)|(1,-1,1,0)|(1,1,-1,0)
I 1 1 18 (3,2,5) (0,1,0,0)
