D (9,-1,-1) (4,2,5)
D (7,8,3) (2,1,3)
D (6,7,-1) (5,3,5)
D (3,9,-1) (4,4,4)
D (3,9,-1) (4,5,0)
D (8,3,9) (3,0,2)
D (7,8,-1) (5,4,3)
D (8,3,9) (3,3,3)
D (7,8,-1) (4,2,1)
D (6,7,8) (1,4,5)
D (3,9,-1) (3,1,1)
D (6,7,8) (3,0,5)
D (3,-1,-1) (4,1,4)
D (6,7,8) (4,0,4)
D (7,8,3) (2,3,5)
D (7,8,3) (1,5,1)
D (8,3,-1) (0,4,2)
D (9,-1,-1) (3,3,1)
D (3,-1,-1) (2,5,1)
D (8,-1,-1) (3,2,4)
D (9,-1,-1) (3,1,2)
D (7,8,-1) (3,3,5)
D (3,-1,-1) (3,4,2)
D (3,9,-1) (5,5,4)
D (8,3,-1) (3,5,2)
D (9,-1,-1) (1,3,3)
D (6,7,8) (1,5,5)
D (6,-1,-1) (2,1,1)
D (7,8,-1) (4,2,2)
D (8,3,9) (2,1,0)
D (6,7,8) (2,2,0)
D (7,8,-1) (3,4,1)
D (3,9,-1) (0,2,3)
D (7,8,3) (3,0,4)
D (3,9,-1) (5,5,5)
D (9,-1,-1) (1,0,2)
D (8,3,-1) (5,0,4)
D (8,3,-1) (3,2,0)
D (7,8,-1) (5,2,5)
D (6,-1,-1) (3,0,3)
D (6,7,8) (5,4,5)
D (3,-1,-1) (4,1,5)
D (7,-1,-1) (5,5,3)
D (7,8,-1) (4,5,5)
D (6,7,-1) (0,4,0)
D (8,3,9) (5,5,2)
D (3,9,-1) (1,0,0)
D (9,-1,-1) (5,1,1)
D (3,9,-1) (3,4,3)
D (7,8,-1) (4,0,1)
D (7,8,3) (1,5,2)
D (9,-1,-1) (4,2,4)
D (6,-1,-1) (1,3,4)
D (7,8,-1) (4,4,3)
C 0 21
C 1 12
C 2 25
C 3 20
C 4 14
C 5 0
C 6 1
C 7 6
C 8 26
C 9 25
C 10 11
C 11 22
C 12 16
C 13 26
C 14 15
C 15 8
C 16 0
C 17 20
C 18 3
C 19 8
C 20 2
C 21 24
C 22 0
C 23 0
C 24 0
C 25 0
C 26 0
C 27 0
C 28 0
C 29 0
C 30 0
C 31 0
C 32 0
C 33 0
C 34 0
C 35 0
C 36 0
C 37 4
C 38 17
C 39 24
C 40 5
C 41 21
C 42 8
C 43 9
C 44 20
C 45 3
C 46 22
C 47 5
C 48 15
C 49 21
C 50 18
C 51 8
C 52 2
C 53 20
C 54 26
C 55 18
C 56 25
C 57 18
C 58 23
C 59 26
C 60 21
C 61 22
C 62 5
C 63 21
C 64 7
C 65 3
C 66 22
C 67 4
C 68 8
C 69 9
C 70 11
C 71 15
C 72 22
C 73 7
C 74 0
C 75 0
C 76 0
C 77 0
C 78 0
C 79 0
C 80 0
C 81 0
C 82 0
C 83 0
C 84 0
C 85 0
C 86 0
C 87 0
C 88 0
C 89 0
C 90 0
C 91 0
C 92 0
C 93 0
C 94 0
C 95 0
C 96 0
C 97 0
C 98 0
C 99 0
C 100 0
C 101 0
C 102 0
C 103 0
C 104 0
C 105 0
C 106 22
C 107 10
C 108 11
C 109 2
C 110 15
C 111 3
C 112 9
C 113 12
C 114 12
C 115 3
C 116 20
C 117 9
C 118 0
C 119 25
C 120 4
C 121 6
C 122 10
C 123 10
C 124 11
C 125 0
C 126 16
C 127 1
C 128 1
C 129 11
C 130 16
C 131 11
C 132 3
C 133 21
C 134 7
C 135 12
C 136 9
C 137 15
C 138 16
C 139 24
C 140 19
C 141 1
C 142 19
C 143 8
C 144 12
C 145 1
C 146 18
C 147 6
C 148 11
C 149 12
C 150 12
C 151 16
C 152 8
C 153 1
C 154 9
C 155 22
C 156 26
C 157 10
C 158 9
C 159 25
C 160 26
C 161 19
C 162 22
C 163 11
C 164 18
C 165 18
C 166 15
C 167 21
C 168 5
C 169 9
C 170 22
C 171 2
C 172 26
C 173 19
C 174 14
C 175 24
C 176 5
C 177 2
C 178 1
C 179 1
C 180 14
C 181 19
C 182 2
C 183 8
C 184 12
C 185 23
C 186 21
C 187 26
C 188 11
C 189 18
C 190 7
C 191 7
C 192 25
C 193 26
C 194 1
C 195 5
C 196 23
C 197 23
C 198 5
C 199 14
C 200 1
C 201 26
C 202 4
C 203 15
C 204 19
C 205 25
C 206 11
C 207 22
C 208 2
C 209 6
C 210 17
C 211 11
C 212 14
C 213 21
C 214 24
C 215 15
C 216 0
C 217 5
C 218 0
C 219 18
C 220 1
C 221 0
C 222 17
C 223 11
C 224 1
C 225 11
C 226 0
C 227 16
C 228 15
C 229 16
C 230 24
C 231 7
C 232 8
C 233 18
C 234 25
C 235 24
C 236 1
C 237 15
C 238 21
C 239 22
C 240 25
C 241 9
C 242 20
C 243 17
C 244 16
C 245 9
C 246 21
C 247 19
C 248 2
C 249 4
C 250 11
C 251 9
C 252 20
C 253 2
C 254 2
C 255 16
C 256 23
C 257 5
C 258 9
C 259 9
C 260 23
C 261 23
C 262 0
C 263 20
C 264 7
C 265 17
C 266 12
C 267 16
C 268 7
C 269 6
I 0 3 19 (2,3,3) (1,0,1,0)|(-1,0,-1,0)|(1,-1,-1,0)
I 1 1 7 (0,0,5) (0,-1,0,0)|(0,1,0,0)|(0,-1,0,0)
