D (9,-1,-1) (1,4,0)
D (6,7,-1) (5,1,3)
D (7,-1,-1) (4,1,1)
D (6,7,8) (5,4,1)
D (9,-1,-1) (4,0,5)
D (8,-1,-1) (4,4,4)
D (8,3,9) (1,0,2)
D (8,3,9) (0,2,1)
D (7,8,-1) (0,4,0)
D (3,-1,-1) (0,1,3)
D (3,-1,-1) (3,3,1)
D (8,-1,-1) (1,5,0)
D (9,-1,-1) (5,1,1)
D (6,-1,-1) (0,0,0)
D (8,3,9) (4,3,0)
D (3,9,-1) (3,2,3)
D (3,9,-1) (4,0,3)
D (3,9,-1) (0,0,4)
D (3,-1,-1) (1,4,4)
D (9,-1,-1) (5,2,3)
D (3,9,-1) (1,3,5)
D (9,-1,-1) (1,0,1)
D (9,-1,-1) (0,4,4)
D (3,-1,-1) (1,3,2)
D (3,-1,-1) (2,4,3)
D (3,9,-1) (1,1,2)
D (8,-1,-1) (2,3,4)
D (6,7,8) (1,3,4)
D (7,8,3) (2,1,3)
D (9,-1,-1) (4,2,5)
D (8,3,-1) (2,4,1)
D (7,-1,-1) (4,1,5)
D (3,-1,-1) (5,5,4)
D (9,-1,-1) (5,2,5)
D (6,7,8) (3,5,1)
D (8,3,-1) (0,4,3)
D (3,9,-1) (5,1,5)
D (7,-1,-1) (1,2,5)
D (7,8,3) (0,4,2)
D (8,3,-1) (1,2,1)
D (7,8,3) (4,5,3)
D (9,-1,-1) (4,1,3)
D (8,-1,-1) (4,5,0)
D (8,-1,-1) (4,5,5)
D (9,-1,-1) (1,4,1)
D (8,3,-1) (3,2,5)
D (3,-1,-1) (2,4,2)
C 0 6
C 1 20
C 2 3
C 3 18
C 4 2
C 5 2
C 6 26
C 7 11
C 8 6
C 9 2
C 10 9
C 11 14
C 12 23
C 13 25
C 14 11
C 15 21
C 16 18
C 17 8
C 18 5
C 19 16
C 20 7
C 21 14
C 22 11
C 23 17
C 24 23
C 25 18
C 26 17
C 27 17
C 28 26
C 29 10
C 30 1
C 31 20
C 32 3
C 33 0
C 34 18
C 35 15
C 36 24
C 37 24
C 38 17
C 39 3
C 40 19
C 41 2
C 42 7
C 43 9
C 44 9
C 45 16
C 46 25
C 47 12
C 48 11
C 49 6
C 50 11
C 51 21
C 52 21
C 53 26
C 54 21
C 55 25
C 56 11
C 57 16
C 58 22
C 59 20
C 60 21
C 61 24
C 62 15
C 63 5
C 64 16
C 65 21
C 66 1
C 67 10
C 68 1
C 69 26
C 70 5
C 71 15
C 72 18
C 73 3
C 74 19
C 75 19
C 76 22
C 77 19
C 78 6
C 79 23
C 80 19
C 81 5
C 82 16
C 83 16
C 84 8
C 85 2
C 86 11
C 87 17
C 88 19
C 89 0
C 90 19
C 91 9
C 92 21
C 93 20
C 94 18
C 95 12
C 96 3
C 97 23
C 98 23
C 99 22
C 100 16
C 101 24
C 102 1
C 103 17
C 104 4
C 105 24
C 106 23
C 107 14
C 108 21
C 109 0
C 110 26
C 111 18
C 112 24
C 113 18
C 114 19
C 115 24
C 116 23
C 117 17
C 118 22
C 119 24
C 120 2
C 121 26
C 122 20
C 123 25
C 124 5
C 125 3
C 126 18
C 127 20
C 128 14
C 129 17
C 130 11
C 131 10
C 132 17
C 133 18
C 134 5
C 135 15
C 136 12
C 137 8
C 138 1
C 139 21
C 140 22
C 141 17
C 142 22
C 143 11
C 144 1
C 145 26
C 146 26
C 147 1
C 148 16
C 149 18
C 150 19
C 151 9
C 152 4
C 153 26
C 154 15
C 155 22
C 156 5
C 157 7
C 158 14
C 159 8
C 160 5
C 161 26
C 162 24
C 163 9
C 164 25
C 165 26
C 166 22
C 167 4
C 168 14
C 169 4
C 170 18
C 171 8
C 172 3
C 173 9
C 174 9
C 175 15
C 176 19
C 177 26
C 178 11
C 179 20
C 180 20
C 181 20
C 182 26
C 183 19
C 184 21
C 185 22
C 186 9
C 187 16
C 188 19
C 189 19
C 190 22
C 191 17
C 192 26
C 193 3
C 194 22
C 195 23
C 196 4
C 197 24
C 198 18
C 199 5
C 200 9
C 201 15
C 202 23
C 203 17
C 204 10
C 205 5
C 206 26
C 207 14
C 208 17
C 209 25
C 210 8
C 211 18
C 212 19
C 213 1
C 214 11
C 215 6
C 216 7
C 217 1
C 218 26
C 219 8
C 220 11
C 221 1
C 222 20
C 223 18
C 224 21
C 225 22
C 226 14
C 227 6
C 228 19
C 229 19
C 230 21
C 231 16
C 232 21
C 233 12
C 234 3
C 235 24
C 236 12
C 237 11
C 238 6
C 239 15
C 240 20
C 241 1
C 242 7
C 243 11
C 244 8
C 245 3
C 246 6
C 247 6
C 248 10
C 249 24
C 250 11
C 251 7
C 252 19
C 253 10
C 254 15
C 255 0
C 256 23
C 257 22
C 258 16
C 259 22
C 260 12
C 261 8
C 262 17
C 263 0
C 264 2
C 265 24
C 266 22
C 267 9
C 268 0
C 269 14
I 0 1 2 (2,4,5) (1,-1,-1,0)|(0,-1,1,0)|(1,0,-1,0)|(-1,-1,-1,0)|(-1,-1,-1,0)
I 4 3 3 (3,3,4) (-1,0,0,0)|(0,-1,-1,0)|(0,-1,-1,0)|(0,-1,1,0)
