D (9,-1,-1) (1,2,0)
D (3,9,-1) (1,1,3)
D (9,-1,-1) (1,3,2)
D (6,7,-1) (0,4,3)
D (8,-1,-1) (1,1,1)
D (3,9,-1) (0,3,3)
D (6,7,8) (3,0,0)
D (3,9,-1) (4,5,2)
D (3,9,-1) (5,4,3)
D (3,9,-1) (2,3,3)
D (3,9,-1) (2,2,0)
D (9,-1,-1) (0,0,0)
D (8,3,9) (0,1,4)
D (8,3,9) (0,5,2)
D (9,-1,-1) (2,2,4)
D (8,3,9) (2,5,0)
D (9,-1,-1) (2,3,4)
D (6,-1,-1) (3,0,1)
D (6,7,-1) (2,3,0)
D (6,7,-1) (0,0,3)
D (6,7,-1) (5,2,0)
D (6,7,8) (3,0,5)
D (3,-1,-1) (0,5,1)
D (6,7,8) (4,4,4)
D (8,-1,-1) (0,2,0)
D (9,-1,-1) (0,1,5)
D (9,-1,-1) (5,2,5)
D (3,-1,-1) (3,3,4)
D (6,7,8) (1,3,4)
D (9,-1,-1) (0,1,1)
D (9,-1,-1) (3,4,5)
D (6,7,-1) (0,3,5)
D (6,7,8) (5,1,0)
D (3,-1,-1) (5,5,0)
C 0 26
C 1 20
C 2 6
C 3 7
C 4 12
C 5 24
C 6 24
C 7 14
C 8 19
C 9 6
C 10 22
C 11 7
C 12 16
C 13 16
C 14 25
C 15 5
C 16 26
C 17 14
C 18 8
C 19 1
C 20 7
C 21 24
C 22 19
C 23 26
C 24 8
C 25 9
C 26 1
C 27 15
C 28 26
C 29 4
C 30 5
C 31 18
C 32 9
C 33 8
C 34 19
C 35 10
C 36 6
C 37 22
C 38 1
C 39 5
C 40 2
C 41 19
C 42 10
C 43 10
C 44 19
C 45 6
C 46 16
C 47 24
C 48 11
C 49 21
C 50 19
C 51 9
C 52 18
C 53 2
C 54 26
C 55 25
C 56 26
C 57 6
C 58 5
C 59 0
C 60 4
C 61 4
C 62 7
C 63 12
C 64 9
C 65 23
C 66 7
C 67 3
C 68 9
C 69 19
C 70 10
C 71 9
C 72 24
C 73 25
C 74 15
C 75 12
C 76 1
C 77 10
C 78 7
C 79 10
C 80 12
C 81 15
C 82 25
C 83 6
C 84 20
C 85 26
C 86 11
C 87 10
C 88 17
C 89 19
C 90 22
C 91 24
C 92 16
C 93 4
C 94 11
C 95 2
C 96 7
C 97 11
C 98 18
C 99 12
C 100 9
C 101 7
C 102 3
C 103 8
C 104 25
C 105 16
C 106 24
C 107 23
C 108 25
C 109 3
C 110 20
C 111 5
C 112 2
C 113 4
C 114 8
C 115 16
C 116 6
C 117 18
C 118 26
C 119 7
C 120 0
C 121 19
C 122 26
C 123 12
C 124 3
C 125 8
C 126 2
C 127 9
C 128 21
C 129 19
C 130 12
C 131 19
C 132 16
C 133 12
C 134 22
C 135 9
C 136 16
C 137 20
C 138 10
C 139 0
C 140 1
C 141 18
C 142 8
C 143 1
C 144 8
C 145 8
C 146 14
C 147 2
C 148 7
C 149 18
C 150 17
C 151 14
C 152 4
C 153 12
C 154 23
C 155 17
C 156 26
C 157 0
C 158 17
C 159 8
C 160 9
C 161 21
C 162 16
C 163 21
C 164 11
C 165 22
C 166 11
C 167 5
C 168 19
C 169 20
C 170 9
C 171 7
C 172 17
C 173 5
C 174 3
C 175 3
C 176 25
C 177 3
C 178 16
C 179 24
C 180 12
C 181 11
C 182 24
C 183 12
C 184 16
C 185 4
C 186 24
C 187 4
C 188 8
C 189 2
C 190 4
C 191 10
C 192 24
C 193 3
C 194 6
C 195 24
C 196 18
C 197 4
C 198 9
C 199 24
C 200 26
C 201 5
C 202 24
C 203 10
C 204 9
C 205 19
C 206 21
C 207 1
C 208 7
C 209 7
C 210 26
C 211 18
C 212 2
C 213 14
C 214 2
C 215 1
C 216 21
C 217 8
C 218 20
C 219 2
C 220 22
C 221 26
C 222 1
C 223 26
C 224 18
C 225 9
C 226 9
C 227 1
C 228 24
C 229 2
C 230 8
C 231 22
C 232 12
C 233 10
C 234 2
C 235 16
C 236 10
C 237 26
C 238 25
C 239 24
C 240 10
C 241 19
C 242 10
C 243 5
C 244 0
C 245 26
C 246 11
C 247 25
C 248 1
C 249 5
C 250 26
C 251 20
C 252 0
C 253 25
C 254 19
C 255 15
C 256 11
C 257 16
C 258 6
C 259 10
C 260 14
C 261 12
C 262 22
C 263 9
C 264 20
C 265 25
C 266 25
C 267 5
C 268 10
C 269 6
I 2 1 10 (2,4,5) (-1,0,-1,0)|(-1,0,0,0)|(-1,0,0,0)
I 0 2 15 (1,5,5) (0,-1,-1,0)
I 1 2 5 (5,0,4) (-1,1,-1,0)|(0,0,1,0)
