D (3,-1,-1) (0,2,1)
D (3,-1,-1) (5,0,0)
D (7,8,-1) (2,2,4)
D (6,7,8) (1,0,4)
D (8,3,9) (4,4,4)
D (8,3,9) (4,3,0)
D (7,-1,-1) (1,2,3)
D (3,9,-1) (2,4,3)
D (7,8,3) (4,4,3)
D (9,-1,-1) (0,3,1)
D (3,-1,-1) (4,3,4)
D (6,7,8) (5,2,4)
D (9,-1,-1) (3,3,2)
D (7,8,-1) (2,5,1)
D (9,-1,-1) (0,5,0)
D (7,8,3) (2,5,5)
D (9,-1,-1) (0,3,5)
D (8,3,-1) (0,4,2)
D (3,9,-1) (3,3,5)
D (7,-1,-1) (0,1,5)
D (6,7,8) (3,0,4)
D (9,-1,-1) (4,4,5)
D (9,-1,-1) (2,4,2)
D (8,3,-1) (1,3,2)
D (3,9,-1) (4,2,2)
D (3,9,-1) (3,4,4)
D (9,-1,-1) (4,5,0)
D (3,9,-1) (0,1,3)
D (9,-1,-1) (0,2,5)
D (6,-1,-1) (1,1,1)
D (3,9,-1) (0,1,1)
D (7,8,3) (4,2,3)
D (6,-1,-1) (3,3,1)
D (3,9,-1) (3,3,4)
D (7,8,-1) (2,5,4)
D (9,-1,-1) (1,5,5)
D (7,-1,-1) (5,3,5)
D (7,8,-1) (5,0,3)
D (3,9,-1) (0,3,3)
D (6,-1,-1) (2,5,3)
D (7,-1,-1) (5,4,4)
D (6,7,8) (5,3,1)
D (6,-1,-1) (2,4,5)
D (8,3,9) (1,2,0)
D (7,8,3) (4,0,5)
D (6,7,8) (4,3,3)
D (6,7,8) (1,4,1)
D (9,-1,-1) (3,4,3)
D (3,9,-1) (3,2,0)
D (9,-1,-1) (5,4,1)
D (9,-1,-1) (2,1,3)
D (8,3,-1) (5,4,3)
C 0 3
C 1 19
C 2 26
C 3 0
C 4 10
C 5 12
C 6 9
C 7 17
C 8 6
C 9 22
C 10 5
C 11 7
C 12 20
C 13 26
C 14 22
C 15 10
C 16 9
C 17 10
C 18 15
C 19 16
C 20 22
C 21 6
C 22 4
C 23 18
C 24 8
C 25 23
C 26 15
C 27 23
C 28 23
C 29 0
C 30 19
C 31 8
C 32 8
C 33 26
C 34 2
C 35 21
C 36 3
C 37 20
C 38 5
C 39 19
C 40 21
C 41 5
C 42 23
C 43 15
C 44 5
C 45 25
C 46 8
C 47 23
C 48 1
C 49 25
C 50 9
C 51 18
C 52 5
C 53 20
C 54 20
C 55 9
C 56 12
C 57 0
C 58 10
C 59 8
C 60 0
C 61 5
C 62 8
C 63 8
C 64 24
C 65 22
C 66 15
C 67 26
C 68 11
C 69 25
C 70 17
C 71 21
C 72 3
C 73 7
C 74 4
C 75 21
C 76 3
C 77 23
C 78 20
C 79 0
C 80 0
C 81 0
C 82 0
C 83 0
C 84 0
C 85 0
C 86 0
C 87 0
C 88 0
C 89 0
C 90 0
C 91 0
C 92 0
C 93 0
C 94 0
C 95 0
C 96 0
C 97 0
C 98 0
C 99 16
C 100 1
C 101 0
C 102 0
C 103 0
C 104 0
C 105 0
C 106 0
C 107 0
C 108 0
C 109 0
C 110 0
C 111 0
C 112 0
C 113 0
C 114 0
C 115 0
C 116 0
C 117 0
C 118 0
C 119 0
C 120 0
C 121 0
C 122 0
C 123 0
C 124 0
C 125 0
C 126 0
C 127 0
C 128 0
C 129 0
C 130 0
C 131 0
C 132 0
C 133 0
C 134 0
C 135 0
C 136 0
C 137 0
C 138 0
C 139 0
C 140 0
C 141 0
C 142 0
C 143 0
C 144 0
C 145 0
C 146 0
C 147 0
C 148 0
C 149 0
C 150 0
C 151 0
C 152 0
C 153 0
C 154 0
C 155 0
C 156 0
C 157 0
C 158 0
C 159 0
C 160 0
C 161 0
C 162 0
C 163 0
C 164 0
C 165 0
C 166 0
C 167 0
C 168 0
C 169 0
C 170 0
C 171 0
C 172 0
C 173 0
C 174 0
C 175 0
C 176 0
C 177 0
C 178 0
C 179 0
C 180 0
C 181 0
C 182 0
C 183 0
C 184 0
C 185 0
C 186 0
C 187 0
C 188 0
C 189 0
C 190 0
C 191 0
C 192 0
C 193 0
C 194 0
C 195 0
C 196 0
C 197 0
C 198 0
C 199 0
C 200 0
C 201 0
C 202 0
C 203 0
C 204 0
C 205 0
C 206 0
C 207 0
C 208 0
C 209 0
C 210 0
C 211 0
C 212 0
C 213 0
C 214 0
C 215 0
C 216 0
C 217 0
C 218 0
C 219 0
C 220 0
C 221 0
C 222 0
C 223 0
C 224 0
C 225 0
C 226 16
C 227 9
C 228 12
C 229 6
C 230 18
C 231 19
C 232 14
C 233 23
C 234 19
C 235 4
C 236 14
C 237 16
C 238 26
C 239 22
C 240 20
C 241 22
C 242 17
C 243 26
C 244 9
C 245 6
C 246 1
C 247 24
C 248 4
C 249 17
C 250 0
C 251 8
C 252 24
C 253 17
C 254 21
C 255 4
C 256 4
C 257 7
C 258 9
C 259 16
C 260 15
C 261 18
C 262 23
C 263 25
C 264 7
C 265 23
C 266 16
C 267 24
C 268 23
C 269 18
I 3 3 2 (1,3,0) (1,1,1,0)
I 4 2 16 (3,4,5) (-1,0,1,0)|(0,1,1,0)|(1,0,0,0)|(0,0,0,0)
I 1 1 12 (1,2,1) (0,1,0,0)|(0,-1,0,0)
