D (9,-1,-1) (1,3,2)
D (3,9,-1) (2,2,1)
D (3,9,-1) (2,1,1)
D (9,-1,-1) (4,2,4)
D (8,3,9) (0,2,0)
D (9,-1,-1) (4,3,1)
D (9,-1,-1) (2,1,4)
D (7,8,-1) (3,5,5)
D (6,7,8) (4,4,2)
D (6,7,8) (3,3,3)
D (6,7,8) (5,5,3)
D (9,-1,-1) (3,3,1)
D (9,-1,-1) (1,1,1)
D (7,8,-1) (0,1,2)
D (6,7,8) (4,4,4)
D (9,-1,-1) (2,3,5)
D (3,9,-1) (4,0,1)
D (7,8,3) (4,1,0)
D (8,3,-1) (3,5,0)
D (3,-1,-1) (3,5,2)
D (6,7,-1) (3,0,0)
D (6,7,8) (5,0,3)
D (8,-1,-1) (5,2,0)
D (8,-1,-1) (3,4,5)
D (3,9,-1) (0,2,5)
D (3,9,-1) (2,4,4)
D (6,7,8) (2,3,1)
D (8,-1,-1) (2,1,2)
D (3,9,-1) (3,5,3)
D (6,7,8) (3,0,3)
D (3,-1,-1) (2,0,0)
D (6,7,8) (0,4,3)
D (3,-1,-1) (4,0,3)
C 0 23
C 1 23
C 2 19
C 3 1
C 4 21
C 5 21
C 6 12
C 7 22
C 8 24
C 9 26
C 10 8
C 11 10
C 12 26
C 13 20
C 14 5
C 15 2
C 16 20
C 17 15
C 18 0
C 19 21
C 20 4
C 21 15
C 22 12
C 23 4
C 24 0
C 25 7
C 26 3
C 27 10
C 28 10
C 29 26
C 30 23
C 31 9
C 32 17
C 33 18
C 34 14
C 35 7
C 36 8
C 37 3
C 38 24
C 39 22
C 40 8
C 41 25
C 42 18
C 43 16
C 44 15
C 45 18
C 46 12
C 47 23
C 48 18
C 49 0
C 50 0
C 51 4
C 52 2
C 53 23
C 54 5
C 55 4
C 56 14
C 57 21
C 58 16
C 59 26
C 60 6
C 61 22
C 62 23
C 63 4
C 64 3
C 65 7
C 66 3
C 67 7
C 68 0
C 69 25
C 70 3
C 71 10
C 72 4
C 73 2
C 74 4
C 75 3
C 76 17
C 77 19
C 78 16
C 79 20
C 80 0
C 81 18
C 82 8
C 83 7
C 84 11
C 85 0
C 86 9
C 87 8
C 88 6
C 89 3
C 90 9
C 91 0
C 92 24
C 93 16
C 94 0
C 95 18
C 96 8
C 97 25
C 98 24
C 99 6
C 100 5
C 101 20
C 102 26
C 103 20
C 104 7
C 105 5
C 106 21
C 107 20
C 108 21
C 109 12
C 110 11
C 111 20
C 112 18
C 113 2
C 114 11
C 115 19
C 116 19
C 117 0
C 118 6
C 119 9
C 120 7
C 121 19
C 122 12
C 123 20
C 124 24
C 125 20
C 126 11
C 127 0
C 128 22
C 129 2
C 130 21
C 131 3
C 132 18
C 133 5
C 134 8
C 135 11
C 136 7
C 137 20
C 138 11
C 139 17
C 140 24
C 141 10
C 142 8
C 143 8
C 144 26
C 145 21
C 146 21
C 147 16
C 148 9
C 149 1
C 150 16
C 151 8
C 152 11
C 153 0
C 154 17
C 155 0
C 156 22
C 157 4
C 158 5
C 159 18
C 160 25
C 161 6
C 162 17
C 163 25
C 164 4
C 165 21
C 166 5
C 167 3
C 168 2
C 169 26
C 170 21
C 171 1
C 172 24
C 173 16
C 174 24
C 175 20
C 176 11
C 177 20
C 178 25
C 179 7
C 180 25
C 181 4
C 182 10
C 183 21
C 184 15
C 185 6
C 186 6
C 187 11
C 188 2
C 189 16
C 190 10
C 191 3
C 192 6
C 193 7
C 194 17
C 195 24
C 196 4
C 197 4
C 198 0
C 199 5
C 200 23
C 201 11
C 202 11
C 203 18
C 204 16
C 205 11
C 206 11
C 207 10
C 208 3
C 209 5
C 210 26
C 211 2
C 212 10
C 213 11
C 214 25
C 215 1
C 216 20
C 217 18
C 218 0
C 219 0
C 220 0
C 221 0
C 222 0
C 223 0
C 224 0
C 225 0
C 226 0
C 227 0
C 228 0
C 229 0
C 230 0
C 231 0
C 232 0
C 233 0
C 234 0
C 235 0
C 236 0
C 237 0
C 238 0
C 239 0
C 240 0
C 241 0
C 242 0
C 243 0
C 244 0
C 245 0
C 246 0
C 247 0
C 248 0
C 249 0
C 250 0
C 251 0
C 252 0
C 253 0
C 254 0
C 255 0
C 256 0
C 257 0
C 258 0
C 259 0
C 260 0
C 261 0
C 262 17
C 263 10
C 264 1
C 265 6
C 266 4
C 267 4
C 268 3
C 269 4
I 2 2 11 (5,0,3) (1,1,0,0)
I 0 2 3 (3,2,2) (0,0,1,0)|(-1,1,-1,0)|(0,0,-1,0)
I 4 1 9 (2,5,1) (0,1,0,0)|(0,1,0,0)
