D (3,-1,-1) (5,1,3)
D (6,-1,-1) (0,5,0)
D (6,7,-1) (1,5,4)
D (3,9,-1) (2,0,4)
D (9,-1,-1) (5,1,0)
D (6,7,8) (0,3,5)
D (8,3,-1) (3,0,2)
D (3,9,-1) (2,5,2)
D (6,7,-1) (0,1,2)
D (6,7,-1) (1,3,3)
D (8,3,9) (3,1,2)
D (8,-1,-1) (5,2,3)
D (6,7,-1) (1,0,0)
D (9,-1,-1) (4,4,3)
D (8,-1,-1) (1,1,5)
D (7,8,-1) (0,0,1)
D (6,-1,-1) (1,4,0)
D (6,7,-1) (1,3,1)
D (3,9,-1) (3,2,1)
D (9,-1,-1) (3,5,2)
D (7,-1,-1) (3,3,3)
D (6,-1,-1) (1,3,5)
D (8,3,-1) (3,4,4)
D (6,7,-1) (3,5,1)
D (3,9,-1) (1,4,5)
D (3,9,-1) (4,1,1)
D (8,-1,-1) (1,0,4)
D (9,-1,-1) (4,5,1)
D (9,-1,-1) (0,5,4)
D (8,3,-1) (5,2,0)
D (9,-1,-1) (0,3,4)
D (6,7,8) (1,3,2)
D (9,-1,-1) (4,4,0)
D (8,-1,-1) (4,5,2)
D (9,-1,-1) (0,3,2)
D (7,8,3) (0,2,5)
D (6,7,8) (0,5,2)
D (3,9,-1) (2,5,0)
D (6,-1,-1) (3,0,5)
D (3,9,-1) (3,4,2)
D (8,3,9) (3,5,0)
D (9,-1,-1) (2,1,4)
D (3,-1,-1) (0,5,3)
D (6,-1,-1) (0,2,3)
D (7,-1,-1) (3,2,3)
D (8,-1,-1) (4,0,3)
D (7,8,3) (1,1,2)
D (3,9,-1) (2,4,0)
D (7,8,-1) (5,3,0)
D (8,3,-1) (1,5,2)
D (6,7,-1) (2,0,1)
D (8,-1,-1) (4,2,0)
D (7,-1,-1) (1,3,0)
D (7,8,-1) (1,2,2)
D (3,9,-1) (2,2,0)
D (9,-1,-1) (3,3,4)
D (7,-1,-1) (0,3,3)
D (8,3,9) (3,1,5)
D (8,3,-1) (1,2,3)
D (8,3,-1) (2,5,3)
D (6,-1,-1) (4,5,3)
C 0 10
C 1 14
C 2 20
C 3 25
C 4 21
C 5 16
C 6 1
C 7 2
C 8 23
C 9 12
C 10 16
C 11 8
C 12 17
C 13 5
C 14 15
C 15 22
C 16 15
C 17 15
C 18 19
C 19 9
C 20 17
C 21 14
C 22 15
C 23 5
C 24 2
C 25 10
C 26 0
C 27 0
C 28 0
C 29 0
C 30 0
C 31 0
C 32 0
C 33 0
C 34 0
C 35 0
C 36 0
C 37 0
C 38 0
C 39 0
C 40 0
C 41 0
C 42 0
C 43 0
C 44 0
C 45 0
C 46 0
C 47 0
C 48 0
C 49 0
C 50 0
C 51 0
C 52 0
C 53 0
C 54 0
C 55 0
C 56 0
C 57 0
C 58 0
C 59 0
C 60 0
C 61 0
C 62 0
C 63 19
C 64 19
C 65 22
C 66 4
C 67 4
C 68 11
C 69 1
C 70 11
C 71 9
C 72 16
C 73 7
C 74 4
C 75 2
C 76 22
C 77 0
C 78 0
C 79 0
C 80 0
C 81 0
C 82 0
C 83 0
C 84 0
C 85 0
C 86 0
C 87 0
C 88 0
C 89 0
C 90 0
C 91 0
C 92 0
C 93 0
C 94 0
C 95 0
C 96 0
C 97 0
C 98 0
C 99 0
C 100 0
C 101 0
C 102 0
C 103 0
C 104 0
C 105 0
C 106 0
C 107 0
C 108 0
C 109 0
C 110 0
C 111 0
C 112 0
C 113 0
C 114 0
C 115 0
C 116 0
C 117 0
C 118 0
C 119 0
C 120 0
C 121 0
C 122 0
C 123 0
C 124 0
C 125 0
C 126 0
C 127 0
C 128 0
C 129 0
C 130 0
C 131 0
C 132 0
C 133 0
C 134 0
C 135 0
C 136 0
C 137 0
C 138 0
C 139 0
C 140 0
C 141 0
C 142 0
C 143 0
C 144 0
C 145 0
C 146 0
C 147 0
C 148 0
C 149 0
C 150 0
C 151 0
C 152 0
C 153 0
C 154 0
C 155 0
C 156 0
C 157 0
C 158 0
C 159 0
C 160 0
C 161 0
C 162 0
C 163 2
C 164 6
C 165 26
C 166 12
C 167 21
C 168 26
C 169 23
C 170 24
C 171 20
C 172 4
C 173 16
C 174 14
C 175 1
C 176 16
C 177 22
C 178 24
C 179 12
C 180 10
C 181 19
C 182 23
C 183 14
C 184 1
C 185 8
C 186 22
C 187 11
C 188 17
C 189 20
C 190 26
C 191 20
C 192 12
C 193 18
C 194 21
C 195 8
C 196 17
C 197 3
C 198 8
C 199 23
C 200 6
C 201 20
C 202 25
C 203 4
C 204 26
C 205 12
C 206 5
C 207 5
C 208 11
C 209 19
C 210 15
C 211 17
C 212 21
C 213 14
C 214 14
C 215 19
C 216 12
C 217 7
C 218 16
C 219 14
C 220 5
C 221 2
C 222 9
C 223 25
C 224 12
C 225 1
C 226 17
C 227 16
C 228 9
C 229 6
C 230 21
C 231 22
C 232 15
C 233 3
C 234 21
C 235 18
C 236 15
C 237 18
C 238 11
C 239 12
C 240 12
C 241 5
C 242 23
C 243 2
C 244 22
C 245 12
C 246 19
C 247 25
C 248 15
C 249 10
C 250 10
C 251 25
C 252 16
C 253 26
C 254 4
C 255 10
C 256 0
C 257 12
C 258 1
C 259 8
C 260 26
C 261 16
C 262 4
C 263 24
C 264 12
C 265 2
C 266 2
C 267 4
C 268 10
C 269 0
I 2 2 15 (2,5,5) (-1,0,-1,0)|(0,0,0,0)|(0,-1,-1,0)|(0,1,0,0)
I 0 1 1 (5,0,1) (0,1,1,0)
