D (7,-1,-1) (2,4,5)
D (3,9,-1) (0,4,0)
D (6,7,-1) (0,0,5)
D (3,9,-1) (3,5,4)
D (9,-1,-1) (2,1,1)
D (8,3,-1) (5,5,0)
D (9,-1,-1) (3,0,5)
D (7,8,-1) (2,0,3)
D (6,7,8) (4,1,2)
D (6,-1,-1) (0,3,1)
D (6,7,8) (1,3,0)
D (7,-1,-1) (0,5,4)
D (8,3,-1) (5,1,2)
D (3,-1,-1) (4,4,2)
D (9,-1,-1) (1,0,1)
D (3,9,-1) (2,1,2)
D (3,-1,-1) (0,1,1)
D (3,9,-1) (2,4,4)
D (7,8,-1) (4,4,0)
D (9,-1,-1) (4,3,0)
D (6,7,-1) (3,5,0)
D (6,7,8) (1,2,0)
D (8,-1,-1) (4,1,3)
D (8,3,9) (3,0,2)
D (8,3,9) (4,1,0)
D (3,9,-1) (1,3,4)
D (8,3,9) (1,0,3)
D (9,-1,-1) (1,4,2)
D (7,8,-1) (0,3,0)
D (6,7,-1) (4,5,0)
D (3,9,-1) (1,5,2)
D (9,-1,-1) (2,0,2)
D (6,7,-1) (4,2,3)
D (8,3,-1) (4,1,4)
D (3,9,-1) (5,1,0)
D (7,8,-1) (2,1,3)
D (8,3,9) (2,0,5)
D (8,3,9) (1,0,0)
D (6,7,-1) (3,0,4)
D (7,-1,-1) (0,0,3)
C 0 18
C 1 25
C 2 7
C 3 9
C 4 19
C 5 6
C 6 19
C 7 11
C 8 12
C 9 7
C 10 19
C 11 19
C 12 7
C 13 5
C 14 17
C 15 19
C 16 2
C 17 26
C 18 10
C 19 9
C 20 19
C 21 24
C 22 15
C 23 10
C 24 21
C 25 2
C 26 15
C 27 22
C 28 10
C 29 23
C 30 26
C 31 14
C 32 0
C 33 8
C 34 5
C 35 24
C 36 14
C 37 10
C 38 9
C 39 14
C 40 3
C 41 23
C 42 25
C 43 0
C 44 22
C 45 5
C 46 0
C 47 8
C 48 10
C 49 2
C 50 10
C 51 0
C 52 23
C 53 0
C 54 0
C 55 0
C 56 0
C 57 0
C 58 0
C 59 0
C 60 0
C 61 0
C 62 0
C 63 0
C 64 0
C 65 0
C 66 0
C 67 0
C 68 0
C 69 0
C 70 0
C 71 0
C 72 0
C 73 0
C 74 0
C 75 0
C 76 0
C 77 0
C 78 0
C 79 0
C 80 0
C 81 0
C 82 0
C 83 0
C 84 0
C 85 0
C 86 0
C 87 0
C 88 0
C 89 0
C 90 0
C 91 0
C 92 0
C 93 0
C 94 0
C 95 0
C 96 0
C 97 0
C 98 0
C 99 0
C 100 0
C 101 0
C 102 0
C 103 0
C 104 0
C 105 0
C 106 0
C 107 0
C 108 0
C 109 0
C 110 0
C 111 0
C 112 0
C 113 0
C 114 0
C 115 0
C 116 0
C 117 0
C 118 0
C 119 0
C 120 11
C 121 7
C 122 4
C 123 0
C 124 22
C 125 18
C 126 2
C 127 19
C 128 2
C 129 18
C 130 23
C 131 26
C 132 15
C 133 23
C 134 5
C 135 12
C 136 22
C 137 10
C 138 6
C 139 15
C 140 3
C 141 12
C 142 16
C 143 24
C 144 9
C 145 0
C 146 24
C 147 10
C 148 6
C 149 23
C 150 8
C 151 18
C 152 14
C 153 22
C 154 15
C 155 4
C 156 8
C 157 5
C 158 5
C 159 11
C 160 20
C 161 23
C 162 20
C 163 11
C 164 24
C 165 0
C 166 26
C 167 12
C 168 7
C 169 19
C 170 5
C 171 16
C 172 1
C 173 14
C 174 16
C 175 0
C 176 17
C 177 24
C 178 16
C 179 15
C 180 0
C 181 2
C 182 5
C 183 8
C 184 0
C 185 6
C 186 10
C 187 14
C 188 12
C 189 21
C 190 25
C 191 8
C 192 14
C 193 3
C 194 23
C 195 10
C 196 1
C 197 16
C 198 20
C 199 4
C 200 10
C 201 18
C 202 6
C 203 3
C 204 23
C 205 18
C 206 12
C 207 14
C 208 14
C 209 22
C 210 12
C 211 16
C 212 22
C 213 21
C 214 26
C 215 25
C 216 26
C 217 6
C 218 20
C 219 21
C 220 3
C 221 0
C 222 19
C 223 23
C 224 19
C 225 14
C 226 15
C 227 22
C 228 12
C 229 26
C 230 18
C 231 8
C 232 16
C 233 24
C 234 11
C 235 2
C 236 26
C 237 4
C 238 26
C 239 21
C 240 16
C 241 2
C 242 7
C 243 8
C 244 16
C 245 16
C 246 6
C 247 8
C 248 3
C 249 7
C 250 4
C 251 10
C 252 25
C 253 9
C 254 12
C 255 17
C 256 25
C 257 17
C 258 10
C 259 16
C 260 1
C 261 10
C 262 0
C 263 0
C 264 0
C 265 0
C 266 0
C 267 0
C 268 0
C 269 0
I 5 2 13 (0,2,3) (1,1,0,0)
I 1 1 18 (5,3,5) (-1,0,-1,0)|(-1,1,-1,0)|(-1,-1,-1,0)|(1,0,1,0)|(1,-1,1,0)
I 2 2 8 (0,2,2) (1,1,0,0)
