D (3,9,-1) (1,0,5)
D (6,7,-1) (3,3,0)
D (9,-1,-1) (2,3,4)
D (8,-1,-1) (0,2,1)
D (6,-1,-1) (5,2,5)
D (9,-1,-1) (2,4,0)
D (3,-1,-1) (5,5,5)
D (8,3,-1) (4,0,1)
D (8,3,-1) (3,1,5)
D (7,8,3) (0,4,1)
D (9,-1,-1) (3,3,4)
D (6,-1,-1) (1,2,4)
D (9,-1,-1) (5,1,2)
D (6,7,-1) (5,2,3)
D (3,9,-1) (1,1,2)
D (7,-1,-1) (1,0,1)
D (8,-1,-1) (3,4,2)
D (9,-1,-1) (5,5,4)
D (3,-1,-1) (5,0,4)
D (6,7,8) (1,3,3)
D (7,8,-1) (3,5,2)
D (9,-1,-1) (2,5,4)
D (3,-1,-1) (0,2,3)
D (7,8,3) (5,4,3)
D (3,9,-1) (3,5,4)
D (8,3,-1) (0,0,5)
D (7,8,3) (5,3,2)
D (9,-1,-1) (4,1,2)
D (6,7,8) (4,3,3)
D (3,-1,-1) (4,4,3)
D (3,-1,-1) (0,4,5)
D (6,-1,-1) (3,5,5)
D (7,8,-1) (5,4,5)
D (7,8,-1) (4,2,5)
D (3,-1,-1) (0,0,1)
D (6,7,-1) (5,2,1)
D (9,-1,-1) (5,3,0)
D (9,-1,-1) (3,5,0)
D (8,3,-1) (4,1,5)
D (3,9,-1) (2,2,5)
D (6,7,-1) (2,3,3)
D (8,3,9) (5,0,2)
D (3,9,-1) (2,5,0)
D (9,-1,-1) (3,0,2)
D (7,8,3) (2,0,3)
D (3,9,-1) (1,2,2)
D (9,-1,-1) (2,0,4)
D (7,8,3) (4,4,5)
D (8,-1,-1) (0,1,1)
C 0 5
C 1 17
C 2 8
C 3 7
C 4 11
C 5 10
C 6 0
C 7 15
C 8 16
C 9 0
C 10 12
C 11 2
C 12 11
C 13 14
C 14 8
C 15 24
C 16 0
C 17 23
C 18 25
C 19 2
C 20 25
C 21 26
C 22 21
C 23 10
C 24 18
C 25 8
C 26 26
C 27 21
C 28 16
C 29 6
C 30 7
C 31 4
C 32 20
C 33 20
C 34 22
C 35 10
C 36 8
C 37 8
C 38 26
C 39 3
C 40 8
C 41 0
C 42 9
C 43 21
C 44 9
C 45 10
C 46 24
C 47 14
C 48 25
C 49 18
C 50 1
C 51 7
C 52 22
C 53 4
C 54 1
C 55 26
C 56 7
C 57 18
C 58 26
C 59 6
C 60 14
C 61 20
C 62 8
C 63 18
C 64 19
C 65 6
C 66 19
C 67 9
C 68 14
C 69 5
C 70 0
C 71 5
C 72 4
C 73 9
C 74 11
C 75 21
C 76 18
C 77 9
C 78 7
C 79 11
C 80 10
C 81 26
C 82 10
C 83 4
C 84 4
C 85 22
C 86 10
C 87 14
C 88 22
C 89 7
C 90 8
C 91 16
C 92 18
C 93 11
C 94 11
C 95 11
C 96 17
C 97 11
C 98 4
C 99 12
C 100 20
C 101 17
C 102 0
C 103 8
C 104 14
C 105 2
C 106 14
C 107 14
C 108 7
C 109 24
C 110 8
C 111 9
C 112 16
C 113 20
C 114 4
C 115 9
C 116 0
C 117 3
C 118 20
C 119 3
C 120 10
C 121 20
C 122 2
C 123 22
C 124 18
C 125 9
C 126 7
C 127 6
C 128 23
C 129 16
C 130 23
C 131 12
C 132 12
C 133 15
C 134 20
C 135 20
C 136 14
C 137 24
C 138 5
C 139 14
C 140 4
C 141 20
C 142 4
C 143 0
C 144 11
C 145 6
C 146 17
C 147 12
C 148 6
C 149 9
C 150 26
C 151 16
C 152 1
C 153 9
C 154 21
C 155 26
C 156 8
C 157 25
C 158 19
C 159 16
C 160 12
C 161 14
C 162 12
C 163 23
C 164 14
C 165 22
C 166 8
C 167 24
C 168 20
C 169 9
C 170 12
C 171 18
C 172 26
C 173 4
C 174 12
C 175 11
C 176 24
C 177 4
C 178 7
C 179 4
C 180 12
C 181 26
C 182 4
C 183 3
C 184 26
C 185 19
C 186 19
C 187 18
C 188 7
C 189 21
C 190 17
C 191 24
C 192 9
C 193 16
C 194 24
C 195 12
C 196 11
C 197 3
C 198 9
C 199 12
C 200 10
C 201 10
C 202 5
C 203 18
C 204 9
C 205 6
C 206 9
C 207 0
C 208 4
C 209 0
C 210 5
C 211 7
C 212 23
C 213 8
C 214 23
C 215 6
C 216 21
C 217 20
C 218 0
C 219 4
C 220 19
C 221 19
C 222 20
C 223 22
C 224 21
C 225 5
C 226 0
C 227 23
C 228 24
C 229 9
C 230 11
C 231 16
C 232 9
C 233 18
C 234 4
C 235 5
C 236 14
C 237 12
C 238 16
C 239 6
C 240 21
C 241 10
C 242 14
C 243 26
C 244 19
C 245 3
C 246 26
C 247 0
C 248 25
C 249 8
C 250 9
C 251 0
C 252 17
C 253 26
C 254 12
C 255 26
C 256 11
C 257 19
C 258 11
C 259 0
C 260 1
C 261 26
C 262 9
C 263 11
C 264 7
C 265 14
C 266 20
C 267 21
C 268 22
C 269 25
I 0 1 6 (0,2,2) (1,1,1,0)
I 0 2 19 (2,5,3) (-1,-1,-1,0)|(1,0,0,0)
I 0 1 6 (0,2,2) (0,-1,0,0)|(-1,-1,-1,0)
