D (8,3,9) (5,2,3)
D (8,-1,-1) (1,0,0)
D (3,9,-1) (2,3,3)
D (7,8,3) (0,4,3)
D (6,7,8) (1,1,5)
D (3,9,-1) (5,0,0)
D (8,-1,-1) (2,0,5)
D (9,-1,-1) (3,0,4)
D (6,7,8) (1,4,5)
D (9,-1,-1) (3,0,1)
D (7,-1,-1) (5,5,5)
D (3,9,-1) (1,5,1)
D (3,9,-1) (5,5,0)
D (6,-1,-1) (4,2,2)
D (7,8,-1) (1,2,4)
D (6,7,-1) (5,3,1)
D (6,-1,-1) (5,4,2)
D (3,9,-1) (5,1,4)
D (8,3,-1) (1,5,4)
D (8,3,9) (2,3,2)
D (8,3,9) (1,5,0)
D (6,7,-1) (1,1,3)
D (3,9,-1) (0,5,4)
D (7,8,3) (4,2,5)
D (8,3,-1) (5,2,5)
D (3,-1,-1) (0,4,2)
D (8,3,-1) (2,2,3)
D (9,-1,-1) (0,0,2)
D (8,-1,-1) (1,0,2)
D (7,8,-1) (3,2,3)
D (3,9,-1) (4,5,4)
D (6,7,-1) (2,3,1)
D (9,-1,-1) (0,0,3)
D (3,-1,-1) (0,3,3)
D (9,-1,-1) (1,0,1)
D (9,-1,-1) (5,3,4)
D (6,-1,-1) (3,1,0)
D (7,-1,-1) (1,1,4)
D (3,9,-1) (4,3,2)
D (6,7,8) (3,5,5)
D (7,8,-1) (4,3,1)
D (6,7,-1) (3,3,4)
D (7,8,-1) (3,2,5)
D (7,-1,-1) (2,1,1)
D (6,7,-1) (5,3,2)
D (9,-1,-1) (3,3,5)
D (9,-1,-1) (1,3,5)
D (3,9,-1) (1,5,2)
D (3,9,-1) (0,3,1)
D (3,9,-1) (0,2,2)
D (3,9,-1) (2,1,2)
D (3,9,-1) (1,2,0)
D (8,3,9) (2,2,1)
D (8,3,-1) (5,2,1)
D (6,7,8) (4,4,0)
D (9,-1,-1) (0,1,4)
D (8,3,9) (1,2,1)
D (9,-1,-1) (0,3,4)
C 0 16
C 1 17
C 2 22
C 3 2
C 4 5
C 5 0
C 6 20
C 7 15
C 8 20
C 9 21
C 10 7
C 11 0
C 12 3
C 13 5
C 14 12
C 15 5
C 16 6
C 17 21
C 18 11
C 19 24
C 20 0
C 21 1
C 22 23
C 23 5
C 24 5
C 25 8
C 26 5
C 27 17
C 28 25
C 29 10
C 30 23
C 31 8
C 32 17
C 33 12
C 34 7
C 35 25
C 36 3
C 37 19
C 38 26
C 39 17
C 40 22
C 41 4
C 42 11
C 43 3
C 44 14
C 45 24
C 46 1
C 47 9
C 48 11
C 49 17
C 50 26
C 51 12
C 52 15
C 53 19
C 54 26
C 55 9
C 56 20
C 57 20
C 58 21
C 59 9
C 60 15
C 61 7
C 62 24
C 63 14
C 64 20
C 65 7
C 66 0
C 67 9
C 68 0
C 69 18
C 70 5
C 71 15
C 72 9
C 73 26
C 74 2
C 75 3
C 76 9
C 77 3
C 78 11
C 79 20
C 80 3
C 81 24
C 82 19
C 83 12
C 84 12
C 85 11
C 86 1
C 87 22
C 88 14
C 89 9
C 90 8
C 91 0
C 92 8
C 93 8
C 94 8
C 95 14
C 96 4
C 97 11
C 98 1
C 99 16
C 100 0
C 101 25
C 102 8
C 103 2
C 104 15
C 105 7
C 106 22
C 107 25
C 108 14
C 109 11
C 110 0
C 111 21
C 112 11
C 113 8
C 114 20
C 115 2
C 116 10
C 117 7
C 118 22
C 119 25
C 120 23
C 121 25
C 122 9
C 123 6
C 124 2
C 125 11
C 126 2
C 127 12
C 128 1
C 129 10
C 130 4
C 131 15
C 132 5
C 133 7
C 134 20
C 135 1
C 136 4
C 137 14
C 138 25
C 139 11
C 140 6
C 141 23
C 142 15
C 143 19
C 144 3
C 145 23
C 146 26
C 147 16
C 148 3
C 149 7
C 150 5
C 151 0
C 152 24
C 153 24
C 154 20
C 155 2
C 156 15
C 157 5
C 158 9
C 159 15
C 160 26
C 161 23
C 162 25
C 163 17
C 164 26
C 165 7
C 166 3
C 167 26
C 168 25
C 169 18
C 170 25
C 171 12
C 172 26
C 173 3
C 174 24
C 175 20
C 176 15
C 177 22
C 178 10
C 179 2
C 180 9
C 181 18
C 182 26
C 183 23
C 184 17
C 185 23
C 186 17
C 187 15
C 188 9
C 189 15
C 190 12
C 191 10
C 192 8
C 193 19
C 194 0
C 195 10
C 196 19
C 197 16
C 198 8
C 199 23
C 200 10
C 201 20
C 202 21
C 203 15
C 204 14
C 205 16
C 206 0
C 207 6
C 208 19
C 209 18
C 210 8
C 211 25
C 212 1
C 213 18
C 214 21
C 215 15
C 216 10
C 217 23
C 218 3
C 219 2
C 220 3
C 221 25
C 222 16
C 223 17
C 224 4
C 225 11
C 226 4
C 227 1
C 228 12
C 229 7
C 230 0
C 231 7
C 232 16
C 233 8
C 234 8
C 235 26
C 236 7
C 237 20
C 238 17
C 239 7
C 240 20
C 241 19
C 242 22
C 243 26
C 244 24
C 245 18
C 246 10
C 247 18
C 248 8
C 249 26
C 250 8
C 251 6
C 252 17
C 253 14
C 254 4
C 255 3
C 256 23
C 257 4
C 258 10
C 259 12
C 260 22
C 261 3
C 262 4
C 263 17
C 264 18
C 265 2
C 266 3
C 267 4
C 268 6
C 269 21
I 1 1 17 (3,5,0) (-1,-1,0,0)|(-1,1,1,0)|(1,-1,-1,0)|(0,1,-1,0)
I 3 3 1 (4,1,1) (-1,1,0,0)
I 2 3 16 (5,0,5) (-1,-1,0,0)
