D (6,-1,-1) (5,3,2)
D (7,8,3) (0,4,2)
D (8,3,-1) (0,3,3)
D (3,9,-1) (5,2,2)
D (6,7,8) (0,1,5)
D (9,-1,-1) (4,2,4)
D (9,-1,-1) (4,5,5)
D (8,3,9) (1,0,4)
D (3,9,-1) (5,5,4)
D (9,-1,-1) (0,2,1)
D (6,7,-1) (0,3,1)
D (7,8,3) (2,0,4)
D (3,9,-1) (4,0,0)
D (6,7,8) (1,1,0)
D (6,7,8) (3,4,4)
D (6,-1,-1) (0,5,0)
D (7,8,3) (3,3,5)
D (7,-1,-1) (5,0,1)
D (7,8,-1) (2,0,5)
D (7,-1,-1) (1,4,4)
D (8,3,9) (5,4,0)
D (8,3,-1) (4,3,2)
D (6,7,-1) (4,0,3)
D (3,9,-1) (2,3,3)
D (9,-1,-1) (4,4,0)
D (7,-1,-1) (4,0,2)
D (8,3,9) (0,0,1)
D (7,8,3) (0,1,1)
D (3,-1,-1) (0,4,3)
D (9,-1,-1) (4,3,0)
D (3,-1,-1) (0,2,4)
D (6,7,8) (1,4,0)
D (8,-1,-1) (2,3,2)
D (8,3,9) (1,1,3)
D (9,-1,-1) (4,0,4)
D (3,9,-1) (3,0,2)
D (8,-1,-1) (3,2,0)
D (7,8,-1) (4,4,5)
D (3,9,-1) (3,5,4)
D (3,9,-1) (0,2,2)
D (8,3,9) (5,1,1)
D (9,-1,-1) (1,2,0)
D (3,9,-1) (4,3,5)
D (3,-1,-1) (3,3,1)
D (8,-1,-1) (1,5,1)
D (6,7,-1) (0,5,4)
D (9,-1,-1) (1,3,1)
D (6,-1,-1) (3,5,1)
C 0 6
C 1 16
C 2 5
C 3 4
C 4 11
C 5 1
C 6 12
C 7 0
C 8 25
C 9 20
C 10 23
C 11 15
C 12 18
C 13 12
C 14 9
C 15 7
C 16 6
C 17 24
C 18 14
C 19 0
C 20 12
C 21 15
C 22 21
C 23 19
C 24 3
C 25 4
C 26 9
C 27 16
C 28 23
C 29 19
C 30 11
C 31 18
C 32 21
C 33 24
C 34 23
C 35 7
C 36 4
C 37 8
C 38 0
C 39 5
C 40 0
C 41 5
C 42 21
C 43 7
C 44 24
C 45 20
C 46 7
C 47 3
C 48 14
C 49 19
C 50 0
C 51 12
C 52 8
C 53 7
C 54 4
C 55 25
C 56 9
C 57 4
C 58 9
C 59 22
C 60 0
C 61 20
C 62 6
C 63 7
C 64 24
C 65 15
C 66 6
C 67 20
C 68 25
C 69 7
C 70 11
C 71 23
C 72 4
C 73 22
C 74 18
C 75 4
C 76 2
C 77 5
C 78 14
C 79 4
C 80 21
C 81 19
C 82 23
C 83 21
C 84 3
C 85 9
C 86 0
C 87 23
C 88 0
C 89 25
C 90 1
C 91 7
C 92 11
C 93 26
C 94 11
C 95 10
C 96 10
C 97 15
C 98 4
C 99 16
C 100 8
C 101 16
C 102 17
C 103 15
C 104 14
C 105 2
C 106 25
C 107 2
C 108 14
C 109 16
C 110 10
C 111 16
C 112 23
C 113 21
C 114 22
C 115 17
C 116 23
C 117 16
C 118 9
C 119 0
C 120 0
C 121 0
C 122 0
C 123 0
C 124 0
C 125 0
C 126 0
C 127 0
C 128 0
C 129 0
C 130 0
C 131 0
C 132 0
C 133 0
C 134 0
C 135 0
C 136 0
C 137 0
C 138 0
C 139 0
C 140 0
C 141 0
C 142 0
C 143 0
C 144 0
C 145 0
C 146 0
C 147 0
C 148 0
C 149 0
C 150 0
C 151 0
C 152 0
C 153 0
C 154 0
C 155 0
C 156 0
C 157 0
C 158 0
C 159 0
C 160 0
C 161 0
C 162 0
C 163 0
C 164 0
C 165 0
C 166 0
C 167 0
C 168 0
C 169 0
C 170 0
C 171 0
C 172 0
C 173 0
C 174 0
C 175 0
C 176 0
C 177 0
C 178 0
C 179 0
C 180 0
C 181 0
C 182 0
C 183 0
C 184 0
C 185 0
C 186 0
C 187 0
C 188 0
C 189 0
C 190 0
C 191 0
C 192 0
C 193 0
C 194 0
C 195 0
C 196 0
C 197 0
C 198 0
C 199 0
C 200 0
C 201 0
C 202 0
C 203 10
C 204 3
C 205 10
C 206 15
C 207 11
C 208 11
C 209 26
C 210 1
C 211 1
C 212 5
C 213 7
C 214 24
C 215 18
C 216 22
C 217 10
C 218 2
C 219 23
C 220 15
C 221 25
C 222 20
C 223 20
C 224 8
C 225 21
C 226 0
C 227 22
C 228 1
C 229 2
C 230 14
C 231 19
C 232 15
C 233 12
C 234 20
C 235 23
C 236 20
C 237 7
C 238 19
C 239 9
C 240 25
C 241 11
C 242 22
C 243 25
C 244 7
C 245 16
C 246 7
C 247 10
C 248 0
C 249 25
C 250 10
C 251 16
C 252 4
C 253 25
C 254 5
C 255 6
C 256 9
C 257 18
C 258 12
C 259 24
C 260 25
C 261 22
C 262 11
C 263 24
C 264 23
C 265 1
C 266 18
C 267 20
C 268 16
C 269 23
I 4 2 4 (0,4,2) (1,-1,0,0)|(1,1,1,0)
I 2 1 19 (2,0,5) (-1,1,1,0)|(0,-1,-1,0)|(0,1,0,0)
I 2 1 18 (2,3,4) (1,0,0,0)|(1,0,0,0)|(0,0,1,0)|(0,0,-1,0)|(0,0,-1,0)
