D (9,-1,-1) (4,2,0)
D (6,7,-1) (5,3,1)
D (8,3,-1) (1,5,1)
D (3,9,-1) (2,0,5)
D (3,-1,-1) (3,5,0)
D (8,3,9) (0,3,5)
D (9,-1,-1) (4,5,3)
D (7,8,3) (1,5,2)
D (6,7,-1) (5,5,1)
D (7,8,3) (4,4,5)
D (8,-1,-1) (3,2,4)
D (3,9,-1) (2,0,3)
D (3,9,-1) (5,0,5)
D (7,8,3) (3,3,3)
D (8,-1,-1) (0,0,2)
D (3,-1,-1) (5,3,4)
D (6,7,8) (0,1,2)
D (6,7,8) (5,5,2)
D (3,9,-1) (5,0,2)
D (7,-1,-1) (0,4,0)
D (6,7,8) (4,1,2)
D (8,3,-1) (3,3,1)
D (6,7,8) (2,2,0)
D (6,7,-1) (1,5,3)
D (6,7,-1) (0,1,0)
D (9,-1,-1) (4,0,3)
D (3,9,-1) (2,4,3)
D (3,9,-1) (2,1,0)
D (7,8,3) (2,1,1)
D (3,9,-1) (5,1,4)
D (9,-1,-1) (5,3,3)
D (3,9,-1) (4,3,3)
D (6,7,-1) (5,4,0)
C 0 17
C 1 22
C 2 12
C 3 4
C 4 14
C 5 8
C 6 24
C 7 12
C 8 11
C 9 12
C 10 18
C 11 25
C 12 6
C 13 1
C 14 0
C 15 0
C 16 0
C 17 0
C 18 0
C 19 0
C 20 0
C 21 0
C 22 0
C 23 0
C 24 0
C 25 0
C 26 0
C 27 0
C 28 0
C 29 0
C 30 0
C 31 0
C 32 0
C 33 0
C 34 0
C 35 0
C 36 0
C 37 0
C 38 0
C 39 0
C 40 0
C 41 0
C 42 0
C 43 0
C 44 0
C 45 0
C 46 0
C 47 0
C 48 0
C 49 0
C 50 0
C 51 0
C 52 0
C 53 0
C 54 0
C 55 0
C 56 0
C 57 0
C 58 0
C 59 0
C 60 0
C 61 4
C 62 21
C 63 21
C 64 24
C 65 3
C 66 21
C 67 1
C 68 11
C 69 22
C 70 0
C 71 1
C 72 11
C 73 17
C 74 10
C 75 1
C 76 25
C 77 17
C 78 26
C 79 23
C 80 12
C 81 10
C 82 1
C 83 25
C 84 18
C 85 2
C 86 17
C 87 7
C 88 24
C 89 1
C 90 25
C 91 24
C 92 17
C 93 19
C 94 5
C 95 14
C 96 0
C 97 22
C 98 0
C 99 10
C 100 9
C 101 11
C 102 20
C 103 26
C 104 26
C 105 21
C 106 16
C 107 16
C 108 25
C 109 19
C 110 9
C 111 18
C 112 11
C 113 4
C 114 7
C 115 23
C 116 23
C 117 20
C 118 17
C 119 5
C 120 19
C 121 14
C 122 14
C 123 11
C 124 25
C 125 4
C 126 24
C 127 25
C 128 12
C 129 23
C 130 17
C 131 21
C 132 5
C 133 20
C 134 20
C 135 12
C 136 16
C 137 1
C 138 17
C 139 8
C 140 4
C 141 23
C 142 4
C 143 9
C 144 18
C 145 24
C 146 6
C 147 9
C 148 11
C 149 4
C 150 25
C 151 5
C 152 18
C 153 16
C 154 5
C 155 0
C 156 23
C 157 2
C 158 9
C 159 2
C 160 18
C 161 4
C 162 18
C 163 0
C 164 21
C 165 12
C 166 17
C 167 2
C 168 10
C 169 26
C 170 11
C 171 18
C 172 12
C 173 1
C 174 1
C 175 10
C 176 18
C 177 25
C 178 17
C 179 0
C 180 23
C 181 6
C 182 14
C 183 12
C 184 0
C 185 2
C 186 21
C 187 15
C 188 11
C 189 17
C 190 3
C 191 14
C 192 5
C 193 2
C 194 4
C 195 1
C 196 12
C 197 23
C 198 6
C 199 25
C 200 16
C 201 26
C 202 12
C 203 6
C 204 5
C 205 6
C 206 3
C 207 19
C 208 7
C 209 14
C 210 14
C 211 21
C 212 25
C 213 14
C 214 26
C 215 21
C 216 10
C 217 16
C 218 3
C 219 12
C 220 7
C 221 19
C 222 23
C 223 18
C 224 9
C 225 7
C 226 10
C 227 5
C 228 6
C 229 8
C 230 21
C 231 18
C 232 9
C 233 20
C 234 5
C 235 9
C 236 21
C 237 4
C 238 14
C 239 1
C 240 15
C 241 16
C 242 20
C 243 22
C 244 24
C 245 12
C 246 8
C 247 22
C 248 23
C 249 25
C 250 8
C 251 22
C 252 17
C 253 25
C 254 9
C 255 10
C 256 25
C 257 3
C 258 1
C 259 15
C 260 21
C 261 0
C 262 0
C 263 6
C 264 23
C 265 19
C 266 11
C 267 21
C 268 22
C 269 21
I 0 3 17 (3,0,0) (1,1,1,0)
I 0 2 19 (4,2,1) (0,-1,0,0)
I 0 1 16 (3,4,3) (0,0,0,0)|(-1,1,-1,0)
