D (9,-1,-1) (0,3,0)
D (8,3,9) (3,4,2)
D (3,9,-1) (5,2,2)
D (6,-1,-1) (4,2,4)
D (8,3,9) (0,2,0)
D (3,-1,-1) (0,4,1)
D (6,7,8) (2,5,2)
D (8,3,9) (4,2,0)
D (9,-1,-1) (5,0,5)
D (7,8,-1) (3,0,3)
D (9,-1,-1) (5,1,2)
D (9,-1,-1) (5,5,3)
D (6,7,-1) (0,4,4)
D (9,-1,-1) (4,2,2)
D (3,9,-1) (2,2,5)
D (8,-1,-1) (2,5,0)
D (3,9,-1) (2,2,1)
D (6,7,8) (5,3,2)
D (3,-1,-1) (1,1,2)
D (6,7,-1) (2,4,5)
D (9,-1,-1) (5,3,5)
D (9,-1,-1) (1,1,1)
D (7,-1,-1) (5,5,5)
D (7,8,-1) (4,5,5)
D (9,-1,-1) (0,2,5)
D (3,9,-1) (1,5,0)
D (7,8,3) (0,4,5)
D (6,7,8) (2,3,5)
D (6,7,8) (1,4,0)
D (3,9,-1) (1,5,1)
D (6,7,-1) (3,0,0)
D (7,-1,-1) (2,3,4)
D (8,3,-1) (2,1,3)
D (7,-1,-1) (0,1,4)
C 0 16
C 1 3
C 2 3
C 3 5
C 4 18
C 5 22
C 6 14
C 7 19
C 8 24
C 9 2
C 10 0
C 11 4
C 12 19
C 13 25
C 14 10
C 15 23
C 16 22
C 17 14
C 18 15
C 19 23
C 20 1
C 21 8
C 22 21
C 23 4
C 24 6
C 25 14
C 26 10
C 27 2
C 28 25
C 29 10
C 30 20
C 31 2
C 32 18
C 33 23
C 34 20
C 35 24
C 36 22
C 37 23
C 38 6
C 39 11
C 40 4
C 41 21
C 42 22
C 43 10
C 44 21
C 45 11
C 46 7
C 47 16
C 48 14
C 49 8
C 50 19
C 51 26
C 52 2
C 53 24
C 54 22
C 55 14
C 56 21
C 57 25
C 58 8
C 59 17
C 60 9
C 61 24
C 62 9
C 63 1
C 64 19
C 65 9
C 66 12
C 67 1
C 68 24
C 69 1
C 70 14
C 71 0
C 72 10
C 73 1
C 74 9
C 75 17
C 76 22
C 77 19
C 78 19
C 79 15
C 80 9
C 81 24
C 82 21
C 83 22
C 84 7
C 85 16
C 86 23
C 87 4
C 88 22
C 89 6
C 90 15
C 91 1
C 92 17
C 93 17
C 94 7
C 95 24
C 96 9
C 97 26
C 98 15
C 99 0
C 100 15
C 101 1
C 102 18
C 103 9
C 104 15
C 105 4
C 106 25
C 107 22
C 108 16
C 109 25
C 110 5
C 111 26
C 112 4
C 113 12
C 114 26
C 115 26
C 116 4
C 117 24
C 118 11
C 119 2
C 120 26
C 121 1
C 122 9
C 123 25
C 124 6
C 125 3
C 126 11
C 127 8
C 128 7
C 129 19
C 130 12
C 131 20
C 132 0
C 133 18
C 134 22
C 135 19
C 136 3
C 137 24
C 138 22
C 139 3
C 140 16
C 141 18
C 142 6
C 143 25
C 144 19
C 145 9
C 146 19
C 147 3
C 148 2
C 149 18
C 150 6
C 151 7
C 152 8
C 153 18
C 154 22
C 155 18
C 156 9
C 157 19
C 158 1
C 159 25
C 160 15
C 161 18
C 162 18
C 163 14
C 164 9
C 165 22
C 166 25
C 167 17
C 168 11
C 169 2
C 170 19
C 171 8
C 172 21
C 173 10
C 174 1
C 175 17
C 176 25
C 177 11
C 178 4
C 179 17
C 180 25
C 181 26
C 182 20
C 183 20
C 184 9
C 185 0
C 186 1
C 187 25
C 188 12
C 189 17
C 190 10
C 191 24
C 192 21
C 193 10
C 194 1
C 195 8
C 196 16
C 197 19
C 198 17
C 199 14
C 200 25
C 201 0
C 202 22
C 203 19
C 204 2
C 205 20
C 206 0
C 207 6
C 208 25
C 209 20
C 210 7
C 211 14
C 212 2
C 213 23
C 214 3
C 215 11
C 216 16
C 217 17
C 218 14
C 219 14
C 220 16
C 221 12
C 222 22
C 223 24
C 224 3
C 225 2
C 226 17
C 227 3
C 228 1
C 229 26
C 230 11
C 231 4
C 232 16
C 233 26
C 234 8
C 235 5
C 236 8
C 237 15
C 238 17
C 239 8
C 240 11
C 241 23
C 242 23
C 243 16
C 244 9
C 245 15
C 246 1
C 247 1
C 248 25
C 249 2
C 250 12
C 251 16
C 252 21
C 253 9
C 254 16
C 255 2
C 256 21
C 257 0
C 258 10
C 259 12
C 260 15
C 261 0
C 262 5
C 263 2
C 264 9
C 265 25
C 266 8
C 267 24
C 268 14
C 269 16
I 0 1 12 (1,5,2) (1,0,1,0)|(0,-1,1,0)|(-1,1,0,0)|(-1,0,1,0)|(-1,-1,1,0)
I 2 1 15 (1,2,5) (0,-1,0,0)|(1,-1,1,0)|(1,1,0,0)|(-1,0,0,0)|(-1,0,1,0)
I 5 3 17 (3,0,5) (1,0,1,0)|(1,0,1,0)|(0,0,0,0)
I 5 3 16 (2,5,5) (1,1,1,0)|(0,-1,-1,0)
