D (8,-1,-1) (0,3,2)
D (9,-1,-1) (5,2,1)
D (6,-1,-1) (4,0,1)
D (6,7,-1) (4,1,0)
D (9,-1,-1) (1,1,0)
D (8,-1,-1) (2,3,1)
D (8,-1,-1) (0,4,5)
D (9,-1,-1) (0,4,2)
D (3,9,-1) (2,0,3)
D (8,-1,-1) (3,2,1)
D (3,9,-1) (2,2,2)
D (7,-1,-1) (5,3,1)
D (6,7,8) (5,1,4)
D (7,8,-1) (3,0,2)
D (7,-1,-1) (2,3,2)
D (3,9,-1) (2,5,1)
D (7,8,-1) (1,5,4)
D (9,-1,-1) (2,3,4)
D (7,8,3) (3,0,1)
D (7,-1,-1) (4,3,0)
D (7,-1,-1) (1,4,0)
D (6,7,-1) (5,5,5)
D (9,-1,-1) (0,4,0)
D (7,8,3) (0,3,3)
D (6,7,8) (2,3,3)
D (3,9,-1) (1,3,0)
D (6,7,8) (4,3,3)
D (3,-1,-1) (2,1,0)
D (7,8,3) (2,4,0)
D (6,7,-1) (5,0,3)
D (9,-1,-1) (0,1,0)
D (9,-1,-1) (3,2,2)
D (3,-1,-1) (4,1,1)
D (8,-1,-1) (5,2,0)
D (6,-1,-1) (1,1,3)
D (8,3,9) (4,1,3)
D (9,-1,-1) (0,5,5)
D (6,7,8) (1,2,5)
D (3,9,-1) (3,4,5)
D (7,-1,-1) (0,5,4)
D (7,8,3) (2,5,3)
D (7,8,-1) (4,3,5)
D (8,3,9) (3,4,3)
D (6,7,8) (3,0,4)
D (6,-1,-1) (2,5,5)
D (8,3,-1) (0,0,3)
D (7,8,3) (3,5,0)
D (9,-1,-1) (2,1,1)
D (8,3,9) (2,0,4)
D (7,8,3) (1,3,3)
D (9,-1,-1) (0,3,5)
D (3,-1,-1) (5,5,1)
D (8,3,-1) (0,4,1)
D (3,9,-1) (5,1,3)
D (7,8,-1) (5,3,4)
D (8,3,9) (0,4,4)
D (8,3,9) (5,0,4)
D (9,-1,-1) (4,3,4)
D (8,-1,-1) (3,5,1)
D (8,3,-1) (3,3,0)
C 0 8
C 1 25
C 2 0
C 3 1
C 4 3
C 5 17
C 6 1
C 7 15
C 8 9
C 9 0
C 10 8
C 11 18
C 12 3
C 13 17
C 14 26
C 15 2
C 16 20
C 17 9
C 18 22
C 19 14
C 20 4
C 21 5
C 22 24
C 23 8
C 24 15
C 25 12
C 26 22
C 27 18
C 28 15
C 29 23
C 30 6
C 31 18
C 32 19
C 33 2
C 34 25
C 35 0
C 36 5
C 37 22
C 38 14
C 39 6
C 40 6
C 41 6
C 42 22
C 43 22
C 44 4
C 45 26
C 46 1
C 47 6
C 48 8
C 49 9
C 50 0
C 51 0
C 52 0
C 53 0
C 54 0
C 55 0
C 56 0
C 57 0
C 58 0
C 59 0
C 60 0
C 61 0
C 62 0
C 63 0
C 64 0
C 65 0
C 66 0
C 67 0
C 68 0
C 69 0
C 70 0
C 71 0
C 72 0
C 73 0
C 74 0
C 75 0
C 76 0
C 77 0
C 78 0
C 79 0
C 80 0
C 81 0
C 82 0
C 83 0
C 84 0
C 85 0
C 86 0
C 87 0
C 88 0
C 89 0
C 90 0
C 91 0
C 92 0
C 93 0
C 94 0
C 95 0
C 96 0
C 97 0
C 98 0
C 99 0
C 100 0
C 101 0
C 102 0
C 103 0
C 104 0
C 105 0
C 106 0
C 107 0
C 108 0
C 109 0
C 110 0
C 111 0
C 112 0
C 113 0
C 114 0
C 115 0
C 116 0
C 117 0
C 118 0
C 119 0
C 120 5
C 121 7
C 122 17
C 123 10
C 124 15
C 125 2
C 126 0
C 127 9
C 128 9
C 129 20
C 130 21
C 131 26
C 132 12
C 133 15
C 134 17
C 135 26
C 136 19
C 137 22
C 138 11
C 139 12
C 140 19
C 141 23
C 142 5
C 143 25
C 144 22
C 145 18
C 146 15
C 147 24
C 148 14
C 149 14
C 150 16
C 151 26
C 152 19
C 153 22
C 154 6
C 155 3
C 156 11
C 157 0
C 158 24
C 159 17
C 160 12
C 161 7
C 162 25
C 163 22
C 164 24
C 165 20
C 166 3
C 167 10
C 168 0
C 169 10
C 170 11
C 171 12
C 172 26
C 173 18
C 174 15
C 175 11
C 176 5
C 177 6
C 178 20
C 179 5
C 180 26
C 181 26
C 182 4
C 183 17
C 184 24
C 185 26
C 186 20
C 187 25
C 188 15
C 189 0
C 190 22
C 191 4
C 192 22
C 193 24
C 194 15
C 195 12
C 196 10
C 197 20
C 198 5
C 199 16
C 200 0
C 201 14
C 202 11
C 203 2
C 204 11
C 205 2
C 206 16
C 207 15
C 208 4
C 209 0
C 210 16
C 211 0
C 212 6
C 213 3
C 214 14
C 215 20
C 216 3
C 217 16
C 218 7
C 219 7
C 220 9
C 221 11
C 222 9
C 223 21
C 224 23
C 225 19
C 226 21
C 227 22
C 228 14
C 229 0
C 230 17
C 231 22
C 232 1
C 233 23
C 234 20
C 235 11
C 236 0
C 237 2
C 238 20
C 239 26
C 240 10
C 241 3
C 242 0
C 243 18
C 244 25
C 245 2
C 246 15
C 247 12
C 248 3
C 249 4
C 250 11
C 251 14
C 252 19
C 253 6
C 254 19
C 255 7
C 256 0
C 257 21
C 258 18
C 259 6
C 260 6
C 261 15
C 262 12
C 263 4
C 264 12
C 265 10
C 266 18
C 267 6
C 268 22
C 269 2
I 0 3 15 (3,2,5) (1,-1,-1,0)|(-1,0,-1,0)
I 5 3 8 (5,1,3) (1,0,-1,0)
I 0 2 10 (3,2,4) (1,-1,0,0)|(-1,0,0,0)
