D (8,3,-1) (4,1,0)
D (3,9,-1) (1,2,1)
D (8,3,-1) (5,0,2)
D (8,3,-1) (0,4,3)
D (8,3,9) (0,1,5)
D (8,-1,-1) (4,0,1)
D (6,7,8) (1,0,0)
D (6,7,8) (0,5,5)
D (8,3,9) (0,0,0)
D (9,-1,-1) (0,2,1)
D (8,3,9) (4,5,3)
D (7,-1,-1) (2,2,3)
D (3,-1,-1) (1,5,5)
D (7,8,3) (0,5,4)
D (6,-1,-1) (5,3,0)
D (3,9,-1) (0,1,3)
D (6,7,-1) (3,0,0)
D (6,-1,-1) (5,2,4)
D (6,7,-1) (0,0,4)
D (7,-1,-1) (3,5,0)
D (6,7,-1) (1,4,3)
D (7,-1,-1) (3,3,4)
D (9,-1,-1) (3,0,2)
D (3,9,-1) (5,3,1)
D (6,7,-1) (2,3,3)
D (9,-1,-1) (1,0,4)
D (7,8,3) (3,5,5)
D (3,9,-1) (2,4,1)
D (9,-1,-1) (1,5,1)
D (6,7,-1) (2,2,5)
D (9,-1,-1) (2,0,0)
D (3,-1,-1) (0,5,0)
D (3,9,-1) (0,2,2)
C 0 3
C 1 2
C 2 9
C 3 15
C 4 11
C 5 22
C 6 20
C 7 25
C 8 22
C 9 6
C 10 8
C 11 25
C 12 10
C 13 9
C 14 11
C 15 20
C 16 8
C 17 10
C 18 11
C 19 25
C 20 4
C 21 14
C 22 7
C 23 11
C 24 0
C 25 22
C 26 14
C 27 2
C 28 0
C 29 10
C 30 21
C 31 18
C 32 15
C 33 11
C 34 14
C 35 23
C 36 25
C 37 12
C 38 24
C 39 21
C 40 20
C 41 24
C 42 2
C 43 1
C 44 0
C 45 22
C 46 8
C 47 17
C 48 24
C 49 16
C 50 20
C 51 19
C 52 19
C 53 10
C 54 22
C 55 26
C 56 23
C 57 0
C 58 23
C 59 11
C 60 17
C 61 3
C 62 21
C 63 3
C 64 17
C 65 5
C 66 17
C 67 22
C 68 22
C 69 0
C 70 22
C 71 10
C 72 11
C 73 9
C 74 15
C 75 12
C 76 21
C 77 1
C 78 5
C 79 15
C 80 14
C 81 20
C 82 15
C 83 16
C 84 3
C 85 10
C 86 25
C 87 19
C 88 25
C 89 23
C 90 18
C 91 11
C 92 0
C 93 9
C 94 9
C 95 10
C 96 23
C 97 8
C 98 11
C 99 1
C 100 10
C 101 4
C 102 19
C 103 5
C 104 11
C 105 3
C 106 7
C 107 7
C 108 12
C 109 9
C 110 8
C 111 25
C 112 16
C 113 11
C 114 18
C 115 4
C 116 0
C 117 25
C 118 20
C 119 25
C 120 2
C 121 22
C 122 11
C 123 15
C 124 18
C 125 20
C 126 21
C 127 9
C 128 26
C 129 7
C 130 20
C 131 20
C 132 18
C 133 17
C 134 21
C 135 20
C 136 2
C 137 20
C 138 22
C 139 19
C 140 23
C 141 20
C 142 15
C 143 24
C 144 20
C 145 16
C 146 20
C 147 22
C 148 15
C 149 12
C 150 19
C 151 23
C 152 11
C 153 24
C 154 11
C 155 16
C 156 3
C 157 10
C 158 6
C 159 24
C 160 2
C 161 7
C 162 11
C 163 14
C 164 21
C 165 2
C 166 8
C 167 14
C 168 8
C 169 0
C 170 22
C 171 5
C 172 1
C 173 3
C 174 7
C 175 25
C 176 2
C 177 11
C 178 26
C 179 11
C 180 20
C 181 21
C 182 12
C 183 0
C 184 14
C 185 8
C 186 21
C 187 10
C 188 4
C 189 17
C 190 21
C 191 22
C 192 25
C 193 14
C 194 15
C 195 20
C 196 11
C 197 12
C 198 18
C 199 21
C 200 1
C 201 21
C 202 10
C 203 19
C 204 7
C 205 3
C 206 17
C 207 12
C 208 26
C 209 24
C 210 14
C 211 12
C 212 23
C 213 6
C 214 4
C 215 19
C 216 2
C 217 7
C 218 15
C 219 23
C 220 21
C 221 10
C 222 5
C 223 9
C 224 8
C 225 18
C 226 20
C 227 7
C 228 19
C 229 5
C 230 20
C 231 25
C 232 19
C 233 24
C 234 4
C 235 10
C 236 18
C 237 21
C 238 12
C 239 0
C 240 26
C 241 25
C 242 0
C 243 6
C 244 22
C 245 20
C 246 14
C 247 24
C 248 1
C 249 20
C 250 21
C 251 22
C 252 23
C 253 9
C 254 17
C 255 17
C 256 18
C 257 6
C 258 17
C 259 26
C 260 11
C 261 5
C 262 23
C 263 0
C 264 14
C 265 18
C 266 17
C 267 22
C 268 22
C 269 5
I 2 3 18 (4,2,5) (-1,0,0,0)
I 4 2 12 (4,2,3) (-1,0,-1,0)|(1,-1,0,0)|(1,1,0,0)|(1,-1,1,0)
I 4 2 11 (2,2,2) (1,0,0,0)|(1,1,0,0)
I 4 2 18 (3,4,0) (1,-1,0,0)|(0,1,0,0)|(1,1,0,0)|(-1,0,0,0)
