D (6,7,-1) (2,2,0)
D (8,3,9) (5,0,4)
D (3,9,-1) (1,5,2)
D (8,3,-1) (4,1,1)
D (8,-1,-1) (4,0,2)
D (6,7,-1) (3,2,1)
D (7,8,-1) (1,5,1)
D (7,8,-1) (3,1,3)
D (9,-1,-1) (5,5,4)
D (7,8,-1) (5,4,0)
D (8,3,9) (0,1,0)
D (9,-1,-1) (5,3,5)
D (6,-1,-1) (2,3,0)
D (8,3,9) (4,0,3)
D (7,8,3) (3,2,2)
D (7,8,-1) (1,4,3)
D (7,-1,-1) (0,0,5)
D (8,3,-1) (1,0,4)
D (7,8,-1) (3,4,1)
D (3,9,-1) (2,4,1)
D (8,3,-1) (0,2,2)
D (7,-1,-1) (1,2,1)
D (7,8,-1) (2,1,0)
D (7,-1,-1) (3,4,2)
D (3,9,-1) (1,0,2)
D (7,8,3) (5,2,1)
D (3,-1,-1) (2,0,0)
D (6,7,-1) (1,3,2)
D (9,-1,-1) (2,1,4)
D (9,-1,-1) (4,3,4)
D (9,-1,-1) (1,0,3)
D (6,7,-1) (5,1,0)
D (6,7,-1) (2,3,2)
D (6,7,8) (4,5,5)
D (8,-1,-1) (2,4,2)
D (8,-1,-1) (1,3,1)
D (3,9,-1) (2,1,2)
D (3,-1,-1) (0,0,2)
D (7,8,-1) (1,4,0)
D (3,-1,-1) (3,3,2)
D (8,3,-1) (3,1,5)
D (3,9,-1) (2,3,5)
D (9,-1,-1) (1,2,4)
D (6,7,8) (4,1,0)
D (3,9,-1) (1,1,1)
D (7,-1,-1) (2,5,0)
D (9,-1,-1) (2,0,2)
D (9,-1,-1) (0,1,2)
D (8,-1,-1) (4,1,4)
D (3,9,-1) (5,4,2)
D (7,8,-1) (0,2,3)
D (7,8,3) (2,0,4)
D (7,8,-1) (1,1,5)
D (7,8,3) (1,3,3)
D (3,9,-1) (4,2,2)
D (7,8,-1) (0,3,1)
D (6,7,8) (0,5,5)
D (8,3,9) (0,0,0)
D (7,8,3) (5,4,3)
D (9,-1,-1) (0,4,4)
D (9,-1,-1) (2,3,1)
D (9,-1,-1) (0,1,4)
D (6,-1,-1) (5,1,4)
D (9,-1,-1) (5,3,0)
D (8,3,9) (2,5,4)
D (3,9,-1) (5,5,2)
D (6,-1,-1) (1,1,3)
D (7,8,-1) (5,5,5)
D (3,9,-1) (1,3,4)
C 0 20
C 1 17
C 2 6
C 3 0
C 4 6
C 5 9
C 6 26
C 7 8
C 8 26
C 9 2
C 10 24
C 11 2
C 12 18
C 13 7
C 14 9
C 15 23
C 16 2
C 17 6
C 18 5
C 19 23
C 20 10
C 21 22
C 22 7
C 23 17
C 24 8
C 25 5
C 26 24
C 27 25
C 28 6
C 29 22
C 30 25
C 31 22
C 32 24
C 33 1
C 34 24
C 35 25
C 36 26
C 37 16
C 38 9
C 39 0
C 40 19
C 41 5
C 42 9
C 43 12
C 44 20
C 45 11
C 46 1
C 47 2
C 48 4
C 49 14
C 50 16
C 51 4
C 52 21
C 53 11
C 54 8
C 55 14
C 56 14
C 57 26
C 58 0
C 59 0
C 60 0
C 61 0
C 62 0
C 63 0
C 64 0
C 65 0
C 66 0
C 67 0
C 68 0
C 69 0
C 70 0
C 71 0
C 72 0
C 73 0
C 74 0
C 75 0
C 76 0
C 77 0
C 78 0
C 79 0
C 80 0
C 81 0
C 82 0
C 83 0
C 84 0
C 85 0
C 86 0
C 87 0
C 88 0
C 89 0
C 90 0
C 91 0
C 92 0
C 93 0
C 94 0
C 95 0
C 96 0
C 97 0
C 98 0
C 99 0
C 100 0
C 101 0
C 102 0
C 103 0
C 104 0
C 105 0
C 106 0
C 107 0
C 108 0
C 109 0
C 110 0
C 111 0
C 112 0
C 113 0
C 114 0
C 115 0
C 116 0
C 117 0
C 118 0
C 119 0
C 120 0
C 121 0
C 122 0
C 123 0
C 124 0
C 125 0
C 126 0
C 127 0
C 128 0
C 129 0
C 130 0
C 131 0
C 132 0
C 133 0
C 134 0
C 135 0
C 136 0
C 137 0
C 138 0
C 139 0
C 140 0
C 141 0
C 142 0
C 143 0
C 144 0
C 145 0
C 146 0
C 147 0
C 148 0
C 149 0
C 150 0
C 151 0
C 152 0
C 153 0
C 154 0
C 155 0
C 156 0
C 157 0
C 158 0
C 159 0
C 160 0
C 161 0
C 162 0
C 163 0
C 164 0
C 165 0
C 166 0
C 167 0
C 168 0
C 169 0
C 170 0
C 171 0
C 172 0
C 173 0
C 174 0
C 175 0
C 176 0
C 177 0
C 178 0
C 179 0
C 180 0
C 181 0
C 182 0
C 183 0
C 184 0
C 185 0
C 186 0
C 187 0
C 188 0
C 189 0
C 190 0
C 191 0
C 192 0
C 193 0
C 194 0
C 195 0
C 196 0
C 197 0
C 198 0
C 199 0
C 200 0
C 201 0
C 202 0
C 203 0
C 204 0
C 205 0
C 206 0
C 207 0
C 208 0
C 209 0
C 210 0
C 211 0
C 212 0
C 213 0
C 214 5
C 215 2
C 216 26
C 217 7
C 218 12
C 219 4
C 220 25
C 221 26
C 222 24
C 223 20
C 224 18
C 225 10
C 226 17
C 227 25
C 228 1
C 229 4
C 230 11
C 231 12
C 232 20
C 233 22
C 234 6
C 235 4
C 236 17
C 237 18
C 238 8
C 239 2
C 240 21
C 241 9
C 242 23
C 243 18
C 244 22
C 245 15
C 246 20
C 247 1
C 248 5
C 249 22
C 250 7
C 251 11
C 252 12
C 253 25
C 254 16
C 255 0
C 256 7
C 257 16
C 258 20
C 259 2
C 260 10
C 261 14
C 262 23
C 263 8
C 264 17
C 265 3
C 266 17
C 267 20
C 268 22
C 269 19
I 1 2 11 (0,2,5) (0,1,0,0)
I 5 2 20 (3,1,2) (0,1,1,0)
I 0 3 17 (5,2,3) (0,0,1,0)|(0,0,0,0)
