D (7,8,3) (1,3,4)
D (8,-1,-1) (3,3,0)
D (9,-1,-1) (3,0,2)
D (7,8,-1) (2,0,4)
D (9,-1,-1) (1,3,5)
D (7,8,-1) (1,0,3)
D (6,7,8) (5,1,3)
D (9,-1,-1) (5,3,5)
D (6,-1,-1) (3,2,1)
D (6,-1,-1) (0,0,3)
D (6,7,-1) (0,1,4)
D (3,9,-1) (1,0,4)
D (7,8,3) (4,2,2)
D (6,7,-1) (5,3,3)
D (8,-1,-1) (4,0,1)
D (3,9,-1) (1,1,4)
D (3,9,-1) (1,2,4)
D (3,-1,-1) (1,1,3)
D (8,3,-1) (4,5,4)
D (7,-1,-1) (2,0,1)
D (7,-1,-1) (3,1,3)
D (8,3,9) (4,2,5)
D (9,-1,-1) (3,5,2)
D (9,-1,-1) (2,3,2)
D (9,-1,-1) (2,2,0)
D (3,-1,-1) (4,4,5)
D (8,-1,-1) (3,4,5)
D (8,3,-1) (4,5,0)
D (6,7,8) (4,4,1)
D (3,9,-1) (2,2,3)
D (6,7,8) (5,1,1)
D (3,9,-1) (3,5,4)
D (7,-1,-1) (3,0,1)
D (6,7,-1) (1,4,1)
D (9,-1,-1) (3,0,0)
D (8,3,-1) (0,5,3)
D (3,-1,-1) (4,1,3)
D (7,8,3) (4,4,2)
D (6,7,-1) (1,3,0)
D (9,-1,-1) (3,3,3)
D (8,-1,-1) (4,1,1)
D (7,8,3) (2,2,5)
D (6,7,8) (5,4,1)
D (6,-1,-1) (5,1,5)
D (3,9,-1) (3,2,0)
C 0 5
C 1 7
C 2 25
C 3 17
C 4 26
C 5 2
C 6 7
C 7 20
C 8 12
C 9 16
C 10 26
C 11 5
C 12 25
C 13 22
C 14 2
C 15 5
C 16 2
C 17 0
C 18 0
C 19 0
C 20 0
C 21 0
C 22 0
C 23 0
C 24 0
C 25 0
C 26 0
C 27 0
C 28 0
C 29 0
C 30 0
C 31 0
C 32 0
C 33 0
C 34 0
C 35 2
C 36 17
C 37 4
C 38 11
C 39 15
C 40 20
C 41 7
C 42 26
C 43 21
C 44 10
C 45 6
C 46 17
C 47 26
C 48 6
C 49 24
C 50 9
C 51 4
C 52 4
C 53 12
C 54 1
C 55 1
C 56 16
C 57 18
C 58 4
C 59 11
C 60 9
C 61 23
C 62 14
C 63 4
C 64 3
C 65 16
C 66 9
C 67 3
C 68 11
C 69 0
C 70 0
C 71 0
C 72 0
C 73 0
C 74 0
C 75 0
C 76 0
C 77 0
C 78 0
C 79 0
C 80 0
C 81 0
C 82 0
C 83 0
C 84 0
C 85 0
C 86 0
C 87 0
C 88 0
C 89 0
C 90 0
C 91 0
C 92 0
C 93 0
C 94 0
C 95 0
C 96 0
C 97 0
C 98 0
C 99 0
C 100 0
C 101 0
C 102 0
C 103 0
C 104 0
C 105 0
C 106 0
C 107 0
C 108 0
C 109 0
C 110 0
C 111 0
C 112 0
C 113 0
C 114 0
C 115 0
C 116 0
C 117 0
C 118 0
C 119 0
C 120 0
C 121 0
C 122 0
C 123 0
C 124 0
C 125 0
C 126 0
C 127 0
C 128 0
C 129 0
C 130 0
C 131 0
C 132 0
C 133 0
C 134 0
C 135 0
C 136 0
C 137 0
C 138 0
C 139 0
C 140 0
C 141 0
C 142 0
C 143 0
C 144 0
C 145 0
C 146 0
C 147 0
C 148 0
C 149 0
C 150 0
C 151 0
C 152 0
C 153 0
C 154 0
C 155 0
C 156 0
C 157 0
C 158 0
C 159 4
C 160 9
C 161 22
C 162 11
C 163 11
C 164 17
C 165 1
C 166 20
C 167 21
C 168 3
C 169 24
C 170 0
C 171 11
C 172 1
C 173 23
C 174 12
C 175 23
C 176 24
C 177 19
C 178 4
C 179 5
C 180 6
C 181 19
C 182 19
C 183 11
C 184 10
C 185 12
C 186 3
C 187 20
C 188 9
C 189 10
C 190 18
C 191 5
C 192 3
C 193 0
C 194 25
C 195 19
C 196 24
C 197 20
C 198 9
C 199 16
C 200 7
C 201 26
C 202 18
C 203 16
C 204 10
C 205 24
C 206 9
C 207 19
C 208 2
C 209 24
C 210 4
C 211 4
C 212 3
C 213 15
C 214 7
C 215 10
C 216 9
C 217 12
C 218 23
C 219 2
C 220 17
C 221 12
C 222 18
C 223 23
C 224 0
C 225 23
C 226 21
C 227 0
C 228 4
C 229 9
C 230 16
C 231 25
C 232 20
C 233 17
C 234 2
C 235 23
C 236 1
C 237 25
C 238 12
C 239 11
C 240 11
C 241 6
C 242 21
C 243 7
C 244 1
C 245 19
C 246 5
C 247 2
C 248 23
C 249 9
C 250 0
C 251 7
C 252 0
C 253 14
C 254 16
C 255 18
C 256 20
C 257 7
C 258 26
C 259 8
C 260 1
C 261 20
C 262 1
C 263 19
C 264 17
C 265 22
C 266 23
C 267 5
C 268 9
C 269 20
I 5 2 10 (5,0,3) (0,-1,-1,0)
I 5 3 16 (3,2,5) (1,-1,-1,0)|(0,0,1,0)
I 1 1 13 (2,2,1) (-1,1,0,0)
