D (7,8,3) (0,2,3)
D (9,-1,-1) (0,4,5)
D (9,-1,-1) (0,2,1)
D (8,3,-1) (3,3,1)
D (8,3,9) (4,4,1)
D (3,9,-1) (1,0,2)
D (7,8,-1) (0,5,3)
D (9,-1,-1) (0,5,2)
D (7,8,3) (1,1,1)
D (8,3,-1) (4,4,4)
D (9,-1,-1) (3,0,0)
D (7,8,3) (4,3,2)
D (6,-1,-1) (1,2,3)
D (7,8,-1) (2,0,3)
D (6,-1,-1) (3,5,4)
D (6,7,-1) (2,2,3)
D (7,8,-1) (2,4,5)
D (8,3,-1) (5,4,5)
D (8,3,9) (1,4,4)
D (8,-1,-1) (5,2,0)
D (7,-1,-1) (5,5,3)
D (9,-1,-1) (0,2,4)
D (6,-1,-1) (3,4,2)
D (9,-1,-1) (2,4,0)
D (9,-1,-1) (3,1,0)
D (3,-1,-1) (4,0,4)
D (3,-1,-1) (3,2,2)
D (6,7,8) (3,1,5)
D (6,7,8) (2,3,4)
D (6,7,8) (2,5,1)
D (7,-1,-1) (0,4,0)
D (6,-1,-1) (3,5,0)
D (3,-1,-1) (2,5,0)
D (6,7,-1) (5,0,4)
D (9,-1,-1) (5,1,0)
D (7,8,-1) (2,4,4)
D (8,3,-1) (2,0,5)
D (7,-1,-1) (0,5,1)
D (7,8,3) (5,2,2)
D (3,-1,-1) (5,3,1)
D (8,3,-1) (5,2,4)
D (3,9,-1) (3,0,4)
D (6,-1,-1) (4,0,3)
C 0 25
C 1 23
C 2 23
C 3 4
C 4 25
C 5 4
C 6 10
C 7 26
C 8 2
C 9 2
C 10 20
C 11 5
C 12 7
C 13 25
C 14 20
C 15 6
C 16 9
C 17 6
C 18 6
C 19 22
C 20 25
C 21 5
C 22 7
C 23 7
C 24 6
C 25 21
C 26 16
C 27 16
C 28 9
C 29 5
C 30 10
C 31 1
C 32 25
C 33 4
C 34 16
C 35 3
C 36 0
C 37 26
C 38 19
C 39 6
C 40 5
C 41 2
C 42 22
C 43 20
C 44 0
C 45 0
C 46 0
C 47 0
C 48 0
C 49 0
C 50 0
C 51 0
C 52 0
C 53 0
C 54 0
C 55 0
C 56 0
C 57 0
C 58 0
C 59 18
C 60 5
C 61 21
C 62 16
C 63 17
C 64 5
C 65 0
C 66 23
C 67 19
C 68 1
C 69 18
C 70 15
C 71 26
C 72 3
C 73 8
C 74 9
C 75 6
C 76 3
C 77 7
C 78 19
C 79 16
C 80 24
C 81 8
C 82 8
C 83 15
C 84 11
C 85 16
C 86 12
C 87 10
C 88 2
C 89 25
C 90 8
C 91 24
C 92 4
C 93 8
C 94 5
C 95 3
C 96 14
C 97 5
C 98 4
C 99 20
C 100 26
C 101 20
C 102 17
C 103 19
C 104 4
C 105 4
C 106 12
C 107 4
C 108 23
C 109 17
C 110 1
C 111 3
C 112 14
C 113 24
C 114 20
C 115 8
C 116 5
C 117 1
C 118 1
C 119 1
C 120 4
C 121 25
C 122 17
C 123 25
C 124 23
C 125 18
C 126 26
C 127 11
C 128 7
C 129 0
C 130 15
C 131 17
C 132 5
C 133 12
C 134 15
C 135 6
C 136 24
C 137 21
C 138 19
C 139 12
C 140 4
C 141 6
C 142 10
C 143 8
C 144 9
C 145 9
C 146 10
C 147 3
C 148 1
C 149 1
C 150 0
C 151 25
C 152 10
C 153 9
C 154 7
C 155 14
C 156 6
C 157 15
C 158 18
C 159 21
C 160 18
C 161 19
C 162 2
C 163 5
C 164 19
C 165 11
C 166 11
C 167 22
C 168 17
C 169 4
C 170 24
C 171 19
C 172 14
C 173 4
C 174 19
C 175 2
C 176 25
C 177 10
C 178 8
C 179 8
C 180 25
C 181 15
C 182 23
C 183 2
C 184 16
C 185 0
C 186 7
C 187 26
C 188 8
C 189 1
C 190 4
C 191 14
C 192 14
C 193 9
C 194 15
C 195 8
C 196 0
C 197 2
C 198 0
C 199 12
C 200 6
C 201 17
C 202 4
C 203 15
C 204 16
C 205 6
C 206 1
C 207 2
C 208 22
C 209 7
C 210 22
C 211 25
C 212 7
C 213 7
C 214 17
C 215 1
C 216 7
C 217 15
C 218 25
C 219 16
C 220 8
C 221 12
C 222 20
C 223 20
C 224 5
C 225 20
C 226 26
C 227 8
C 228 1
C 229 22
C 230 2
C 231 15
C 232 14
C 233 5
C 234 7
C 235 3
C 236 19
C 237 2
C 238 24
C 239 17
C 240 18
C 241 2
C 242 16
C 243 8
C 244 5
C 245 9
C 246 7
C 247 23
C 248 21
C 249 4
C 250 22
C 251 11
C 252 22
C 253 6
C 254 23
C 255 11
C 256 3
C 257 7
C 258 17
C 259 5
C 260 14
C 261 14
C 262 1
C 263 10
C 264 18
C 265 14
C 266 20
C 267 23
C 268 12
C 269 16
I 0 1 15 (2,1,0) (1,0,1,0)|(0,0,0,0)
I 5 1 6 (2,5,1) (0,0,1,0)|(0,1,0,0)
I 4 3 11 (4,5,0) (-1,1,-1,0)
