D (8,3,9) (2,0,0)
D (6,7,-1) (2,3,1)
D (6,-1,-1) (4,4,4)
D (6,7,8) (2,5,2)
D (6,-1,-1) (5,0,2)
D (9,-1,-1) (4,4,0)
D (9,-1,-1) (4,5,2)
D (9,-1,-1) (1,1,0)
D (3,9,-1) (2,2,4)
D (7,-1,-1) (3,2,2)
D (9,-1,-1) (3,2,5)
D (6,7,8) (3,0,5)
D (3,9,-1) (1,4,4)
D (7,8,-1) (0,3,4)
D (7,-1,-1) (2,0,1)
D (9,-1,-1) (0,1,2)
D (9,-1,-1) (3,1,5)
D (3,9,-1) (3,3,5)
D (7,-1,-1) (2,2,5)
D (9,-1,-1) (2,5,1)
D (7,-1,-1) (1,3,0)
D (6,7,8) (3,4,5)
D (9,-1,-1) (5,1,5)
D (3,9,-1) (2,1,3)
D (6,7,8) (4,3,2)
D (7,8,3) (4,3,1)
D (3,-1,-1) (2,5,3)
D (6,7,8) (1,2,0)
D (9,-1,-1) (1,0,5)
D (6,7,8) (3,4,2)
D (6,7,-1) (5,1,2)
D (7,-1,-1) (3,5,5)
D (7,-1,-1) (0,2,2)
D (8,3,9) (5,4,3)
D (8,-1,-1) (2,1,2)
D (8,3,-1) (3,1,1)
C 0 21
C 1 23
C 2 16
C 3 15
C 4 3
C 5 21
C 6 11
C 7 10
C 8 2
C 9 22
C 10 18
C 11 18
C 12 7
C 13 6
C 14 17
C 15 22
C 16 24
C 17 6
C 18 22
C 19 12
C 20 24
C 21 12
C 22 18
C 23 15
C 24 20
C 25 16
C 26 19
C 27 7
C 28 19
C 29 8
C 30 3
C 31 7
C 32 10
C 33 19
C 34 17
C 35 15
C 36 15
C 37 14
C 38 2
C 39 2
C 40 9
C 41 21
C 42 18
C 43 10
C 44 19
C 45 24
C 46 0
C 47 14
C 48 9
C 49 8
C 50 14
C 51 19
C 52 16
C 53 5
C 54 26
C 55 1
C 56 0
C 57 6
C 58 7
C 59 4
C 60 4
C 61 10
C 62 6
C 63 25
C 64 18
C 65 2
C 66 19
C 67 7
C 68 10
C 69 23
C 70 9
C 71 14
C 72 12
C 73 5
C 74 0
C 75 10
C 76 20
C 77 4
C 78 10
C 79 0
C 80 14
C 81 9
C 82 26
C 83 11
C 84 19
C 85 17
C 86 12
C 87 8
C 88 25
C 89 23
C 90 3
C 91 25
C 92 3
C 93 16
C 94 6
C 95 10
C 96 15
C 97 24
C 98 23
C 99 4
C 100 1
C 101 10
C 102 19
C 103 24
C 104 15
C 105 20
C 106 16
C 107 18
C 108 10
C 109 25
C 110 11
C 111 9
C 112 25
C 113 2
C 114 8
C 115 21
C 116 17
C 117 19
C 118 17
C 119 4
C 120 10
C 121 10
C 122 10
C 123 5
C 124 5
C 125 17
C 126 15
C 127 17
C 128 0
C 129 18
C 130 14
C 131 17
C 132 22
C 133 0
C 134 7
C 135 12
C 136 23
C 137 24
C 138 19
C 139 4
C 140 12
C 141 3
C 142 14
C 143 22
C 144 4
C 145 2
C 146 2
C 147 12
C 148 21
C 149 21
C 150 3
C 151 9
C 152 25
C 153 10
C 154 25
C 155 9
C 156 23
C 157 18
C 158 21
C 159 22
C 160 11
C 161 19
C 162 19
C 163 12
C 164 17
C 165 20
C 166 25
C 167 21
C 168 25
C 169 10
C 170 2
C 171 11
C 172 20
C 173 14
C 174 8
C 175 2
C 176 12
C 177 25
C 178 1
C 179 25
C 180 20
C 181 7
C 182 15
C 183 3
C 184 3
C 185 26
C 186 19
C 187 20
C 188 21
C 189 4
C 190 12
C 191 1
C 192 4
C 193 14
C 194 2
C 195 2
C 196 22
C 197 0
C 198 0
C 199 0
C 200 0
C 201 0
C 202 0
C 203 0
C 204 0
C 205 0
C 206 0
C 207 0
C 208 0
C 209 0
C 210 0
C 211 0
C 212 0
C 213 0
C 214 0
C 215 0
C 216 0
C 217 0
C 218 0
C 219 0
C 220 0
C 221 0
C 222 0
C 223 0
C 224 0
C 225 0
C 226 0
C 227 0
C 228 0
C 229 0
C 230 0
C 231 0
C 232 18
C 233 6
C 234 23
C 235 11
C 236 19
C 237 1
C 238 0
C 239 15
C 240 18
C 241 26
C 242 25
C 243 23
C 244 6
C 245 20
C 246 1
C 247 4
C 248 4
C 249 6
C 250 24
C 251 0
C 252 20
C 253 20
C 254 9
C 255 4
C 256 8
C 257 8
C 258 18
C 259 15
C 260 7
C 261 26
C 262 18
C 263 18
C 264 9
C 265 21
C 266 26
C 267 21
C 268 10
C 269 16
I 5 1 3 (3,3,4) (-1,0,-1,0)|(-1,0,1,0)|(-1,1,-1,0)
I 2 1 10 (3,2,3) (-1,1,1,0)|(1,0,0,0)|(1,-1,0,0)|(-1,0,-1,0)
I 4 1 2 (3,5,2) (-1,-1,0,0)|(-1,1,0,0)
