D (9,-1,-1) (2,4,5)
D (8,-1,-1) (2,3,5)
D (6,7,8) (4,1,4)
D (9,-1,-1) (0,4,3)
D (8,3,-1) (2,3,2)
D (3,9,-1) (3,0,5)
D (9,-1,-1) (3,0,4)
D (3,9,-1) (2,0,1)
D (3,-1,-1) (5,4,5)
D (6,7,-1) (5,1,5)
D (6,7,-1) (0,3,0)
D (6,7,8) (4,4,3)
D (3,9,-1) (1,4,2)
D (6,7,-1) (5,5,4)
D (7,8,3) (3,3,0)
D (9,-1,-1) (4,5,3)
D (3,9,-1) (3,0,3)
D (6,7,-1) (0,2,0)
D (9,-1,-1) (5,2,1)
D (6,7,8) (2,1,2)
D (7,8,-1) (1,2,0)
D (6,-1,-1) (5,2,0)
D (3,-1,-1) (1,1,3)
D (8,-1,-1) (3,0,1)
D (6,7,-1) (0,0,2)
D (9,-1,-1) (1,4,4)
D (9,-1,-1) (5,5,3)
D (8,3,9) (3,3,1)
D (7,-1,-1) (3,2,1)
D (7,8,-1) (5,0,1)
D (9,-1,-1) (1,1,1)
D (3,9,-1) (5,1,1)
D (8,-1,-1) (0,3,1)
D (6,7,8) (1,1,5)
D (7,8,3) (3,2,2)
D (7,8,3) (4,2,0)
D (9,-1,-1) (0,1,4)
D (8,-1,-1) (0,2,3)
D (7,8,-1) (5,5,1)
D (9,-1,-1) (4,3,4)
D (8,3,9) (0,3,2)
D (8,-1,-1) (0,0,4)
D (9,-1,-1) (4,2,3)
D (6,-1,-1) (3,3,5)
D (3,9,-1) (4,0,2)
D (3,9,-1) (3,2,4)
D (7,-1,-1) (4,4,1)
D (6,7,-1) (5,5,2)
D (9,-1,-1) (2,4,4)
D (8,3,9) (5,2,3)
D (9,-1,-1) (0,5,0)
D (8,-1,-1) (3,5,4)
D (6,-1,-1) (4,5,2)
D (8,-1,-1) (0,3,5)
D (6,7,8) (2,1,0)
D (8,3,-1) (1,1,0)
D (3,-1,-1) (2,4,3)
D (9,-1,-1) (1,0,2)
D (7,-1,-1) (0,1,5)
D (8,3,9) (1,0,3)
D (7,8,3) (4,1,0)
D (3,9,-1) (1,4,5)
D (8,3,-1) (0,4,0)
D (6,7,8) (3,1,4)
D (7,-1,-1) (4,5,0)
D (6,7,-1) (3,3,3)
D (7,8,-1) (5,3,0)
D (7,8,3) (0,1,2)
D (7,8,-1) (0,4,2)
C 0 24
C 1 7
C 2 9
C 3 1
C 4 12
C 5 8
C 6 22
C 7 18
C 8 19
C 9 11
C 10 16
C 11 15
C 12 15
C 13 25
C 14 7
C 15 18
C 16 24
C 17 25
C 18 19
C 19 7
C 20 17
C 21 5
C 22 7
C 23 10
C 24 9
C 25 6
C 26 11
C 27 19
C 28 1
C 29 14
C 30 10
C 31 14
C 32 19
C 33 3
C 34 23
C 35 22
C 36 7
C 37 2
C 38 2
C 39 17
C 40 12
C 41 7
C 42 4
C 43 6
C 44 16
C 45 10
C 46 18
C 47 12
C 48 26
C 49 10
C 50 12
C 51 20
C 52 16
C 53 6
C 54 3
C 55 0
C 56 11
C 57 3
C 58 5
C 59 14
C 60 1
C 61 0
C 62 19
C 63 7
C 64 0
C 65 0
C 66 0
C 67 0
C 68 0
C 69 0
C 70 0
C 71 0
C 72 0
C 73 0
C 74 0
C 75 0
C 76 0
C 77 0
C 78 0
C 79 0
C 80 0
C 81 0
C 82 0
C 83 0
C 84 0
C 85 0
C 86 0
C 87 0
C 88 0
C 89 0
C 90 0
C 91 0
C 92 0
C 93 0
C 94 0
C 95 4
C 96 15
C 97 21
C 98 19
C 99 24
C 100 16
C 101 1
C 102 11
C 103 0
C 104 11
C 105 8
C 106 3
C 107 20
C 108 5
C 109 17
C 110 22
C 111 10
C 112 0
C 113 3
C 114 5
C 115 25
C 116 14
C 117 9
C 118 8
C 119 21
C 120 8
C 121 0
C 122 1
C 123 26
C 124 7
C 125 6
C 126 10
C 127 6
C 128 2
C 129 23
C 130 7
C 131 6
C 132 7
C 133 4
C 134 1
C 135 19
C 136 4
C 137 9
C 138 14
C 139 1
C 140 7
C 141 8
C 142 5
C 143 1
C 144 18
C 145 12
C 146 8
C 147 26
C 148 12
C 149 22
C 150 22
C 151 5
C 152 1
C 153 22
C 154 4
C 155 19
C 156 5
C 157 23
C 158 19
C 159 2
C 160 20
C 161 4
C 162 14
C 163 11
C 164 25
C 165 12
C 166 18
C 167 1
C 168 18
C 169 17
C 170 2
C 171 1
C 172 12
C 173 14
C 174 23
C 175 12
C 176 10
C 177 22
C 178 18
C 179 3
C 180 15
C 181 9
C 182 3
C 183 20
C 184 7
C 185 12
C 186 5
C 187 8
C 188 4
C 189 23
C 190 5
C 191 16
C 192 24
C 193 23
C 194 15
C 195 22
C 196 5
C 197 8
C 198 14
C 199 0
C 200 0
C 201 0
C 202 0
C 203 0
C 204 0
C 205 0
C 206 0
C 207 0
C 208 0
C 209 0
C 210 0
C 211 0
C 212 0
C 213 0
C 214 0
C 215 0
C 216 0
C 217 0
C 218 0
C 219 0
C 220 0
C 221 0
C 222 0
C 223 0
C 224 0
C 225 0
C 226 0
C 227 0
C 228 0
C 229 0
C 230 0
C 231 0
C 232 0
C 233 0
C 234 0
C 235 0
C 236 0
C 237 0
C 238 0
C 239 0
C 240 0
C 241 0
C 242 0
C 243 0
C 244 0
C 245 0
C 246 0
C 247 0
C 248 0
C 249 0
C 250 0
C 251 0
C 252 19
C 253 11
C 254 11
C 255 24
C 256 11
C 257 18
C 258 5
C 259 15
C 260 14
C 261 12
C 262 7
C 263 6
C 264 5
C 265 22
C 266 7
C 267 24
C 268 20
C 269 17
I 5 1 11 (3,2,2) (-1,-1,1,0)
I 5 3 3 (3,2,2) (-1,1,-1,0)
I 1 3 20 (2,4,0) (0,-1,0,0)
