D (6,7,8) (3,1,0)
D (6,7,-1) (2,3,2)
D (7,8,3) (1,3,4)
D (7,-1,-1) (4,2,4)
D (3,9,-1) (2,2,3)
D (6,7,8) (0,2,2)
D (9,-1,-1) (3,1,5)
D (7,-1,-1) (3,0,2)
D (7,8,-1) (0,2,5)
D (3,9,-1) (5,5,2)
D (9,-1,-1) (2,3,1)
D (3,9,-1) (1,0,3)
D (6,7,8) (0,1,2)
D (3,-1,-1) (2,1,2)
D (3,9,-1) (1,5,1)
D (7,-1,-1) (5,3,0)
D (7,8,-1) (2,4,2)
D (8,3,-1) (1,1,5)
D (6,-1,-1) (2,2,2)
D (6,7,-1) (5,4,0)
D (9,-1,-1) (0,5,4)
D (7,8,-1) (4,5,5)
D (9,-1,-1) (3,3,4)
D (9,-1,-1) (3,3,3)
D (9,-1,-1) (2,3,4)
D (9,-1,-1) (3,1,1)
D (6,7,8) (0,5,3)
D (6,7,-1) (3,1,2)
D (7,8,3) (1,3,1)
D (6,7,-1) (5,1,0)
D (3,-1,-1) (1,0,4)
D (3,9,-1) (1,5,4)
D (9,-1,-1) (5,0,4)
D (8,3,9) (1,1,3)
D (6,7,-1) (4,4,2)
D (9,-1,-1) (2,3,3)
D (3,9,-1) (1,5,3)
C 0 26
C 1 6
C 2 25
C 3 19
C 4 9
C 5 14
C 6 2
C 7 23
C 8 25
C 9 20
C 10 18
C 11 25
C 12 4
C 13 21
C 14 6
C 15 12
C 16 25
C 17 19
C 18 8
C 19 24
C 20 2
C 21 10
C 22 16
C 23 26
C 24 25
C 25 20
C 26 25
C 27 9
C 28 15
C 29 22
C 30 20
C 31 8
C 32 9
C 33 2
C 34 14
C 35 25
C 36 15
C 37 14
C 38 25
C 39 26
C 40 26
C 41 20
C 42 18
C 43 19
C 44 26
C 45 26
C 46 23
C 47 4
C 48 16
C 49 0
C 50 9
C 51 6
C 52 12
C 53 7
C 54 3
C 55 12
C 56 12
C 57 26
C 58 15
C 59 11
C 60 19
C 61 23
C 62 9
C 63 2
C 64 17
C 65 8
C 66 18
C 67 3
C 68 15
C 69 24
C 70 6
C 71 1
C 72 14
C 73 11
C 74 11
C 75 16
C 76 12
C 77 4
C 78 1
C 79 19
C 80 3
C 81 24
C 82 24
C 83 4
C 84 21
C 85 25
C 86 23
C 87 23
C 88 12
C 89 1
C 90 4
C 91 14
C 92 1
C 93 5
C 94 25
C 95 15
C 96 0
C 97 5
C 98 17
C 99 2
C 100 0
C 101 9
C 102 4
C 103 8
C 104 20
C 105 21
C 106 22
C 107 6
C 108 6
C 109 26
C 110 9
C 111 14
C 112 7
C 113 2
C 114 8
C 115 20
C 116 0
C 117 8
C 118 23
C 119 3
C 120 6
C 121 1
C 122 21
C 123 10
C 124 12
C 125 2
C 126 17
C 127 24
C 128 3
C 129 2
C 130 25
C 131 25
C 132 3
C 133 4
C 134 15
C 135 16
C 136 12
C 137 5
C 138 16
C 139 16
C 140 6
C 141 26
C 142 22
C 143 0
C 144 10
C 145 21
C 146 9
C 147 11
C 148 6
C 149 1
C 150 19
C 151 24
C 152 25
C 153 17
C 154 19
C 155 7
C 156 5
C 157 24
C 158 21
C 159 8
C 160 17
C 161 26
C 162 26
C 163 9
C 164 11
C 165 10
C 166 0
C 167 26
C 168 5
C 169 1
C 170 6
C 171 10
C 172 14
C 173 20
C 174 17
C 175 7
C 176 5
C 177 17
C 178 9
C 179 3
C 180 22
C 181 12
C 182 9
C 183 6
C 184 7
C 185 23
C 186 1
C 187 9
C 188 25
C 189 12
C 190 18
C 191 25
C 192 0
C 193 10
C 194 25
C 195 14
C 196 7
C 197 9
C 198 6
C 199 19
C 200 4
C 201 8
C 202 0
C 203 14
C 204 17
C 205 1
C 206 22
C 207 9
C 208 7
C 209 17
C 210 22
C 211 24
C 212 7
C 213 22
C 214 10
C 215 26
C 216 5
C 217 15
C 218 15
C 219 2
C 220 0
C 221 19
C 222 21
C 223 10
C 224 11
C 225 10
C 226 0
C 227 21
C 228 14
C 229 5
C 230 21
C 231 0
C 232 0
C 233 0
C 234 0
C 235 0
C 236 0
C 237 0
C 238 0
C 239 0
C 240 0
C 241 0
C 242 0
C 243 0
C 244 0
C 245 0
C 246 0
C 247 0
C 248 0
C 249 0
C 250 0
C 251 0
C 252 0
C 253 0
C 254 0
C 255 0
C 256 0
C 257 0
C 258 0
C 259 0
C 260 0
C 261 0
C 262 0
C 263 0
C 264 5
C 265 1
C 266 3
C 267 8
C 268 16
C 269 0
I 2 2 12 (4,5,4) (-1,0,-1,0)|(-1,0,-1,0)|(1,1,0,0)
I 2 3 15 (0,2,1) (0,0,1,0)|(-1,0,0,0)|(1,-1,0,0)
I 5 3 10 (1,0,5) (0,0,1,0)
