D (6,7,8) (4,0,1)
D (8,3,9) (0,4,5)
D (3,9,-1) (5,4,0)
D (9,-1,-1) (0,2,1)
D (6,-1,-1) (5,4,1)
D (9,-1,-1) (5,1,1)
D (6,7,-1) (5,2,5)
D (3,9,-1) (1,5,3)
D (6,7,8) (2,5,3)
D (9,-1,-1) (5,4,4)
D (7,-1,-1) (0,2,0)
D (7,-1,-1) (2,3,3)
D (7,8,3) (4,2,1)
D (9,-1,-1) (5,3,1)
D (6,-1,-1) (3,0,3)
D (3,9,-1) (1,4,0)
D (3,9,-1) (3,1,1)
D (8,3,-1) (2,0,3)
D (8,-1,-1) (5,1,0)
D (9,-1,-1) (3,5,3)
D (7,-1,-1) (4,1,3)
D (6,7,8) (1,0,0)
D (6,7,8) (4,2,4)
D (9,-1,-1) (1,3,3)
D (6,-1,-1) (0,5,4)
D (7,8,-1) (1,0,4)
D (3,9,-1) (4,0,3)
D (3,9,-1) (4,2,3)
D (9,-1,-1) (4,1,0)
D (6,7,-1) (4,0,4)
D (6,7,-1) (0,0,1)
D (6,-1,-1) (3,4,4)
D (9,-1,-1) (1,2,5)
D (3,9,-1) (0,1,2)
D (7,-1,-1) (1,1,1)
D (6,7,-1) (3,4,0)
D (7,8,-1) (0,3,1)
D (3,9,-1) (4,2,2)
C 0 17
C 1 5
C 2 12
C 3 4
C 4 1
C 5 7
C 6 26
C 7 14
C 8 4
C 9 17
C 10 16
C 11 18
C 12 20
C 13 22
C 14 19
C 15 16
C 16 25
C 17 6
C 18 24
C 19 21
C 20 14
C 21 1
C 22 24
C 23 16
C 24 15
C 25 15
C 26 24
C 27 25
C 28 12
C 29 18
C 30 6
C 31 18
C 32 3
C 33 3
C 34 2
C 35 26
C 36 4
C 37 18
C 38 26
C 39 18
C 40 7
C 41 3
C 42 9
C 43 5
C 44 14
C 45 23
C 46 9
C 47 6
C 48 14
C 49 5
C 50 22
C 51 21
C 52 16
C 53 24
C 54 5
C 55 14
C 56 11
C 57 18
C 58 3
C 59 19
C 60 6
C 61 22
C 62 1
C 63 4
C 64 18
C 65 0
C 66 15
C 67 0
C 68 0
C 69 0
C 70 0
C 71 0
C 72 0
C 73 0
C 74 0
C 75 0
C 76 0
C 77 0
C 78 0
C 79 0
C 80 0
C 81 0
C 82 0
C 83 0
C 84 0
C 85 0
C 86 0
C 87 0
C 88 0
C 89 0
C 90 0
C 91 0
C 92 0
C 93 0
C 94 0
C 95 0
C 96 0
C 97 0
C 98 0
C 99 0
C 100 0
C 101 0
C 102 0
C 103 0
C 104 0
C 105 0
C 106 0
C 107 0
C 108 0
C 109 0
C 110 0
C 111 0
C 112 0
C 113 0
C 114 0
C 115 0
C 116 0
C 117 0
C 118 0
C 119 0
C 120 0
C 121 0
C 122 0
C 123 0
C 124 0
C 125 0
C 126 0
C 127 0
C 128 0
C 129 0
C 130 0
C 131 0
C 132 11
C 133 26
C 134 22
C 135 8
C 136 26
C 137 15
C 138 14
C 139 14
C 140 0
C 141 0
C 142 0
C 143 0
C 144 0
C 145 0
C 146 0
C 147 0
C 148 0
C 149 0
C 150 22
C 151 3
C 152 25
C 153 7
C 154 14
C 155 26
C 156 8
C 157 15
C 158 18
C 159 22
C 160 0
C 161 0
C 162 0
C 163 0
C 164 0
C 165 0
C 166 0
C 167 0
C 168 0
C 169 0
C 170 0
C 171 0
C 172 0
C 173 0
C 174 17
C 175 10
C 176 3
C 177 16
C 178 20
C 179 26
C 180 6
C 181 23
C 182 3
C 183 26
C 184 0
C 185 22
C 186 6
C 187 1
C 188 25
C 189 0
C 190 0
C 191 0
C 192 0
C 193 0
C 194 0
C 195 0
C 196 0
C 197 0
C 198 0
C 199 0
C 200 0
C 201 0
C 202 0
C 203 0
C 204 0
C 205 0
C 206 0
C 207 0
C 208 0
C 209 0
C 210 0
C 211 0
C 212 0
C 213 0
C 214 0
C 215 0
C 216 0
C 217 0
C 218 0
C 219 0
C 220 0
C 221 25
C 222 22
C 223 6
C 224 26
C 225 26
C 226 12
C 227 5
C 228 4
C 229 14
C 230 11
C 231 26
C 232 8
C 233 7
C 234 2
C 235 9
C 236 25
C 237 14
C 238 23
C 239 18
C 240 21
C 241 0
C 242 6
C 243 1
C 244 2
C 245 26
C 246 22
C 247 23
C 248 2
C 249 20
C 250 7
C 251 10
C 252 2
C 253 23
C 254 22
C 255 25
C 256 17
C 257 21
C 258 9
C 259 20
C 260 3
C 261 7
C 262 16
C 263 2
C 264 10
C 265 12
C 266 22
C 267 10
C 268 21
C 269 14
I 1 2 8 (5,2,0) (1,-1,1,0)
I 0 3 9 (2,5,5) (0,0,-1,0)
I 3 3 8 (2,0,0) (1,1,-1,0)
