D (8,3,-1) (3,3,0)
D (6,7,8) (0,5,0)
D (3,-1,-1) (0,1,5)
D (3,-1,-1) (1,3,5)
D (3,9,-1) (5,1,1)
D (3,9,-1) (3,4,1)
D (8,-1,-1) (0,4,4)
D (3,9,-1) (0,3,2)
D (6,-1,-1) (0,2,5)
D (7,8,3) (1,5,2)
D (6,7,8) (0,0,4)
D (7,8,3) (1,2,0)
D (7,8,3) (2,1,5)
D (6,7,-1) (2,4,2)
D (7,-1,-1) (1,5,5)
D (3,-1,-1) (4,5,0)
D (8,-1,-1) (1,4,0)
D (9,-1,-1) (0,4,3)
D (6,7,8) (5,4,4)
D (3,9,-1) (1,3,0)
D (8,3,9) (1,2,4)
D (3,-1,-1) (5,5,1)
D (3,9,-1) (0,3,3)
D (6,7,-1) (1,5,1)
D (7,-1,-1) (5,2,5)
D (3,9,-1) (3,0,3)
D (3,9,-1) (0,2,1)
D (3,9,-1) (3,2,0)
D (6,-1,-1) (2,0,1)
D (3,-1,-1) (4,2,3)
D (9,-1,-1) (1,5,0)
D (9,-1,-1) (4,0,0)
D (9,-1,-1) (3,3,2)
D (3,-1,-1) (0,5,3)
D (7,8,3) (4,1,1)
D (6,-1,-1) (4,4,5)
D (3,-1,-1) (5,0,2)
D (6,7,-1) (5,4,5)
D (9,-1,-1) (1,3,1)
D (6,7,8) (5,3,4)
D (8,3,9) (2,0,4)
D (6,7,8) (5,2,2)
D (7,-1,-1) (4,2,2)
D (8,-1,-1) (4,5,4)
D (3,9,-1) (1,4,2)
D (7,-1,-1) (1,0,1)
D (8,3,9) (1,4,5)
D (7,8,-1) (0,0,0)
D (3,9,-1) (0,2,3)
D (9,-1,-1) (4,5,1)
D (8,-1,-1) (1,0,5)
D (3,-1,-1) (4,3,0)
D (8,-1,-1) (1,0,4)
D (7,8,3) (5,3,5)
D (7,8,3) (1,1,5)
D (6,7,8) (4,4,0)
D (9,-1,-1) (3,2,1)
D (6,-1,-1) (3,0,5)
D (9,-1,-1) (2,0,5)
D (6,7,-1) (1,5,3)
D (3,9,-1) (5,5,3)
D (3,-1,-1) (4,0,3)
D (9,-1,-1) (2,2,2)
D (3,9,-1) (4,2,5)
D (6,7,-1) (3,0,0)
D (8,3,9) (5,3,2)
D (3,9,-1) (2,5,4)
D (8,3,9) (4,5,3)
D (8,3,9) (3,1,3)
D (3,-1,-1) (1,5,4)
D (7,8,-1) (0,1,3)
D (8,-1,-1) (2,3,5)
D (9,-1,-1) (5,0,3)
C 0 14
C 1 23
C 2 15
C 3 9
C 4 16
C 5 16
C 6 0
C 7 4
C 8 6
C 9 23
C 10 7
C 11 23
C 12 17
C 13 9
C 14 11
C 15 4
C 16 7
C 17 5
C 18 8
C 19 9
C 20 26
C 21 9
C 22 0
C 23 6
C 24 23
C 25 6
C 26 26
C 27 11
C 28 16
C 29 4
C 30 25
C 31 15
C 32 22
C 33 21
C 34 24
C 35 20
C 36 11
C 37 25
C 38 9
C 39 8
C 40 9
C 41 8
C 42 26
C 43 5
C 44 7
C 45 12
C 46 9
C 47 3
C 48 21
C 49 12
C 50 2
C 51 4
C 52 8
C 53 15
C 54 0
C 55 11
C 56 2
C 57 22
C 58 26
C 59 10
C 60 24
C 61 12
C 62 16
C 63 4
C 64 26
C 65 24
C 66 2
C 67 6
C 68 22
C 69 14
C 70 8
C 71 16
C 72 2
C 73 23
C 74 14
C 75 8
C 76 9
C 77 5
C 78 21
C 79 4
C 80 12
C 81 24
C 82 11
C 83 20
C 84 3
C 85 26
C 86 22
C 87 11
C 88 18
C 89 20
C 90 22
C 91 18
C 92 8
C 93 14
C 94 2
C 95 14
C 96 0
C 97 22
C 98 23
C 99 17
C 100 10
C 101 20
C 102 12
C 103 24
C 104 24
C 105 16
C 106 0
C 107 25
C 108 16
C 109 17
C 110 24
C 111 6
C 112 19
C 113 2
C 114 11
C 115 8
C 116 11
C 117 1
C 118 26
C 119 5
C 120 20
C 121 0
C 122 17
C 123 7
C 124 19
C 125 26
C 126 23
C 127 22
C 128 22
C 129 17
C 130 8
C 131 25
C 132 17
C 133 8
C 134 12
C 135 10
C 136 2
C 137 3
C 138 9
C 139 16
C 140 6
C 141 19
C 142 0
C 143 2
C 144 18
C 145 9
C 146 25
C 147 15
C 148 8
C 149 18
C 150 10
C 151 16
C 152 3
C 153 3
C 154 5
C 155 1
C 156 17
C 157 7
C 158 8
C 159 1
C 160 23
C 161 15
C 162 3
C 163 9
C 164 20
C 165 20
C 166 22
C 167 10
C 168 5
C 169 23
C 170 6
C 171 2
C 172 5
C 173 3
C 174 6
C 175 22
C 176 21
C 177 3
C 178 21
C 179 20
C 180 2
C 181 3
C 182 23
C 183 20
C 184 8
C 185 12
C 186 18
C 187 22
C 188 11
C 189 8
C 190 2
C 191 1
C 192 4
C 193 17
C 194 1
C 195 2
C 196 15
C 197 10
C 198 5
C 199 11
C 200 22
C 201 15
C 202 0
C 203 5
C 204 4
C 205 10
C 206 9
C 207 24
C 208 15
C 209 5
C 210 0
C 211 4
C 212 14
C 213 16
C 214 17
C 215 0
C 216 24
C 217 1
C 218 3
C 219 1
C 220 21
C 221 9
C 222 23
C 223 26
C 224 12
C 225 14
C 226 3
C 227 23
C 228 7
C 229 2
C 230 7
C 231 0
C 232 4
C 233 3
C 234 11
C 235 9
C 236 18
C 237 14
C 238 11
C 239 12
C 240 8
C 241 3
C 242 11
C 243 21
C 244 20
C 245 23
C 246 23
C 247 14
C 248 19
C 249 26
C 250 2
C 251 25
C 252 3
C 253 20
C 254 19
C 255 3
C 256 2
C 257 24
C 258 16
C 259 2
C 260 26
C 261 22
C 262 1
C 263 10
C 264 7
C 265 6
C 266 5
C 267 14
C 268 1
C 269 10
I 1 2 17 (3,0,2) (1,1,1,0)|(-1,1,-1,0)
I 0 1 15 (0,0,2) (1,-1,-1,0)|(1,1,-1,0)
