D (7,-1,-1) (0,4,4)
D (3,-1,-1) (3,1,2)
D (6,7,-1) (2,1,2)
D (9,-1,-1) (5,1,4)
D (9,-1,-1) (4,4,1)
D (7,8,3) (3,3,4)
D (8,-1,-1) (4,4,2)
D (8,3,-1) (3,0,2)
D (6,7,8) (5,4,2)
D (6,-1,-1) (0,3,1)
D (7,8,3) (4,2,2)
D (8,3,9) (1,0,3)
D (8,3,9) (2,2,5)
D (7,8,-1) (1,0,5)
D (6,7,8) (4,4,5)
D (8,3,-1) (4,4,0)
D (8,3,9) (0,5,3)
D (7,8,-1) (2,5,2)
D (3,-1,-1) (3,0,5)
D (3,9,-1) (2,4,5)
D (7,-1,-1) (2,5,3)
D (8,-1,-1) (1,3,4)
D (9,-1,-1) (4,3,5)
D (8,-1,-1) (3,1,0)
D (8,3,-1) (2,1,5)
D (9,-1,-1) (0,2,1)
D (6,-1,-1) (0,4,1)
D (7,-1,-1) (3,4,4)
D (9,-1,-1) (4,1,0)
D (3,-1,-1) (3,4,1)
D (9,-1,-1) (4,3,0)
D (8,-1,-1) (0,2,4)
D (6,7,8) (2,3,2)
D (3,9,-1) (3,5,0)
D (6,7,-1) (3,5,5)
D (8,3,9) (4,5,1)
D (7,8,3) (1,4,4)
D (8,3,9) (0,4,3)
D (8,3,-1) (0,0,1)
D (8,3,9) (5,3,3)
D (7,8,-1) (3,0,4)
D (9,-1,-1) (5,3,2)
D (9,-1,-1) (5,2,4)
D (8,3,9) (3,2,1)
D (7,8,3) (5,0,1)
D (9,-1,-1) (5,2,3)
D (9,-1,-1) (1,2,1)
D (7,8,-1) (4,1,4)
D (9,-1,-1) (1,5,0)
D (3,9,-1) (3,1,4)
D (3,9,-1) (0,5,2)
D (3,-1,-1) (4,0,1)
D (7,8,-1) (1,5,2)
D (9,-1,-1) (0,0,0)
D (7,-1,-1) (3,3,5)
D (7,-1,-1) (5,4,3)
D (7,-1,-1) (4,0,5)
D (7,-1,-1) (5,0,4)
D (9,-1,-1) (1,4,3)
D (8,3,9) (0,1,3)
D (9,-1,-1) (4,0,2)
D (9,-1,-1) (1,5,5)
D (6,-1,-1) (4,3,3)
D (7,-1,-1) (2,2,4)
D (6,7,-1) (1,2,0)
D (8,3,9) (3,2,2)
D (7,8,-1) (1,0,4)
D (3,9,-1) (4,5,2)
D (3,9,-1) (2,5,5)
D (3,9,-1) (1,4,0)
D (7,-1,-1) (5,0,5)
C 0 22
C 1 2
C 2 20
C 3 19
C 4 14
C 5 1
C 6 16
C 7 6
C 8 21
C 9 22
C 10 4
C 11 22
C 12 9
C 13 5
C 14 3
C 15 18
C 16 8
C 17 7
C 18 24
C 19 2
C 20 12
C 21 5
C 22 12
C 23 25
C 24 5
C 25 3
C 26 14
C 27 22
C 28 22
C 29 16
C 30 24
C 31 2
C 32 18
C 33 9
C 34 23
C 35 12
C 36 1
C 37 6
C 38 26
C 39 25
C 40 25
C 41 11
C 42 1
C 43 18
C 44 17
C 45 0
C 46 7
C 47 16
C 48 5
C 49 15
C 50 25
C 51 5
C 52 7
C 53 5
C 54 3
C 55 16
C 56 26
C 57 16
C 58 7
C 59 24
C 60 7
C 61 1
C 62 19
C 63 16
C 64 21
C 65 5
C 66 20
C 67 21
C 68 2
C 69 25
C 70 12
C 71 16
C 72 12
C 73 24
C 74 24
C 75 16
C 76 10
C 77 9
C 78 25
C 79 3
C 80 17
C 81 22
C 82 10
C 83 22
C 84 20
C 85 16
C 86 6
C 87 7
C 88 22
C 89 4
C 90 2
C 91 19
C 92 9
C 93 2
C 94 8
C 95 6
C 96 6
C 97 11
C 98 1
C 99 26
C 100 7
C 101 15
C 102 1
C 103 12
C 104 22
C 105 20
C 106 3
C 107 18
C 108 1
C 109 14
C 110 2
C 111 10
C 112 14
C 113 5
C 114 9
C 115 12
C 116 5
C 117 11
C 118 8
C 119 18
C 120 22
C 121 18
C 122 14
C 123 21
C 124 23
C 125 7
C 126 6
C 127 16
C 128 11
C 129 18
C 130 3
C 131 20
C 132 12
C 133 0
C 134 5
C 135 12
C 136 8
C 137 4
C 138 3
C 139 26
C 140 22
C 141 16
C 142 18
C 143 8
C 144 20
C 145 17
C 146 3
C 147 24
C 148 26
C 149 2
C 150 25
C 151 1
C 152 2
C 153 20
C 154 23
C 155 8
C 156 12
C 157 15
C 158 7
C 159 22
C 160 1
C 161 20
C 162 3
C 163 20
C 164 4
C 165 17
C 166 4
C 167 19
C 168 10
C 169 12
C 170 16
C 171 22
C 172 19
C 173 20
C 174 10
C 175 25
C 176 18
C 177 23
C 178 24
C 179 14
C 180 4
C 181 26
C 182 25
C 183 20
C 184 6
C 185 15
C 186 25
C 187 17
C 188 8
C 189 15
C 190 12
C 191 7
C 192 4
C 193 3
C 194 10
C 195 26
C 196 24
C 197 0
C 198 20
C 199 9
C 200 19
C 201 10
C 202 9
C 203 25
C 204 11
C 205 8
C 206 15
C 207 10
C 208 9
C 209 22
C 210 11
C 211 21
C 212 16
C 213 24
C 214 9
C 215 21
C 216 22
C 217 16
C 218 8
C 219 7
C 220 15
C 221 20
C 222 25
C 223 0
C 224 20
C 225 14
C 226 17
C 227 5
C 228 23
C 229 16
C 230 24
C 231 19
C 232 21
C 233 2
C 234 8
C 235 15
C 236 12
C 237 9
C 238 12
C 239 16
C 240 15
C 241 12
C 242 23
C 243 5
C 244 7
C 245 14
C 246 17
C 247 18
C 248 22
C 249 12
C 250 0
C 251 12
C 252 0
C 253 4
C 254 0
C 255 23
C 256 2
C 257 15
C 258 26
C 259 11
C 260 16
C 261 24
C 262 9
C 263 2
C 264 22
C 265 7
C 266 25
C 267 17
C 268 21
C 269 0
I 4 2 17 (2,0,5) (-1,0,-1,0)|(-1,0,-1,0)|(0,-1,1,0)
I 3 3 3 (4,0,4) (0,-1,-1,0)|(-1,-1,-1,0)
I 0 1 18 (2,0,0) (-1,1,0,0)|(0,0,0,0)|(1,-1,-1,0)
