D (6,7,-1) (4,3,1)
D (3,-1,-1) (1,4,3)
D (6,7,8) (1,1,0)
D (3,-1,-1) (2,5,0)
D (6,7,8) (3,3,5)
D (3,9,-1) (4,0,2)
D (9,-1,-1) (5,2,2)
D (7,-1,-1) (5,4,2)
D (6,-1,-1) (5,5,5)
D (6,-1,-1) (1,3,0)
D (6,-1,-1) (0,0,4)
D (9,-1,-1) (3,1,2)
D (9,-1,-1) (5,1,4)
D (9,-1,-1) (0,0,5)
D (3,9,-1) (2,5,3)
D (7,8,-1) (4,2,4)
D (7,-1,-1) (0,3,4)
D (7,8,3) (5,4,5)
D (7,8,-1) (4,2,0)
D (9,-1,-1) (1,5,0)
D (9,-1,-1) (2,1,2)
D (6,7,8) (0,3,1)
D (8,-1,-1) (2,3,0)
D (8,-1,-1) (4,0,0)
D (3,9,-1) (1,4,0)
D (8,-1,-1) (5,2,4)
D (9,-1,-1) (3,1,5)
D (9,-1,-1) (1,0,2)
D (7,8,3) (1,1,3)
D (6,-1,-1) (4,2,1)
D (8,3,9) (0,5,5)
D (9,-1,-1) (0,0,2)
D (8,-1,-1) (3,5,3)
D (9,-1,-1) (4,4,3)
D (7,8,3) (0,5,2)
D (7,8,3) (2,1,1)
D (6,7,-1) (3,0,0)
C 0 11
C 1 23
C 2 19
C 3 20
C 4 11
C 5 11
C 6 20
C 7 14
C 8 6
C 9 22
C 10 5
C 11 21
C 12 21
C 13 22
C 14 26
C 15 9
C 16 20
C 17 15
C 18 21
C 19 6
C 20 15
C 21 0
C 22 16
C 23 3
C 24 0
C 25 22
C 26 6
C 27 3
C 28 15
C 29 21
C 30 23
C 31 10
C 32 15
C 33 21
C 34 12
C 35 14
C 36 14
C 37 1
C 38 14
C 39 16
C 40 1
C 41 14
C 42 7
C 43 25
C 44 7
C 45 0
C 46 22
C 47 17
C 48 11
C 49 12
C 50 10
C 51 19
C 52 7
C 53 6
C 54 17
C 55 25
C 56 18
C 57 24
C 58 20
C 59 5
C 60 17
C 61 0
C 62 0
C 63 20
C 64 7
C 65 3
C 66 19
C 67 5
C 68 3
C 69 24
C 70 10
C 71 15
C 72 6
C 73 6
C 74 21
C 75 20
C 76 1
C 77 20
C 78 10
C 79 22
C 80 18
C 81 20
C 82 8
C 83 21
C 84 11
C 85 21
C 86 10
C 87 1
C 88 17
C 89 2
C 90 24
C 91 12
C 92 0
C 93 22
C 94 8
C 95 2
C 96 25
C 97 1
C 98 5
C 99 19
C 100 6
C 101 21
C 102 21
C 103 19
C 104 19
C 105 11
C 106 17
C 107 10
C 108 3
C 109 20
C 110 9
C 111 12
C 112 3
C 113 5
C 114 6
C 115 17
C 116 25
C 117 19
C 118 1
C 119 2
C 120 20
C 121 18
C 122 3
C 123 24
C 124 17
C 125 12
C 126 4
C 127 15
C 128 0
C 129 21
C 130 24
C 131 4
C 132 22
C 133 24
C 134 26
C 135 9
C 136 14
C 137 11
C 138 1
C 139 22
C 140 6
C 141 25
C 142 6
C 143 2
C 144 18
C 145 20
C 146 17
C 147 6
C 148 22
C 149 20
C 150 14
C 151 26
C 152 7
C 153 3
C 154 19
C 155 20
C 156 25
C 157 18
C 158 9
C 159 15
C 160 1
C 161 3
C 162 10
C 163 2
C 164 20
C 165 17
C 166 21
C 167 2
C 168 14
C 169 18
C 170 15
C 171 18
C 172 24
C 173 5
C 174 15
C 175 6
C 176 21
C 177 22
C 178 5
C 179 8
C 180 2
C 181 5
C 182 10
C 183 26
C 184 21
C 185 5
C 186 9
C 187 25
C 188 23
C 189 8
C 190 4
C 191 4
C 192 14
C 193 22
C 194 18
C 195 21
C 196 24
C 197 1
C 198 1
C 199 0
C 200 10
C 201 1
C 202 9
C 203 18
C 204 14
C 205 3
C 206 23
C 207 6
C 208 17
C 209 3
C 210 17
C 211 17
C 212 5
C 213 7
C 214 9
C 215 12
C 216 17
C 217 8
C 218 16
C 219 5
C 220 25
C 221 5
C 222 4
C 223 2
C 224 6
C 225 3
C 226 17
C 227 17
C 228 12
C 229 5
C 230 16
C 231 21
C 232 11
C 233 8
C 234 21
C 235 23
C 236 5
C 237 10
C 238 3
C 239 6
C 240 24
C 241 20
C 242 7
C 243 12
C 244 6
C 245 6
C 246 1
C 247 4
C 248 11
C 249 14
C 250 10
C 251 25
C 252 19
C 253 8
C 254 23
C 255 18
C 256 8
C 257 9
C 258 9
C 259 18
C 260 26
C 261 14
C 262 15
C 263 9
C 264 11
C 265 3
C 266 18
C 267 21
C 268 16
C 269 3
I 1 3 1 (3,0,3) (0,1,1,0)|(0,0,-1,0)
I 5 2 2 (3,3,2) (-1,-1,-1,0)|(-1,0,-1,0)
