D (3,9,-1) (1,1,3)
D (9,-1,-1) (3,3,1)
D (8,3,-1) (5,3,1)
D (3,9,-1) (1,0,0)
D (9,-1,-1) (0,2,0)
D (3,-1,-1) (3,2,4)
D (3,9,-1) (4,5,4)
D (3,9,-1) (4,5,5)
D (7,8,3) (2,0,0)
D (3,9,-1) (1,0,4)
D (9,-1,-1) (1,4,0)
D (9,-1,-1) (5,2,0)
D (3,9,-1) (2,3,5)
D (6,-1,-1) (0,1,4)
D (9,-1,-1) (1,5,0)
D (8,3,9) (2,4,4)
D (8,3,9) (2,4,1)
D (8,-1,-1) (3,5,5)
D (3,-1,-1) (0,3,5)
D (7,-1,-1) (1,5,4)
D (8,-1,-1) (1,2,4)
D (7,8,3) (0,5,3)
D (3,9,-1) (0,0,5)
D (6,7,8) (1,1,2)
D (9,-1,-1) (2,1,1)
D (9,-1,-1) (3,1,4)
D (3,9,-1) (4,1,0)
D (3,-1,-1) (2,5,3)
D (8,-1,-1) (2,0,5)
D (6,-1,-1) (3,4,3)
D (3,-1,-1) (5,5,2)
D (6,7,-1) (5,0,5)
D (9,-1,-1) (4,3,5)
D (8,3,-1) (0,0,4)
D (6,7,8) (1,4,2)
D (3,9,-1) (0,2,3)
D (6,7,-1) (0,3,2)
D (7,8,-1) (0,0,2)
D (3,9,-1) (4,0,3)
D (9,-1,-1) (5,5,3)
D (7,-1,-1) (5,5,0)
D (3,-1,-1) (3,5,0)
D (6,7,-1) (5,2,5)
D (6,7,-1) (5,2,1)
D (3,-1,-1) (1,1,5)
D (9,-1,-1) (5,5,5)
D (8,3,9) (4,1,3)
D (7,-1,-1) (2,4,3)
D (9,-1,-1) (0,2,5)
D (7,8,3) (3,4,2)
D (3,9,-1) (5,1,4)
D (3,9,-1) (4,4,1)
D (9,-1,-1) (1,0,3)
D (7,8,3) (3,1,2)
D (9,-1,-1) (3,3,3)
D (3,9,-1) (4,2,1)
D (3,9,-1) (5,3,3)
D (3,-1,-1) (0,5,1)
D (7,8,3) (1,3,0)
D (6,-1,-1) (3,3,2)
D (7,-1,-1) (4,2,0)
D (7,8,3) (1,4,3)
D (3,9,-1) (4,4,2)
D (7,8,-1) (4,5,1)
D (3,9,-1) (2,2,3)
D (9,-1,-1) (5,4,1)
D (7,8,3) (5,3,4)
C 0 24
C 1 25
C 2 7
C 3 22
C 4 5
C 5 26
C 6 8
C 7 24
C 8 22
C 9 8
C 10 12
C 11 18
C 12 10
C 13 14
C 14 24
C 15 2
C 16 26
C 17 26
C 18 12
C 19 25
C 20 25
C 21 4
C 22 7
C 23 2
C 24 21
C 25 21
C 26 16
C 27 9
C 28 5
C 29 26
C 30 17
C 31 22
C 32 22
C 33 5
C 34 2
C 35 17
C 36 3
C 37 26
C 38 24
C 39 10
C 40 7
C 41 9
C 42 11
C 43 4
C 44 4
C 45 12
C 46 7
C 47 25
C 48 6
C 49 14
C 50 6
C 51 9
C 52 2
C 53 12
C 54 20
C 55 17
C 56 2
C 57 1
C 58 24
C 59 18
C 60 7
C 61 6
C 62 23
C 63 26
C 64 6
C 65 20
C 66 12
C 67 20
C 68 12
C 69 25
C 70 23
C 71 4
C 72 24
C 73 25
C 74 11
C 75 2
C 76 9
C 77 15
C 78 4
C 79 9
C 80 11
C 81 18
C 82 25
C 83 21
C 84 19
C 85 17
C 86 12
C 87 17
C 88 22
C 89 19
C 90 9
C 91 3
C 92 10
C 93 25
C 94 23
C 95 1
C 96 21
C 97 2
C 98 26
C 99 17
C 100 12
C 101 1
C 102 5
C 103 14
C 104 14
C 105 7
C 106 0
C 107 10
C 108 24
C 109 7
C 110 17
C 111 3
C 112 6
C 113 5
C 114 20
C 115 1
C 116 0
C 117 26
C 118 17
C 119 20
C 120 11
C 121 3
C 122 22
C 123 0
C 124 23
C 125 24
C 126 17
C 127 3
C 128 2
C 129 5
C 130 20
C 131 8
C 132 25
C 133 17
C 134 7
C 135 24
C 136 23
C 137 15
C 138 9
C 139 7
C 140 16
C 141 23
C 142 10
C 143 17
C 144 22
C 145 3
C 146 15
C 147 20
C 148 14
C 149 0
C 150 25
C 151 16
C 152 21
C 153 15
C 154 11
C 155 17
C 156 20
C 157 3
C 158 8
C 159 22
C 160 0
C 161 16
C 162 22
C 163 14
C 164 18
C 165 16
C 166 6
C 167 5
C 168 23
C 169 3
C 170 7
C 171 12
C 172 12
C 173 12
C 174 26
C 175 26
C 176 15
C 177 14
C 178 8
C 179 12
C 180 14
C 181 17
C 182 16
C 183 21
C 184 8
C 185 12
C 186 16
C 187 24
C 188 2
C 189 23
C 190 6
C 191 16
C 192 17
C 193 6
C 194 25
C 195 11
C 196 19
C 197 20
C 198 5
C 199 22
C 200 19
C 201 15
C 202 9
C 203 11
C 204 10
C 205 22
C 206 6
C 207 22
C 208 19
C 209 7
C 210 20
C 211 5
C 212 20
C 213 26
C 214 20
C 215 16
C 216 20
C 217 17
C 218 0
C 219 22
C 220 18
C 221 16
C 222 0
C 223 16
C 224 5
C 225 8
C 226 15
C 227 22
C 228 3
C 229 5
C 230 11
C 231 14
C 232 10
C 233 3
C 234 23
C 235 16
C 236 3
C 237 24
C 238 16
C 239 9
C 240 24
C 241 6
C 242 10
C 243 14
C 244 0
C 245 25
C 246 19
C 247 18
C 248 9
C 249 1
C 250 0
C 251 0
C 252 5
C 253 6
C 254 0
C 255 0
C 256 7
C 257 20
C 258 15
C 259 6
C 260 24
C 261 11
C 262 0
C 263 8
C 264 22
C 265 0
C 266 5
C 267 9
C 268 10
C 269 2
I 4 1 15 (2,5,4) (-1,1,1,0)
I 0 3 19 (2,2,5) (0,-1,-1,0)|(1,1,0,0)
I 2 1 7 (4,0,4) (0,0,0,0)
