D (9,-1,-1) (1,0,4)
D (9,-1,-1) (5,2,0)
D (3,-1,-1) (1,1,1)
D (9,-1,-1) (1,3,1)
D (7,8,-1) (0,4,4)
D (7,8,3) (4,1,5)
D (6,7,-1) (4,1,3)
D (9,-1,-1) (5,3,0)
D (9,-1,-1) (1,4,3)
D (8,3,-1) (3,2,2)
D (3,9,-1) (5,5,3)
D (3,9,-1) (0,3,3)
D (8,3,9) (2,0,1)
D (9,-1,-1) (2,1,4)
D (8,-1,-1) (5,2,2)
D (8,3,-1) (0,0,5)
D (9,-1,-1) (3,4,1)
D (8,3,9) (1,2,4)
D (7,-1,-1) (0,0,4)
D (7,-1,-1) (0,5,1)
D (9,-1,-1) (0,5,4)
D (3,-1,-1) (1,2,3)
D (9,-1,-1) (4,3,1)
D (6,7,8) (4,4,0)
D (8,-1,-1) (5,5,0)
D (7,8,-1) (0,2,5)
D (7,8,3) (0,2,0)
D (8,3,9) (3,5,3)
D (8,-1,-1) (4,2,4)
D (3,9,-1) (2,0,5)
D (3,9,-1) (0,4,1)
D (3,9,-1) (0,2,3)
D (9,-1,-1) (1,3,5)
D (7,-1,-1) (2,0,3)
D (7,-1,-1) (4,0,5)
D (9,-1,-1) (2,5,5)
D (9,-1,-1) (1,5,0)
D (6,7,8) (4,1,2)
D (9,-1,-1) (5,4,4)
D (7,8,3) (0,5,0)
D (7,8,3) (1,0,1)
D (7,-1,-1) (0,3,1)
D (7,8,3) (3,5,1)
D (9,-1,-1) (4,0,1)
D (6,7,8) (4,5,3)
D (6,7,8) (4,4,1)
D (9,-1,-1) (4,2,0)
D (9,-1,-1) (5,0,0)
D (8,3,9) (1,0,2)
D (6,7,8) (1,4,4)
D (6,-1,-1) (5,2,5)
D (8,-1,-1) (3,3,3)
D (6,7,8) (3,4,4)
D (9,-1,-1) (4,5,0)
D (7,8,3) (1,1,4)
D (6,-1,-1) (1,0,0)
D (8,3,-1) (3,3,0)
D (9,-1,-1) (2,0,0)
D (3,9,-1) (1,5,4)
D (7,8,-1) (0,4,2)
D (3,9,-1) (1,3,0)
D (6,7,-1) (4,3,4)
D (9,-1,-1) (1,0,5)
D (6,7,-1) (1,5,3)
D (9,-1,-1) (1,1,0)
D (8,3,9) (0,3,4)
D (7,8,-1) (0,0,2)
D (7,8,3) (3,2,0)
D (7,-1,-1) (1,3,2)
D (6,7,-1) (5,1,1)
D (6,-1,-1) (3,3,5)
C 0 21
C 1 8
C 2 19
C 3 7
C 4 6
C 5 9
C 6 9
C 7 23
C 8 4
C 9 6
C 10 11
C 11 8
C 12 6
C 13 10
C 14 22
C 15 8
C 16 20
C 17 16
C 18 8
C 19 2
C 20 15
C 21 19
C 22 8
C 23 15
C 24 3
C 25 0
C 26 16
C 27 11
C 28 18
C 29 7
C 30 23
C 31 25
C 32 11
C 33 17
C 34 7
C 35 26
C 36 20
C 37 20
C 38 26
C 39 8
C 40 8
C 41 11
C 42 3
C 43 19
C 44 17
C 45 24
C 46 17
C 47 17
C 48 18
C 49 3
C 50 18
C 51 12
C 52 23
C 53 8
C 54 21
C 55 1
C 56 10
C 57 10
C 58 18
C 59 1
C 60 4
C 61 19
C 62 26
C 63 20
C 64 8
C 65 6
C 66 1
C 67 23
C 68 9
C 69 20
C 70 9
C 71 26
C 72 10
C 73 18
C 74 20
C 75 19
C 76 17
C 77 20
C 78 6
C 79 15
C 80 11
C 81 23
C 82 18
C 83 26
C 84 22
C 85 24
C 86 21
C 87 26
C 88 23
C 89 1
C 90 11
C 91 20
C 92 15
C 93 0
C 94 14
C 95 24
C 96 10
C 97 15
C 98 19
C 99 11
C 100 15
C 101 16
C 102 19
C 103 1
C 104 19
C 105 4
C 106 4
C 107 17
C 108 20
C 109 2
C 110 26
C 111 12
C 112 26
C 113 17
C 114 4
C 115 22
C 116 8
C 117 24
C 118 16
C 119 11
C 120 11
C 121 24
C 122 10
C 123 2
C 124 19
C 125 17
C 126 16
C 127 0
C 128 18
C 129 1
C 130 17
C 131 22
C 132 6
C 133 9
C 134 14
C 135 14
C 136 21
C 137 3
C 138 1
C 139 20
C 140 4
C 141 22
C 142 9
C 143 10
C 144 20
C 145 17
C 146 25
C 147 1
C 148 17
C 149 1
C 150 10
C 151 14
C 152 11
C 153 18
C 154 17
C 155 21
C 156 2
C 157 3
C 158 17
C 159 14
C 160 10
C 161 11
C 162 20
C 163 9
C 164 26
C 165 7
C 166 22
C 167 17
C 168 25
C 169 10
C 170 20
C 171 2
C 172 12
C 173 3
C 174 11
C 175 4
C 176 17
C 177 8
C 178 23
C 179 8
C 180 26
C 181 26
C 182 10
C 183 14
C 184 0
C 185 2
C 186 14
C 187 16
C 188 9
C 189 4
C 190 21
C 191 6
C 192 24
C 193 0
C 194 14
C 195 16
C 196 26
C 197 20
C 198 4
C 199 6
C 200 9
C 201 21
C 202 8
C 203 6
C 204 11
C 205 24
C 206 1
C 207 0
C 208 2
C 209 20
C 210 21
C 211 26
C 212 7
C 213 26
C 214 7
C 215 10
C 216 17
C 217 12
C 218 17
C 219 5
C 220 26
C 221 19
C 222 21
C 223 21
C 224 7
C 225 15
C 226 5
C 227 2
C 228 17
C 229 4
C 230 20
C 231 12
C 232 11
C 233 20
C 234 11
C 235 14
C 236 10
C 237 10
C 238 25
C 239 0
C 240 4
C 241 15
C 242 18
C 243 25
C 244 24
C 245 9
C 246 21
C 247 17
C 248 20
C 249 2
C 250 4
C 251 4
C 252 4
C 253 4
C 254 22
C 255 16
C 256 21
C 257 11
C 258 25
C 259 18
C 260 16
C 261 18
C 262 15
C 263 20
C 264 5
C 265 16
C 266 4
C 267 18
C 268 25
C 269 2
I 5 3 9 (1,3,0) (0,1,0,0)|(1,-1,1,0)|(1,1,1,0)|(0,0,-1,0)|(-1,-1,0,0)
I 1 1 18 (0,5,0) (1,1,0,0)|(0,0,0,0)|(1,0,0,0)|(0,-1,1,0)
I 1 2 1 (3,4,2) (0,0,1,0)|(1,1,1,0)
