D (3,-1,-1) (2,1,4)
D (7,8,-1) (1,5,1)
D (9,-1,-1) (4,0,2)
D (3,-1,-1) (2,1,0)
D (8,-1,-1) (5,1,1)
D (8,3,9) (0,2,0)
D (9,-1,-1) (1,5,0)
D (8,-1,-1) (5,2,4)
D (8,-1,-1) (4,0,4)
D (3,9,-1) (2,4,0)
D (9,-1,-1) (1,2,5)
D (7,-1,-1) (4,4,2)
D (6,7,8) (5,5,1)
D (9,-1,-1) (4,1,3)
D (8,3,-1) (0,0,1)
D (8,-1,-1) (0,1,5)
D (7,8,3) (3,0,4)
D (8,-1,-1) (4,2,3)
D (6,7,8) (3,0,5)
D (6,7,8) (1,4,4)
D (8,3,9) (5,2,0)
D (6,-1,-1) (1,3,4)
D (6,7,8) (1,0,3)
D (7,8,-1) (3,2,0)
D (8,-1,-1) (0,5,1)
D (6,7,-1) (0,1,0)
D (6,7,-1) (4,1,5)
D (9,-1,-1) (3,5,0)
D (9,-1,-1) (1,5,3)
D (8,3,9) (2,0,2)
D (6,-1,-1) (0,0,5)
D (8,-1,-1) (3,2,5)
D (3,9,-1) (4,2,2)
D (8,3,-1) (2,4,2)
D (9,-1,-1) (2,2,3)
D (3,9,-1) (1,3,0)
D (8,-1,-1) (4,3,2)
D (6,-1,-1) (0,0,0)
D (9,-1,-1) (5,2,5)
D (9,-1,-1) (1,3,5)
D (7,8,3) (2,3,2)
D (7,8,-1) (1,1,3)
D (6,-1,-1) (1,4,2)
D (7,8,3) (0,0,4)
D (3,9,-1) (0,5,3)
D (8,3,-1) (3,4,5)
D (7,8,3) (2,4,3)
D (8,3,9) (0,4,1)
D (7,8,3) (2,0,3)
D (6,7,8) (3,1,5)
D (3,-1,-1) (5,3,1)
D (9,-1,-1) (4,2,0)
D (3,9,-1) (5,4,5)
D (6,7,-1) (2,3,3)
D (6,7,-1) (0,0,2)
D (9,-1,-1) (3,4,4)
D (6,-1,-1) (3,3,0)
D (3,9,-1) (2,0,5)
D (6,-1,-1) (5,0,5)
D (9,-1,-1) (5,3,0)
D (7,8,-1) (2,5,0)
D (6,7,-1) (1,5,4)
D (6,7,8) (5,5,4)
D (7,8,-1) (5,1,2)
D (8,3,-1) (3,3,2)
D (6,7,-1) (0,5,2)
D (6,7,-1) (2,2,0)
D (3,9,-1) (1,1,0)
D (9,-1,-1) (0,4,4)
D (6,7,8) (4,4,5)
C 0 8
C 1 2
C 2 12
C 3 26
C 4 0
C 5 2
C 6 18
C 7 16
C 8 5
C 9 8
C 10 14
C 11 23
C 12 10
C 13 23
C 14 20
C 15 24
C 16 24
C 17 3
C 18 21
C 19 2
C 20 12
C 21 23
C 22 3
C 23 12
C 24 2
C 25 21
C 26 8
C 27 26
C 28 8
C 29 0
C 30 6
C 31 19
C 32 1
C 33 9
C 34 10
C 35 21
C 36 20
C 37 6
C 38 14
C 39 7
C 40 15
C 41 23
C 42 1
C 43 8
C 44 0
C 45 20
C 46 17
C 47 10
C 48 6
C 49 20
C 50 10
C 51 19
C 52 6
C 53 12
C 54 9
C 55 7
C 56 12
C 57 6
C 58 2
C 59 14
C 60 11
C 61 7
C 62 20
C 63 6
C 64 11
C 65 14
C 66 12
C 67 7
C 68 3
C 69 25
C 70 7
C 71 17
C 72 21
C 73 18
C 74 21
C 75 14
C 76 18
C 77 11
C 78 11
C 79 24
C 80 26
C 81 21
C 82 9
C 83 14
C 84 9
C 85 0
C 86 5
C 87 24
C 88 25
C 89 19
C 90 1
C 91 17
C 92 11
C 93 5
C 94 19
C 95 19
C 96 14
C 97 6
C 98 4
C 99 20
C 100 5
C 101 26
C 102 22
C 103 17
C 104 23
C 105 12
C 106 20
C 107 8
C 108 6
C 109 12
C 110 14
C 111 16
C 112 26
C 113 15
C 114 23
C 115 18
C 116 21
C 117 15
C 118 8
C 119 9
C 120 17
C 121 6
C 122 9
C 123 23
C 124 9
C 125 3
C 126 7
C 127 26
C 128 2
C 129 1
C 130 11
C 131 21
C 132 26
C 133 15
C 134 19
C 135 20
C 136 0
C 137 23
C 138 14
C 139 26
C 140 5
C 141 16
C 142 18
C 143 18
C 144 18
C 145 11
C 146 7
C 147 12
C 148 6
C 149 16
C 150 23
C 151 14
C 152 6
C 153 1
C 154 23
C 155 6
C 156 14
C 157 24
C 158 12
C 159 7
C 160 8
C 161 19
C 162 21
C 163 20
C 164 16
C 165 21
C 166 7
C 167 12
C 168 24
C 169 5
C 170 26
C 171 11
C 172 5
C 173 22
C 174 20
C 175 26
C 176 6
C 177 9
C 178 24
C 179 10
C 180 23
C 181 1
C 182 26
C 183 5
C 184 7
C 185 2
C 186 19
C 187 7
C 188 14
C 189 10
C 190 12
C 191 10
C 192 5
C 193 8
C 194 8
C 195 15
C 196 22
C 197 14
C 198 20
C 199 14
C 200 0
C 201 26
C 202 12
C 203 14
C 204 7
C 205 10
C 206 25
C 207 23
C 208 14
C 209 8
C 210 26
C 211 16
C 212 14
C 213 23
C 214 14
C 215 0
C 216 25
C 217 10
C 218 21
C 219 17
C 220 16
C 221 17
C 222 7
C 223 18
C 224 1
C 225 23
C 226 21
C 227 17
C 228 15
C 229 4
C 230 25
C 231 2
C 232 3
C 233 15
C 234 7
C 235 3
C 236 1
C 237 15
C 238 22
C 239 3
C 240 24
C 241 12
C 242 15
C 243 17
C 244 25
C 245 24
C 246 25
C 247 16
C 248 5
C 249 19
C 250 3
C 251 3
C 252 6
C 253 16
C 254 24
C 255 22
C 256 1
C 257 16
C 258 15
C 259 15
C 260 24
C 261 4
C 262 23
C 263 1
C 264 16
C 265 24
C 266 5
C 267 19
C 268 3
C 269 3
I 4 3 13 (2,4,2) (0,0,1,0)|(0,1,1,0)|(1,-1,-1,0)|(-1,-1,1,0)|(0,-1,-1,0)
I 1 1 1 (0,2,2) (1,-1,-1,0)|(0,1,-1,0)|(0,-1,0,0)
I 5 2 17 (5,3,2) (-1,-1,1,0)|(0,1,-1,0)|(1,-1,1,0)|(-1,1,0,0)|(-1,-1,1,0)
I 0 2 9 (3,4,2) (0,-1,1,0)|(1,0,1,0)|(0,1,0,0)|(0,1,0,0)
