D (7,-1,-1) (5,2,4)
D (3,-1,-1) (1,0,3)
D (6,-1,-1) (0,0,0)
D (9,-1,-1) (1,3,0)
D (8,3,-1) (0,3,1)
D (6,-1,-1) (3,0,0)
D (7,8,-1) (2,0,4)
D (8,3,-1) (3,0,1)
D (6,-1,-1) (2,4,5)
D (7,8,3) (3,2,3)
D (9,-1,-1) (0,5,3)
D (7,8,3) (4,2,2)
D (8,3,9) (5,4,5)
D (7,8,3) (0,2,4)
D (8,3,-1) (4,5,0)
D (9,-1,-1) (4,2,1)
D (7,-1,-1) (4,2,5)
D (9,-1,-1) (1,0,4)
D (8,-1,-1) (2,5,4)
D (7,8,-1) (4,2,0)
D (3,9,-1) (1,3,4)
D (8,-1,-1) (5,3,0)
D (7,8,-1) (5,3,1)
D (7,-1,-1) (0,2,1)
D (9,-1,-1) (0,2,0)
D (8,-1,-1) (2,3,5)
D (3,9,-1) (1,1,5)
D (9,-1,-1) (2,0,2)
D (6,7,8) (1,5,2)
D (6,-1,-1) (3,5,4)
D (6,7,8) (0,0,2)
D (9,-1,-1) (2,1,5)
D (7,8,-1) (0,3,0)
D (6,7,-1) (2,1,3)
D (9,-1,-1) (4,1,3)
D (3,9,-1) (0,0,5)
D (3,9,-1) (2,4,4)
C 0 4
C 1 3
C 2 20
C 3 11
C 4 21
C 5 23
C 6 22
C 7 4
C 8 0
C 9 22
C 10 3
C 11 3
C 12 6
C 13 8
C 14 0
C 15 25
C 16 1
C 17 8
C 18 20
C 19 22
C 20 21
C 21 24
C 22 16
C 23 14
C 24 6
C 25 26
C 26 2
C 27 24
C 28 0
C 29 21
C 30 7
C 31 25
C 32 14
C 33 21
C 34 16
C 35 26
C 36 20
C 37 22
C 38 15
C 39 1
C 40 17
C 41 0
C 42 0
C 43 0
C 44 0
C 45 0
C 46 0
C 47 0
C 48 0
C 49 0
C 50 0
C 51 0
C 52 0
C 53 0
C 54 0
C 55 0
C 56 0
C 57 0
C 58 0
C 59 0
C 60 0
C 61 0
C 62 0
C 63 0
C 64 0
C 65 0
C 66 0
C 67 0
C 68 0
C 69 6
C 70 8
C 71 15
C 72 16
C 73 19
C 74 21
C 75 17
C 76 7
C 77 11
C 78 19
C 79 11
C 80 24
C 81 14
C 82 17
C 83 3
C 84 5
C 85 15
C 86 19
C 87 21
C 88 23
C 89 10
C 90 17
C 91 5
C 92 11
C 93 25
C 94 23
C 95 7
C 96 21
C 97 3
C 98 23
C 99 4
C 100 4
C 101 18
C 102 5
C 103 4
C 104 26
C 105 15
C 106 12
C 107 24
C 108 19
C 109 14
C 110 2
C 111 5
C 112 1
C 113 1
C 114 1
C 115 12
C 116 23
C 117 9
C 118 9
C 119 4
C 120 20
C 121 4
C 122 7
C 123 5
C 124 2
C 125 25
C 126 1
C 127 15
C 128 15
C 129 17
C 130 6
C 131 17
C 132 16
C 133 4
C 134 17
C 135 8
C 136 10
C 137 15
C 138 15
C 139 17
C 140 17
C 141 9
C 142 19
C 143 11
C 144 3
C 145 12
C 146 3
C 147 5
C 148 5
C 149 21
C 150 18
C 151 1
C 152 26
C 153 0
C 154 0
C 155 0
C 156 0
C 157 0
C 158 0
C 159 0
C 160 0
C 161 15
C 162 20
C 163 25
C 164 5
C 165 14
C 166 7
C 167 23
C 168 3
C 169 17
C 170 7
C 171 9
C 172 4
C 173 10
C 174 20
C 175 26
C 176 0
C 177 14
C 178 20
C 179 10
C 180 19
C 181 17
C 182 20
C 183 24
C 184 9
C 185 23
C 186 9
C 187 21
C 188 14
C 189 8
C 190 3
C 191 23
C 192 19
C 193 23
C 194 24
C 195 20
C 196 11
C 197 6
C 198 9
C 199 8
C 200 19
C 201 3
C 202 23
C 203 6
C 204 3
C 205 5
C 206 26
C 207 15
C 208 21
C 209 26
C 210 11
C 211 8
C 212 20
C 213 14
C 214 21
C 215 14
C 216 23
C 217 1
C 218 22
C 219 2
C 220 7
C 221 18
C 222 7
C 223 11
C 224 1
C 225 24
C 226 9
C 227 17
C 228 3
C 229 1
C 230 14
C 231 19
C 232 2
C 233 14
C 234 15
C 235 12
C 236 3
C 237 19
C 238 1
C 239 0
C 240 24
C 241 4
C 242 11
C 243 18
C 244 14
C 245 20
C 246 22
C 247 0
C 248 5
C 249 14
C 250 14
C 251 9
C 252 4
C 253 3
C 254 0
C 255 2
C 256 11
C 257 11
C 258 20
C 259 12
C 260 1
C 261 10
C 262 26
C 263 2
C 264 11
C 265 2
C 266 5
C 267 11
C 268 3
C 269 25
I 2 2 13 (0,4,0) (1,-1,1,0)|(0,0,1,0)|(-1,1,1,0)|(1,-1,1,0)
I 0 2 5 (1,5,5) (0,0,-1,0)
I 4 3 8 (3,3,1) (0,-1,0,0)|(0,1,1,0)|(1,-1,0,0)|(1,-1,0,0)|(-1,0,1,0)
