D (8,3,-1) (5,3,4)
D (7,8,-1) (2,2,3)
D (7,8,-1) (3,4,4)
D (7,8,-1) (1,3,4)
D (8,-1,-1) (1,4,0)
D (3,-1,-1) (5,1,2)
D (6,7,8) (2,4,0)
D (3,9,-1) (1,0,1)
D (3,-1,-1) (5,5,2)
D (8,3,9) (4,2,2)
D (6,7,-1) (5,1,0)
D (3,9,-1) (5,5,3)
D (9,-1,-1) (4,2,0)
D (8,3,-1) (5,2,1)
D (3,9,-1) (3,2,1)
D (9,-1,-1) (1,1,4)
D (8,3,-1) (2,2,4)
D (8,3,9) (3,3,3)
D (9,-1,-1) (1,2,0)
D (8,3,-1) (2,2,0)
D (6,7,-1) (1,0,2)
D (8,3,-1) (2,1,4)
D (6,7,8) (4,5,5)
D (7,8,3) (5,0,1)
D (7,8,3) (1,5,4)
D (8,3,9) (0,1,3)
D (8,3,9) (1,5,1)
D (3,9,-1) (5,5,4)
D (8,3,9) (1,2,1)
D (6,-1,-1) (5,5,5)
D (9,-1,-1) (3,5,5)
D (9,-1,-1) (0,3,5)
D (7,-1,-1) (0,0,3)
D (7,8,-1) (2,3,5)
D (9,-1,-1) (2,2,1)
D (8,3,-1) (4,0,2)
D (7,8,3) (4,1,1)
D (7,8,3) (1,3,0)
D (3,9,-1) (4,2,1)
D (3,9,-1) (5,3,0)
D (7,8,-1) (3,1,0)
D (8,3,9) (4,0,3)
D (9,-1,-1) (1,4,5)
D (8,3,9) (0,4,1)
D (6,7,8) (3,3,2)
D (8,3,-1) (2,0,1)
D (3,9,-1) (5,3,5)
D (6,-1,-1) (1,2,4)
D (8,3,-1) (0,1,5)
D (9,-1,-1) (5,2,4)
D (9,-1,-1) (1,4,4)
D (8,3,9) (1,4,2)
D (6,-1,-1) (1,4,1)
D (7,8,-1) (1,1,5)
D (6,-1,-1) (0,1,2)
C 0 8
C 1 19
C 2 22
C 3 12
C 4 22
C 5 14
C 6 24
C 7 6
C 8 18
C 9 1
C 10 20
C 11 18
C 12 6
C 13 2
C 14 24
C 15 25
C 16 7
C 17 7
C 18 10
C 19 10
C 20 23
C 21 16
C 22 16
C 23 20
C 24 25
C 25 9
C 26 19
C 27 12
C 28 5
C 29 17
C 30 20
C 31 8
C 32 4
C 33 24
C 34 22
C 35 6
C 36 8
C 37 2
C 38 21
C 39 23
C 40 25
C 41 7
C 42 24
C 43 23
C 44 12
C 45 7
C 46 15
C 47 5
C 48 9
C 49 16
C 50 5
C 51 4
C 52 19
C 53 0
C 54 8
C 55 26
C 56 16
C 57 24
C 58 19
C 59 11
C 60 7
C 61 17
C 62 26
C 63 2
C 64 10
C 65 18
C 66 9
C 67 3
C 68 24
C 69 20
C 70 10
C 71 24
C 72 4
C 73 12
C 74 26
C 75 25
C 76 23
C 77 8
C 78 24
C 79 21
C 80 9
C 81 20
C 82 15
C 83 1
C 84 21
C 85 4
C 86 6
C 87 26
C 88 26
C 89 20
C 90 21
C 91 6
C 92 15
C 93 16
C 94 20
C 95 26
C 96 23
C 97 1
C 98 5
C 99 23
C 100 25
C 101 16
C 102 2
C 103 19
C 104 12
C 105 12
C 106 12
C 107 0
C 108 0
C 109 0
C 110 0
C 111 0
C 112 0
C 113 0
C 114 0
C 115 0
C 116 0
C 117 0
C 118 0
C 119 0
C 120 0
C 121 0
C 122 0
C 123 0
C 124 0
C 125 0
C 126 0
C 127 0
C 128 0
C 129 0
C 130 0
C 131 0
C 132 0
C 133 0
C 134 0
C 135 0
C 136 0
C 137 0
C 138 0
C 139 0
C 140 0
C 141 0
C 142 0
C 143 0
C 144 0
C 145 0
C 146 0
C 147 0
C 148 0
C 149 0
C 150 0
C 151 0
C 152 0
C 153 0
C 154 0
C 155 0
C 156 0
C 157 0
C 158 0
C 159 0
C 160 0
C 161 0
C 162 0
C 163 0
C 164 0
C 165 0
C 166 0
C 167 0
C 168 0
C 169 0
C 170 0
C 171 0
C 172 0
C 173 0
C 174 0
C 175 0
C 176 0
C 177 0
C 178 0
C 179 0
C 180 0
C 181 0
C 182 0
C 183 0
C 184 0
C 185 0
C 186 0
C 187 0
C 188 0
C 189 0
C 190 0
C 191 0
C 192 0
C 193 0
C 194 0
C 195 0
C 196 0
C 197 0
C 198 0
C 199 0
C 200 0
C 201 0
C 202 0
C 203 0
C 204 0
C 205 0
C 206 0
C 207 0
C 208 0
C 209 0
C 210 0
C 211 0
C 212 0
C 213 0
C 214 0
C 215 0
C 216 0
C 217 21
C 218 16
C 219 16
C 220 25
C 221 2
C 222 4
C 223 19
C 224 0
C 225 14
C 226 9
C 227 22
C 228 18
C 229 3
C 230 1
C 231 2
C 232 3
C 233 11
C 234 17
C 235 2
C 236 7
C 237 0
C 238 12
C 239 23
C 240 8
C 241 6
C 242 17
C 243 23
C 244 12
C 245 26
C 246 5
C 247 1
C 248 22
C 249 5
C 250 15
C 251 11
C 252 22
C 253 23
C 254 0
C 255 26
C 256 15
C 257 7
C 258 9
C 259 23
C 260 16
C 261 11
C 262 3
C 263 23
C 264 10
C 265 23
C 266 5
C 267 3
C 268 2
C 269 12
I 3 3 19 (3,0,5) (0,-1,1,0)
I 3 3 15 (4,3,2) (-1,0,-1,0)
I 0 1 13 (0,4,3) (1,0,0,0)|(0,0,0,0)
