D (6,-1,-1) (2,4,1)
D (3,9,-1) (3,4,1)
D (7,8,3) (0,0,0)
D (9,-1,-1) (5,5,5)
D (3,9,-1) (3,5,0)
D (7,8,-1) (1,5,0)
D (3,-1,-1) (1,1,0)
D (7,8,3) (1,2,3)
D (6,7,-1) (0,1,3)
D (6,7,8) (0,0,4)
D (8,-1,-1) (0,5,5)
D (8,3,9) (5,0,1)
D (8,3,-1) (4,1,1)
D (3,-1,-1) (1,1,4)
D (9,-1,-1) (3,3,4)
D (3,9,-1) (2,3,4)
D (3,9,-1) (4,2,4)
D (9,-1,-1) (2,1,3)
D (7,8,3) (1,4,0)
D (8,-1,-1) (3,3,3)
D (7,8,-1) (0,2,5)
D (8,3,9) (3,1,5)
D (9,-1,-1) (5,5,4)
D (6,7,-1) (0,2,4)
D (7,8,-1) (2,4,0)
D (7,8,3) (1,1,2)
D (8,3,9) (5,4,2)
D (8,3,-1) (1,0,1)
D (3,-1,-1) (3,1,1)
D (9,-1,-1) (4,2,3)
D (3,9,-1) (5,1,2)
D (8,3,-1) (5,5,3)
D (7,-1,-1) (1,2,2)
D (6,7,8) (2,1,5)
D (7,-1,-1) (0,1,0)
D (8,3,-1) (1,0,2)
D (6,7,-1) (1,5,5)
D (7,8,-1) (5,1,5)
D (8,3,9) (2,2,5)
D (6,7,-1) (1,1,1)
D (6,7,8) (4,4,1)
D (3,-1,-1) (3,5,2)
D (7,8,-1) (5,4,3)
C 0 8
C 1 18
C 2 24
C 3 26
C 4 10
C 5 1
C 6 2
C 7 1
C 8 20
C 9 20
C 10 12
C 11 17
C 12 20
C 13 1
C 14 25
C 15 16
C 16 18
C 17 8
C 18 14
C 19 7
C 20 8
C 21 19
C 22 0
C 23 0
C 24 0
C 25 0
C 26 0
C 27 0
C 28 0
C 29 0
C 30 0
C 31 0
C 32 0
C 33 0
C 34 0
C 35 0
C 36 0
C 37 0
C 38 0
C 39 0
C 40 0
C 41 0
C 42 0
C 43 0
C 44 0
C 45 0
C 46 0
C 47 0
C 48 0
C 49 0
C 50 6
C 51 22
C 52 12
C 53 6
C 54 8
C 55 14
C 56 20
C 57 18
C 58 16
C 59 22
C 60 23
C 61 24
C 62 2
C 63 26
C 64 14
C 65 10
C 66 0
C 67 25
C 68 25
C 69 6
C 70 25
C 71 15
C 72 7
C 73 12
C 74 9
C 75 18
C 76 18
C 77 17
C 78 11
C 79 12
C 80 1
C 81 8
C 82 11
C 83 10
C 84 8
C 85 11
C 86 20
C 87 11
C 88 17
C 89 0
C 90 10
C 91 5
C 92 25
C 93 19
C 94 25
C 95 15
C 96 11
C 97 21
C 98 24
C 99 26
C 100 19
C 101 24
C 102 3
C 103 17
C 104 3
C 105 11
C 106 23
C 107 16
C 108 20
C 109 14
C 110 24
C 111 5
C 112 25
C 113 8
C 114 7
C 115 23
C 116 16
C 117 5
C 118 3
C 119 5
C 120 24
C 121 0
C 122 19
C 123 9
C 124 11
C 125 4
C 126 21
C 127 22
C 128 4
C 129 14
C 130 4
C 131 18
C 132 10
C 133 6
C 134 5
C 135 21
C 136 12
C 137 25
C 138 14
C 139 8
C 140 20
C 141 9
C 142 16
C 143 14
C 144 12
C 145 24
C 146 12
C 147 20
C 148 26
C 149 0
C 150 0
C 151 0
C 152 0
C 153 0
C 154 0
C 155 0
C 156 0
C 157 0
C 158 0
C 159 0
C 160 0
C 161 0
C 162 0
C 163 0
C 164 0
C 165 0
C 166 0
C 167 0
C 168 0
C 169 0
C 170 0
C 171 0
C 172 0
C 173 0
C 174 0
C 175 0
C 176 0
C 177 0
C 178 0
C 179 0
C 180 0
C 181 0
C 182 0
C 183 0
C 184 0
C 185 0
C 186 19
C 187 2
C 188 14
C 189 10
C 190 7
C 191 10
C 192 23
C 193 20
C 194 15
C 195 21
C 196 22
C 197 8
C 198 8
C 199 19
C 200 11
C 201 5
C 202 22
C 203 6
C 204 25
C 205 10
C 206 22
C 207 3
C 208 26
C 209 21
C 210 20
C 211 14
C 212 6
C 213 20
C 214 24
C 215 15
C 216 22
C 217 8
C 218 19
C 219 0
C 220 16
C 221 0
C 222 25
C 223 21
C 224 21
C 225 15
C 226 24
C 227 9
C 228 1
C 229 15
C 230 14
C 231 18
C 232 9
C 233 10
C 234 19
C 235 24
C 236 20
C 237 1
C 238 21
C 239 16
C 240 1
C 241 26
C 242 17
C 243 0
C 244 17
C 245 2
C 246 23
C 247 1
C 248 17
C 249 2
C 250 2
C 251 6
C 252 5
C 253 25
C 254 21
C 255 26
C 256 3
C 257 2
C 258 25
C 259 5
C 260 10
C 261 15
C 262 5
C 263 19
C 264 21
C 265 6
C 266 18
C 267 15
C 268 22
C 269 3
I 2 3 7 (3,5,4) (-1,-1,0,0)
I 3 1 7 (2,1,0) (1,1,-1,0)|(-1,0,1,0)
I 5 1 6 (0,5,4) (-1,1,0,0)
