D (8,-1,-1) (2,3,2)
D (6,7,-1) (0,1,4)
D (8,-1,-1) (0,0,4)
D (8,-1,-1) (2,4,3)
D (8,3,-1) (5,5,5)
D (9,-1,-1) (2,1,3)
D (9,-1,-1) (4,0,3)
D (7,8,-1) (2,1,1)
D (7,8,3) (1,1,3)
D (9,-1,-1) (2,1,5)
D (6,7,8) (1,4,5)
D (8,-1,-1) (0,5,0)
D (3,9,-1) (4,2,5)
D (3,9,-1) (3,2,3)
D (6,-1,-1) (5,2,4)
D (8,-1,-1) (0,4,2)
D (6,7,8) (4,2,3)
D (6,7,8) (4,3,2)
D (7,8,-1) (4,3,1)
D (6,7,8) (3,1,1)
D (9,-1,-1) (5,0,1)
D (7,8,-1) (2,5,5)
D (9,-1,-1) (1,1,1)
D (7,8,-1) (4,3,5)
D (6,7,8) (3,5,1)
D (8,3,-1) (2,2,4)
D (7,8,-1) (5,4,2)
D (8,3,9) (4,5,3)
D (9,-1,-1) (3,3,3)
D (8,3,9) (4,3,3)
D (9,-1,-1) (1,1,5)
D (8,3,9) (2,1,0)
D (7,-1,-1) (2,0,0)
D (3,-1,-1) (3,2,2)
D (8,3,-1) (3,4,3)
D (9,-1,-1) (3,1,4)
D (8,-1,-1) (5,3,3)
D (8,3,-1) (0,2,0)
D (8,3,9) (4,3,0)
D (3,9,-1) (0,5,4)
D (3,9,-1) (0,0,2)
D (3,-1,-1) (2,4,5)
D (9,-1,-1) (2,4,0)
D (3,9,-1) (4,5,4)
D (3,9,-1) (3,1,2)
D (3,-1,-1) (4,3,4)
D (8,3,-1) (5,0,3)
D (3,-1,-1) (1,3,4)
C 0 8
C 1 10
C 2 26
C 3 21
C 4 24
C 5 0
C 6 21
C 7 11
C 8 25
C 9 17
C 10 14
C 11 23
C 12 20
C 13 8
C 14 15
C 15 5
C 16 19
C 17 6
C 18 21
C 19 12
C 20 17
C 21 1
C 22 1
C 23 1
C 24 9
C 25 19
C 26 6
C 27 17
C 28 23
C 29 20
C 30 19
C 31 12
C 32 14
C 33 9
C 34 18
C 35 18
C 36 1
C 37 4
C 38 20
C 39 17
C 40 7
C 41 4
C 42 8
C 43 24
C 44 6
C 45 18
C 46 17
C 47 15
C 48 8
C 49 24
C 50 4
C 51 5
C 52 4
C 53 9
C 54 10
C 55 25
C 56 1
C 57 12
C 58 12
C 59 14
C 60 20
C 61 3
C 62 14
C 63 22
C 64 9
C 65 3
C 66 9
C 67 21
C 68 22
C 69 12
C 70 16
C 71 6
C 72 5
C 73 5
C 74 11
C 75 18
C 76 1
C 77 21
C 78 16
C 79 15
C 80 24
C 81 14
C 82 0
C 83 6
C 84 21
C 85 11
C 86 15
C 87 22
C 88 22
C 89 12
C 90 24
C 91 10
C 92 21
C 93 10
C 94 5
C 95 19
C 96 5
C 97 10
C 98 26
C 99 22
C 100 5
C 101 18
C 102 8
C 103 19
C 104 3
C 105 0
C 106 3
C 107 12
C 108 8
C 109 15
C 110 22
C 111 11
C 112 23
C 113 16
C 114 3
C 115 26
C 116 11
C 117 16
C 118 2
C 119 22
C 120 0
C 121 2
C 122 1
C 123 17
C 124 6
C 125 12
C 126 0
C 127 0
C 128 0
C 129 0
C 130 0
C 131 0
C 132 0
C 133 0
C 134 0
C 135 0
C 136 0
C 137 0
C 138 0
C 139 0
C 140 0
C 141 0
C 142 0
C 143 0
C 144 0
C 145 0
C 146 0
C 147 0
C 148 0
C 149 0
C 150 0
C 151 0
C 152 0
C 153 0
C 154 0
C 155 0
C 156 0
C 157 0
C 158 0
C 159 0
C 160 0
C 161 0
C 162 0
C 163 0
C 164 0
C 165 0
C 166 0
C 167 0
C 168 0
C 169 0
C 170 0
C 171 0
C 172 0
C 173 0
C 174 0
C 175 0
C 176 0
C 177 0
C 178 0
C 179 0
C 180 0
C 181 0
C 182 0
C 183 0
C 184 0
C 185 0
C 186 0
C 187 0
C 188 0
C 189 0
C 190 0
C 191 0
C 192 0
C 193 0
C 194 0
C 195 0
C 196 0
C 197 0
C 198 0
C 199 0
C 200 0
C 201 0
C 202 0
C 203 0
C 204 0
C 205 0
C 206 0
C 207 0
C 208 0
C 209 0
C 210 0
C 211 0
C 212 0
C 213 0
C 214 0
C 215 0
C 216 0
C 217 0
C 218 0
C 219 0
C 220 0
C 221 0
C 222 0
C 223 0
C 224 0
C 225 0
C 226 0
C 227 0
C 228 0
C 229 0
C 230 0
C 231 0
C 232 0
C 233 0
C 234 0
C 235 0
C 236 0
C 237 0
C 238 0
C 239 0
C 240 0
C 241 0
C 242 25
C 243 7
C 244 5
C 245 18
C 246 10
C 247 18
C 248 21
C 249 10
C 250 25
C 251 2
C 252 2
C 253 23
C 254 1
C 255 14
C 256 4
C 257 14
C 258 25
C 259 19
C 260 7
C 261 0
C 262 24
C 263 14
C 264 15
C 265 11
C 266 22
C 267 20
C 268 9
C 269 16
I 2 1 1 (5,2,1) (1,0,-1,0)|(0,-1,0,0)
I 1 1 19 (4,1,4) (0,0,-1,0)
I 2 1 18 (4,1,2) (-1,0,1,0)
