D (3,-1,-1) (5,0,3)
D (3,9,-1) (5,3,4)
D (7,8,3) (5,4,5)
D (6,7,-1) (5,1,4)
D (7,8,-1) (1,3,4)
D (7,-1,-1) (4,2,1)
D (6,-1,-1) (1,2,0)
D (3,-1,-1) (3,4,3)
D (9,-1,-1) (3,5,2)
D (3,9,-1) (5,1,1)
D (6,7,8) (1,5,3)
D (7,-1,-1) (4,5,0)
D (3,-1,-1) (2,0,1)
D (6,-1,-1) (3,5,1)
D (3,9,-1) (1,1,3)
D (3,9,-1) (4,4,5)
D (3,-1,-1) (4,3,0)
D (9,-1,-1) (1,4,5)
D (6,7,8) (5,3,1)
D (7,-1,-1) (5,1,3)
D (3,9,-1) (0,4,4)
D (6,7,8) (3,5,0)
D (9,-1,-1) (1,5,2)
D (7,8,-1) (3,1,5)
D (6,7,8) (4,1,2)
D (3,9,-1) (3,2,3)
D (8,-1,-1) (1,1,0)
D (3,9,-1) (5,2,3)
D (6,-1,-1) (0,3,0)
D (9,-1,-1) (0,4,3)
D (7,8,-1) (2,2,4)
D (8,-1,-1) (3,4,1)
D (3,-1,-1) (0,1,0)
C 0 19
C 1 15
C 2 16
C 3 0
C 4 0
C 5 0
C 6 0
C 7 0
C 8 0
C 9 0
C 10 0
C 11 0
C 12 0
C 13 0
C 14 0
C 15 0
C 16 0
C 17 0
C 18 0
C 19 0
C 20 0
C 21 0
C 22 0
C 23 0
C 24 0
C 25 0
C 26 0
C 27 0
C 28 0
C 29 0
C 30 0
C 31 0
C 32 0
C 33 0
C 34 0
C 35 0
C 36 0
C 37 0
C 38 0
C 39 0
C 40 0
C 41 0
C 42 0
C 43 0
C 44 0
C 45 0
C 46 0
C 47 0
C 48 0
C 49 0
C 50 0
C 51 2
C 52 21
C 53 16
C 54 16
C 55 18
C 56 3
C 57 14
C 58 15
C 59 11
C 60 6
C 61 8
C 62 7
C 63 16
C 64 8
C 65 4
C 66 8
C 67 16
C 68 8
C 69 21
C 70 17
C 71 24
C 72 19
C 73 3
C 74 20
C 75 20
C 76 23
C 77 24
C 78 14
C 79 9
C 80 21
C 81 26
C 82 6
C 83 16
C 84 4
C 85 8
C 86 10
C 87 25
C 88 15
C 89 25
C 90 17
C 91 19
C 92 2
C 93 5
C 94 24
C 95 2
C 96 25
C 97 2
C 98 4
C 99 9
C 100 20
C 101 21
C 102 0
C 103 4
C 104 26
C 105 26
C 106 23
C 107 11
C 108 22
C 109 17
C 110 25
C 111 10
C 112 26
C 113 11
C 114 22
C 115 21
C 116 1
C 117 25
C 118 18
C 119 24
C 120 17
C 121 4
C 122 10
C 123 18
C 124 26
C 125 22
C 126 11
C 127 0
C 128 16
C 129 16
C 130 23
C 131 17
C 132 6
C 133 15
C 134 2
C 135 0
C 136 16
C 137 1
C 138 24
C 139 15
C 140 16
C 141 22
C 142 0
C 143 9
C 144 6
C 145 17
C 146 0
C 147 0
C 148 0
C 149 0
C 150 0
C 151 0
C 152 0
C 153 0
C 154 0
C 155 0
C 156 0
C 157 0
C 158 0
C 159 0
C 160 0
C 161 0
C 162 0
C 163 0
C 164 0
C 165 0
C 166 0
C 167 0
C 168 0
C 169 0
C 170 0
C 171 0
C 172 0
C 173 0
C 174 0
C 175 0
C 176 0
C 177 0
C 178 0
C 179 0
C 180 0
C 181 0
C 182 0
C 183 0
C 184 0
C 185 0
C 186 0
C 187 0
C 188 0
C 189 0
C 190 0
C 191 0
C 192 0
C 193 0
C 194 0
C 195 0
C 196 0
C 197 0
C 198 0
C 199 0
C 200 0
C 201 0
C 202 0
C 203 0
C 204 0
C 205 0
C 206 0
C 207 0
C 208 0
C 209 0
C 210 9
C 211 11
C 212 10
C 213 1
C 214 1
C 215 14
C 216 25
C 217 22
C 218 16
C 219 1
C 220 14
C 221 8
C 222 26
C 223 21
C 224 10
C 225 11
C 226 14
C 227 9
C 228 23
C 229 7
C 230 19
C 231 22
C 232 7
C 233 7
C 234 11
C 235 21
C 236 0
C 237 1
C 238 10
C 239 15
C 240 5
C 241 8
C 242 2
C 243 10
C 244 12
C 245 20
C 246 0
C 247 18
C 248 7
C 249 0
C 250 4
C 251 22
C 252 21
C 253 15
C 254 17
C 255 26
C 256 0
C 257 5
C 258 1
C 259 10
C 260 11
C 261 6
C 262 10
C 263 26
C 264 9
C 265 21
C 266 10
C 267 9
C 268 9
C 269 22
I 1 2 16 (2,2,0) (0,1,0,0)
I 4 1 11 (2,0,0) (1,0,1,0)
I 0 1 2 (2,2,2) (1,-1,0,0)|(-1,1,0,0)|(-1,-1,1,0)
