D (7,-1,-1) (5,2,0)
D (6,7,8) (5,5,0)
D (6,7,-1) (5,4,2)
D (6,7,-1) (4,1,3)
D (6,-1,-1) (0,3,4)
D (9,-1,-1) (0,4,1)
D (7,8,3) (5,0,2)
D (8,-1,-1) (2,0,0)
D (7,-1,-1) (0,4,4)
D (6,7,8) (0,3,5)
D (7,-1,-1) (1,4,3)
D (6,7,8) (5,3,0)
D (6,7,-1) (1,0,1)
D (8,-1,-1) (4,0,1)
D (3,9,-1) (0,0,2)
D (3,9,-1) (4,2,3)
D (8,3,-1) (5,0,1)
D (6,7,8) (1,2,2)
D (8,-1,-1) (0,1,3)
D (6,7,8) (5,3,1)
D (3,9,-1) (0,1,2)
D (7,8,-1) (1,4,2)
D (7,8,3) (1,3,2)
D (6,7,-1) (1,1,5)
D (9,-1,-1) (1,2,0)
D (3,9,-1) (3,5,0)
D (6,-1,-1) (2,0,3)
D (6,7,-1) (3,3,3)
D (7,-1,-1) (0,0,3)
D (8,3,-1) (2,0,4)
D (7,8,-1) (2,3,5)
D (8,-1,-1) (3,3,0)
D (9,-1,-1) (3,2,2)
D (9,-1,-1) (2,3,3)
D (3,-1,-1) (0,4,3)
D (3,9,-1) (2,4,2)
D (9,-1,-1) (3,2,3)
D (3,9,-1) (3,0,0)
D (7,8,-1) (5,1,5)
D (6,-1,-1) (4,3,3)
D (9,-1,-1) (2,4,3)
D (6,7,-1) (1,0,5)
D (9,-1,-1) (2,5,4)
D (9,-1,-1) (5,1,3)
D (6,7,8) (3,3,1)
D (7,8,-1) (0,5,1)
D (6,7,8) (3,3,4)
D (8,3,9) (5,4,3)
D (9,-1,-1) (3,0,4)
D (7,8,3) (5,3,5)
D (8,-1,-1) (3,2,0)
D (7,-1,-1) (4,5,0)
D (8,3,9) (4,3,1)
D (8,-1,-1) (1,3,4)
D (6,7,8) (1,4,1)
D (6,7,-1) (2,2,3)
D (8,3,9) (4,4,3)
D (3,9,-1) (2,4,1)
D (9,-1,-1) (1,3,3)
D (7,8,-1) (4,5,2)
D (3,9,-1) (1,0,3)
D (8,3,9) (4,0,2)
D (8,3,-1) (5,2,4)
D (8,3,9) (3,1,4)
D (7,8,-1) (1,4,4)
D (9,-1,-1) (5,4,1)
D (7,8,3) (3,2,1)
D (8,3,9) (2,0,5)
C 0 16
C 1 14
C 2 17
C 3 19
C 4 22
C 5 18
C 6 22
C 7 11
C 8 9
C 9 14
C 10 16
C 11 2
C 12 19
C 13 21
C 14 18
C 15 3
C 16 7
C 17 4
C 18 22
C 19 22
C 20 12
C 21 0
C 22 2
C 23 25
C 24 14
C 25 21
C 26 22
C 27 23
C 28 17
C 29 8
C 30 19
C 31 16
C 32 16
C 33 21
C 34 1
C 35 3
C 36 23
C 37 15
C 38 4
C 39 0
C 40 12
C 41 14
C 42 24
C 43 6
C 44 5
C 45 11
C 46 8
C 47 12
C 48 10
C 49 12
C 50 5
C 51 9
C 52 5
C 53 17
C 54 19
C 55 5
C 56 7
C 57 8
C 58 9
C 59 12
C 60 6
C 61 8
C 62 21
C 63 12
C 64 11
C 65 2
C 66 12
C 67 22
C 68 19
C 69 0
C 70 0
C 71 0
C 72 0
C 73 0
C 74 0
C 75 0
C 76 1
C 77 1
C 78 26
C 79 21
C 80 3
C 81 16
C 82 8
C 83 23
C 84 5
C 85 9
C 86 26
C 87 22
C 88 20
C 89 1
C 90 23
C 91 7
C 92 25
C 93 7
C 94 10
C 95 9
C 96 6
C 97 2
C 98 26
C 99 22
C 100 26
C 101 15
C 102 16
C 103 24
C 104 17
C 105 14
C 106 21
C 107 19
C 108 18
C 109 6
C 110 21
C 111 16
C 112 24
C 113 2
C 114 11
C 115 8
C 116 10
C 117 1
C 118 16
C 119 2
C 120 4
C 121 7
C 122 23
C 123 18
C 124 14
C 125 10
C 126 9
C 127 18
C 128 2
C 129 4
C 130 9
C 131 7
C 132 18
C 133 23
C 134 22
C 135 26
C 136 20
C 137 8
C 138 26
C 139 1
C 140 9
C 141 0
C 142 10
C 143 24
C 144 5
C 145 6
C 146 22
C 147 26
C 148 23
C 149 6
C 150 14
C 151 11
C 152 16
C 153 24
C 154 15
C 155 20
C 156 4
C 157 7
C 158 3
C 159 15
C 160 23
C 161 25
C 162 2
C 163 19
C 164 26
C 165 1
C 166 4
C 167 14
C 168 6
C 169 11
C 170 20
C 171 1
C 172 10
C 173 6
C 174 0
C 175 15
C 176 24
C 177 4
C 178 9
C 179 15
C 180 0
C 181 1
C 182 8
C 183 17
C 184 21
C 185 20
C 186 12
C 187 25
C 188 17
C 189 9
C 190 17
C 191 26
C 192 4
C 193 7
C 194 19
C 195 23
C 196 17
C 197 7
C 198 11
C 199 20
C 200 10
C 201 8
C 202 9
C 203 15
C 204 9
C 205 24
C 206 20
C 207 21
C 208 4
C 209 15
C 210 5
C 211 8
C 212 9
C 213 11
C 214 16
C 215 9
C 216 25
C 217 6
C 218 11
C 219 14
C 220 0
C 221 12
C 222 22
C 223 4
C 224 21
C 225 24
C 226 24
C 227 11
C 228 22
C 229 19
C 230 1
C 231 17
C 232 21
C 233 16
C 234 14
C 235 24
C 236 20
C 237 8
C 238 19
C 239 8
C 240 15
C 241 23
C 242 12
C 243 2
C 244 15
C 245 23
C 246 18
C 247 22
C 248 0
C 249 2
C 250 21
C 251 25
C 252 6
C 253 2
C 254 4
C 255 18
C 256 26
C 257 2
C 258 2
C 259 1
C 260 3
C 261 10
C 262 16
C 263 15
C 264 0
C 265 25
C 266 2
C 267 21
C 268 11
C 269 1
I 3 2 7 (0,3,3) (-1,0,1,0)
I 2 1 14 (4,2,4) (0,-1,1,0)
I 0 3 14 (3,5,1) (0,-1,0,0)
