D (3,9,-1) (3,0,4)
D (8,3,9) (5,2,1)
D (9,-1,-1) (2,1,4)
D (9,-1,-1) (4,0,1)
D (7,8,3) (1,4,2)
D (6,7,8) (1,2,1)
D (6,-1,-1) (4,2,2)
D (9,-1,-1) (5,5,5)
D (6,-1,-1) (2,2,1)
D (6,7,8) (5,4,2)
D (7,8,3) (0,2,0)
D (3,9,-1) (4,5,1)
D (9,-1,-1) (0,5,1)
D (7,8,-1) (3,2,0)
D (7,8,-1) (0,2,1)
D (8,-1,-1) (2,1,1)
D (3,-1,-1) (0,4,5)
D (9,-1,-1) (0,2,3)
D (3,9,-1) (3,4,5)
D (6,-1,-1) (5,1,5)
D (7,8,-1) (1,1,2)
D (9,-1,-1) (5,3,4)
D (7,-1,-1) (0,5,4)
D (6,-1,-1) (5,0,3)
D (8,3,-1) (4,1,2)
D (6,7,-1) (1,0,3)
D (8,3,9) (4,3,2)
D (6,7,-1) (5,5,1)
D (9,-1,-1) (0,4,1)
D (9,-1,-1) (0,0,5)
D (6,7,8) (3,0,1)
D (9,-1,-1) (0,2,5)
D (7,8,3) (1,3,1)
D (8,3,9) (3,4,3)
D (9,-1,-1) (0,0,3)
D (9,-1,-1) (5,3,5)
D (7,-1,-1) (0,1,0)
D (9,-1,-1) (5,1,2)
D (9,-1,-1) (2,5,5)
D (9,-1,-1) (0,2,2)
D (6,7,8) (5,1,3)
D (6,7,-1) (1,4,3)
D (3,-1,-1) (4,0,2)
D (6,-1,-1) (2,5,1)
D (8,3,9) (2,0,1)
D (3,-1,-1) (1,1,0)
D (8,-1,-1) (0,3,2)
D (6,7,8) (5,4,1)
D (6,-1,-1) (0,5,5)
D (3,9,-1) (0,1,5)
D (7,-1,-1) (3,4,4)
D (3,9,-1) (1,5,1)
D (7,8,3) (5,2,2)
D (7,8,-1) (3,2,2)
D (9,-1,-1) (2,0,3)
D (8,-1,-1) (5,5,4)
D (6,7,8) (5,4,0)
D (8,3,-1) (1,4,4)
C 0 20
C 1 5
C 2 18
C 3 14
C 4 17
C 5 21
C 6 16
C 7 20
C 8 7
C 9 19
C 10 0
C 11 10
C 12 24
C 13 2
C 14 18
C 15 0
C 16 17
C 17 16
C 18 12
C 19 5
C 20 23
C 21 15
C 22 4
C 23 3
C 24 4
C 25 3
C 26 10
C 27 20
C 28 5
C 29 12
C 30 22
C 31 22
C 32 19
C 33 21
C 34 17
C 35 22
C 36 5
C 37 12
C 38 21
C 39 10
C 40 22
C 41 9
C 42 4
C 43 23
C 44 11
C 45 11
C 46 2
C 47 5
C 48 19
C 49 22
C 50 11
C 51 7
C 52 16
C 53 18
C 54 20
C 55 12
C 56 25
C 57 15
C 58 19
C 59 21
C 60 17
C 61 2
C 62 16
C 63 9
C 64 18
C 65 5
C 66 9
C 67 10
C 68 0
C 69 9
C 70 8
C 71 26
C 72 9
C 73 7
C 74 12
C 75 6
C 76 5
C 77 11
C 78 25
C 79 0
C 80 22
C 81 0
C 82 20
C 83 11
C 84 10
C 85 11
C 86 7
C 87 16
C 88 6
C 89 17
C 90 23
C 91 23
C 92 26
C 93 2
C 94 2
C 95 6
C 96 17
C 97 17
C 98 22
C 99 1
C 100 14
C 101 8
C 102 9
C 103 19
C 104 8
C 105 14
C 106 6
C 107 0
C 108 9
C 109 25
C 110 5
C 111 20
C 112 0
C 113 8
C 114 14
C 115 16
C 116 6
C 117 14
C 118 5
C 119 6
C 120 23
C 121 3
C 122 7
C 123 1
C 124 26
C 125 23
C 126 18
C 127 8
C 128 2
C 129 19
C 130 7
C 131 18
C 132 3
C 133 18
C 134 8
C 135 14
C 136 23
C 137 25
C 138 19
C 139 6
C 140 20
C 141 12
C 142 19
C 143 16
C 144 26
C 145 11
C 146 7
C 147 11
C 148 15
C 149 10
C 150 22
C 151 19
C 152 20
C 153 12
C 154 21
C 155 26
C 156 15
C 157 4
C 158 25
C 159 2
C 160 6
C 161 8
C 162 17
C 163 1
C 164 0
C 165 0
C 166 0
C 167 0
C 168 0
C 169 0
C 170 0
C 171 0
C 172 0
C 173 0
C 174 0
C 175 0
C 176 0
C 177 0
C 178 0
C 179 0
C 180 0
C 181 0
C 182 0
C 183 0
C 184 0
C 185 0
C 186 0
C 187 0
C 188 0
C 189 0
C 190 0
C 191 0
C 192 0
C 193 0
C 194 0
C 195 0
C 196 0
C 197 0
C 198 0
C 199 0
C 200 0
C 201 0
C 202 16
C 203 0
C 204 2
C 205 14
C 206 17
C 207 2
C 208 8
C 209 17
C 210 8
C 211 23
C 212 7
C 213 1
C 214 16
C 215 12
C 216 16
C 217 8
C 218 3
C 219 4
C 220 7
C 221 0
C 222 2
C 223 24
C 224 12
C 225 10
C 226 4
C 227 25
C 228 25
C 229 3
C 230 25
C 231 14
C 232 25
C 233 21
C 234 7
C 235 4
C 236 19
C 237 24
C 238 20
C 239 9
C 240 17
C 241 20
C 242 14
C 243 12
C 244 26
C 245 21
C 246 7
C 247 17
C 248 0
C 249 19
C 250 7
C 251 22
C 252 22
C 253 22
C 254 11
C 255 3
C 256 15
C 257 10
C 258 1
C 259 26
C 260 24
C 261 11
C 262 16
C 263 15
C 264 24
C 265 3
C 266 19
C 267 2
C 268 23
C 269 16
I 0 3 20 (5,2,0) (-1,1,1,0)|(0,0,0,0)
I 0 2 2 (5,4,4) (-1,0,-1,0)
I 5 1 12 (2,2,4) (1,1,0,0)|(1,0,-1,0)|(-1,1,-1,0)
