D (6,7,-1) (5,5,0)
D (3,-1,-1) (0,1,3)
D (7,8,-1) (4,4,0)
D (7,-1,-1) (5,1,1)
D (8,3,9) (0,3,4)
D (3,9,-1) (5,2,5)
D (3,9,-1) (0,5,0)
D (8,3,-1) (5,4,3)
D (6,7,8) (5,5,3)
D (6,7,8) (2,0,2)
D (3,-1,-1) (1,4,3)
D (7,8,3) (2,0,5)
D (7,8,-1) (5,4,0)
D (8,3,9) (5,0,2)
D (7,8,3) (0,1,5)
D (6,7,-1) (4,3,1)
D (7,8,3) (2,3,2)
D (3,-1,-1) (5,1,3)
D (7,-1,-1) (3,1,5)
D (7,8,3) (2,1,4)
D (7,-1,-1) (3,0,2)
D (6,7,8) (1,4,4)
D (3,9,-1) (5,0,4)
D (6,7,-1) (3,3,2)
D (8,-1,-1) (0,4,5)
D (7,8,3) (4,3,0)
D (3,-1,-1) (2,3,5)
D (3,9,-1) (5,4,4)
D (9,-1,-1) (1,5,1)
D (7,8,-1) (0,1,0)
D (7,8,3) (5,4,5)
D (6,-1,-1) (2,2,3)
D (3,9,-1) (4,4,4)
D (6,-1,-1) (4,5,5)
D (9,-1,-1) (3,5,4)
D (6,-1,-1) (2,1,1)
D (8,3,-1) (1,0,0)
D (9,-1,-1) (3,1,2)
D (3,9,-1) (5,3,4)
D (6,7,-1) (3,3,1)
D (7,-1,-1) (5,1,0)
C 0 22
C 1 20
C 2 15
C 3 7
C 4 1
C 5 17
C 6 5
C 7 17
C 8 0
C 9 19
C 10 7
C 11 0
C 12 15
C 13 19
C 14 18
C 15 17
C 16 8
C 17 3
C 18 21
C 19 17
C 20 7
C 21 25
C 22 8
C 23 6
C 24 17
C 25 22
C 26 24
C 27 8
C 28 25
C 29 6
C 30 6
C 31 22
C 32 2
C 33 2
C 34 21
C 35 16
C 36 18
C 37 22
C 38 0
C 39 6
C 40 25
C 41 21
C 42 7
C 43 19
C 44 1
C 45 8
C 46 15
C 47 22
C 48 12
C 49 16
C 50 1
C 51 19
C 52 2
C 53 21
C 54 9
C 55 17
C 56 19
C 57 11
C 58 9
C 59 23
C 60 25
C 61 7
C 62 18
C 63 1
C 64 24
C 65 19
C 66 19
C 67 4
C 68 18
C 69 22
C 70 14
C 71 8
C 72 16
C 73 6
C 74 18
C 75 4
C 76 0
C 77 26
C 78 3
C 79 11
C 80 23
C 81 17
C 82 17
C 83 16
C 84 4
C 85 24
C 86 22
C 87 26
C 88 22
C 89 23
C 90 1
C 91 25
C 92 0
C 93 9
C 94 5
C 95 2
C 96 0
C 97 18
C 98 6
C 99 1
C 100 21
C 101 9
C 102 9
C 103 16
C 104 9
C 105 0
C 106 17
C 107 25
C 108 7
C 109 17
C 110 1
C 111 8
C 112 18
C 113 24
C 114 15
C 115 5
C 116 3
C 117 20
C 118 10
C 119 16
C 120 3
C 121 15
C 122 15
C 123 22
C 124 9
C 125 9
C 126 4
C 127 26
C 128 14
C 129 7
C 130 5
C 131 15
C 132 17
C 133 0
C 134 6
C 135 18
C 136 17
C 137 24
C 138 6
C 139 25
C 140 12
C 141 4
C 142 25
C 143 23
C 144 15
C 145 7
C 146 0
C 147 5
C 148 7
C 149 11
C 150 14
C 151 19
C 152 23
C 153 3
C 154 7
C 155 5
C 156 18
C 157 20
C 158 6
C 159 12
C 160 1
C 161 10
C 162 15
C 163 4
C 164 12
C 165 19
C 166 3
C 167 26
C 168 25
C 169 9
C 170 12
C 171 20
C 172 6
C 173 18
C 174 8
C 175 25
C 176 23
C 177 0
C 178 2
C 179 11
C 180 18
C 181 26
C 182 8
C 183 22
C 184 9
C 185 5
C 186 2
C 187 25
C 188 5
C 189 19
C 190 7
C 191 24
C 192 20
C 193 5
C 194 3
C 195 2
C 196 9
C 197 14
C 198 21
C 199 2
C 200 14
C 201 25
C 202 6
C 203 7
C 204 16
C 205 10
C 206 4
C 207 4
C 208 6
C 209 15
C 210 19
C 211 10
C 212 3
C 213 20
C 214 9
C 215 21
C 216 16
C 217 12
C 218 26
C 219 5
C 220 2
C 221 2
C 222 2
C 223 4
C 224 0
C 225 0
C 226 0
C 227 0
C 228 0
C 229 0
C 230 0
C 231 0
C 232 0
C 233 0
C 234 0
C 235 0
C 236 0
C 237 0
C 238 0
C 239 0
C 240 0
C 241 0
C 242 0
C 243 0
C 244 0
C 245 0
C 246 0
C 247 0
C 248 0
C 249 0
C 250 0
C 251 0
C 252 0
C 253 0
C 254 0
C 255 0
C 256 0
C 257 0
C 258 0
C 259 0
C 260 0
C 261 0
C 262 6
C 263 17
C 264 23
C 265 21
C 266 26
C 267 5
C 268 10
C 269 3
I 0 1 15 (1,0,3) (0,0,-1,0)|(0,0,0,0)|(1,1,-1,0)|(0,0,0,0)|(-1,1,1,0)
I 1 1 16 (1,0,1) (0,-1,-1,0)|(1,-1,1,0)|(0,-1,0,0)
I 5 1 16 (3,1,4) (0,-1,1,0)|(1,1,1,0)
