D (6,7,-1) (0,3,1)
D (8,-1,-1) (0,5,3)
D (6,7,8) (3,3,3)
D (6,-1,-1) (5,2,0)
D (3,-1,-1) (3,5,2)
D (8,3,9) (5,0,4)
D (6,7,8) (3,4,1)
D (3,9,-1) (1,1,3)
D (8,3,9) (2,4,3)
D (9,-1,-1) (0,1,2)
D (6,-1,-1) (5,4,4)
D (8,-1,-1) (3,1,3)
D (3,-1,-1) (2,5,5)
D (3,9,-1) (1,0,5)
D (6,-1,-1) (1,3,1)
D (7,8,-1) (2,0,1)
D (7,-1,-1) (4,0,1)
D (6,-1,-1) (3,5,0)
D (6,-1,-1) (4,4,5)
D (9,-1,-1) (2,2,2)
D (7,-1,-1) (4,4,1)
D (3,9,-1) (2,0,5)
D (7,8,-1) (2,4,0)
D (3,9,-1) (4,4,4)
D (6,-1,-1) (5,5,5)
D (9,-1,-1) (2,1,0)
D (8,3,-1) (4,4,0)
D (9,-1,-1) (0,1,0)
D (9,-1,-1) (2,5,3)
D (7,-1,-1) (0,2,0)
D (7,8,-1) (5,3,2)
D (9,-1,-1) (5,4,5)
D (9,-1,-1) (5,3,1)
D (3,9,-1) (3,2,1)
C 0 20
C 1 23
C 2 19
C 3 12
C 4 12
C 5 19
C 6 20
C 7 18
C 8 0
C 9 14
C 10 5
C 11 6
C 12 11
C 13 6
C 14 15
C 15 4
C 16 1
C 17 15
C 18 12
C 19 15
C 20 15
C 21 19
C 22 6
C 23 17
C 24 4
C 25 11
C 26 24
C 27 24
C 28 10
C 29 1
C 30 3
C 31 0
C 32 0
C 33 0
C 34 0
C 35 0
C 36 0
C 37 0
C 38 0
C 39 0
C 40 0
C 41 0
C 42 0
C 43 0
C 44 0
C 45 0
C 46 0
C 47 0
C 48 0
C 49 0
C 50 0
C 51 0
C 52 0
C 53 0
C 54 0
C 55 0
C 56 0
C 57 0
C 58 0
C 59 0
C 60 0
C 61 0
C 62 0
C 63 0
C 64 0
C 65 0
C 66 18
C 67 4
C 68 3
C 69 3
C 70 1
C 71 8
C 72 25
C 73 10
C 74 10
C 75 2
C 76 23
C 77 9
C 78 2
C 79 15
C 80 4
C 81 5
C 82 25
C 83 22
C 84 14
C 85 0
C 86 0
C 87 0
C 88 0
C 89 0
C 90 0
C 91 0
C 92 0
C 93 0
C 94 0
C 95 0
C 96 0
C 97 0
C 98 0
C 99 0
C 100 0
C 101 0
C 102 0
C 103 0
C 104 0
C 105 0
C 106 0
C 107 0
C 108 0
C 109 0
C 110 0
C 111 0
C 112 0
C 113 0
C 114 0
C 115 0
C 116 0
C 117 0
C 118 0
C 119 0
C 120 0
C 121 0
C 122 0
C 123 0
C 124 0
C 125 0
C 126 0
C 127 0
C 128 0
C 129 0
C 130 0
C 131 0
C 132 0
C 133 0
C 134 0
C 135 0
C 136 0
C 137 0
C 138 0
C 139 0
C 140 0
C 141 0
C 142 0
C 143 0
C 144 0
C 145 0
C 146 0
C 147 0
C 148 0
C 149 0
C 150 0
C 151 0
C 152 0
C 153 0
C 154 0
C 155 0
C 156 0
C 157 0
C 158 0
C 159 0
C 160 0
C 161 0
C 162 0
C 163 0
C 164 0
C 165 0
C 166 0
C 167 0
C 168 0
C 169 0
C 170 0
C 171 0
C 172 0
C 173 0
C 174 0
C 175 0
C 176 0
C 177 0
C 178 0
C 179 0
C 180 0
C 181 0
C 182 0
C 183 0
C 184 0
C 185 15
C 186 16
C 187 15
C 188 14
C 189 11
C 190 16
C 191 5
C 192 16
C 193 14
C 194 0
C 195 0
C 196 0
C 197 0
C 198 0
C 199 0
C 200 0
C 201 0
C 202 0
C 203 0
C 204 0
C 205 0
C 206 0
C 207 0
C 208 0
C 209 0
C 210 0
C 211 0
C 212 0
C 213 0
C 214 0
C 215 0
C 216 0
C 217 20
C 218 21
C 219 8
C 220 23
C 221 25
C 222 10
C 223 12
C 224 15
C 225 6
C 226 17
C 227 26
C 228 4
C 229 17
C 230 20
C 231 17
C 232 3
C 233 17
C 234 16
C 235 15
C 236 17
C 237 0
C 238 0
C 239 0
C 240 0
C 241 0
C 242 0
C 243 0
C 244 0
C 245 17
C 246 0
C 247 17
C 248 26
C 249 5
C 250 19
C 251 23
C 252 5
C 253 0
C 254 17
C 255 0
C 256 12
C 257 25
C 258 18
C 259 9
C 260 14
C 261 14
C 262 19
C 263 25
C 264 21
C 265 7
C 266 18
C 267 5
C 268 9
C 269 5
I 0 2 8 (1,5,1) (1,-1,0,0)|(0,0,0,0)|(-1,0,1,0)
I 1 1 2 (4,5,0) (1,0,0,0)|(1,0,1,0)
