D (7,8,3) (4,0,4)
D (7,-1,-1) (4,0,3)
D (3,9,-1) (3,2,4)
D (9,-1,-1) (5,4,3)
D (8,-1,-1) (5,5,2)
D (8,3,-1) (5,2,1)
D (9,-1,-1) (0,4,4)
D (3,-1,-1) (4,3,3)
D (3,-1,-1) (4,5,2)
D (9,-1,-1) (1,0,4)
D (9,-1,-1) (0,2,1)
D (6,-1,-1) (4,0,1)
D (8,-1,-1) (5,2,0)
D (6,7,8) (3,1,4)
D (7,8,-1) (5,4,1)
D (9,-1,-1) (5,1,5)
D (9,-1,-1) (0,3,3)
D (7,8,3) (2,2,5)
D (6,7,-1) (2,2,4)
D (3,-1,-1) (0,2,0)
D (6,7,8) (1,3,2)
D (7,8,-1) (0,0,5)
D (9,-1,-1) (5,4,2)
D (7,8,-1) (4,0,0)
D (9,-1,-1) (5,4,4)
D (3,9,-1) (5,5,3)
D (9,-1,-1) (2,1,5)
D (3,9,-1) (4,4,0)
D (3,9,-1) (2,3,1)
D (8,3,-1) (2,0,1)
D (7,8,-1) (2,1,0)
D (8,3,9) (0,0,1)
C 0 25
C 1 21
C 2 25
C 3 16
C 4 19
C 5 6
C 6 11
C 7 3
C 8 21
C 9 25
C 10 7
C 11 24
C 12 4
C 13 8
C 14 18
C 15 4
C 16 25
C 17 10
C 18 17
C 19 15
C 20 8
C 21 2
C 22 26
C 23 21
C 24 9
C 25 17
C 26 8
C 27 10
C 28 9
C 29 23
C 30 16
C 31 21
C 32 23
C 33 15
C 34 7
C 35 20
C 36 17
C 37 15
C 38 7
C 39 7
C 40 12
C 41 8
C 42 21
C 43 26
C 44 26
C 45 12
C 46 11
C 47 4
C 48 12
C 49 20
C 50 15
C 51 22
C 52 7
C 53 24
C 54 3
C 55 20
C 56 26
C 57 15
C 58 5
C 59 10
C 60 25
C 61 21
C 62 3
C 63 6
C 64 9
C 65 9
C 66 26
C 67 20
C 68 19
C 69 8
C 70 22
C 71 16
C 72 2
C 73 0
C 74 6
C 75 0
C 76 0
C 77 0
C 78 0
C 79 0
C 80 0
C 81 0
C 82 0
C 83 0
C 84 0
C 85 0
C 86 0
C 87 0
C 88 0
C 89 0
C 90 0
C 91 0
C 92 0
C 93 0
C 94 0
C 95 0
C 96 0
C 97 21
C 98 25
C 99 10
C 100 0
C 101 15
C 102 21
C 103 16
C 104 19
C 105 8
C 106 17
C 107 25
C 108 8
C 109 15
C 110 15
C 111 20
C 112 11
C 113 19
C 114 21
C 115 3
C 116 8
C 117 5
C 118 11
C 119 10
C 120 23
C 121 20
C 122 19
C 123 5
C 124 25
C 125 0
C 126 17
C 127 15
C 128 16
C 129 9
C 130 20
C 131 9
C 132 3
C 133 8
C 134 11
C 135 7
C 136 20
C 137 5
C 138 22
C 139 3
C 140 12
C 141 18
C 142 19
C 143 21
C 144 5
C 145 19
C 146 6
C 147 1
C 148 26
C 149 17
C 150 17
C 151 3
C 152 11
C 153 6
C 154 17
C 155 0
C 156 4
C 157 21
C 158 4
C 159 24
C 160 10
C 161 12
C 162 20
C 163 0
C 164 15
C 165 3
C 166 2
C 167 5
C 168 4
C 169 10
C 170 17
C 171 8
C 172 4
C 173 2
C 174 8
C 175 22
C 176 1
C 177 7
C 178 7
C 179 3
C 180 10
C 181 7
C 182 8
C 183 11
C 184 11
C 185 26
C 186 0
C 187 23
C 188 0
C 189 25
C 190 18
C 191 24
C 192 4
C 193 19
C 194 8
C 195 19
C 196 18
C 197 12
C 198 23
C 199 4
C 200 6
C 201 7
C 202 10
C 203 2
C 204 12
C 205 4
C 206 18
C 207 20
C 208 20
C 209 22
C 210 24
C 211 5
C 212 9
C 213 19
C 214 12
C 215 19
C 216 18
C 217 19
C 218 22
C 219 21
C 220 1
C 221 16
C 222 20
C 223 4
C 224 23
C 225 11
C 226 4
C 227 9
C 228 2
C 229 16
C 230 7
C 231 24
C 232 22
C 233 15
C 234 10
C 235 22
C 236 16
C 237 16
C 238 21
C 239 26
C 240 10
C 241 3
C 242 23
C 243 1
C 244 0
C 245 24
C 246 2
C 247 18
C 248 11
C 249 12
C 250 25
C 251 11
C 252 22
C 253 3
C 254 15
C 255 18
C 256 0
C 257 2
C 258 2
C 259 21
C 260 9
C 261 4
C 262 18
C 263 21
C 264 23
C 265 0
C 266 2
C 267 11
C 268 5
C 269 3
I 3 3 16 (3,5,5) (-1,0,0,0)
I 1 1 9 (3,4,3) (-1,0,1,0)|(1,1,0,0)|(1,1,0,0)
I 3 2 2 (4,2,4) (-1,-1,0,0)|(-1,1,-1,0)|(0,0,0,0)
