D (9,-1,-1) (5,0,2)
D (9,-1,-1) (3,1,3)
D (7,8,-1) (5,5,0)
D (8,-1,-1) (4,4,3)
D (9,-1,-1) (4,5,4)
D (6,-1,-1) (3,0,3)
D (3,9,-1) (1,3,4)
D (7,-1,-1) (4,2,3)
D (9,-1,-1) (4,1,2)
D (6,7,-1) (0,2,0)
D (9,-1,-1) (1,5,0)
D (7,8,-1) (3,5,1)
D (3,-1,-1) (5,3,1)
D (8,-1,-1) (1,1,5)
D (6,7,-1) (5,2,3)
D (8,3,9) (1,4,2)
D (7,-1,-1) (4,0,2)
D (8,3,9) (0,1,3)
D (6,7,8) (4,2,0)
D (3,9,-1) (2,4,4)
D (3,9,-1) (3,4,5)
D (6,7,8) (1,2,5)
D (9,-1,-1) (2,4,2)
D (6,-1,-1) (0,3,4)
D (9,-1,-1) (4,0,4)
D (6,7,-1) (1,0,0)
D (9,-1,-1) (1,4,4)
D (3,9,-1) (0,4,0)
D (7,-1,-1) (3,4,3)
D (9,-1,-1) (4,1,1)
D (6,7,8) (4,0,1)
D (3,9,-1) (3,3,1)
D (3,-1,-1) (5,5,3)
D (3,-1,-1) (3,0,5)
D (8,3,9) (0,5,5)
D (7,8,-1) (1,1,1)
D (6,7,8) (4,0,3)
D (7,8,3) (3,1,1)
D (7,-1,-1) (3,1,0)
D (6,7,8) (2,5,3)
D (8,3,-1) (5,0,0)
D (8,-1,-1) (0,1,1)
D (8,-1,-1) (5,4,4)
D (8,3,-1) (5,1,0)
C 0 1
C 1 16
C 2 24
C 3 2
C 4 11
C 5 15
C 6 3
C 7 22
C 8 23
C 9 5
C 10 19
C 11 4
C 12 11
C 13 26
C 14 5
C 15 3
C 16 2
C 17 9
C 18 4
C 19 23
C 20 25
C 21 0
C 22 11
C 23 22
C 24 18
C 25 1
C 26 15
C 27 6
C 28 26
C 29 5
C 30 23
C 31 11
C 32 5
C 33 20
C 34 6
C 35 5
C 36 18
C 37 16
C 38 6
C 39 11
C 40 17
C 41 20
C 42 4
C 43 14
C 44 6
C 45 11
C 46 19
C 47 2
C 48 8
C 49 2
C 50 15
C 51 3
C 52 23
C 53 3
C 54 18
C 55 1
C 56 16
C 57 0
C 58 3
C 59 22
C 60 12
C 61 16
C 62 0
C 63 23
C 64 15
C 65 10
C 66 11
C 67 4
C 68 0
C 69 3
C 70 24
C 71 23
C 72 3
C 73 17
C 74 24
C 75 2
C 76 0
C 77 0
C 78 0
C 79 0
C 80 0
C 81 0
C 82 0
C 83 0
C 84 0
C 85 0
C 86 0
C 87 0
C 88 0
C 89 0
C 90 0
C 91 0
C 92 0
C 93 0
C 94 0
C 95 0
C 96 0
C 97 0
C 98 0
C 99 0
C 100 0
C 101 0
C 102 0
C 103 0
C 104 0
C 105 0
C 106 0
C 107 0
C 108 0
C 109 0
C 110 0
C 111 0
C 112 0
C 113 0
C 114 0
C 115 0
C 116 0
C 117 0
C 118 0
C 119 0
C 120 0
C 121 0
C 122 0
C 123 16
C 124 5
C 125 4
C 126 14
C 127 2
C 128 0
C 129 5
C 130 5
C 131 16
C 132 23
C 133 2
C 134 5
C 135 22
C 136 15
C 137 5
C 138 23
C 139 24
C 140 15
C 141 7
C 142 23
C 143 8
C 144 3
C 145 7
C 146 25
C 147 8
C 148 24
C 149 6
C 150 8
C 151 24
C 152 3
C 153 19
C 154 0
C 155 0
C 156 0
C 157 0
C 158 0
C 159 0
C 160 0
C 161 0
C 162 0
C 163 0
C 164 0
C 165 0
C 166 0
C 167 0
C 168 0
C 169 0
C 170 0
C 171 0
C 172 0
C 173 0
C 174 0
C 175 0
C 176 0
C 177 0
C 178 0
C 179 0
C 180 0
C 181 0
C 182 0
C 183 0
C 184 0
C 185 0
C 186 0
C 187 0
C 188 0
C 189 0
C 190 0
C 191 0
C 192 0
C 193 0
C 194 0
C 195 0
C 196 0
C 197 0
C 198 0
C 199 0
C 200 0
C 201 0
C 202 0
C 203 0
C 204 0
C 205 0
C 206 0
C 207 0
C 208 0
C 209 0
C 210 0
C 211 0
C 212 0
C 213 0
C 214 0
C 215 0
C 216 0
C 217 0
C 218 0
C 219 0
C 220 0
C 221 0
C 222 0
C 223 0
C 224 0
C 225 0
C 226 0
C 227 0
C 228 0
C 229 0
C 230 0
C 231 0
C 232 0
C 233 0
C 234 0
C 235 14
C 236 16
C 237 0
C 238 19
C 239 14
C 240 0
C 241 15
C 242 14
C 243 26
C 244 19
C 245 3
C 246 18
C 247 1
C 248 21
C 249 1
C 250 6
C 251 6
C 252 17
C 253 8
C 254 7
C 255 0
C 256 8
C 257 21
C 258 7
C 259 2
C 260 3
C 261 21
C 262 14
C 263 5
C 264 14
C 265 6
C 266 25
C 267 21
C 268 15
C 269 15
I 3 3 12 (5,4,0) (-1,0,-1,0)
I 2 1 17 (4,0,2) (1,-1,0,0)|(1,0,0,0)
I 0 2 5 (2,1,2) (1,1,-1,0)|(0,0,0,0)
