D (9,-1,-1) (3,2,5)
D (3,9,-1) (3,2,0)
D (7,8,3) (3,0,3)
D (3,-1,-1) (5,3,4)
D (7,8,-1) (4,4,2)
D (3,9,-1) (4,2,4)
D (3,9,-1) (1,2,1)
D (8,3,9) (1,2,3)
D (6,7,-1) (0,1,1)
D (8,3,-1) (3,5,5)
D (3,9,-1) (2,4,2)
D (3,9,-1) (1,4,5)
D (3,9,-1) (1,2,2)
D (8,3,-1) (2,5,1)
D (9,-1,-1) (1,5,1)
D (7,8,3) (0,2,3)
D (7,8,3) (5,0,0)
D (7,8,3) (0,2,4)
D (9,-1,-1) (1,5,4)
D (3,9,-1) (4,0,2)
D (8,3,-1) (5,4,1)
D (6,7,8) (2,2,4)
D (3,-1,-1) (2,0,1)
D (9,-1,-1) (3,4,3)
D (6,7,-1) (0,2,2)
D (9,-1,-1) (2,0,5)
D (7,-1,-1) (4,4,0)
D (6,7,8) (1,4,3)
D (3,9,-1) (2,5,4)
D (7,8,3) (4,4,1)
D (8,3,9) (5,2,2)
D (6,7,-1) (4,5,3)
D (9,-1,-1) (0,3,2)
D (7,-1,-1) (3,5,2)
D (9,-1,-1) (4,3,2)
D (6,7,8) (0,2,0)
D (7,8,3) (4,2,1)
D (6,-1,-1) (5,5,0)
D (9,-1,-1) (2,5,2)
D (8,-1,-1) (5,4,5)
D (7,8,3) (5,5,5)
D (7,8,3) (0,0,0)
D (8,-1,-1) (3,3,5)
D (9,-1,-1) (3,4,4)
D (6,7,-1) (0,1,0)
D (8,3,-1) (5,1,1)
D (7,8,-1) (5,2,4)
C 0 26
C 1 15
C 2 9
C 3 22
C 4 10
C 5 8
C 6 9
C 7 25
C 8 4
C 9 8
C 10 5
C 11 22
C 12 5
C 13 22
C 14 23
C 15 5
C 16 8
C 17 12
C 18 7
C 19 15
C 20 25
C 21 5
C 22 25
C 23 5
C 24 15
C 25 10
C 26 25
C 27 16
C 28 18
C 29 10
C 30 8
C 31 10
C 32 7
C 33 8
C 34 23
C 35 17
C 36 2
C 37 17
C 38 25
C 39 11
C 40 6
C 41 17
C 42 5
C 43 23
C 44 6
C 45 4
C 46 22
C 47 15
C 48 1
C 49 22
C 50 21
C 51 6
C 52 12
C 53 9
C 54 5
C 55 23
C 56 1
C 57 9
C 58 12
C 59 24
C 60 15
C 61 8
C 62 20
C 63 10
C 64 15
C 65 17
C 66 5
C 67 20
C 68 10
C 69 24
C 70 6
C 71 11
C 72 22
C 73 22
C 74 23
C 75 25
C 76 21
C 77 4
C 78 23
C 79 0
C 80 22
C 81 4
C 82 22
C 83 25
C 84 1
C 85 5
C 86 20
C 87 1
C 88 9
C 89 6
C 90 4
C 91 4
C 92 10
C 93 9
C 94 15
C 95 16
C 96 2
C 97 0
C 98 26
C 99 11
C 100 17
C 101 12
C 102 16
C 103 20
C 104 4
C 105 3
C 106 23
C 107 15
C 108 10
C 109 7
C 110 14
C 111 1
C 112 5
C 113 24
C 114 11
C 115 14
C 116 8
C 117 22
C 118 20
C 119 26
C 120 6
C 121 16
C 122 6
C 123 18
C 124 10
C 125 10
C 126 16
C 127 0
C 128 20
C 129 15
C 130 6
C 131 22
C 132 16
C 133 14
C 134 2
C 135 14
C 136 7
C 137 18
C 138 19
C 139 21
C 140 0
C 141 17
C 142 4
C 143 26
C 144 3
C 145 10
C 146 9
C 147 12
C 148 12
C 149 0
C 150 2
C 151 10
C 152 6
C 153 10
C 154 17
C 155 9
C 156 7
C 157 18
C 158 23
C 159 11
C 160 26
C 161 2
C 162 12
C 163 4
C 164 14
C 165 7
C 166 5
C 167 23
C 168 11
C 169 9
C 170 9
C 171 1
C 172 23
C 173 15
C 174 1
C 175 20
C 176 8
C 177 3
C 178 18
C 179 10
C 180 25
C 181 20
C 182 22
C 183 19
C 184 26
C 185 2
C 186 14
C 187 1
C 188 18
C 189 12
C 190 2
C 191 5
C 192 4
C 193 9
C 194 6
C 195 18
C 196 10
C 197 1
C 198 25
C 199 14
C 200 0
C 201 8
C 202 24
C 203 2
C 204 14
C 205 0
C 206 14
C 207 12
C 208 26
C 209 10
C 210 15
C 211 7
C 212 23
C 213 25
C 214 11
C 215 11
C 216 26
C 217 17
C 218 15
C 219 18
C 220 1
C 221 3
C 222 10
C 223 6
C 224 23
C 225 7
C 226 8
C 227 15
C 228 17
C 229 24
C 230 7
C 231 20
C 232 14
C 233 20
C 234 11
C 235 6
C 236 0
C 237 5
C 238 12
C 239 8
C 240 20
C 241 23
C 242 6
C 243 22
C 244 20
C 245 22
C 246 9
C 247 18
C 248 12
C 249 7
C 250 11
C 251 10
C 252 9
C 253 7
C 254 4
C 255 3
C 256 26
C 257 11
C 258 26
C 259 10
C 260 11
C 261 26
C 262 22
C 263 11
C 264 2
C 265 25
C 266 11
C 267 26
C 268 23
C 269 5
I 0 1 19 (1,2,5) (0,1,-1,0)|(-1,1,1,0)
I 0 3 12 (0,5,4) (1,1,0,0)|(-1,-1,-1,0)|(1,1,0,0)
I 5 1 12 (2,0,0) (0,-1,-1,0)|(-1,1,-1,0)|(1,0,0,0)|(-1,1,0,0)
