D (9,-1,-1) (0,5,1)
D (7,8,3) (0,2,3)
D (9,-1,-1) (3,1,0)
D (9,-1,-1) (5,1,0)
D (3,-1,-1) (2,4,5)
D (9,-1,-1) (4,2,3)
D (3,-1,-1) (1,1,5)
D (6,7,-1) (0,5,3)
D (3,9,-1) (3,5,4)
D (6,7,8) (0,5,5)
D (6,7,-1) (5,0,4)
D (9,-1,-1) (1,1,1)
D (6,7,8) (1,0,2)
D (8,-1,-1) (5,2,3)
D (7,8,3) (3,0,1)
D (7,-1,-1) (4,0,3)
D (6,7,-1) (3,4,2)
D (6,7,-1) (2,1,0)
D (3,-1,-1) (5,2,4)
D (3,9,-1) (2,2,2)
D (6,-1,-1) (2,3,4)
D (3,-1,-1) (1,0,1)
D (8,3,9) (5,1,3)
D (3,9,-1) (4,3,3)
D (7,8,-1) (5,0,3)
D (8,-1,-1) (5,1,5)
D (9,-1,-1) (2,0,1)
D (6,7,8) (1,2,2)
D (3,9,-1) (2,1,2)
D (9,-1,-1) (2,4,1)
D (8,-1,-1) (3,5,0)
D (9,-1,-1) (0,0,5)
D (6,7,-1) (3,3,4)
C 0 9
C 1 18
C 2 26
C 3 0
C 4 0
C 5 0
C 6 0
C 7 0
C 8 0
C 9 0
C 10 0
C 11 0
C 12 0
C 13 0
C 14 0
C 15 0
C 16 0
C 17 0
C 18 0
C 19 0
C 20 0
C 21 0
C 22 0
C 23 0
C 24 0
C 25 0
C 26 0
C 27 0
C 28 0
C 29 0
C 30 0
C 31 0
C 32 0
C 33 0
C 34 0
C 35 0
C 36 0
C 37 0
C 38 0
C 39 0
C 40 0
C 41 14
C 42 0
C 43 0
C 44 0
C 45 0
C 46 0
C 47 0
C 48 0
C 49 0
C 50 0
C 51 0
C 52 0
C 53 0
C 54 0
C 55 0
C 56 0
C 57 0
C 58 0
C 59 0
C 60 0
C 61 0
C 62 0
C 63 0
C 64 0
C 65 0
C 66 0
C 67 0
C 68 0
C 69 0
C 70 0
C 71 0
C 72 0
C 73 0
C 74 0
C 75 0
C 76 0
C 77 0
C 78 0
C 79 0
C 80 0
C 81 0
C 82 0
C 83 0
C 84 0
C 85 0
C 86 0
C 87 0
C 88 0
C 89 0
C 90 0
C 91 0
C 92 0
C 93 0
C 94 0
C 95 0
C 96 0
C 97 0
C 98 0
C 99 0
C 100 0
C 101 0
C 102 0
C 103 0
C 104 0
C 105 0
C 106 0
C 107 7
C 108 21
C 109 11
C 110 15
C 111 10
C 112 23
C 113 16
C 114 25
C 115 1
C 116 10
C 117 8
C 118 2
C 119 2
C 120 3
C 121 6
C 122 24
C 123 12
C 124 5
C 125 14
C 126 0
C 127 8
C 128 19
C 129 4
C 130 5
C 131 20
C 132 24
C 133 22
C 134 26
C 135 19
C 136 10
C 137 15
C 138 1
C 139 25
C 140 4
C 141 2
C 142 11
C 143 23
C 144 8
C 145 22
C 146 0
C 147 1
C 148 12
C 149 21
C 150 10
C 151 17
C 152 4
C 153 19
C 154 2
C 155 23
C 156 21
C 157 22
C 158 4
C 159 18
C 160 23
C 161 4
C 162 18
C 163 9
C 164 9
C 165 15
C 166 3
C 167 8
C 168 19
C 169 10
C 170 17
C 171 18
C 172 14
C 173 1
C 174 17
C 175 20
C 176 26
C 177 8
C 178 15
C 179 7
C 180 10
C 181 7
C 182 15
C 183 10
C 184 16
C 185 16
C 186 1
C 187 19
C 188 26
C 189 16
C 190 17
C 191 8
C 192 26
C 193 12
C 194 0
C 195 0
C 196 0
C 197 0
C 198 0
C 199 0
C 200 0
C 201 0
C 202 0
C 203 0
C 204 0
C 205 0
C 206 0
C 207 0
C 208 0
C 209 0
C 210 0
C 211 0
C 212 0
C 213 0
C 214 12
C 215 26
C 216 12
C 217 1
C 218 2
C 219 15
C 220 22
C 221 3
C 222 11
C 223 18
C 224 10
C 225 6
C 226 0
C 227 7
C 228 15
C 229 19
C 230 5
C 231 24
C 232 8
C 233 4
C 234 25
C 235 2
C 236 7
C 237 14
C 238 24
C 239 18
C 240 20
C 241 25
C 242 14
C 243 25
C 244 5
C 245 6
C 246 8
C 247 23
C 248 21
C 249 6
C 250 4
C 251 10
C 252 19
C 253 10
C 254 10
C 255 0
C 256 7
C 257 14
C 258 17
C 259 5
C 260 19
C 261 25
C 262 16
C 263 11
C 264 26
C 265 10
C 266 11
C 267 19
C 268 18
C 269 24
I 0 2 7 (0,3,5) (1,0,-1,0)|(0,1,-1,0)
I 4 2 12 (3,3,2) (-1,-1,0,0)
I 4 2 14 (1,1,3) (-1,0,-1,0)|(0,-1,1,0)
