D (6,7,-1) (2,4,3)
D (8,3,9) (4,1,1)
D (8,-1,-1) (1,2,3)
D (9,-1,-1) (2,1,4)
D (7,8,3) (5,3,4)
D (7,8,3) (1,2,4)
D (9,-1,-1) (3,5,3)
D (8,-1,-1) (4,1,5)
D (3,9,-1) (0,4,0)
D (6,-1,-1) (1,5,2)
D (7,-1,-1) (4,3,5)
D (6,7,8) (4,4,3)
D (8,3,9) (0,4,3)
D (6,7,8) (2,2,0)
D (3,9,-1) (5,4,4)
D (6,7,8) (3,3,3)
D (8,-1,-1) (4,1,2)
D (8,3,-1) (4,5,2)
D (8,3,9) (3,2,2)
D (3,9,-1) (4,5,0)
D (7,8,3) (2,4,2)
D (3,9,-1) (2,0,3)
D (8,-1,-1) (4,5,3)
D (7,-1,-1) (1,0,1)
D (3,-1,-1) (0,2,1)
D (9,-1,-1) (2,3,5)
D (8,3,9) (4,1,4)
D (3,9,-1) (2,0,0)
D (7,-1,-1) (5,0,4)
D (8,-1,-1) (1,1,5)
D (3,9,-1) (1,4,2)
D (9,-1,-1) (2,3,1)
D (9,-1,-1) (4,0,1)
D (7,-1,-1) (1,5,3)
D (8,3,9) (0,3,3)
D (7,-1,-1) (3,1,2)
D (8,3,9) (1,1,1)
D (8,3,-1) (0,2,0)
D (9,-1,-1) (2,5,4)
D (9,-1,-1) (1,2,1)
D (9,-1,-1) (3,0,0)
D (7,8,3) (0,1,3)
D (3,-1,-1) (5,3,1)
D (6,7,8) (5,4,1)
D (9,-1,-1) (5,5,1)
D (9,-1,-1) (0,5,3)
D (3,9,-1) (4,3,1)
D (3,9,-1) (3,2,3)
D (6,7,-1) (1,4,0)
D (6,7,8) (2,0,1)
D (6,7,8) (4,5,5)
D (9,-1,-1) (5,5,2)
D (3,-1,-1) (3,2,1)
D (8,3,9) (4,4,5)
C 0 11
C 1 4
C 2 14
C 3 18
C 4 5
C 5 6
C 6 0
C 7 17
C 8 25
C 9 7
C 10 17
C 11 21
C 12 14
C 13 5
C 14 12
C 15 11
C 16 10
C 17 19
C 18 11
C 19 6
C 20 24
C 21 15
C 22 10
C 23 15
C 24 3
C 25 12
C 26 5
C 27 15
C 28 18
C 29 20
C 30 7
C 31 16
C 32 22
C 33 26
C 34 4
C 35 23
C 36 3
C 37 6
C 38 17
C 39 11
C 40 21
C 41 6
C 42 8
C 43 10
C 44 22
C 45 21
C 46 23
C 47 16
C 48 1
C 49 17
C 50 9
C 51 12
C 52 6
C 53 24
C 54 1
C 55 14
C 56 10
C 57 17
C 58 3
C 59 19
C 60 18
C 61 17
C 62 23
C 63 5
C 64 26
C 65 16
C 66 21
C 67 4
C 68 4
C 69 10
C 70 8
C 71 26
C 72 6
C 73 19
C 74 21
C 75 14
C 76 19
C 77 1
C 78 20
C 79 0
C 80 7
C 81 25
C 82 16
C 83 19
C 84 10
C 85 3
C 86 11
C 87 18
C 88 26
C 89 20
C 90 24
C 91 2
C 92 23
C 93 23
C 94 3
C 95 25
C 96 25
C 97 1
C 98 3
C 99 2
C 100 21
C 101 3
C 102 5
C 103 11
C 104 1
C 105 23
C 106 6
C 107 6
C 108 15
C 109 1
C 110 18
C 111 0
C 112 0
C 113 0
C 114 0
C 115 0
C 116 0
C 117 0
C 118 0
C 119 0
C 120 0
C 121 0
C 122 0
C 123 0
C 124 0
C 125 0
C 126 0
C 127 0
C 128 0
C 129 0
C 130 0
C 131 0
C 132 0
C 133 0
C 134 0
C 135 0
C 136 0
C 137 0
C 138 0
C 139 0
C 140 0
C 141 0
C 142 0
C 143 0
C 144 0
C 145 0
C 146 0
C 147 0
C 148 0
C 149 0
C 150 0
C 151 0
C 152 0
C 153 0
C 154 0
C 155 0
C 156 0
C 157 0
C 158 0
C 159 0
C 160 0
C 161 0
C 162 0
C 163 0
C 164 0
C 165 0
C 166 0
C 167 0
C 168 0
C 169 0
C 170 0
C 171 0
C 172 0
C 173 0
C 174 0
C 175 0
C 176 0
C 177 0
C 178 0
C 179 0
C 180 0
C 181 0
C 182 0
C 183 0
C 184 0
C 185 0
C 186 0
C 187 0
C 188 0
C 189 0
C 190 0
C 191 0
C 192 0
C 193 0
C 194 0
C 195 0
C 196 0
C 197 0
C 198 0
C 199 0
C 200 0
C 201 0
C 202 0
C 203 0
C 204 0
C 205 0
C 206 0
C 207 0
C 208 0
C 209 0
C 210 0
C 211 0
C 212 0
C 213 0
C 214 0
C 215 0
C 216 0
C 217 0
C 218 0
C 219 0
C 220 0
C 221 0
C 222 0
C 223 0
C 224 0
C 225 0
C 226 0
C 227 0
C 228 0
C 229 0
C 230 0
C 231 14
C 232 4
C 233 2
C 234 10
C 235 10
C 236 7
C 237 7
C 238 9
C 239 7
C 240 23
C 241 5
C 242 21
C 243 10
C 244 3
C 245 18
C 246 25
C 247 17
C 248 22
C 249 1
C 250 18
C 251 25
C 252 22
C 253 24
C 254 24
C 255 6
C 256 19
C 257 6
C 258 11
C 259 5
C 260 1
C 261 9
C 262 23
C 263 5
C 264 2
C 265 12
C 266 8
C 267 1
C 268 2
C 269 19
I 1 2 8 (4,3,0) (0,1,0,0)|(-1,0,-1,0)|(0,0,1,0)|(1,1,1,0)
I 4 3 8 (0,0,0) (1,1,0,0)|(0,1,-1,0)
I 0 1 8 (5,5,3) (-1,-1,0,0)
