D (7,-1,-1) (3,0,0)
D (3,9,-1) (3,1,5)
D (7,8,3) (4,0,4)
D (3,9,-1) (3,4,4)
D (6,-1,-1) (2,4,4)
D (6,-1,-1) (2,3,4)
D (7,8,-1) (4,2,2)
D (7,-1,-1) (4,4,1)
D (8,3,9) (2,1,2)
D (8,-1,-1) (3,2,3)
D (3,9,-1) (4,5,1)
D (7,8,3) (4,2,1)
D (6,7,-1) (0,4,1)
D (7,8,3) (4,0,0)
D (6,-1,-1) (3,0,1)
D (9,-1,-1) (3,2,0)
D (7,8,-1) (4,3,0)
D (6,7,8) (5,4,5)
D (6,7,-1) (5,2,4)
D (7,-1,-1) (0,1,2)
D (7,-1,-1) (3,2,1)
D (7,8,-1) (0,4,5)
D (3,-1,-1) (1,4,1)
D (9,-1,-1) (1,5,3)
D (6,7,8) (5,3,5)
D (8,3,9) (2,4,1)
D (9,-1,-1) (1,2,1)
D (6,7,8) (0,0,4)
D (9,-1,-1) (0,1,4)
D (8,3,9) (4,4,5)
D (8,3,9) (1,3,3)
D (3,-1,-1) (4,1,4)
D (3,9,-1) (0,5,3)
D (3,9,-1) (2,1,5)
D (8,3,-1) (0,1,0)
D (3,9,-1) (1,1,5)
D (3,-1,-1) (4,3,4)
D (3,-1,-1) (2,1,1)
D (9,-1,-1) (2,5,2)
D (7,8,3) (1,2,5)
D (9,-1,-1) (5,5,2)
D (3,9,-1) (5,0,0)
D (3,9,-1) (0,2,1)
D (7,-1,-1) (0,2,4)
D (9,-1,-1) (0,4,0)
D (7,8,-1) (4,0,2)
D (3,9,-1) (4,0,3)
D (6,7,8) (2,0,1)
D (7,-1,-1) (0,2,2)
D (7,8,-1) (1,4,0)
D (8,-1,-1) (3,5,2)
D (3,9,-1) (2,0,4)
D (3,9,-1) (1,0,0)
D (3,9,-1) (5,4,3)
D (3,9,-1) (4,1,2)
D (8,3,-1) (0,4,3)
D (3,9,-1) (1,4,2)
C 0 18
C 1 24
C 2 25
C 3 25
C 4 17
C 5 22
C 6 0
C 7 11
C 8 18
C 9 2
C 10 19
C 11 19
C 12 1
C 13 7
C 14 23
C 15 5
C 16 7
C 17 18
C 18 3
C 19 26
C 20 2
C 21 7
C 22 12
C 23 5
C 24 12
C 25 0
C 26 9
C 27 9
C 28 10
C 29 26
C 30 12
C 31 9
C 32 14
C 33 26
C 34 7
C 35 18
C 36 18
C 37 2
C 38 8
C 39 26
C 40 4
C 41 11
C 42 26
C 43 8
C 44 19
C 45 1
C 46 11
C 47 25
C 48 19
C 49 1
C 50 25
C 51 16
C 52 3
C 53 4
C 54 16
C 55 16
C 56 2
C 57 6
C 58 26
C 59 5
C 60 6
C 61 22
C 62 18
C 63 8
C 64 8
C 65 17
C 66 9
C 67 1
C 68 10
C 69 8
C 70 17
C 71 20
C 72 8
C 73 4
C 74 17
C 75 18
C 76 3
C 77 5
C 78 19
C 79 17
C 80 22
C 81 20
C 82 22
C 83 0
C 84 0
C 85 0
C 86 0
C 87 0
C 88 0
C 89 0
C 90 0
C 91 0
C 92 0
C 93 0
C 94 0
C 95 0
C 96 0
C 97 0
C 98 0
C 99 0
C 100 0
C 101 0
C 102 0
C 103 0
C 104 0
C 105 0
C 106 0
C 107 0
C 108 0
C 109 0
C 110 0
C 111 0
C 112 0
C 113 0
C 114 0
C 115 0
C 116 0
C 117 0
C 118 0
C 119 0
C 120 0
C 121 0
C 122 0
C 123 0
C 124 0
C 125 0
C 126 0
C 127 0
C 128 0
C 129 0
C 130 0
C 131 0
C 132 0
C 133 0
C 134 0
C 135 0
C 136 0
C 137 0
C 138 0
C 139 0
C 140 0
C 141 0
C 142 0
C 143 0
C 144 0
C 145 0
C 146 0
C 147 0
C 148 0
C 149 0
C 150 0
C 151 0
C 152 0
C 153 0
C 154 0
C 155 0
C 156 0
C 157 0
C 158 0
C 159 0
C 160 0
C 161 0
C 162 0
C 163 0
C 164 0
C 165 0
C 166 0
C 167 0
C 168 0
C 169 0
C 170 0
C 171 0
C 172 0
C 173 0
C 174 0
C 175 0
C 176 21
C 177 6
C 178 19
C 179 16
C 180 8
C 181 26
C 182 18
C 183 14
C 184 22
C 185 4
C 186 2
C 187 1
C 188 14
C 189 2
C 190 3
C 191 25
C 192 22
C 193 24
C 194 24
C 195 26
C 196 7
C 197 14
C 198 20
C 199 2
C 200 0
C 201 21
C 202 7
C 203 18
C 204 14
C 205 25
C 206 17
C 207 22
C 208 18
C 209 7
C 210 3
C 211 15
C 212 14
C 213 2
C 214 24
C 215 21
C 216 17
C 217 23
C 218 20
C 219 18
C 220 18
C 221 19
C 222 26
C 223 21
C 224 11
C 225 20
C 226 0
C 227 26
C 228 6
C 229 0
C 230 8
C 231 17
C 232 9
C 233 6
C 234 21
C 235 15
C 236 24
C 237 15
C 238 20
C 239 21
C 240 16
C 241 19
C 242 14
C 243 22
C 244 6
C 245 21
C 246 2
C 247 18
C 248 8
C 249 11
C 250 8
C 251 1
C 252 25
C 253 21
C 254 0
C 255 2
C 256 6
C 257 18
C 258 6
C 259 3
C 260 26
C 261 19
C 262 24
C 263 0
C 264 17
C 265 14
C 266 10
C 267 17
C 268 25
C 269 12
I 4 2 5 (2,0,2) (-1,-1,0,0)|(0,0,1,0)|(0,-1,1,0)
I 0 1 16 (2,2,2) (1,1,1,0)|(0,1,0,0)|(-1,0,0,0)
I 2 3 10 (5,5,5) (0,1,-1,0)|(-1,-1,1,0)
