D (9,-1,-1) (3,0,1)
D (3,9,-1) (1,1,3)
D (7,8,3) (3,4,3)
D (6,7,-1) (0,1,3)
D (3,9,-1) (3,4,5)
D (7,8,3) (1,1,4)
D (9,-1,-1) (2,3,1)
D (8,3,9) (5,5,0)
D (7,-1,-1) (1,3,3)
D (7,8,3) (4,3,4)
D (3,-1,-1) (1,3,1)
D (7,8,3) (5,3,5)
D (8,3,9) (4,0,1)
D (7,-1,-1) (0,4,1)
D (9,-1,-1) (3,2,2)
D (9,-1,-1) (4,5,5)
D (6,7,-1) (2,5,4)
D (3,9,-1) (3,1,1)
D (3,9,-1) (3,4,2)
D (7,8,-1) (3,1,3)
D (7,8,-1) (0,5,2)
D (6,-1,-1) (1,4,2)
D (7,8,3) (5,1,4)
D (9,-1,-1) (5,1,1)
D (9,-1,-1) (3,0,3)
D (8,3,-1) (5,5,2)
D (3,9,-1) (0,1,1)
D (9,-1,-1) (0,4,3)
D (6,7,8) (0,1,4)
D (9,-1,-1) (3,1,5)
D (7,8,3) (0,4,0)
D (7,-1,-1) (1,3,4)
D (9,-1,-1) (2,1,1)
D (8,3,9) (4,4,3)
D (7,8,3) (4,5,4)
D (3,-1,-1) (3,5,0)
D (7,-1,-1) (5,2,5)
D (7,8,-1) (5,4,1)
D (9,-1,-1) (5,3,0)
D (3,9,-1) (2,0,0)
D (9,-1,-1) (3,0,2)
D (3,-1,-1) (5,5,5)
D (3,-1,-1) (4,5,3)
D (3,9,-1) (4,1,0)
D (9,-1,-1) (0,0,5)
D (8,3,-1) (1,5,3)
D (7,-1,-1) (4,0,4)
D (3,9,-1) (1,0,2)
D (8,3,9) (2,1,4)
D (3,-1,-1) (1,1,5)
D (9,-1,-1) (4,4,2)
D (8,3,9) (0,4,2)
D (3,-1,-1) (3,1,4)
D (9,-1,-1) (5,5,1)
D (8,-1,-1) (1,0,0)
C 0 15
C 1 10
C 2 26
C 3 19
C 4 11
C 5 22
C 6 25
C 7 21
C 8 26
C 9 12
C 10 7
C 11 24
C 12 5
C 13 18
C 14 5
C 15 26
C 16 9
C 17 3
C 18 4
C 19 1
C 20 1
C 21 12
C 22 16
C 23 15
C 24 22
C 25 10
C 26 11
C 27 0
C 28 4
C 29 9
C 30 22
C 31 24
C 32 12
C 33 11
C 34 7
C 35 11
C 36 21
C 37 25
C 38 14
C 39 25
C 40 19
C 41 8
C 42 11
C 43 19
C 44 7
C 45 26
C 46 21
C 47 17
C 48 20
C 49 0
C 50 18
C 51 16
C 52 15
C 53 18
C 54 14
C 55 4
C 56 11
C 57 7
C 58 16
C 59 0
C 60 10
C 61 25
C 62 8
C 63 18
C 64 15
C 65 11
C 66 7
C 67 16
C 68 7
C 69 14
C 70 12
C 71 1
C 72 14
C 73 14
C 74 14
C 75 26
C 76 12
C 77 4
C 78 16
C 79 20
C 80 24
C 81 18
C 82 18
C 83 10
C 84 11
C 85 14
C 86 2
C 87 21
C 88 1
C 89 16
C 90 18
C 91 8
C 92 10
C 93 26
C 94 24
C 95 26
C 96 0
C 97 0
C 98 16
C 99 20
C 100 18
C 101 20
C 102 22
C 103 5
C 104 11
C 105 20
C 106 5
C 107 11
C 108 3
C 109 14
C 110 26
C 111 22
C 112 5
C 113 19
C 114 2
C 115 10
C 116 17
C 117 10
C 118 21
C 119 18
C 120 15
C 121 6
C 122 1
C 123 23
C 124 9
C 125 16
C 126 8
C 127 24
C 128 16
C 129 22
C 130 17
C 131 22
C 132 21
C 133 12
C 134 15
C 135 25
C 136 9
C 137 18
C 138 7
C 139 5
C 140 0
C 141 0
C 142 0
C 143 0
C 144 0
C 145 0
C 146 0
C 147 0
C 148 0
C 149 0
C 150 0
C 151 0
C 152 0
C 153 0
C 154 0
C 155 0
C 156 0
C 157 0
C 158 1
C 159 11
C 160 25
C 161 1
C 162 25
C 163 18
C 164 7
C 165 7
C 166 15
C 167 15
C 168 19
C 169 10
C 170 10
C 171 2
C 172 3
C 173 2
C 174 26
C 175 6
C 176 1
C 177 19
C 178 1
C 179 2
C 180 25
C 181 24
C 182 10
C 183 18
C 184 23
C 185 8
C 186 5
C 187 23
C 188 22
C 189 24
C 190 22
C 191 14
C 192 5
C 193 4
C 194 7
C 195 20
C 196 16
C 197 26
C 198 23
C 199 12
C 200 5
C 201 25
C 202 3
C 203 19
C 204 16
C 205 16
C 206 1
C 207 12
C 208 25
C 209 3
C 210 10
C 211 23
C 212 12
C 213 10
C 214 19
C 215 10
C 216 12
C 217 20
C 218 0
C 219 9
C 220 22
C 221 1
C 222 4
C 223 10
C 224 9
C 225 5
C 226 2
C 227 9
C 228 9
C 229 9
C 230 23
C 231 17
C 232 9
C 233 11
C 234 15
C 235 5
C 236 16
C 237 21
C 238 11
C 239 8
C 240 20
C 241 2
C 242 22
C 243 12
C 244 3
C 245 20
C 246 24
C 247 4
C 248 15
C 249 21
C 250 0
C 251 16
C 252 19
C 253 24
C 254 26
C 255 19
C 256 15
C 257 24
C 258 10
C 259 22
C 260 10
C 261 17
C 262 11
C 263 9
C 264 10
C 265 20
C 266 2
C 267 23
C 268 26
C 269 22
I 0 1 15 (1,2,1) (0,0,1,0)|(0,0,-1,0)|(-1,-1,0,0)
I 2 1 13 (0,5,2) (-1,-1,0,0)|(0,1,1,0)|(0,-1,0,0)|(0,1,0,0)
I 0 3 12 (3,3,5) (1,0,1,0)|(0,0,0,0)|(-1,1,-1,0)
