D (3,9,-1) (3,0,5)
D (3,-1,-1) (1,0,0)
D (8,3,-1) (4,2,5)
D (7,8,-1) (2,1,1)
D (3,-1,-1) (2,3,5)
D (8,3,-1) (5,2,2)
D (8,3,9) (1,0,4)
D (3,9,-1) (4,1,3)
D (6,-1,-1) (2,4,4)
D (9,-1,-1) (0,2,5)
D (9,-1,-1) (4,4,5)
D (6,7,8) (3,1,0)
D (7,-1,-1) (0,2,4)
D (3,-1,-1) (5,5,3)
D (9,-1,-1) (0,1,0)
D (6,7,8) (4,0,4)
D (9,-1,-1) (4,2,0)
D (3,-1,-1) (5,5,4)
D (9,-1,-1) (5,5,2)
D (9,-1,-1) (1,5,2)
D (8,3,9) (0,2,0)
D (6,7,-1) (5,1,3)
D (8,3,-1) (5,3,2)
D (7,8,-1) (4,3,5)
D (7,8,-1) (3,3,0)
D (7,8,-1) (2,5,5)
D (8,3,9) (5,0,3)
D (3,9,-1) (0,0,3)
D (7,8,3) (4,3,2)
D (6,-1,-1) (4,2,4)
D (6,7,-1) (1,3,2)
D (7,8,3) (0,1,3)
D (6,7,8) (2,1,4)
D (9,-1,-1) (3,0,1)
D (3,9,-1) (3,0,3)
D (8,3,-1) (0,1,4)
D (7,-1,-1) (1,1,3)
D (7,8,-1) (5,3,1)
D (3,-1,-1) (1,5,0)
D (8,-1,-1) (2,2,0)
D (7,8,-1) (2,2,4)
D (3,9,-1) (5,5,5)
D (3,9,-1) (0,3,3)
D (8,3,-1) (5,0,1)
D (9,-1,-1) (5,1,2)
D (7,8,-1) (5,0,4)
D (3,9,-1) (1,1,4)
D (8,3,9) (1,4,2)
C 0 14
C 1 25
C 2 7
C 3 15
C 4 17
C 5 6
C 6 0
C 7 9
C 8 12
C 9 1
C 10 3
C 11 9
C 12 6
C 13 23
C 14 3
C 15 6
C 16 17
C 17 2
C 18 12
C 19 26
C 20 12
C 21 18
C 22 24
C 23 25
C 24 0
C 25 19
C 26 17
C 27 18
C 28 1
C 29 21
C 30 0
C 31 0
C 32 0
C 33 0
C 34 0
C 35 0
C 36 0
C 37 0
C 38 0
C 39 0
C 40 0
C 41 0
C 42 0
C 43 0
C 44 0
C 45 0
C 46 0
C 47 0
C 48 0
C 49 0
C 50 0
C 51 0
C 52 0
C 53 0
C 54 0
C 55 0
C 56 0
C 57 0
C 58 0
C 59 0
C 60 0
C 61 0
C 62 0
C 63 0
C 64 0
C 65 0
C 66 0
C 67 0
C 68 0
C 69 0
C 70 0
C 71 0
C 72 0
C 73 0
C 74 0
C 75 0
C 76 0
C 77 0
C 78 0
C 79 0
C 80 0
C 81 0
C 82 0
C 83 0
C 84 0
C 85 0
C 86 0
C 87 0
C 88 0
C 89 0
C 90 9
C 91 21
C 92 8
C 93 11
C 94 5
C 95 21
C 96 8
C 97 8
C 98 26
C 99 5
C 100 7
C 101 11
C 102 1
C 103 6
C 104 12
C 105 7
C 106 22
C 107 21
C 108 14
C 109 10
C 110 20
C 111 24
C 112 17
C 113 1
C 114 22
C 115 14
C 116 5
C 117 26
C 118 22
C 119 17
C 120 23
C 121 5
C 122 24
C 123 26
C 124 2
C 125 3
C 126 1
C 127 20
C 128 3
C 129 6
C 130 12
C 131 6
C 132 21
C 133 23
C 134 17
C 135 20
C 136 0
C 137 25
C 138 9
C 139 24
C 140 25
C 141 6
C 142 15
C 143 3
C 144 4
C 145 19
C 146 1
C 147 5
C 148 22
C 149 21
C 150 15
C 151 23
C 152 5
C 153 6
C 154 4
C 155 14
C 156 25
C 157 20
C 158 7
C 159 1
C 160 26
C 161 14
C 162 9
C 163 11
C 164 10
C 165 0
C 166 17
C 167 3
C 168 18
C 169 19
C 170 25
C 171 10
C 172 18
C 173 24
C 174 21
C 175 7
C 176 7
C 177 23
C 178 15
C 179 9
C 180 16
C 181 0
C 182 4
C 183 22
C 184 16
C 185 12
C 186 10
C 187 26
C 188 19
C 189 9
C 190 11
C 191 4
C 192 23
C 193 5
C 194 14
C 195 20
C 196 24
C 197 3
C 198 18
C 199 5
C 200 20
C 201 20
C 202 19
C 203 18
C 204 5
C 205 21
C 206 16
C 207 1
C 208 3
C 209 7
C 210 22
C 211 6
C 212 2
C 213 0
C 214 9
C 215 11
C 216 7
C 217 1
C 218 25
C 219 25
C 220 16
C 221 16
C 222 3
C 223 8
C 224 4
C 225 18
C 226 25
C 227 12
C 228 2
C 229 23
C 230 7
C 231 25
C 232 21
C 233 17
C 234 8
C 235 5
C 236 19
C 237 1
C 238 3
C 239 23
C 240 25
C 241 5
C 242 16
C 243 20
C 244 12
C 245 9
C 246 14
C 247 26
C 248 4
C 249 19
C 250 18
C 251 26
C 252 8
C 253 17
C 254 7
C 255 26
C 256 3
C 257 6
C 258 25
C 259 19
C 260 23
C 261 22
C 262 6
C 263 0
C 264 8
C 265 19
C 266 14
C 267 26
C 268 24
C 269 25
I 0 3 3 (4,2,1) (-1,1,0,0)|(1,-1,1,0)
I 1 1 6 (5,5,3) (0,-1,-1,0)
I 3 1 3 (3,5,2) (-1,1,1,0)
