D (9,-1,-1) (3,2,0)
D (3,9,-1) (1,3,0)
D (9,-1,-1) (1,5,1)
D (6,7,8) (4,1,4)
D (6,-1,-1) (2,5,2)
D (9,-1,-1) (4,4,1)
D (8,3,-1) (0,5,0)
D (6,-1,-1) (5,5,1)
D (9,-1,-1) (1,3,3)
D (8,3,-1) (3,0,4)
D (8,3,-1) (3,2,2)
D (9,-1,-1) (4,0,4)
D (8,3,9) (0,4,1)
D (6,7,8) (4,4,0)
D (7,8,3) (5,0,5)
D (8,3,9) (5,0,2)
D (7,-1,-1) (3,0,3)
D (6,7,8) (0,5,1)
D (3,9,-1) (4,3,5)
D (8,-1,-1) (5,3,2)
D (3,-1,-1) (1,5,3)
D (6,7,-1) (3,5,3)
D (3,-1,-1) (3,5,5)
D (3,9,-1) (3,4,1)
D (8,-1,-1) (2,0,1)
D (9,-1,-1) (0,2,0)
D (9,-1,-1) (2,3,4)
D (3,9,-1) (1,2,5)
D (6,7,8) (4,4,2)
D (6,7,8) (0,1,5)
D (9,-1,-1) (1,0,2)
D (8,-1,-1) (5,1,1)
D (8,3,9) (0,1,4)
D (3,9,-1) (4,5,1)
D (3,9,-1) (5,5,2)
D (9,-1,-1) (2,4,2)
D (9,-1,-1) (2,1,4)
D (3,-1,-1) (2,2,4)
D (3,9,-1) (2,1,2)
D (6,-1,-1) (5,1,2)
D (7,8,3) (3,3,2)
D (7,-1,-1) (3,5,1)
D (3,9,-1) (4,2,4)
D (3,-1,-1) (4,0,5)
D (9,-1,-1) (5,4,0)
D (9,-1,-1) (4,5,5)
D (6,-1,-1) (0,2,2)
D (6,-1,-1) (2,1,3)
D (6,7,8) (2,1,1)
D (8,-1,-1) (1,4,1)
D (7,8,3) (3,4,4)
D (3,9,-1) (0,1,1)
D (8,3,9) (5,2,3)
D (6,7,8) (1,4,5)
D (3,-1,-1) (3,5,4)
D (3,9,-1) (0,0,5)
D (3,-1,-1) (5,4,4)
D (7,8,3) (0,5,4)
D (8,-1,-1) (5,0,0)
D (8,3,9) (0,0,4)
D (7,-1,-1) (5,5,5)
D (8,-1,-1) (3,5,2)
D (7,8,-1) (2,3,0)
D (3,9,-1) (1,2,1)
C 0 24
C 1 0
C 2 0
C 3 0
C 4 5
C 5 15
C 6 15
C 7 22
C 8 5
C 9 14
C 10 21
C 11 16
C 12 3
C 13 16
C 14 7
C 15 23
C 16 0
C 17 0
C 18 0
C 19 0
C 20 18
C 21 23
C 22 11
C 23 9
C 24 9
C 25 18
C 26 22
C 27 0
C 28 12
C 29 7
C 30 3
C 31 10
C 32 7
C 33 26
C 34 7
C 35 22
C 36 19
C 37 6
C 38 26
C 39 18
C 40 7
C 41 5
C 42 26
C 43 16
C 44 17
C 45 8
C 46 22
C 47 0
C 48 0
C 49 0
C 50 0
C 51 0
C 52 0
C 53 0
C 54 0
C 55 0
C 56 0
C 57 0
C 58 0
C 59 0
C 60 0
C 61 0
C 62 0
C 63 0
C 64 0
C 65 0
C 66 0
C 67 0
C 68 0
C 69 0
C 70 0
C 71 0
C 72 0
C 73 0
C 74 0
C 75 0
C 76 0
C 77 0
C 78 0
C 79 0
C 80 0
C 81 0
C 82 0
C 83 0
C 84 0
C 85 0
C 86 0
C 87 0
C 88 0
C 89 0
C 90 0
C 91 0
C 92 0
C 93 0
C 94 0
C 95 0
C 96 0
C 97 0
C 98 0
C 99 0
C 100 0
C 101 0
C 102 0
C 103 0
C 104 0
C 105 0
C 106 0
C 107 0
C 108 0
C 109 0
C 110 0
C 111 0
C 112 0
C 113 0
C 114 0
C 115 0
C 116 0
C 117 0
C 118 0
C 119 0
C 120 0
C 121 0
C 122 0
C 123 0
C 124 0
C 125 0
C 126 0
C 127 0
C 128 0
C 129 0
C 130 0
C 131 0
C 132 0
C 133 0
C 134 0
C 135 0
C 136 0
C 137 0
C 138 0
C 139 8
C 140 17
C 141 6
C 142 23
C 143 14
C 144 22
C 145 16
C 146 12
C 147 15
C 148 21
C 149 21
C 150 24
C 151 16
C 152 9
C 153 12
C 154 8
C 155 12
C 156 25
C 157 8
C 158 19
C 159 5
C 160 24
C 161 10
C 162 9
C 163 1
C 164 3
C 165 7
C 166 25
C 167 2
C 168 3
C 169 7
C 170 3
C 171 8
C 172 8
C 173 4
C 174 25
C 175 18
C 176 0
C 177 9
C 178 14
C 179 2
C 180 2
C 181 24
C 182 22
C 183 19
C 184 12
C 185 14
C 186 10
C 187 9
C 188 16
C 189 23
C 190 17
C 191 18
C 192 12
C 193 9
C 194 6
C 195 15
C 196 10
C 197 22
C 198 15
C 199 26
C 200 24
C 201 24
C 202 5
C 203 9
C 204 26
C 205 11
C 206 10
C 207 18
C 208 9
C 209 4
C 210 21
C 211 20
C 212 18
C 213 20
C 214 5
C 215 2
C 216 15
C 217 22
C 218 9
C 219 24
C 220 3
C 221 20
C 222 8
C 223 2
C 224 18
C 225 24
C 226 20
C 227 16
C 228 14
C 229 16
C 230 0
C 231 2
C 232 15
C 233 8
C 234 23
C 235 4
C 236 6
C 237 14
C 238 6
C 239 21
C 240 10
C 241 2
C 242 16
C 243 25
C 244 0
C 245 18
C 246 10
C 247 18
C 248 19
C 249 1
C 250 8
C 251 15
C 252 16
C 253 2
C 254 1
C 255 0
C 256 16
C 257 21
C 258 7
C 259 0
C 260 9
C 261 7
C 262 9
C 263 4
C 264 7
C 265 2
C 266 0
C 267 9
C 268 3
C 269 4
I 4 3 2 (5,1,1) (1,0,1,0)
I 0 1 20 (4,2,3) (0,1,-1,0)|(1,-1,-1,0)
I 0 1 19 (3,0,5) (1,0,1,0)|(-1,0,0,0)|(1,-1,0,0)
