D (9,-1,-1) (0,3,5)
D (3,9,-1) (3,2,2)
D (6,7,8) (1,1,0)
D (8,-1,-1) (4,0,3)
D (3,9,-1) (5,0,0)
D (7,-1,-1) (2,0,1)
D (8,3,9) (5,4,0)
D (6,7,8) (2,2,3)
D (9,-1,-1) (5,2,2)
D (7,-1,-1) (3,4,5)
D (6,-1,-1) (1,5,1)
D (8,-1,-1) (0,4,2)
D (6,-1,-1) (1,2,5)
D (8,3,-1) (1,1,4)
D (6,-1,-1) (4,3,4)
D (7,8,3) (1,3,5)
D (9,-1,-1) (2,4,0)
D (7,8,-1) (5,4,5)
D (3,9,-1) (2,4,2)
D (7,8,3) (1,0,2)
D (9,-1,-1) (0,3,2)
D (3,9,-1) (5,5,2)
D (8,-1,-1) (5,3,0)
D (6,7,-1) (0,2,5)
D (6,7,8) (4,4,5)
D (6,7,8) (3,3,2)
D (7,8,-1) (3,4,1)
D (9,-1,-1) (4,2,3)
D (3,9,-1) (4,2,1)
D (3,9,-1) (0,5,1)
D (7,-1,-1) (2,4,5)
D (7,8,-1) (3,5,4)
D (8,-1,-1) (1,0,3)
D (3,9,-1) (5,2,3)
D (8,3,-1) (1,4,5)
D (7,-1,-1) (3,4,2)
D (6,-1,-1) (0,3,0)
D (8,3,-1) (3,4,4)
D (8,-1,-1) (2,4,4)
D (8,-1,-1) (4,4,2)
D (6,7,-1) (4,2,0)
D (9,-1,-1) (4,0,1)
D (8,-1,-1) (1,4,3)
D (8,-1,-1) (1,2,4)
D (8,3,-1) (4,4,4)
D (6,-1,-1) (0,1,5)
D (8,3,-1) (5,4,1)
D (3,-1,-1) (2,1,4)
D (3,9,-1) (4,5,0)
D (3,9,-1) (4,5,5)
C 0 23
C 1 8
C 2 23
C 3 8
C 4 11
C 5 23
C 6 26
C 7 16
C 8 5
C 9 19
C 10 17
C 11 10
C 12 1
C 13 22
C 14 18
C 15 3
C 16 9
C 17 19
C 18 26
C 19 26
C 20 17
C 21 6
C 22 15
C 23 16
C 24 23
C 25 21
C 26 23
C 27 5
C 28 10
C 29 4
C 30 8
C 31 14
C 32 2
C 33 11
C 34 11
C 35 24
C 36 7
C 37 20
C 38 4
C 39 4
C 40 26
C 41 25
C 42 23
C 43 26
C 44 20
C 45 25
C 46 3
C 47 20
C 48 25
C 49 1
C 50 3
C 51 9
C 52 22
C 53 11
C 54 11
C 55 21
C 56 20
C 57 0
C 58 20
C 59 1
C 60 26
C 61 1
C 62 17
C 63 0
C 64 3
C 65 9
C 66 0
C 67 0
C 68 0
C 69 0
C 70 0
C 71 0
C 72 0
C 73 0
C 74 0
C 75 0
C 76 0
C 77 0
C 78 0
C 79 0
C 80 0
C 81 0
C 82 0
C 83 0
C 84 0
C 85 0
C 86 0
C 87 0
C 88 0
C 89 0
C 90 0
C 91 0
C 92 0
C 93 12
C 94 3
C 95 7
C 96 21
C 97 15
C 98 18
C 99 17
C 100 21
C 101 6
C 102 5
C 103 20
C 104 8
C 105 16
C 106 17
C 107 10
C 108 20
C 109 3
C 110 1
C 111 12
C 112 4
C 113 24
C 114 7
C 115 8
C 116 3
C 117 3
C 118 25
C 119 18
C 120 21
C 121 9
C 122 7
C 123 8
C 124 24
C 125 5
C 126 0
C 127 6
C 128 9
C 129 6
C 130 6
C 131 12
C 132 5
C 133 8
C 134 3
C 135 18
C 136 14
C 137 3
C 138 6
C 139 18
C 140 12
C 141 4
C 142 4
C 143 2
C 144 12
C 145 22
C 146 2
C 147 14
C 148 2
C 149 10
C 150 7
C 151 15
C 152 25
C 153 0
C 154 0
C 155 0
C 156 0
C 157 0
C 158 0
C 159 0
C 160 0
C 161 0
C 162 0
C 163 0
C 164 0
C 165 0
C 166 0
C 167 0
C 168 0
C 169 0
C 170 0
C 171 0
C 172 0
C 173 0
C 174 0
C 175 0
C 176 0
C 177 0
C 178 0
C 179 0
C 180 0
C 181 0
C 182 0
C 183 0
C 184 0
C 185 0
C 186 0
C 187 0
C 188 0
C 189 0
C 190 0
C 191 0
C 192 0
C 193 0
C 194 0
C 195 0
C 196 0
C 197 0
C 198 0
C 199 0
C 200 0
C 201 0
C 202 0
C 203 0
C 204 0
C 205 0
C 206 0
C 207 0
C 208 0
C 209 0
C 210 0
C 211 0
C 212 0
C 213 0
C 214 0
C 215 0
C 216 0
C 217 0
C 218 0
C 219 0
C 220 0
C 221 0
C 222 0
C 223 0
C 224 0
C 225 0
C 226 0
C 227 0
C 228 0
C 229 0
C 230 0
C 231 0
C 232 0
C 233 0
C 234 0
C 235 0
C 236 0
C 237 0
C 238 0
C 239 0
C 240 0
C 241 0
C 242 0
C 243 0
C 244 0
C 245 0
C 246 0
C 247 0
C 248 0
C 249 0
C 250 0
C 251 0
C 252 0
C 253 0
C 254 24
C 255 11
C 256 17
C 257 2
C 258 22
C 259 20
C 260 7
C 261 19
C 262 18
C 263 26
C 264 7
C 265 2
C 266 14
C 267 15
C 268 10
C 269 12
I 1 2 7 (0,2,3) (0,-1,0,0)|(0,1,-1,0)|(0,1,1,0)
I 3 3 8 (0,1,0) (1,1,1,0)|(0,-1,1,0)|(-1,-1,-1,0)
I 0 3 16 (0,0,4) (0,0,-1,0)|(1,0,0,0)|(1,1,0,0)
