D (8,3,-1) (1,0,2)
D (7,8,3) (1,2,3)
D (6,7,-1) (3,1,4)
D (3,-1,-1) (1,3,2)
D (6,7,8) (0,3,5)
D (7,-1,-1) (3,3,4)
D (8,3,-1) (0,1,2)
D (9,-1,-1) (3,4,2)
D (3,-1,-1) (2,5,4)
D (7,8,3) (4,3,3)
D (9,-1,-1) (2,0,4)
D (9,-1,-1) (5,1,5)
D (9,-1,-1) (0,4,5)
D (9,-1,-1) (1,4,4)
D (3,9,-1) (0,1,4)
D (8,-1,-1) (1,5,0)
D (3,9,-1) (1,1,5)
D (9,-1,-1) (5,1,3)
D (3,-1,-1) (5,0,1)
D (6,7,-1) (1,5,4)
D (3,9,-1) (4,0,3)
D (7,8,3) (1,3,1)
D (7,8,3) (0,4,1)
D (6,7,8) (0,1,3)
D (9,-1,-1) (0,3,0)
D (7,8,-1) (5,5,1)
D (9,-1,-1) (1,0,0)
D (7,8,3) (4,0,5)
D (9,-1,-1) (0,5,4)
D (7,8,3) (5,5,5)
D (3,-1,-1) (2,1,1)
D (8,3,-1) (0,0,4)
D (6,7,8) (0,0,1)
D (9,-1,-1) (5,1,0)
D (3,-1,-1) (2,4,2)
D (7,8,-1) (0,4,4)
D (7,8,-1) (3,3,3)
D (8,3,-1) (5,3,4)
D (6,7,8) (0,2,3)
D (8,3,-1) (4,4,2)
D (8,3,-1) (0,5,5)
D (7,8,-1) (1,5,3)
D (8,3,-1) (4,0,4)
D (3,9,-1) (4,4,5)
D (7,8,-1) (5,4,0)
D (3,9,-1) (3,5,2)
D (3,-1,-1) (0,5,0)
C 0 22
C 1 18
C 2 18
C 3 17
C 4 9
C 5 14
C 6 0
C 7 20
C 8 23
C 9 12
C 10 2
C 11 5
C 12 7
C 13 0
C 14 6
C 15 11
C 16 11
C 17 5
C 18 20
C 19 26
C 20 1
C 21 9
C 22 19
C 23 6
C 24 18
C 25 2
C 26 10
C 27 7
C 28 8
C 29 25
C 30 20
C 31 17
C 32 24
C 33 9
C 34 19
C 35 23
C 36 16
C 37 0
C 38 17
C 39 10
C 40 7
C 41 19
C 42 19
C 43 21
C 44 8
C 45 24
C 46 8
C 47 14
C 48 9
C 49 22
C 50 1
C 51 11
C 52 17
C 53 6
C 54 17
C 55 20
C 56 24
C 57 20
C 58 22
C 59 14
C 60 4
C 61 23
C 62 14
C 63 20
C 64 6
C 65 11
C 66 10
C 67 11
C 68 19
C 69 6
C 70 19
C 71 17
C 72 1
C 73 0
C 74 18
C 75 8
C 76 11
C 77 2
C 78 19
C 79 8
C 80 0
C 81 18
C 82 19
C 83 9
C 84 26
C 85 3
C 86 6
C 87 23
C 88 16
C 89 25
C 90 5
C 91 4
C 92 18
C 93 4
C 94 4
C 95 25
C 96 26
C 97 0
C 98 22
C 99 10
C 100 17
C 101 15
C 102 1
C 103 9
C 104 20
C 105 8
C 106 21
C 107 24
C 108 6
C 109 17
C 110 22
C 111 14
C 112 21
C 113 21
C 114 1
C 115 24
C 116 2
C 117 23
C 118 21
C 119 17
C 120 22
C 121 3
C 122 2
C 123 8
C 124 21
C 125 20
C 126 7
C 127 17
C 128 20
C 129 8
C 130 6
C 131 12
C 132 5
C 133 9
C 134 15
C 135 21
C 136 17
C 137 1
C 138 22
C 139 20
C 140 3
C 141 14
C 142 25
C 143 15
C 144 19
C 145 17
C 146 22
C 147 26
C 148 26
C 149 5
C 150 15
C 151 20
C 152 19
C 153 5
C 154 6
C 155 16
C 156 1
C 157 19
C 158 17
C 159 14
C 160 8
C 161 3
C 162 20
C 163 14
C 164 16
C 165 23
C 166 14
C 167 0
C 168 7
C 169 1
C 170 12
C 171 11
C 172 0
C 173 25
C 174 3
C 175 14
C 176 11
C 177 0
C 178 26
C 179 3
C 180 16
C 181 10
C 182 3
C 183 0
C 184 14
C 185 6
C 186 10
C 187 22
C 188 18
C 189 9
C 190 21
C 191 24
C 192 15
C 193 12
C 194 4
C 195 24
C 196 25
C 197 10
C 198 2
C 199 22
C 200 4
C 201 11
C 202 0
C 203 3
C 204 2
C 205 22
C 206 7
C 207 8
C 208 0
C 209 0
C 210 0
C 211 0
C 212 0
C 213 0
C 214 0
C 215 0
C 216 0
C 217 0
C 218 0
C 219 0
C 220 0
C 221 0
C 222 0
C 223 0
C 224 0
C 225 0
C 226 0
C 227 0
C 228 0
C 229 0
C 230 0
C 231 0
C 232 0
C 233 0
C 234 0
C 235 0
C 236 0
C 237 0
C 238 0
C 239 0
C 240 0
C 241 0
C 242 0
C 243 0
C 244 0
C 245 0
C 246 0
C 247 0
C 248 0
C 249 0
C 250 0
C 251 0
C 252 0
C 253 0
C 254 0
C 255 0
C 256 0
C 257 0
C 258 8
C 259 4
C 260 17
C 261 12
C 262 17
C 263 1
C 264 19
C 265 26
C 266 12
C 267 20
C 268 10
C 269 26
I 0 2 12 (3,1,5) (-1,0,0,0)|(-1,1,-1,0)|(-1,1,0,0)
I 5 1 18 (4,2,0) (1,0,1,0)
I 1 1 17 (1,2,4) (1,-1,1,0)
