D (6,7,-1) (1,1,2)
D (9,-1,-1) (0,2,1)
D (8,3,9) (4,1,0)
D (3,9,-1) (3,0,0)
D (8,-1,-1) (4,2,4)
D (8,3,-1) (2,4,0)
D (6,-1,-1) (5,1,5)
D (3,9,-1) (3,0,4)
D (7,8,3) (3,5,1)
D (6,7,-1) (0,5,2)
D (3,9,-1) (0,2,4)
D (8,3,9) (1,3,2)
D (6,7,-1) (1,5,0)
D (8,3,9) (3,2,0)
D (8,3,-1) (1,2,4)
D (7,8,-1) (4,0,2)
D (6,7,8) (0,0,5)
D (3,-1,-1) (1,0,2)
D (8,-1,-1) (4,5,4)
D (9,-1,-1) (5,5,1)
D (6,7,-1) (2,1,4)
D (8,3,9) (0,2,5)
D (9,-1,-1) (3,3,0)
D (7,8,-1) (1,5,4)
D (3,9,-1) (5,4,1)
D (6,-1,-1) (2,0,2)
D (7,-1,-1) (4,4,3)
D (8,3,9) (1,2,3)
D (3,9,-1) (5,1,1)
D (7,8,-1) (4,4,2)
D (9,-1,-1) (0,5,5)
D (9,-1,-1) (5,5,2)
C 0 26
C 1 23
C 2 18
C 3 11
C 4 16
C 5 0
C 6 24
C 7 25
C 8 3
C 9 6
C 10 15
C 11 0
C 12 8
C 13 5
C 14 5
C 15 23
C 16 6
C 17 26
C 18 25
C 19 0
C 20 21
C 21 3
C 22 15
C 23 12
C 24 6
C 25 4
C 26 1
C 27 9
C 28 18
C 29 7
C 30 12
C 31 1
C 32 1
C 33 15
C 34 0
C 35 20
C 36 6
C 37 25
C 38 24
C 39 3
C 40 11
C 41 26
C 42 26
C 43 24
C 44 1
C 45 5
C 46 26
C 47 25
C 48 16
C 49 15
C 50 26
C 51 23
C 52 10
C 53 20
C 54 19
C 55 8
C 56 22
C 57 18
C 58 20
C 59 6
C 60 24
C 61 11
C 62 20
C 63 0
C 64 3
C 65 9
C 66 4
C 67 5
C 68 9
C 69 0
C 70 19
C 71 23
C 72 0
C 73 25
C 74 6
C 75 5
C 76 11
C 77 6
C 78 2
C 79 17
C 80 19
C 81 19
C 82 0
C 83 0
C 84 0
C 85 0
C 86 0
C 87 0
C 88 0
C 89 0
C 90 0
C 91 0
C 92 0
C 93 0
C 94 0
C 95 0
C 96 0
C 97 0
C 98 0
C 99 0
C 100 0
C 101 0
C 102 0
C 103 0
C 104 0
C 105 0
C 106 0
C 107 0
C 108 0
C 109 0
C 110 0
C 111 6
C 112 11
C 113 8
C 114 1
C 115 12
C 116 11
C 117 25
C 118 4
C 119 25
C 120 20
C 121 16
C 122 2
C 123 9
C 124 3
C 125 2
C 126 0
C 127 3
C 128 11
C 129 21
C 130 24
C 131 18
C 132 16
C 133 9
C 134 18
C 135 8
C 136 2
C 137 24
C 138 21
C 139 20
C 140 19
C 141 6
C 142 14
C 143 24
C 144 18
C 145 0
C 146 0
C 147 0
C 148 0
C 149 0
C 150 0
C 151 0
C 152 0
C 153 0
C 154 0
C 155 0
C 156 0
C 157 0
C 158 0
C 159 0
C 160 0
C 161 0
C 162 0
C 163 0
C 164 0
C 165 0
C 166 0
C 167 0
C 168 0
C 169 0
C 170 0
C 171 0
C 172 0
C 173 0
C 174 0
C 175 0
C 176 0
C 177 0
C 178 0
C 179 0
C 180 0
C 181 0
C 182 0
C 183 0
C 184 0
C 185 0
C 186 0
C 187 0
C 188 0
C 189 0
C 190 0
C 191 0
C 192 0
C 193 0
C 194 0
C 195 0
C 196 0
C 197 0
C 198 0
C 199 0
C 200 0
C 201 0
C 202 0
C 203 0
C 204 0
C 205 0
C 206 0
C 207 0
C 208 0
C 209 0
C 210 0
C 211 0
C 212 0
C 213 0
C 214 0
C 215 0
C 216 0
C 217 0
C 218 0
C 219 0
C 220 0
C 221 0
C 222 0
C 223 0
C 224 0
C 225 0
C 226 0
C 227 0
C 228 0
C 229 0
C 230 0
C 231 0
C 232 0
C 233 0
C 234 0
C 235 0
C 236 0
C 237 0
C 238 0
C 239 0
C 240 0
C 241 0
C 242 0
C 243 0
C 244 0
C 245 0
C 246 0
C 247 0
C 248 0
C 249 0
C 250 0
C 251 0
C 252 0
C 253 0
C 254 11
C 255 16
C 256 5
C 257 17
C 258 23
C 259 2
C 260 9
C 261 8
C 262 0
C 263 23
C 264 18
C 265 8
C 266 25
C 267 23
C 268 12
C 269 1
I 0 2 1 (1,2,0) (-1,1,1,0)
I 3 2 14 (4,3,3) (0,-1,-1,0)
I 0 1 20 (0,3,3) (0,1,-1,0)|(-1,0,0,0)
