D (9,-1,-1) (1,2,4)
D (3,-1,-1) (3,3,4)
D (8,-1,-1) (1,1,0)
D (3,9,-1) (0,0,5)
D (6,7,8) (2,2,3)
D (8,-1,-1) (0,3,3)
D (3,9,-1) (5,4,0)
D (3,-1,-1) (5,5,0)
D (9,-1,-1) (0,1,4)
D (6,7,-1) (3,3,5)
D (8,3,-1) (5,1,1)
D (3,-1,-1) (5,1,0)
D (3,-1,-1) (1,1,4)
D (3,9,-1) (2,1,0)
D (7,8,3) (0,1,2)
D (8,-1,-1) (3,5,4)
D (3,9,-1) (0,0,3)
D (6,7,-1) (0,2,2)
D (6,-1,-1) (2,1,3)
D (8,3,9) (5,3,5)
D (9,-1,-1) (4,4,2)
D (7,8,-1) (1,2,1)
D (9,-1,-1) (0,0,2)
D (7,8,-1) (3,5,3)
D (6,7,-1) (0,2,4)
D (9,-1,-1) (4,5,5)
D (7,-1,-1) (1,3,2)
D (9,-1,-1) (4,0,3)
D (8,3,9) (3,4,2)
D (6,-1,-1) (2,4,1)
D (8,3,9) (0,2,0)
D (3,9,-1) (1,4,4)
D (7,-1,-1) (1,4,0)
D (3,9,-1) (5,3,2)
D (6,7,-1) (2,5,4)
D (8,3,9) (1,5,0)
D (9,-1,-1) (5,5,4)
D (3,9,-1) (3,1,1)
D (9,-1,-1) (1,2,0)
D (8,3,-1) (2,0,1)
D (6,7,8) (4,0,5)
D (7,8,3) (3,4,5)
D (6,7,8) (0,4,3)
D (9,-1,-1) (4,3,4)
D (7,8,-1) (2,3,3)
D (3,9,-1) (4,1,0)
D (6,-1,-1) (5,2,5)
D (6,7,-1) (4,2,5)
D (9,-1,-1) (1,2,5)
D (9,-1,-1) (4,1,4)
D (7,-1,-1) (4,1,3)
D (3,-1,-1) (5,2,1)
D (6,-1,-1) (0,3,2)
D (9,-1,-1) (0,2,1)
D (6,7,-1) (4,5,2)
C 0 24
C 1 15
C 2 11
C 3 23
C 4 9
C 5 6
C 6 0
C 7 24
C 8 16
C 9 6
C 10 12
C 11 9
C 12 6
C 13 17
C 14 24
C 15 12
C 16 5
C 17 5
C 18 16
C 19 11
C 20 6
C 21 19
C 22 12
C 23 11
C 24 26
C 25 16
C 26 14
C 27 8
C 28 18
C 29 17
C 30 17
C 31 6
C 32 12
C 33 23
C 34 23
C 35 14
C 36 2
C 37 5
C 38 15
C 39 6
C 40 22
C 41 2
C 42 6
C 43 2
C 44 1
C 45 24
C 46 15
C 47 3
C 48 20
C 49 12
C 50 5
C 51 19
C 52 11
C 53 23
C 54 25
C 55 0
C 56 22
C 57 1
C 58 15
C 59 4
C 60 21
C 61 6
C 62 15
C 63 20
C 64 23
C 65 3
C 66 8
C 67 8
C 68 0
C 69 10
C 70 22
C 71 24
C 72 25
C 73 18
C 74 18
C 75 17
C 76 3
C 77 1
C 78 5
C 79 21
C 80 18
C 81 24
C 82 22
C 83 7
C 84 18
C 85 8
C 86 26
C 87 18
C 88 2
C 89 12
C 90 1
C 91 10
C 92 18
C 93 16
C 94 2
C 95 8
C 96 20
C 97 16
C 98 24
C 99 14
C 100 25
C 101 9
C 102 10
C 103 3
C 104 20
C 105 2
C 106 19
C 107 19
C 108 6
C 109 24
C 110 4
C 111 17
C 112 22
C 113 0
C 114 19
C 115 1
C 116 7
C 117 20
C 118 18
C 119 25
C 120 20
C 121 26
C 122 10
C 123 1
C 124 24
C 125 5
C 126 21
C 127 3
C 128 19
C 129 0
C 130 3
C 131 18
C 132 1
C 133 17
C 134 20
C 135 1
C 136 14
C 137 22
C 138 4
C 139 0
C 140 21
C 141 24
C 142 7
C 143 7
C 144 3
C 145 3
C 146 12
C 147 22
C 148 21
C 149 8
C 150 9
C 151 8
C 152 4
C 153 25
C 154 21
C 155 10
C 156 1
C 157 5
C 158 15
C 159 19
C 160 1
C 161 9
C 162 17
C 163 21
C 164 0
C 165 21
C 166 20
C 167 15
C 168 0
C 169 12
C 170 23
C 171 11
C 172 9
C 173 1
C 174 14
C 175 9
C 176 17
C 177 17
C 178 14
C 179 18
C 180 1
C 181 16
C 182 14
C 183 15
C 184 0
C 185 18
C 186 9
C 187 22
C 188 7
C 189 22
C 190 21
C 191 7
C 192 22
C 193 1
C 194 26
C 195 4
C 196 0
C 197 17
C 198 5
C 199 1
C 200 1
C 201 17
C 202 1
C 203 0
C 204 0
C 205 1
C 206 4
C 207 26
C 208 0
C 209 0
C 210 0
C 211 0
C 212 0
C 213 0
C 214 0
C 215 0
C 216 0
C 217 0
C 218 0
C 219 0
C 220 0
C 221 0
C 222 0
C 223 0
C 224 0
C 225 0
C 226 0
C 227 0
C 228 0
C 229 0
C 230 0
C 231 0
C 232 0
C 233 0
C 234 0
C 235 0
C 236 0
C 237 0
C 238 0
C 239 0
C 240 0
C 241 0
C 242 0
C 243 0
C 244 0
C 245 0
C 246 0
C 247 0
C 248 0
C 249 0
C 250 0
C 251 0
C 252 0
C 253 0
C 254 0
C 255 0
C 256 0
C 257 0
C 258 0
C 259 0
C 260 0
C 261 0
C 262 0
C 263 0
C 264 0
C 265 0
C 266 0
C 267 0
C 268 22
C 269 17
I 2 3 12 (5,5,1) (-1,-1,0,0)
I 5 2 11 (1,2,0) (1,-1,-1,0)
I 0 1 14 (3,1,3) (-1,0,1,0)|(0,0,0,0)
