D (9,-1,-1) (0,5,5)
D (8,3,-1) (3,2,0)
D (3,-1,-1) (1,4,5)
D (3,9,-1) (3,2,5)
D (9,-1,-1) (3,3,5)
D (9,-1,-1) (3,4,4)
D (8,3,9) (2,3,1)
D (8,3,9) (3,5,2)
D (3,9,-1) (4,2,2)
D (9,-1,-1) (2,5,3)
D (8,-1,-1) (3,5,4)
D (3,9,-1) (0,5,4)
D (7,-1,-1) (0,0,2)
D (3,9,-1) (1,2,1)
D (7,-1,-1) (2,1,2)
D (9,-1,-1) (4,2,3)
D (8,3,9) (4,4,0)
D (8,3,-1) (1,2,0)
D (6,7,8) (5,2,2)
D (8,3,-1) (4,1,1)
D (8,3,-1) (3,3,4)
D (6,7,8) (4,1,2)
D (3,-1,-1) (2,1,5)
D (7,8,3) (0,4,2)
D (3,9,-1) (2,0,5)
D (8,3,9) (2,4,5)
D (8,3,9) (2,0,3)
D (8,3,9) (5,0,4)
D (8,3,9) (4,2,0)
D (8,3,-1) (3,0,2)
D (6,-1,-1) (3,5,3)
D (8,3,-1) (3,5,0)
D (7,8,-1) (1,3,0)
D (7,-1,-1) (3,1,5)
D (9,-1,-1) (1,2,4)
D (8,-1,-1) (2,1,0)
D (7,8,3) (5,5,5)
D (6,7,8) (3,0,1)
D (9,-1,-1) (2,1,4)
D (7,-1,-1) (3,2,4)
D (7,8,3) (2,5,0)
D (9,-1,-1) (4,0,1)
D (9,-1,-1) (3,3,2)
D (8,-1,-1) (1,4,2)
D (8,3,-1) (1,1,4)
D (3,9,-1) (3,4,0)
D (6,7,-1) (3,5,1)
D (9,-1,-1) (1,5,4)
D (7,-1,-1) (3,3,1)
D (9,-1,-1) (3,4,2)
D (8,3,9) (1,4,4)
D (3,9,-1) (3,3,0)
D (3,9,-1) (0,1,0)
D (7,8,-1) (0,2,4)
C 0 2
C 1 22
C 2 23
C 3 17
C 4 16
C 5 26
C 6 23
C 7 2
C 8 22
C 9 16
C 10 22
C 11 17
C 12 14
C 13 4
C 14 3
C 15 10
C 16 4
C 17 11
C 18 20
C 19 10
C 20 18
C 21 8
C 22 14
C 23 12
C 24 12
C 25 9
C 26 22
C 27 14
C 28 18
C 29 10
C 30 20
C 31 6
C 32 1
C 33 6
C 34 18
C 35 18
C 36 4
C 37 1
C 38 24
C 39 16
C 40 15
C 41 22
C 42 24
C 43 2
C 44 0
C 45 9
C 46 22
C 47 19
C 48 0
C 49 0
C 50 0
C 51 0
C 52 12
C 53 26
C 54 0
C 55 8
C 56 9
C 57 16
C 58 3
C 59 12
C 60 17
C 61 11
C 62 12
C 63 7
C 64 1
C 65 9
C 66 8
C 67 26
C 68 0
C 69 1
C 70 15
C 71 5
C 72 19
C 73 5
C 74 12
C 75 11
C 76 15
C 77 5
C 78 2
C 79 8
C 80 20
C 81 12
C 82 23
C 83 4
C 84 26
C 85 20
C 86 22
C 87 25
C 88 0
C 89 0
C 90 0
C 91 0
C 92 0
C 93 0
C 94 0
C 95 0
C 96 0
C 97 0
C 98 0
C 99 3
C 100 10
C 101 3
C 102 6
C 103 7
C 104 14
C 105 0
C 106 6
C 107 22
C 108 24
C 109 22
C 110 3
C 111 25
C 112 19
C 113 12
C 114 18
C 115 15
C 116 17
C 117 24
C 118 2
C 119 16
C 120 8
C 121 0
C 122 0
C 123 0
C 124 0
C 125 0
C 126 0
C 127 0
C 128 0
C 129 0
C 130 0
C 131 0
C 132 0
C 133 0
C 134 0
C 135 0
C 136 0
C 137 0
C 138 0
C 139 0
C 140 0
C 141 0
C 142 0
C 143 0
C 144 0
C 145 0
C 146 0
C 147 0
C 148 0
C 149 0
C 150 0
C 151 0
C 152 0
C 153 0
C 154 0
C 155 0
C 156 0
C 157 0
C 158 0
C 159 0
C 160 0
C 161 0
C 162 0
C 163 0
C 164 0
C 165 0
C 166 0
C 167 0
C 168 0
C 169 0
C 170 0
C 171 0
C 172 0
C 173 0
C 174 0
C 175 0
C 176 0
C 177 0
C 178 0
C 179 0
C 180 0
C 181 0
C 182 0
C 183 0
C 184 0
C 185 0
C 186 0
C 187 0
C 188 0
C 189 0
C 190 0
C 191 0
C 192 0
C 193 0
C 194 0
C 195 0
C 196 0
C 197 0
C 198 0
C 199 0
C 200 0
C 201 0
C 202 0
C 203 20
C 204 16
C 205 18
C 206 3
C 207 5
C 208 5
C 209 8
C 210 20
C 211 15
C 212 6
C 213 15
C 214 14
C 215 15
C 216 16
C 217 4
C 218 24
C 219 6
C 220 2
C 221 4
C 222 2
C 223 22
C 224 22
C 225 4
C 226 11
C 227 16
C 228 1
C 229 10
C 230 17
C 231 6
C 232 22
C 233 17
C 234 7
C 235 6
C 236 14
C 237 21
C 238 9
C 239 10
C 240 23
C 241 17
C 242 22
C 243 11
C 244 12
C 245 15
C 246 1
C 247 11
C 248 9
C 249 20
C 250 10
C 251 11
C 252 9
C 253 18
C 254 12
C 255 2
C 256 7
C 257 24
C 258 21
C 259 23
C 260 1
C 261 20
C 262 19
C 263 14
C 264 17
C 265 21
C 266 15
C 267 20
C 268 21
C 269 25
I 1 1 15 (5,5,1) (-1,0,0,0)
I 2 1 17 (2,1,2) (0,1,0,0)|(0,1,-1,0)|(-1,1,-1,0)|(-1,1,1,0)|(1,-1,-1,0)
I 1 2 2 (5,3,2) (1,-1,1,0)
