D (7,8,-1) (5,0,4)
D (3,9,-1) (4,5,4)
D (9,-1,-1) (3,2,1)
D (9,-1,-1) (0,4,3)
D (6,7,8) (1,1,2)
D (8,3,9) (1,5,4)
D (3,-1,-1) (3,4,3)
D (9,-1,-1) (5,0,5)
D (3,9,-1) (3,2,5)
D (3,9,-1) (0,2,4)
D (6,-1,-1) (4,5,0)
D (3,9,-1) (5,5,4)
D (3,-1,-1) (5,1,1)
D (3,-1,-1) (2,0,2)
D (3,9,-1) (5,1,0)
D (6,7,-1) (2,5,4)
D (7,8,3) (2,4,4)
D (9,-1,-1) (4,4,1)
D (9,-1,-1) (5,2,4)
D (6,-1,-1) (2,0,3)
D (9,-1,-1) (2,4,2)
D (3,9,-1) (1,2,4)
D (6,-1,-1) (0,0,2)
D (8,3,-1) (4,0,5)
D (3,9,-1) (5,3,1)
D (8,3,9) (4,1,4)
D (7,8,3) (5,4,1)
D (7,8,3) (5,1,4)
D (6,-1,-1) (4,0,3)
D (8,3,9) (5,2,0)
D (6,7,-1) (5,3,5)
D (8,3,-1) (2,2,0)
D (6,7,-1) (0,0,1)
D (7,8,3) (4,0,1)
D (7,8,-1) (3,4,1)
D (7,8,-1) (2,1,3)
D (6,7,8) (0,4,4)
D (7,8,-1) (4,3,2)
D (3,-1,-1) (4,4,0)
D (7,8,3) (4,1,2)
D (9,-1,-1) (4,5,1)
D (7,8,3) (2,2,5)
D (6,-1,-1) (2,2,3)
D (3,-1,-1) (5,4,5)
D (7,8,-1) (1,3,3)
D (6,-1,-1) (1,4,4)
D (8,3,9) (3,1,1)
D (7,8,-1) (0,1,1)
D (9,-1,-1) (2,1,2)
D (6,-1,-1) (2,3,5)
C 0 26
C 1 15
C 2 18
C 3 20
C 4 18
C 5 8
C 6 7
C 7 8
C 8 24
C 9 14
C 10 12
C 11 23
C 12 25
C 13 8
C 14 7
C 15 0
C 16 0
C 17 0
C 18 0
C 19 0
C 20 0
C 21 0
C 22 0
C 23 0
C 24 0
C 25 0
C 26 0
C 27 0
C 28 0
C 29 0
C 30 0
C 31 0
C 32 0
C 33 0
C 34 0
C 35 0
C 36 0
C 37 0
C 38 0
C 39 0
C 40 0
C 41 0
C 42 0
C 43 0
C 44 0
C 45 0
C 46 0
C 47 0
C 48 0
C 49 0
C 50 0
C 51 0
C 52 0
C 53 0
C 54 0
C 55 0
C 56 0
C 57 0
C 58 0
C 59 0
C 60 0
C 61 0
C 62 0
C 63 0
C 64 0
C 65 0
C 66 0
C 67 0
C 68 0
C 69 0
C 70 0
C 71 0
C 72 0
C 73 0
C 74 0
C 75 0
C 76 0
C 77 0
C 78 0
C 79 0
C 80 0
C 81 0
C 82 0
C 83 0
C 84 0
C 85 0
C 86 0
C 87 0
C 88 0
C 89 0
C 90 0
C 91 0
C 92 0
C 93 0
C 94 0
C 95 0
C 96 0
C 97 0
C 98 0
C 99 0
C 100 0
C 101 0
C 102 0
C 103 0
C 104 0
C 105 0
C 106 0
C 107 0
C 108 0
C 109 0
C 110 0
C 111 0
C 112 0
C 113 0
C 114 0
C 115 0
C 116 0
C 117 0
C 118 0
C 119 0
C 120 0
C 121 0
C 122 0
C 123 0
C 124 0
C 125 0
C 126 0
C 127 0
C 128 0
C 129 1
C 130 4
C 131 2
C 132 26
C 133 5
C 134 5
C 135 18
C 136 14
C 137 25
C 138 5
C 139 0
C 140 15
C 141 21
C 142 8
C 143 1
C 144 15
C 145 12
C 146 11
C 147 16
C 148 14
C 149 22
C 150 24
C 151 17
C 152 25
C 153 1
C 154 19
C 155 26
C 156 16
C 157 10
C 158 7
C 159 2
C 160 12
C 161 2
C 162 22
C 163 18
C 164 18
C 165 23
C 166 23
C 167 4
C 168 10
C 169 9
C 170 12
C 171 4
C 172 6
C 173 0
C 174 0
C 175 0
C 176 0
C 177 0
C 178 0
C 179 0
C 180 0
C 181 0
C 182 0
C 183 0
C 184 0
C 185 0
C 186 0
C 187 0
C 188 0
C 189 0
C 190 26
C 191 0
C 192 22
C 193 19
C 194 7
C 195 10
C 196 22
C 197 10
C 198 18
C 199 4
C 200 2
C 201 9
C 202 25
C 203 0
C 204 9
C 205 22
C 206 21
C 207 2
C 208 9
C 209 5
C 210 9
C 211 15
C 212 5
C 213 9
C 214 17
C 215 19
C 216 6
C 217 17
C 218 8
C 219 0
C 220 10
C 221 15
C 222 8
C 223 3
C 224 23
C 225 11
C 226 7
C 227 2
C 228 12
C 229 11
C 230 7
C 231 18
C 232 12
C 233 15
C 234 9
C 235 26
C 236 3
C 237 4
C 238 8
C 239 22
C 240 2
C 241 25
C 242 20
C 243 24
C 244 26
C 245 22
C 246 23
C 247 16
C 248 3
C 249 10
C 250 3
C 251 16
C 252 26
C 253 3
C 254 10
C 255 1
C 256 19
C 257 25
C 258 22
C 259 18
C 260 5
C 261 10
C 262 3
C 263 17
C 264 14
C 265 1
C 266 24
C 267 12
C 268 7
C 269 15
I 0 2 2 (1,1,0) (0,0,1,0)|(-1,1,0,0)|(0,0,-1,0)
I 3 2 6 (5,0,4) (-1,-1,1,0)
I 2 3 20 (3,5,3) (1,0,1,0)
