D (3,-1,-1) (0,5,0)
D (3,9,-1) (0,1,0)
D (3,9,-1) (0,4,2)
D (8,3,9) (3,2,2)
D (7,8,-1) (2,4,0)
D (9,-1,-1) (0,1,5)
D (7,8,-1) (3,4,3)
D (7,8,-1) (3,5,1)
D (7,8,-1) (1,1,0)
D (9,-1,-1) (3,3,2)
D (9,-1,-1) (3,1,3)
D (9,-1,-1) (0,4,0)
D (3,-1,-1) (0,3,5)
D (7,-1,-1) (2,1,5)
D (9,-1,-1) (1,2,0)
D (8,3,-1) (1,4,0)
D (8,3,9) (3,2,5)
D (8,3,-1) (1,3,1)
D (8,3,-1) (3,2,1)
D (6,7,8) (0,2,1)
D (7,8,3) (4,4,0)
D (6,-1,-1) (0,5,4)
D (9,-1,-1) (4,3,3)
D (9,-1,-1) (2,5,0)
D (7,8,-1) (0,4,3)
D (9,-1,-1) (0,0,5)
D (6,7,8) (1,1,2)
D (6,7,-1) (4,5,3)
D (8,-1,-1) (0,0,0)
D (8,-1,-1) (0,0,3)
D (6,7,-1) (5,0,0)
D (3,-1,-1) (3,3,3)
D (3,-1,-1) (3,5,0)
D (6,7,8) (5,5,1)
D (8,3,9) (4,5,0)
D (9,-1,-1) (4,3,1)
D (7,8,3) (5,0,3)
D (7,-1,-1) (0,3,1)
D (6,7,8) (0,5,1)
D (9,-1,-1) (5,1,0)
D (8,3,-1) (3,5,2)
D (9,-1,-1) (4,2,1)
D (6,7,8) (5,2,2)
D (3,9,-1) (1,3,5)
D (6,7,8) (2,4,5)
D (9,-1,-1) (2,4,4)
D (9,-1,-1) (3,0,4)
D (9,-1,-1) (3,3,4)
D (8,-1,-1) (5,0,4)
D (6,7,-1) (1,3,3)
D (3,9,-1) (0,2,0)
D (9,-1,-1) (1,4,1)
D (3,-1,-1) (2,3,5)
D (8,3,-1) (5,5,5)
D (7,-1,-1) (0,1,4)
D (3,-1,-1) (2,0,4)
D (3,9,-1) (1,2,1)
D (3,9,-1) (1,0,0)
D (6,7,-1) (2,2,0)
D (7,-1,-1) (1,0,2)
D (6,7,8) (4,4,1)
D (6,7,-1) (5,3,4)
D (6,7,8) (3,3,5)
D (3,-1,-1) (0,5,5)
D (7,-1,-1) (0,0,4)
D (8,3,-1) (4,0,3)
D (9,-1,-1) (4,3,0)
D (8,-1,-1) (0,3,2)
D (9,-1,-1) (2,0,3)
D (6,7,8) (0,3,0)
D (6,7,-1) (1,4,3)
D (3,-1,-1) (4,1,2)
D (3,9,-1) (1,0,5)
D (6,7,8) (1,5,5)
D (8,-1,-1) (3,4,1)
D (9,-1,-1) (4,0,1)
D (7,8,3) (1,2,4)
D (6,-1,-1) (2,2,4)
D (3,9,-1) (1,4,5)
D (7,8,-1) (1,2,5)
D (8,-1,-1) (3,0,5)
D (3,9,-1) (4,1,3)
D (9,-1,-1) (5,1,2)
D (3,9,-1) (5,1,1)
D (6,7,-1) (5,4,4)
D (8,3,-1) (5,4,2)
D (6,7,-1) (5,1,4)
C 0 19
C 1 19
C 2 23
C 3 15
C 4 26
C 5 9
C 6 7
C 7 17
C 8 21
C 9 14
C 10 4
C 11 17
C 12 6
C 13 9
C 14 26
C 15 6
C 16 18
C 17 18
C 18 19
C 19 16
C 20 7
C 21 2
C 22 23
C 23 9
C 24 16
C 25 6
C 26 23
C 27 6
C 28 16
C 29 11
C 30 16
C 31 19
C 32 7
C 33 25
C 34 5
C 35 2
C 36 5
C 37 16
C 38 9
C 39 16
C 40 6
C 41 26
C 42 20
C 43 15
C 44 6
C 45 16
C 46 6
C 47 6
C 48 5
C 49 11
C 50 16
C 51 26
C 52 20
C 53 23
C 54 3
C 55 9
C 56 26
C 57 22
C 58 14
C 59 18
C 60 22
C 61 18
C 62 6
C 63 12
C 64 20
C 65 20
C 66 23
C 67 8
C 68 6
C 69 18
C 70 12
C 71 0
C 72 16
C 73 23
C 74 3
C 75 9
C 76 9
C 77 16
C 78 8
C 79 17
C 80 21
C 81 14
C 82 11
C 83 15
C 84 2
C 85 20
C 86 5
C 87 15
C 88 24
C 89 2
C 90 24
C 91 3
C 92 20
C 93 16
C 94 11
C 95 26
C 96 26
C 97 25
C 98 19
C 99 23
C 100 15
C 101 14
C 102 15
C 103 2
C 104 7
C 105 22
C 106 19
C 107 23
C 108 17
C 109 1
C 110 24
C 111 25
C 112 3
C 113 3
C 114 24
C 115 10
C 116 26
C 117 21
C 118 2
C 119 5
C 120 0
C 121 4
C 122 9
C 123 17
C 124 26
C 125 26
C 126 14
C 127 11
C 128 6
C 129 1
C 130 7
C 131 12
C 132 11
C 133 16
C 134 5
C 135 11
C 136 1
C 137 24
C 138 16
C 139 8
C 140 23
C 141 7
C 142 1
C 143 24
C 144 25
C 145 25
C 146 6
C 147 9
C 148 19
C 149 17
C 150 0
C 151 24
C 152 15
C 153 0
C 154 0
C 155 0
C 156 0
C 157 0
C 158 0
C 159 0
C 160 0
C 161 0
C 162 0
C 163 0
C 164 0
C 165 14
C 166 9
C 167 16
C 168 24
C 169 8
C 170 26
C 171 1
C 172 24
C 173 4
C 174 11
C 175 9
C 176 6
C 177 26
C 178 3
C 179 25
C 180 23
C 181 20
C 182 3
C 183 21
C 184 21
C 185 18
C 186 11
C 187 3
C 188 1
C 189 2
C 190 10
C 191 25
C 192 18
C 193 16
C 194 14
C 195 16
C 196 17
C 197 11
C 198 14
C 199 5
C 200 26
C 201 16
C 202 2
C 203 15
C 204 2
C 205 18
C 206 19
C 207 15
C 208 23
C 209 10
C 210 4
C 211 19
C 212 7
C 213 11
C 214 7
C 215 2
C 216 15
C 217 20
C 218 26
C 219 25
C 220 26
C 221 8
C 222 2
C 223 21
C 224 26
C 225 26
C 226 17
C 227 22
C 228 11
C 229 8
C 230 12
C 231 24
C 232 9
C 233 15
C 234 24
C 235 0
C 236 6
C 237 7
C 238 26
C 239 9
C 240 17
C 241 4
C 242 9
C 243 26
C 244 9
C 245 9
C 246 19
C 247 15
C 248 15
C 249 18
C 250 7
C 251 5
C 252 1
C 253 23
C 254 14
C 255 2
C 256 8
C 257 17
C 258 2
C 259 9
C 260 26
C 261 15
C 262 15
C 263 10
C 264 5
C 265 15
C 266 21
C 267 25
C 268 25
C 269 22
I 4 2 5 (4,0,3) (-1,0,-1,0)
I 4 3 10 (5,5,0) (-1,1,-1,0)
I 0 1 16 (0,0,2) (0,1,-1,0)|(-1,1,-1,0)
