D (7,8,3) (3,2,4)
D (3,-1,-1) (0,2,3)
D (9,-1,-1) (2,1,1)
D (8,3,-1) (2,5,1)
D (8,3,-1) (4,1,1)
D (7,8,-1) (3,3,4)
D (3,-1,-1) (3,4,5)
D (3,9,-1) (3,3,0)
D (7,8,3) (3,5,0)
D (7,8,-1) (2,3,1)
D (7,8,-1) (0,3,1)
D (7,8,3) (4,3,4)
D (3,-1,-1) (4,5,4)
D (3,-1,-1) (3,4,1)
D (8,3,-1) (5,0,2)
D (7,8,3) (0,4,5)
D (6,7,-1) (2,5,4)
D (7,-1,-1) (4,3,5)
D (9,-1,-1) (1,1,4)
D (7,8,3) (3,1,5)
D (6,-1,-1) (5,2,3)
D (8,-1,-1) (1,1,0)
D (6,7,8) (5,5,2)
D (8,3,-1) (3,1,1)
D (7,8,3) (0,5,4)
D (9,-1,-1) (2,3,3)
D (8,-1,-1) (4,2,1)
D (9,-1,-1) (2,1,3)
D (3,-1,-1) (1,4,1)
D (3,-1,-1) (1,2,0)
D (9,-1,-1) (5,4,1)
D (3,9,-1) (3,0,2)
D (6,-1,-1) (1,2,4)
D (3,9,-1) (0,4,3)
D (7,8,-1) (2,1,5)
D (9,-1,-1) (5,4,0)
D (7,8,-1) (5,0,0)
D (7,8,3) (0,3,3)
D (6,7,8) (1,5,5)
D (6,-1,-1) (5,0,1)
D (7,-1,-1) (1,3,5)
D (8,-1,-1) (3,2,3)
C 0 15
C 1 7
C 2 0
C 3 0
C 4 0
C 5 0
C 6 0
C 7 0
C 8 0
C 9 0
C 10 0
C 11 0
C 12 0
C 13 0
C 14 0
C 15 0
C 16 0
C 17 0
C 18 0
C 19 0
C 20 0
C 21 0
C 22 0
C 23 0
C 24 0
C 25 0
C 26 0
C 27 0
C 28 0
C 29 0
C 30 0
C 31 0
C 32 0
C 33 0
C 34 0
C 35 0
C 36 0
C 37 0
C 38 0
C 39 0
C 40 0
C 41 0
C 42 0
C 43 0
C 44 0
C 45 0
C 46 0
C 47 0
C 48 0
C 49 0
C 50 0
C 51 0
C 52 0
C 53 0
C 54 0
C 55 0
C 56 0
C 57 0
C 58 0
C 59 0
C 60 0
C 61 0
C 62 0
C 63 0
C 64 0
C 65 0
C 66 0
C 67 0
C 68 0
C 69 0
C 70 0
C 71 0
C 72 0
C 73 0
C 74 0
C 75 0
C 76 0
C 77 0
C 78 0
C 79 0
C 80 0
C 81 0
C 82 0
C 83 0
C 84 0
C 85 0
C 86 0
C 87 0
C 88 0
C 89 0
C 90 0
C 91 0
C 92 0
C 93 0
C 94 0
C 95 0
C 96 0
C 97 0
C 98 0
C 99 0
C 100 0
C 101 0
C 102 0
C 103 0
C 104 0
C 105 0
C 106 0
C 107 0
C 108 0
C 109 0
C 110 0
C 111 0
C 112 0
C 113 0
C 114 2
C 115 16
C 116 3
C 117 5
C 118 22
C 119 22
C 120 15
C 121 2
C 122 6
C 123 15
C 124 22
C 125 15
C 126 5
C 127 16
C 128 18
C 129 4
C 130 15
C 131 9
C 132 1
C 133 9
C 134 3
C 135 23
C 136 2
C 137 12
C 138 17
C 139 1
C 140 8
C 141 19
C 142 9
C 143 9
C 144 5
C 145 11
C 146 11
C 147 6
C 148 4
C 149 3
C 150 15
C 151 24
C 152 19
C 153 15
C 154 2
C 155 24
C 156 19
C 157 24
C 158 18
C 159 6
C 160 9
C 161 17
C 162 8
C 163 16
C 164 25
C 165 2
C 166 8
C 167 15
C 168 15
C 169 0
C 170 5
C 171 23
C 172 20
C 173 20
C 174 8
C 175 22
C 176 6
C 177 17
C 178 0
C 179 20
C 180 8
C 181 15
C 182 9
C 183 22
C 184 5
C 185 11
C 186 26
C 187 1
C 188 8
C 189 0
C 190 0
C 191 0
C 192 0
C 193 0
C 194 0
C 195 0
C 196 0
C 197 0
C 198 0
C 199 0
C 200 0
C 201 0
C 202 0
C 203 16
C 204 23
C 205 9
C 206 14
C 207 1
C 208 3
C 209 7
C 210 1
C 211 8
C 212 6
C 213 6
C 214 9
C 215 5
C 216 5
C 217 17
C 218 12
C 219 26
C 220 16
C 221 16
C 222 7
C 223 21
C 224 1
C 225 4
C 226 16
C 227 22
C 228 16
C 229 24
C 230 24
C 231 2
C 232 26
C 233 17
C 234 26
C 235 20
C 236 26
C 237 20
C 238 17
C 239 7
C 240 10
C 241 8
C 242 4
C 243 26
C 244 25
C 245 6
C 246 18
C 247 24
C 248 3
C 249 18
C 250 26
C 251 10
C 252 2
C 253 18
C 254 17
C 255 3
C 256 24
C 257 15
C 258 10
C 259 8
C 260 1
C 261 14
C 262 24
C 263 18
C 264 12
C 265 25
C 266 15
C 267 21
C 268 2
C 269 11
I 0 3 3 (1,5,3) (0,0,1,0)
I 5 2 19 (3,5,1) (0,0,1,0)
I 3 2 6 (2,4,1) (0,1,-1,0)
