D (8,3,9) (2,1,2)
D (8,3,-1) (0,3,0)
D (7,8,-1) (0,0,0)
D (6,7,-1) (3,5,3)
D (6,7,-1) (1,4,4)
D (7,8,3) (3,3,0)
D (7,8,-1) (3,5,1)
D (6,7,-1) (3,2,2)
D (3,-1,-1) (5,1,2)
D (8,3,-1) (2,2,4)
D (3,9,-1) (1,3,4)
D (9,-1,-1) (3,2,0)
D (3,9,-1) (4,0,2)
D (7,8,-1) (1,5,3)
D (7,8,3) (4,1,1)
D (6,-1,-1) (1,5,5)
D (7,8,3) (5,5,1)
D (9,-1,-1) (4,5,5)
D (9,-1,-1) (5,1,0)
D (8,-1,-1) (0,2,5)
D (3,9,-1) (0,5,0)
D (8,-1,-1) (5,0,3)
D (9,-1,-1) (4,3,0)
D (9,-1,-1) (2,0,0)
D (6,7,8) (2,2,0)
D (3,9,-1) (2,0,2)
D (8,-1,-1) (4,0,4)
D (7,8,3) (1,2,2)
D (9,-1,-1) (5,3,1)
D (7,8,-1) (4,1,4)
D (3,9,-1) (1,3,3)
D (8,3,9) (4,4,3)
D (6,7,8) (1,2,1)
D (3,9,-1) (0,2,1)
D (6,7,-1) (5,0,5)
D (8,-1,-1) (0,3,4)
D (9,-1,-1) (2,1,3)
D (7,8,3) (4,3,2)
D (8,3,-1) (4,2,0)
D (6,-1,-1) (1,5,4)
D (7,8,-1) (4,2,4)
D (9,-1,-1) (5,3,3)
D (3,-1,-1) (4,4,2)
D (6,7,8) (1,1,1)
D (6,7,8) (5,1,5)
D (9,-1,-1) (0,3,2)
D (3,9,-1) (1,3,2)
D (7,8,3) (0,3,5)
D (3,9,-1) (0,5,4)
D (7,8,-1) (0,1,2)
D (7,8,-1) (0,4,0)
D (7,8,-1) (1,2,5)
D (3,-1,-1) (5,2,4)
D (8,3,9) (1,3,5)
D (6,7,-1) (5,4,3)
D (9,-1,-1) (5,1,4)
D (6,7,-1) (5,4,1)
D (7,8,-1) (1,5,0)
D (9,-1,-1) (2,0,3)
D (3,9,-1) (3,2,3)
D (6,-1,-1) (2,2,5)
D (3,-1,-1) (4,0,3)
D (3,9,-1) (5,2,5)
D (8,3,9) (4,2,1)
D (9,-1,-1) (5,1,1)
D (8,3,9) (2,3,4)
D (3,-1,-1) (5,3,5)
D (9,-1,-1) (0,1,0)
C 0 12
C 1 18
C 2 25
C 3 25
C 4 22
C 5 2
C 6 18
C 7 3
C 8 20
C 9 8
C 10 7
C 11 17
C 12 16
C 13 20
C 14 11
C 15 19
C 16 26
C 17 3
C 18 23
C 19 25
C 20 5
C 21 18
C 22 25
C 23 18
C 24 4
C 25 3
C 26 4
C 27 5
C 28 3
C 29 25
C 30 2
C 31 23
C 32 25
C 33 22
C 34 0
C 35 22
C 36 19
C 37 26
C 38 19
C 39 15
C 40 6
C 41 12
C 42 3
C 43 8
C 44 20
C 45 24
C 46 15
C 47 7
C 48 20
C 49 22
C 50 16
C 51 10
C 52 1
C 53 26
C 54 22
C 55 24
C 56 3
C 57 26
C 58 21
C 59 21
C 60 10
C 61 3
C 62 11
C 63 24
C 64 21
C 65 21
C 66 21
C 67 22
C 68 14
C 69 24
C 70 26
C 71 18
C 72 23
C 73 1
C 74 14
C 75 22
C 76 0
C 77 15
C 78 2
C 79 24
C 80 6
C 81 6
C 82 12
C 83 24
C 84 23
C 85 5
C 86 2
C 87 6
C 88 18
C 89 7
C 90 0
C 91 21
C 92 26
C 93 25
C 94 14
C 95 8
C 96 19
C 97 17
C 98 21
C 99 2
C 100 8
C 101 21
C 102 3
C 103 14
C 104 9
C 105 16
C 106 19
C 107 26
C 108 0
C 109 21
C 110 25
C 111 6
C 112 23
C 113 2
C 114 8
C 115 26
C 116 17
C 117 21
C 118 25
C 119 16
C 120 20
C 121 4
C 122 11
C 123 2
C 124 2
C 125 5
C 126 5
C 127 1
C 128 16
C 129 23
C 130 15
C 131 22
C 132 19
C 133 0
C 134 0
C 135 0
C 136 0
C 137 0
C 138 0
C 139 0
C 140 0
C 141 0
C 142 0
C 143 0
C 144 0
C 145 0
C 146 0
C 147 0
C 148 0
C 149 0
C 150 0
C 151 0
C 152 0
C 153 0
C 154 0
C 155 0
C 156 0
C 157 0
C 158 0
C 159 0
C 160 0
C 161 0
C 162 0
C 163 0
C 164 0
C 165 0
C 166 0
C 167 0
C 168 0
C 169 0
C 170 0
C 171 0
C 172 0
C 173 0
C 174 0
C 175 0
C 176 0
C 177 0
C 178 0
C 179 0
C 180 0
C 181 0
C 182 0
C 183 0
C 184 0
C 185 0
C 186 0
C 187 0
C 188 0
C 189 0
C 190 0
C 191 0
C 192 0
C 193 0
C 194 0
C 195 0
C 196 0
C 197 0
C 198 0
C 199 0
C 200 0
C 201 0
C 202 0
C 203 17
C 204 16
C 205 9
C 206 10
C 207 10
C 208 14
C 209 3
C 210 14
C 211 22
C 212 22
C 213 22
C 214 12
C 215 1
C 216 6
C 217 23
C 218 25
C 219 8
C 220 4
C 221 1
C 222 16
C 223 20
C 224 17
C 225 7
C 226 6
C 227 25
C 228 1
C 229 12
C 230 17
C 231 21
C 232 20
C 233 10
C 234 18
C 235 20
C 236 9
C 237 22
C 238 22
C 239 26
C 240 15
C 241 20
C 242 4
C 243 14
C 244 11
C 245 15
C 246 4
C 247 5
C 248 8
C 249 26
C 250 18
C 251 14
C 252 24
C 253 16
C 254 22
C 255 4
C 256 15
C 257 8
C 258 4
C 259 1
C 260 5
C 261 2
C 262 0
C 263 21
C 264 18
C 265 2
C 266 2
C 267 26
C 268 22
C 269 0
I 0 2 9 (4,3,4) (-1,1,-1,0)|(1,1,1,0)
I 4 2 6 (4,4,0) (-1,1,-1,0)
I 5 3 5 (2,3,0) (-1,0,1,0)|(-1,1,0,0)|(-1,-1,1,0)
