D (6,7,8) (5,0,3)
D (3,9,-1) (3,4,1)
D (8,3,-1) (4,4,2)
D (3,-1,-1) (1,0,0)
D (3,-1,-1) (0,2,5)
D (8,3,9) (5,5,1)
D (6,7,8) (3,5,2)
D (7,-1,-1) (4,1,1)
D (6,7,-1) (5,0,5)
D (8,3,9) (4,2,4)
D (9,-1,-1) (0,2,2)
D (6,7,8) (3,5,4)
D (6,7,8) (1,4,1)
D (3,9,-1) (2,1,2)
D (8,3,-1) (2,3,4)
D (3,-1,-1) (1,1,3)
D (8,3,9) (4,2,1)
D (9,-1,-1) (2,4,5)
D (9,-1,-1) (0,1,1)
D (7,8,-1) (3,5,3)
D (6,7,-1) (4,4,1)
D (7,-1,-1) (5,1,0)
D (3,9,-1) (1,5,3)
D (7,8,3) (2,1,1)
D (7,-1,-1) (0,4,3)
D (9,-1,-1) (4,5,3)
D (7,8,-1) (5,4,2)
D (3,9,-1) (1,1,0)
D (3,9,-1) (1,1,2)
D (7,8,-1) (3,0,0)
D (3,-1,-1) (2,4,2)
D (9,-1,-1) (2,1,0)
D (3,9,-1) (4,0,1)
D (7,-1,-1) (0,4,4)
D (9,-1,-1) (3,2,5)
D (6,-1,-1) (5,3,2)
D (6,7,-1) (4,2,5)
D (6,7,8) (4,0,0)
D (9,-1,-1) (2,5,3)
D (3,-1,-1) (2,4,0)
D (3,-1,-1) (3,4,3)
D (8,3,-1) (5,2,0)
D (9,-1,-1) (2,0,2)
D (3,-1,-1) (0,3,3)
D (9,-1,-1) (2,0,4)
D (7,8,-1) (0,3,2)
D (7,8,-1) (4,5,1)
D (8,-1,-1) (2,0,3)
D (7,8,3) (5,1,1)
D (3,9,-1) (0,0,3)
D (9,-1,-1) (3,0,1)
D (6,-1,-1) (0,1,2)
D (6,7,8) (2,2,0)
D (3,9,-1) (4,3,2)
D (9,-1,-1) (1,3,2)
D (3,9,-1) (1,2,2)
D (3,9,-1) (0,5,1)
D (9,-1,-1) (1,4,2)
D (9,-1,-1) (4,3,4)
D (3,9,-1) (0,4,2)
D (3,9,-1) (5,5,0)
D (7,8,-1) (2,1,4)
C 0 18
C 1 0
C 2 16
C 3 12
C 4 3
C 5 10
C 6 3
C 7 14
C 8 9
C 9 25
C 10 8
C 11 21
C 12 26
C 13 11
C 14 9
C 15 22
C 16 19
C 17 6
C 18 1
C 19 16
C 20 23
C 21 10
C 22 2
C 23 6
C 24 9
C 25 0
C 26 10
C 27 3
C 28 6
C 29 25
C 30 17
C 31 22
C 32 19
C 33 6
C 34 17
C 35 16
C 36 11
C 37 4
C 38 26
C 39 9
C 40 4
C 41 6
C 42 15
C 43 23
C 44 10
C 45 24
C 46 11
C 47 11
C 48 7
C 49 17
C 50 14
C 51 23
C 52 18
C 53 3
C 54 0
C 55 18
C 56 2
C 57 22
C 58 3
C 59 10
C 60 21
C 61 7
C 62 20
C 63 0
C 64 24
C 65 17
C 66 9
C 67 17
C 68 25
C 69 4
C 70 15
C 71 21
C 72 23
C 73 17
C 74 14
C 75 6
C 76 17
C 77 6
C 78 4
C 79 8
C 80 0
C 81 0
C 82 0
C 83 0
C 84 0
C 85 0
C 86 0
C 87 0
C 88 0
C 89 0
C 90 0
C 91 0
C 92 0
C 93 0
C 94 0
C 95 0
C 96 0
C 97 0
C 98 0
C 99 0
C 100 0
C 101 0
C 102 0
C 103 0
C 104 0
C 105 0
C 106 0
C 107 0
C 108 0
C 109 0
C 110 0
C 111 0
C 112 0
C 113 0
C 114 0
C 115 0
C 116 0
C 117 0
C 118 0
C 119 0
C 120 0
C 121 0
C 122 0
C 123 0
C 124 0
C 125 0
C 126 0
C 127 0
C 128 0
C 129 0
C 130 0
C 131 0
C 132 0
C 133 0
C 134 0
C 135 0
C 136 0
C 137 0
C 138 0
C 139 0
C 140 0
C 141 0
C 142 0
C 143 0
C 144 0
C 145 0
C 146 0
C 147 0
C 148 0
C 149 0
C 150 0
C 151 0
C 152 0
C 153 0
C 154 0
C 155 0
C 156 0
C 157 0
C 158 0
C 159 0
C 160 0
C 161 0
C 162 0
C 163 0
C 164 0
C 165 0
C 166 0
C 167 0
C 168 0
C 169 0
C 170 0
C 171 0
C 172 0
C 173 0
C 174 0
C 175 0
C 176 0
C 177 0
C 178 0
C 179 0
C 180 0
C 181 0
C 182 0
C 183 0
C 184 0
C 185 0
C 186 0
C 187 0
C 188 0
C 189 0
C 190 0
C 191 0
C 192 0
C 193 0
C 194 0
C 195 0
C 196 0
C 197 0
C 198 0
C 199 0
C 200 0
C 201 0
C 202 0
C 203 0
C 204 0
C 205 0
C 206 0
C 207 0
C 208 0
C 209 0
C 210 0
C 211 0
C 212 0
C 213 0
C 214 0
C 215 0
C 216 0
C 217 0
C 218 0
C 219 0
C 220 6
C 221 15
C 222 21
C 223 9
C 224 21
C 225 7
C 226 0
C 227 4
C 228 1
C 229 22
C 230 23
C 231 20
C 232 20
C 233 9
C 234 12
C 235 11
C 236 20
C 237 20
C 238 14
C 239 22
C 240 25
C 241 21
C 242 15
C 243 4
C 244 26
C 245 14
C 246 15
C 247 22
C 248 23
C 249 23
C 250 26
C 251 2
C 252 21
C 253 3
C 254 0
C 255 17
C 256 23
C 257 24
C 258 3
C 259 23
C 260 12
C 261 7
C 262 19
C 263 21
C 264 22
C 265 6
C 266 8
C 267 26
C 268 26
C 269 24
I 2 1 16 (5,4,4) (0,-1,0,0)|(1,0,0,0)
I 1 1 16 (5,0,5) (1,1,1,0)|(1,1,0,0)|(1,-1,1,0)|(1,-1,-1,0)
I 0 1 14 (2,5,0) (0,0,1,0)|(-1,0,0,0)|(-1,-1,1,0)|(-1,1,-1,0)
