D (3,9,-1) (4,2,4)
D (3,9,-1) (2,2,2)
D (3,-1,-1) (0,4,0)
D (8,3,-1) (4,5,3)
D (3,9,-1) (5,2,5)
D (3,-1,-1) (2,5,1)
D (7,8,-1) (2,4,1)
D (8,3,-1) (1,2,2)
D (3,9,-1) (5,4,1)
D (3,9,-1) (4,1,1)
D (7,-1,-1) (1,0,2)
D (9,-1,-1) (0,0,0)
D (9,-1,-1) (0,3,3)
D (7,-1,-1) (3,0,0)
D (3,9,-1) (5,1,0)
D (6,7,-1) (5,1,2)
D (9,-1,-1) (0,1,2)
D (3,9,-1) (4,4,1)
D (8,3,9) (3,2,1)
D (8,3,9) (0,3,2)
D (3,9,-1) (4,2,2)
D (7,8,-1) (2,5,0)
D (3,9,-1) (1,0,1)
D (6,7,8) (2,1,5)
D (9,-1,-1) (0,0,4)
D (8,3,9) (5,1,5)
D (6,7,8) (0,3,5)
D (9,-1,-1) (1,5,2)
D (3,9,-1) (2,0,0)
D (8,3,9) (3,4,4)
D (3,9,-1) (1,4,3)
D (7,8,-1) (2,1,1)
D (9,-1,-1) (5,1,1)
D (9,-1,-1) (4,0,5)
D (6,7,8) (5,0,2)
D (3,9,-1) (1,3,5)
D (6,7,-1) (5,4,3)
D (6,-1,-1) (0,5,5)
D (9,-1,-1) (1,4,0)
D (3,9,-1) (5,4,2)
D (8,3,-1) (4,0,4)
D (6,7,-1) (5,5,5)
D (9,-1,-1) (4,3,5)
C 0 15
C 1 6
C 2 24
C 3 12
C 4 3
C 5 25
C 6 14
C 7 20
C 8 22
C 9 3
C 10 22
C 11 23
C 12 5
C 13 15
C 14 22
C 15 21
C 16 20
C 17 22
C 18 9
C 19 3
C 20 12
C 21 11
C 22 25
C 23 1
C 24 0
C 25 0
C 26 0
C 27 0
C 28 0
C 29 0
C 30 0
C 31 0
C 32 0
C 33 0
C 34 0
C 35 0
C 36 0
C 37 0
C 38 0
C 39 0
C 40 0
C 41 0
C 42 0
C 43 0
C 44 0
C 45 0
C 46 0
C 47 0
C 48 0
C 49 0
C 50 0
C 51 0
C 52 0
C 53 0
C 54 0
C 55 0
C 56 0
C 57 0
C 58 21
C 59 0
C 60 5
C 61 3
C 62 5
C 63 5
C 64 26
C 65 23
C 66 16
C 67 12
C 68 3
C 69 26
C 70 19
C 71 21
C 72 8
C 73 10
C 74 17
C 75 21
C 76 7
C 77 0
C 78 24
C 79 2
C 80 8
C 81 7
C 82 15
C 83 1
C 84 16
C 85 21
C 86 25
C 87 16
C 88 24
C 89 10
C 90 3
C 91 25
C 92 9
C 93 2
C 94 17
C 95 18
C 96 21
C 97 16
C 98 21
C 99 8
C 100 18
C 101 17
C 102 26
C 103 0
C 104 1
C 105 17
C 106 15
C 107 8
C 108 0
C 109 15
C 110 22
C 111 21
C 112 17
C 113 2
C 114 12
C 115 7
C 116 18
C 117 21
C 118 3
C 119 16
C 120 11
C 121 23
C 122 21
C 123 22
C 124 26
C 125 2
C 126 7
C 127 7
C 128 7
C 129 9
C 130 17
C 131 19
C 132 10
C 133 25
C 134 1
C 135 10
C 136 18
C 137 0
C 138 0
C 139 1
C 140 17
C 141 24
C 142 0
C 143 22
C 144 17
C 145 23
C 146 9
C 147 1
C 148 0
C 149 0
C 150 0
C 151 0
C 152 0
C 153 0
C 154 0
C 155 0
C 156 0
C 157 0
C 158 0
C 159 0
C 160 0
C 161 0
C 162 0
C 163 0
C 164 0
C 165 0
C 166 0
C 167 17
C 168 14
C 169 25
C 170 4
C 171 4
C 172 2
C 173 18
C 174 22
C 175 1
C 176 25
C 177 20
C 178 17
C 179 5
C 180 25
C 181 9
C 182 12
C 183 3
C 184 1
C 185 11
C 186 12
C 187 8
C 188 1
C 189 12
C 190 5
C 191 5
C 192 8
C 193 19
C 194 3
C 195 5
C 196 5
C 197 1
C 198 4
C 199 3
C 200 3
C 201 12
C 202 7
C 203 6
C 204 2
C 205 15
C 206 7
C 207 20
C 208 4
C 209 4
C 210 17
C 211 16
C 212 9
C 213 22
C 214 14
C 215 2
C 216 10
C 217 12
C 218 15
C 219 23
C 220 24
C 221 0
C 222 2
C 223 20
C 224 19
C 225 8
C 226 22
C 227 23
C 228 18
C 229 0
C 230 17
C 231 17
C 232 23
C 233 26
C 234 20
C 235 14
C 236 23
C 237 17
C 238 7
C 239 24
C 240 19
C 241 15
C 242 20
C 243 3
C 244 8
C 245 3
C 246 6
C 247 8
C 248 21
C 249 21
C 250 18
C 251 16
C 252 17
C 253 12
C 254 1
C 255 14
C 256 9
C 257 19
C 258 14
C 259 15
C 260 22
C 261 3
C 262 24
C 263 16
C 264 26
C 265 16
C 266 25
C 267 24
C 268 24
C 269 6
I 1 1 6 (1,2,3) (0,1,1,0)|(0,1,0,0)|(0,-1,0,0)
I 3 3 8 (5,3,3) (1,-1,0,0)|(0,0,0,0)
I 1 1 17 (5,0,1) (1,1,1,0)|(1,-1,-1,0)
