D (9,-1,-1) (1,3,5)
D (8,3,-1) (2,2,2)
D (8,3,9) (4,0,5)
D (3,9,-1) (3,1,5)
D (6,7,8) (2,5,3)
D (3,9,-1) (3,3,2)
D (6,-1,-1) (3,3,5)
D (7,-1,-1) (0,4,2)
D (6,-1,-1) (0,3,2)
D (8,-1,-1) (3,5,3)
D (7,8,-1) (5,0,3)
D (3,-1,-1) (5,3,0)
D (7,8,-1) (4,4,5)
D (6,7,8) (4,3,1)
D (6,-1,-1) (0,3,4)
D (7,8,-1) (4,5,4)
D (6,-1,-1) (2,1,4)
D (7,-1,-1) (4,5,3)
D (9,-1,-1) (4,1,1)
D (3,-1,-1) (4,3,3)
D (9,-1,-1) (3,3,0)
D (6,-1,-1) (0,2,2)
D (6,7,8) (1,4,5)
D (8,3,-1) (3,5,5)
D (3,9,-1) (2,0,2)
D (6,7,8) (5,4,2)
D (9,-1,-1) (4,1,0)
D (9,-1,-1) (1,1,3)
D (7,8,-1) (5,0,1)
D (9,-1,-1) (2,0,4)
D (3,9,-1) (2,3,0)
D (3,-1,-1) (5,2,0)
D (6,7,8) (2,1,3)
C 0 11
C 1 17
C 2 16
C 3 25
C 4 24
C 5 7
C 6 7
C 7 17
C 8 22
C 9 10
C 10 23
C 11 12
C 12 0
C 13 5
C 14 20
C 15 19
C 16 6
C 17 10
C 18 9
C 19 8
C 20 22
C 21 18
C 22 23
C 23 25
C 24 6
C 25 3
C 26 8
C 27 22
C 28 22
C 29 26
C 30 15
C 31 11
C 32 16
C 33 12
C 34 2
C 35 16
C 36 8
C 37 0
C 38 24
C 39 21
C 40 6
C 41 0
C 42 0
C 43 24
C 44 2
C 45 12
C 46 26
C 47 1
C 48 5
C 49 25
C 50 11
C 51 5
C 52 24
C 53 20
C 54 22
C 55 8
C 56 21
C 57 3
C 58 9
C 59 21
C 60 25
C 61 2
C 62 23
C 63 22
C 64 14
C 65 17
C 66 6
C 67 19
C 68 12
C 69 0
C 70 0
C 71 0
C 72 0
C 73 0
C 74 0
C 75 0
C 76 0
C 77 24
C 78 8
C 79 5
C 80 5
C 81 16
C 82 15
C 83 20
C 84 23
C 85 4
C 86 11
C 87 14
C 88 9
C 89 20
C 90 5
C 91 20
C 92 6
C 93 23
C 94 5
C 95 24
C 96 4
C 97 25
C 98 10
C 99 24
C 100 24
C 101 26
C 102 8
C 103 20
C 104 24
C 105 0
C 106 5
C 107 14
C 108 0
C 109 1
C 110 3
C 111 21
C 112 24
C 113 10
C 114 8
C 115 12
C 116 25
C 117 26
C 118 25
C 119 16
C 120 9
C 121 21
C 122 6
C 123 21
C 124 25
C 125 17
C 126 19
C 127 9
C 128 7
C 129 11
C 130 21
C 131 5
C 132 16
C 133 2
C 134 25
C 135 19
C 136 15
C 137 24
C 138 16
C 139 2
C 140 18
C 141 25
C 142 26
C 143 22
C 144 26
C 145 3
C 146 12
C 147 22
C 148 0
C 149 17
C 150 1
C 151 16
C 152 1
C 153 21
C 154 19
C 155 16
C 156 12
C 157 12
C 158 21
C 159 2
C 160 12
C 161 16
C 162 23
C 163 1
C 164 15
C 165 23
C 166 14
C 167 12
C 168 3
C 169 10
C 170 8
C 171 26
C 172 17
C 173 12
C 174 5
C 175 23
C 176 18
C 177 20
C 178 18
C 179 10
C 180 3
C 181 15
C 182 17
C 183 19
C 184 22
C 185 10
C 186 24
C 187 26
C 188 16
C 189 18
C 190 2
C 191 16
C 192 19
C 193 2
C 194 21
C 195 1
C 196 18
C 197 11
C 198 21
C 199 20
C 200 15
C 201 26
C 202 14
C 203 7
C 204 16
C 205 10
C 206 11
C 207 3
C 208 20
C 209 24
C 210 26
C 211 15
C 212 18
C 213 4
C 214 9
C 215 0
C 216 3
C 217 25
C 218 8
C 219 1
C 220 10
C 221 10
C 222 9
C 223 25
C 224 19
C 225 23
C 226 0
C 227 14
C 228 15
C 229 24
C 230 6
C 231 6
C 232 14
C 233 21
C 234 2
C 235 20
C 236 24
C 237 25
C 238 15
C 239 12
C 240 8
C 241 15
C 242 5
C 243 17
C 244 15
C 245 17
C 246 0
C 247 11
C 248 11
C 249 0
C 250 23
C 251 12
C 252 6
C 253 2
C 254 1
C 255 12
C 256 16
C 257 15
C 258 18
C 259 12
C 260 10
C 261 26
C 262 10
C 263 4
C 264 17
C 265 1
C 266 19
C 267 10
C 268 5
C 269 0
I 2 2 9 (0,2,4) (1,1,0,0)|(-1,-1,0,0)|(0,1,1,0)
I 5 3 18 (4,3,2) (-1,0,-1,0)
I 4 1 16 (2,0,4) (0,0,1,0)
