D (3,-1,-1) (4,0,3)
D (6,-1,-1) (2,5,1)
D (9,-1,-1) (1,0,0)
D (9,-1,-1) (1,4,4)
D (8,3,9) (1,2,2)
D (3,-1,-1) (1,3,3)
D (6,-1,-1) (1,1,3)
D (7,-1,-1) (1,2,3)
D (3,-1,-1) (0,5,1)
D (7,8,-1) (4,0,2)
D (9,-1,-1) (3,4,2)
D (8,3,9) (4,4,0)
D (8,3,9) (0,4,1)
D (8,-1,-1) (3,5,5)
D (7,8,-1) (2,2,0)
D (3,-1,-1) (4,3,4)
D (7,8,-1) (4,1,2)
D (6,7,8) (1,5,5)
D (7,8,-1) (0,5,5)
D (8,3,9) (5,1,2)
D (9,-1,-1) (3,4,1)
D (3,9,-1) (2,1,3)
D (7,8,-1) (0,4,5)
D (3,9,-1) (3,3,5)
D (3,-1,-1) (0,3,2)
D (3,-1,-1) (3,4,5)
D (8,3,9) (0,0,2)
D (9,-1,-1) (0,1,5)
D (9,-1,-1) (5,5,3)
D (9,-1,-1) (1,4,2)
D (7,8,-1) (3,0,4)
D (3,-1,-1) (3,4,0)
D (7,-1,-1) (4,1,0)
D (7,8,3) (5,3,5)
D (3,9,-1) (1,5,3)
D (9,-1,-1) (5,4,3)
D (9,-1,-1) (4,5,4)
D (9,-1,-1) (1,5,0)
C 0 15
C 1 18
C 2 23
C 3 14
C 4 10
C 5 9
C 6 26
C 7 11
C 8 14
C 9 11
C 10 11
C 11 1
C 12 25
C 13 19
C 14 17
C 15 23
C 16 19
C 17 4
C 18 6
C 19 7
C 20 23
C 21 5
C 22 12
C 23 22
C 24 10
C 25 1
C 26 16
C 27 18
C 28 20
C 29 7
C 30 25
C 31 21
C 32 20
C 33 11
C 34 15
C 35 20
C 36 5
C 37 1
C 38 21
C 39 18
C 40 9
C 41 7
C 42 12
C 43 12
C 44 11
C 45 1
C 46 12
C 47 9
C 48 10
C 49 7
C 50 11
C 51 5
C 52 11
C 53 2
C 54 12
C 55 23
C 56 16
C 57 4
C 58 20
C 59 3
C 60 7
C 61 26
C 62 17
C 63 16
C 64 17
C 65 18
C 66 11
C 67 1
C 68 24
C 69 5
C 70 20
C 71 15
C 72 15
C 73 10
C 74 15
C 75 7
C 76 26
C 77 14
C 78 6
C 79 4
C 80 12
C 81 22
C 82 2
C 83 10
C 84 1
C 85 19
C 86 3
C 87 21
C 88 26
C 89 5
C 90 1
C 91 8
C 92 25
C 93 1
C 94 2
C 95 25
C 96 10
C 97 7
C 98 9
C 99 15
C 100 21
C 101 15
C 102 17
C 103 14
C 104 20
C 105 26
C 106 16
C 107 0
C 108 12
C 109 23
C 110 17
C 111 17
C 112 25
C 113 11
C 114 15
C 115 12
C 116 5
C 117 24
C 118 23
C 119 16
C 120 3
C 121 19
C 122 25
C 123 5
C 124 21
C 125 25
C 126 2
C 127 19
C 128 19
C 129 17
C 130 21
C 131 5
C 132 0
C 133 7
C 134 25
C 135 20
C 136 3
C 137 24
C 138 18
C 139 6
C 140 12
C 141 0
C 142 0
C 143 9
C 144 8
C 145 9
C 146 15
C 147 23
C 148 14
C 149 14
C 150 15
C 151 0
C 152 25
C 153 26
C 154 16
C 155 8
C 156 15
C 157 6
C 158 18
C 159 17
C 160 3
C 161 8
C 162 3
C 163 26
C 164 1
C 165 0
C 166 3
C 167 18
C 168 19
C 169 8
C 170 19
C 171 14
C 172 22
C 173 16
C 174 10
C 175 12
C 176 1
C 177 19
C 178 21
C 179 12
C 180 10
C 181 1
C 182 8
C 183 25
C 184 21
C 185 16
C 186 3
C 187 3
C 188 23
C 189 14
C 190 4
C 191 0
C 192 6
C 193 2
C 194 21
C 195 19
C 196 11
C 197 5
C 198 8
C 199 26
C 200 0
C 201 24
C 202 14
C 203 18
C 204 16
C 205 14
C 206 17
C 207 4
C 208 18
C 209 25
C 210 23
C 211 8
C 212 3
C 213 17
C 214 24
C 215 16
C 216 3
C 217 7
C 218 19
C 219 26
C 220 7
C 221 11
C 222 1
C 223 0
C 224 25
C 225 1
C 226 1
C 227 11
C 228 25
C 229 16
C 230 6
C 231 9
C 232 23
C 233 20
C 234 9
C 235 18
C 236 0
C 237 24
C 238 12
C 239 10
C 240 16
C 241 26
C 242 21
C 243 7
C 244 9
C 245 7
C 246 1
C 247 26
C 248 0
C 249 12
C 250 11
C 251 12
C 252 11
C 253 0
C 254 9
C 255 3
C 256 4
C 257 10
C 258 18
C 259 16
C 260 22
C 261 5
C 262 21
C 263 6
C 264 14
C 265 3
C 266 23
C 267 17
C 268 23
C 269 10
I 0 1 12 (2,5,3) (-1,0,1,0)|(-1,0,0,0)
I 4 2 5 (0,3,2) (0,-1,-1,0)|(-1,-1,1,0)|(1,0,1,0)
I 0 2 4 (1,5,0) (1,1,-1,0)|(1,0,1,0)
