D (7,8,-1) (3,2,1)
D (3,-1,-1) (3,1,3)
D (3,-1,-1) (2,0,3)
D (8,3,9) (5,0,3)
D (3,-1,-1) (2,5,5)
D (6,7,8) (1,2,1)
D (8,-1,-1) (5,3,3)
D (8,3,9) (0,4,5)
D (9,-1,-1) (2,5,0)
D (3,9,-1) (4,5,2)
D (7,8,-1) (5,0,0)
D (6,7,8) (0,4,0)
D (3,-1,-1) (5,4,2)
D (6,-1,-1) (5,1,5)
D (3,9,-1) (1,1,1)
D (7,8,3) (1,4,2)
D (3,9,-1) (2,2,0)
D (6,7,-1) (0,1,0)
D (9,-1,-1) (3,0,1)
D (6,-1,-1) (3,5,4)
D (9,-1,-1) (0,4,1)
D (7,-1,-1) (4,0,0)
D (6,7,-1) (2,3,5)
D (9,-1,-1) (5,2,3)
D (6,7,8) (2,0,4)
D (8,3,9) (3,0,2)
D (6,-1,-1) (3,4,0)
D (9,-1,-1) (3,3,3)
D (3,-1,-1) (0,2,0)
D (6,7,-1) (2,3,3)
D (3,9,-1) (5,1,0)
D (3,-1,-1) (5,4,1)
D (3,-1,-1) (4,2,3)
D (9,-1,-1) (4,2,2)
D (8,3,9) (4,1,3)
D (8,3,9) (5,1,2)
D (8,3,9) (5,4,4)
D (9,-1,-1) (0,3,1)
D (3,-1,-1) (2,3,0)
D (7,8,3) (1,1,2)
D (9,-1,-1) (4,4,1)
D (8,3,9) (2,5,4)
D (3,9,-1) (0,5,4)
D (9,-1,-1) (4,5,0)
D (6,-1,-1) (4,3,5)
D (8,3,9) (3,5,3)
D (6,-1,-1) (4,0,1)
D (9,-1,-1) (1,5,5)
D (3,9,-1) (4,2,4)
D (7,8,3) (4,0,5)
D (8,-1,-1) (0,5,5)
D (6,-1,-1) (3,5,5)
D (6,7,8) (5,3,4)
D (9,-1,-1) (3,4,2)
D (9,-1,-1) (5,1,3)
D (9,-1,-1) (1,5,1)
D (9,-1,-1) (5,3,0)
D (8,3,-1) (1,4,0)
D (7,8,-1) (3,1,0)
D (3,9,-1) (4,0,4)
D (7,8,-1) (4,1,2)
D (6,-1,-1) (3,3,1)
D (8,3,9) (1,3,1)
D (3,9,-1) (3,1,2)
D (8,-1,-1) (4,4,2)
D (8,-1,-1) (4,0,3)
D (3,9,-1) (1,0,2)
D (8,3,9) (1,3,4)
D (7,8,-1) (1,2,3)
D (7,8,3) (4,3,4)
D (6,7,8) (2,1,1)
D (6,-1,-1) (1,5,0)
D (9,-1,-1) (3,4,4)
D (8,3,-1) (3,5,1)
C 0 10
C 1 26
C 2 11
C 3 7
C 4 5
C 5 24
C 6 10
C 7 4
C 8 17
C 9 20
C 10 11
C 11 10
C 12 16
C 13 2
C 14 16
C 15 19
C 16 3
C 17 24
C 18 6
C 19 4
C 20 1
C 21 23
C 22 1
C 23 21
C 24 12
C 25 9
C 26 0
C 27 0
C 28 0
C 29 0
C 30 0
C 31 0
C 32 0
C 33 0
C 34 0
C 35 0
C 36 0
C 37 0
C 38 0
C 39 0
C 40 0
C 41 0
C 42 0
C 43 0
C 44 0
C 45 0
C 46 0
C 47 0
C 48 0
C 49 0
C 50 0
C 51 0
C 52 0
C 53 0
C 54 0
C 55 16
C 56 10
C 57 26
C 58 11
C 59 17
C 60 1
C 61 22
C 62 7
C 63 7
C 64 16
C 65 22
C 66 9
C 67 1
C 68 12
C 69 25
C 70 10
C 71 11
C 72 3
C 73 25
C 74 2
C 75 11
C 76 14
C 77 5
C 78 1
C 79 14
C 80 18
C 81 22
C 82 12
C 83 15
C 84 18
C 85 4
C 86 14
C 87 26
C 88 18
C 89 23
C 90 21
C 91 20
C 92 1
C 93 24
C 94 9
C 95 5
C 96 4
C 97 21
C 98 15
C 99 8
C 100 18
C 101 22
C 102 11
C 103 21
C 104 25
C 105 7
C 106 8
C 107 0
C 108 1
C 109 0
C 110 9
C 111 3
C 112 5
C 113 24
C 114 25
C 115 16
C 116 10
C 117 9
C 118 7
C 119 18
C 120 10
C 121 9
C 122 8
C 123 2
C 124 8
C 125 22
C 126 25
C 127 4
C 128 20
C 129 11
C 130 4
C 131 16
C 132 15
C 133 22
C 134 0
C 135 0
C 136 0
C 137 0
C 138 0
C 139 0
C 140 0
C 141 0
C 142 0
C 143 0
C 144 0
C 145 0
C 146 0
C 147 0
C 148 0
C 149 5
C 150 22
C 151 22
C 152 8
C 153 22
C 154 10
C 155 17
C 156 11
C 157 11
C 158 12
C 159 25
C 160 8
C 161 8
C 162 12
C 163 3
C 164 7
C 165 19
C 166 8
C 167 16
C 168 15
C 169 15
C 170 17
C 171 4
C 172 17
C 173 18
C 174 0
C 175 18
C 176 17
C 177 15
C 178 10
C 179 16
C 180 22
C 181 5
C 182 22
C 183 23
C 184 11
C 185 20
C 186 0
C 187 2
C 188 20
C 189 8
C 190 10
C 191 11
C 192 4
C 193 20
C 194 11
C 195 16
C 196 10
C 197 0
C 198 2
C 199 7
C 200 26
C 201 3
C 202 4
C 203 14
C 204 11
C 205 15
C 206 26
C 207 24
C 208 14
C 209 11
C 210 0
C 211 0
C 212 0
C 213 0
C 214 0
C 215 0
C 216 0
C 217 0
C 218 0
C 219 0
C 220 26
C 221 14
C 222 0
C 223 3
C 224 1
C 225 23
C 226 15
C 227 0
C 228 21
C 229 2
C 230 16
C 231 1
C 232 21
C 233 7
C 234 15
C 235 7
C 236 5
C 237 26
C 238 7
C 239 1
C 240 0
C 241 4
C 242 3
C 243 14
C 244 22
C 245 21
C 246 25
C 247 7
C 248 3
C 249 22
C 250 20
C 251 10
C 252 17
C 253 3
C 254 19
C 255 17
C 256 18
C 257 9
C 258 23
C 259 7
C 260 15
C 261 10
C 262 22
C 263 4
C 264 18
C 265 20
C 266 22
C 267 9
C 268 0
C 269 1
I 2 2 1 (5,0,5) (-1,0,0,0)|(0,1,1,0)|(0,-1,-1,0)|(-1,1,1,0)
I 0 2 11 (1,3,3) (1,1,1,0)
