D (3,-1,-1) (0,2,3)
D (7,-1,-1) (5,2,4)
D (8,3,9) (2,3,3)
D (6,7,8) (3,2,2)
D (3,-1,-1) (2,0,3)
D (9,-1,-1) (3,3,1)
D (7,-1,-1) (3,1,2)
D (8,-1,-1) (2,1,5)
D (8,3,-1) (3,4,0)
D (7,-1,-1) (2,3,5)
D (8,3,-1) (3,4,3)
D (8,-1,-1) (2,4,5)
D (6,7,8) (4,1,5)
D (7,8,-1) (0,2,1)
D (3,9,-1) (5,5,3)
D (9,-1,-1) (4,4,3)
D (6,7,-1) (2,5,1)
D (3,9,-1) (4,1,1)
D (6,-1,-1) (4,0,5)
D (6,-1,-1) (5,1,1)
D (9,-1,-1) (5,5,5)
D (3,-1,-1) (2,4,0)
D (7,-1,-1) (3,4,5)
D (7,8,3) (0,2,0)
D (6,7,8) (2,0,2)
D (3,9,-1) (3,0,0)
D (6,7,8) (1,3,1)
D (7,-1,-1) (4,3,0)
D (7,-1,-1) (5,0,3)
D (9,-1,-1) (1,2,5)
D (3,9,-1) (4,4,1)
D (9,-1,-1) (5,0,2)
D (9,-1,-1) (1,2,3)
C 0 6
C 1 2
C 2 15
C 3 18
C 4 14
C 5 4
C 6 21
C 7 6
C 8 17
C 9 18
C 10 22
C 11 22
C 12 24
C 13 3
C 14 10
C 15 3
C 16 6
C 17 3
C 18 8
C 19 14
C 20 23
C 21 3
C 22 15
C 23 6
C 24 9
C 25 17
C 26 23
C 27 6
C 28 23
C 29 17
C 30 26
C 31 20
C 32 1
C 33 26
C 34 19
C 35 18
C 36 25
C 37 12
C 38 11
C 39 16
C 40 23
C 41 6
C 42 23
C 43 21
C 44 10
C 45 21
C 46 1
C 47 4
C 48 17
C 49 25
C 50 17
C 51 26
C 52 16
C 53 10
C 54 24
C 55 9
C 56 0
C 57 0
C 58 0
C 59 0
C 60 0
C 61 0
C 62 0
C 63 0
C 64 0
C 65 0
C 66 0
C 67 0
C 68 0
C 69 0
C 70 0
C 71 0
C 72 0
C 73 0
C 74 0
C 75 0
C 76 0
C 77 0
C 78 0
C 79 0
C 80 0
C 81 17
C 82 24
C 83 9
C 84 19
C 85 21
C 86 20
C 87 18
C 88 22
C 89 16
C 90 5
C 91 14
C 92 3
C 93 20
C 94 25
C 95 15
C 96 24
C 97 6
C 98 0
C 99 18
C 100 12
C 101 9
C 102 16
C 103 23
C 104 25
C 105 18
C 106 6
C 107 14
C 108 7
C 109 2
C 110 18
C 111 10
C 112 9
C 113 26
C 114 24
C 115 9
C 116 0
C 117 0
C 118 0
C 119 0
C 120 0
C 121 0
C 122 0
C 123 0
C 124 23
C 125 11
C 126 7
C 127 25
C 128 7
C 129 19
C 130 3
C 131 7
C 132 5
C 133 16
C 134 21
C 135 26
C 136 26
C 137 9
C 138 4
C 139 6
C 140 11
C 141 18
C 142 5
C 143 20
C 144 12
C 145 6
C 146 12
C 147 5
C 148 17
C 149 12
C 150 0
C 151 5
C 152 15
C 153 15
C 154 25
C 155 14
C 156 16
C 157 4
C 158 8
C 159 25
C 160 6
C 161 8
C 162 17
C 163 12
C 164 15
C 165 25
C 166 15
C 167 16
C 168 0
C 169 22
C 170 22
C 171 2
C 172 21
C 173 24
C 174 22
C 175 24
C 176 6
C 177 19
C 178 24
C 179 9
C 180 11
C 181 6
C 182 19
C 183 5
C 184 22
C 185 17
C 186 14
C 187 10
C 188 22
C 189 25
C 190 18
C 191 15
C 192 20
C 193 0
C 194 21
C 195 0
C 196 3
C 197 7
C 198 22
C 199 18
C 200 15
C 201 6
C 202 25
C 203 25
C 204 17
C 205 15
C 206 8
C 207 7
C 208 26
C 209 0
C 210 26
C 211 1
C 212 21
C 213 19
C 214 7
C 215 11
C 216 0
C 217 26
C 218 6
C 219 26
C 220 3
C 221 5
C 222 20
C 223 26
C 224 8
C 225 26
C 226 5
C 227 26
C 228 19
C 229 1
C 230 4
C 231 12
C 232 4
C 233 14
C 234 25
C 235 0
C 236 20
C 237 26
C 238 19
C 239 24
C 240 11
C 241 25
C 242 4
C 243 7
C 244 24
C 245 22
C 246 16
C 247 14
C 248 20
C 249 5
C 250 18
C 251 19
C 252 21
C 253 9
C 254 6
C 255 18
C 256 6
C 257 21
C 258 17
C 259 14
C 260 10
C 261 15
C 262 22
C 263 23
C 264 12
C 265 23
C 266 23
C 267 15
C 268 16
C 269 4
I 2 2 14 (3,2,1) (1,-1,-1,0)|(0,1,1,0)
I 0 3 15 (3,1,1) (0,1,1,0)|(0,1,0,0)
I 2 3 1 (2,3,3) (-1,1,0,0)
