D (9,-1,-1) (0,4,0)
D (8,3,9) (5,2,5)
D (9,-1,-1) (5,5,2)
D (7,8,-1) (5,5,5)
D (6,-1,-1) (4,1,5)
D (9,-1,-1) (2,0,3)
D (8,3,9) (0,4,3)
D (8,3,9) (3,2,3)
D (9,-1,-1) (5,2,4)
D (7,8,-1) (1,3,5)
D (8,-1,-1) (3,3,3)
D (6,7,-1) (0,5,1)
D (3,-1,-1) (1,4,3)
D (3,9,-1) (5,3,3)
D (8,3,-1) (5,1,5)
D (7,8,-1) (4,0,4)
D (3,9,-1) (5,1,4)
D (8,-1,-1) (4,2,2)
D (3,9,-1) (5,1,0)
D (6,7,-1) (3,0,4)
D (7,8,-1) (4,4,3)
D (7,8,-1) (1,3,1)
D (3,9,-1) (4,1,1)
D (3,-1,-1) (2,2,5)
D (7,-1,-1) (5,0,5)
D (3,-1,-1) (1,3,2)
D (6,7,-1) (4,0,2)
D (6,-1,-1) (2,3,5)
D (9,-1,-1) (5,4,2)
D (8,3,-1) (5,0,3)
D (3,9,8) (4,0,3)
D (9,-1,-1) (0,2,2)
D (3,9,-1) (4,3,1)
D (3,-1,-1) (1,5,3)
D (7,-1,-1) (5,3,4)
D (3,-1,-1) (4,1,2)
D (8,3,9) (5,2,1)
D (9,-1,-1) (0,4,4)
D (3,9,-1) (2,4,4)
D (7,8,3) (0,0,1)
D (3,-1,-1) (1,0,0)
D (6,7,8) (3,2,2)
D (6,7,8) (5,0,2)
D (9,-1,-1) (2,4,0)
D (8,-1,-1) (4,4,1)
D (9,-1,-1) (5,0,1)
D (7,8,3) (3,1,2)
D (3,9,-1) (5,5,4)
D (6,7,8) (4,2,5)
D (7,8,3) (3,3,0)
D (8,3,-1) (0,2,3)
D (9,-1,-1) (2,4,1)
D (6,7,-1) (3,3,4)
D (9,-1,-1) (4,4,0)
D (3,7,8) (3,0,3)
D (6,7,8) (2,3,0)
D (6,-1,-1) (2,1,5)
D (7,8,3) (1,2,1)
D (8,-1,-1) (5,4,3)
D (6,-1,-1) (5,5,3)
D (8,-1,-1) (0,3,0)
D (7,-1,-1) (2,2,2)
D (8,3,-1) (3,1,4)
D (9,-1,-1) (3,5,4)
D (8,3,-1) (5,3,1)
D (3,9,-1) (1,4,0)
D (9,-1,-1) (1,2,2)
C 0 11
C 1 16
C 2 3
C 3 18
C 4 6
C 5 11
C 6 21
C 7 25
C 8 0
C 9 0
C 10 0
C 11 0
C 12 0
C 13 0
C 14 0
C 15 0
C 16 0
C 17 0
C 18 0
C 19 0
C 20 0
C 21 0
C 22 0
C 23 0
C 24 0
C 25 0
C 26 0
C 27 0
C 28 0
C 29 0
C 30 0
C 31 0
C 32 0
C 33 0
C 34 0
C 35 0
C 36 0
C 37 0
C 38 0
C 39 0
C 40 0
C 41 0
C 42 0
C 43 0
C 44 0
C 45 0
C 46 0
C 47 0
C 48 0
C 49 0
C 50 0
C 51 0
C 52 0
C 53 0
C 54 0
C 55 0
C 56 0
C 57 0
C 58 0
C 59 0
C 60 0
C 61 0
C 62 0
C 63 0
C 64 0
C 65 0
C 66 0
C 67 0
C 68 0
C 69 0
C 70 0
C 71 0
C 72 0
C 73 0
C 74 0
C 75 0
C 76 0
C 77 0
C 78 0
C 79 0
C 80 0
C 81 0
C 82 0
C 83 0
C 84 0
C 85 0
C 86 0
C 87 0
C 88 0
C 89 0
C 90 0
C 91 0
C 92 0
C 93 0
C 94 0
C 95 0
C 96 0
C 97 0
C 98 0
C 99 0
C 100 0
C 101 0
C 102 0
C 103 0
C 104 0
C 105 0
C 106 0
C 107 0
C 108 0
C 109 0
C 110 0
C 111 0
C 112 0
C 113 0
C 114 0
C 115 0
C 116 0
C 117 0
C 118 0
C 119 0
C 120 0
C 121 0
C 122 0
C 123 0
C 124 0
C 125 0
C 126 0
C 127 0
C 128 0
C 129 0
C 130 0
C 131 0
C 132 0
C 133 0
C 134 0
C 135 0
C 136 0
C 137 0
C 138 0
C 139 0
C 140 0
C 141 0
C 142 0
C 143 0
C 144 0
C 145 0
C 146 9
C 147 7
C 148 6
C 149 12
C 150 4
C 151 26
C 152 7
C 153 11
C 154 6
C 155 24
C 156 12
C 157 16
C 158 4
C 159 6
C 160 25
C 161 10
C 162 26
C 163 9
C 164 22
C 165 19
C 166 3
C 167 9
C 168 16
C 169 9
C 170 0
C 171 12
C 172 15
C 173 22
C 174 8
C 175 14
C 176 23
C 177 3
C 178 8
C 179 0
C 180 3
C 181 15
C 182 3
C 183 3
C 184 1
C 185 16
C 186 17
C 187 4
C 188 10
C 189 11
C 190 17
C 191 26
C 192 1
C 193 10
C 194 18
C 195 16
C 196 4
C 197 2
C 198 14
C 199 7
C 200 17
C 201 14
C 202 10
C 203 2
C 204 10
C 205 14
C 206 9
C 207 10
C 208 16
C 209 8
C 210 21
C 211 21
C 212 16
C 213 25
C 214 4
C 215 26
C 216 16
C 217 15
C 218 26
C 219 7
C 220 9
C 221 21
C 222 24
C 223 21
C 224 23
C 225 20
C 226 14
C 227 12
C 228 16
C 229 19
C 230 0
C 231 17
C 232 8
C 233 22
C 234 16
C 235 7
C 236 16
C 237 10
C 238 3
C 239 15
C 240 0
C 241 16
C 242 9
C 243 12
C 244 8
C 245 10
C 246 10
C 247 19
C 248 2
C 249 21
C 250 9
C 251 5
C 252 19
C 253 23
C 254 2
C 255 3
C 256 4
C 257 25
C 258 0
C 259 7
C 260 21
C 261 8
C 262 3
C 263 25
C 264 7
C 265 16
C 266 0
C 267 25
C 268 9
C 269 26
I 0 3 12 (3,0,0) (0,1,1,0)|(1,1,0,0)|(-1,0,1,0)|(-1,1,0,0)
I 5 2 9 (4,5,5) (1,0,0,0)
I 4 3 12 (2,0,0) (0,-1,-1,0)|(1,1,0,0)|(0,0,1,0)
