D (3,-1,-1) (0,2,4)
D (9,-1,-1) (4,0,4)
D (8,3,-1) (2,1,0)
D (9,-1,-1) (0,3,0)
D (7,-1,-1) (5,2,2)
D (7,-1,-1) (1,4,5)
D (7,8,-1) (2,2,3)
D (3,9,-1) (2,0,4)
D (6,7,-1) (2,2,0)
D (9,-1,-1) (1,5,1)
D (6,7,8) (2,4,5)
D (6,7,8) (0,1,4)
D (7,8,3) (0,3,4)
D (6,7,8) (3,2,5)
D (8,-1,-1) (1,4,2)
D (8,-1,-1) (3,0,3)
D (3,9,-1) (0,2,0)
D (8,3,-1) (4,0,0)
D (9,-1,-1) (1,5,4)
D (6,-1,-1) (5,0,0)
D (3,9,-1) (5,4,2)
D (3,9,-1) (1,0,1)
D (7,-1,-1) (2,3,3)
D (7,-1,-1) (0,4,3)
D (9,-1,-1) (3,2,3)
D (7,8,-1) (0,5,5)
D (6,7,-1) (5,3,1)
D (8,3,9) (0,2,1)
D (6,7,-1) (1,0,3)
D (6,-1,-1) (2,3,5)
D (9,-1,-1) (5,1,1)
D (3,9,-1) (3,5,5)
D (3,9,-1) (4,5,3)
D (3,-1,-1) (4,3,0)
D (6,7,-1) (3,5,4)
D (3,9,-1) (2,4,3)
D (8,3,9) (2,1,4)
D (9,-1,-1) (5,2,3)
D (8,3,-1) (0,0,4)
D (7,8,3) (5,4,4)
D (6,7,-1) (5,4,3)
D (8,3,-1) (5,1,0)
D (9,-1,-1) (1,3,2)
D (8,-1,-1) (4,3,3)
D (6,-1,-1) (2,2,5)
D (6,-1,-1) (4,2,4)
D (3,9,-1) (4,1,4)
D (6,7,-1) (4,4,3)
D (8,-1,-1) (1,1,4)
D (8,3,-1) (0,5,3)
D (6,-1,-1) (5,0,2)
D (7,-1,-1) (1,3,0)
D (3,9,-1) (1,4,4)
D (7,8,3) (4,5,5)
D (7,-1,-1) (1,1,1)
D (6,7,8) (1,5,0)
D (7,8,-1) (3,5,3)
D (9,-1,-1) (3,4,3)
D (6,-1,-1) (0,4,0)
C 0 22
C 1 23
C 2 8
C 3 0
C 4 0
C 5 0
C 6 0
C 7 0
C 8 0
C 9 0
C 10 0
C 11 0
C 12 0
C 13 0
C 14 0
C 15 0
C 16 0
C 17 0
C 18 0
C 19 0
C 20 0
C 21 0
C 22 0
C 23 0
C 24 0
C 25 0
C 26 0
C 27 0
C 28 0
C 29 0
C 30 0
C 31 0
C 32 0
C 33 0
C 34 0
C 35 0
C 36 0
C 37 0
C 38 0
C 39 0
C 40 0
C 41 0
C 42 0
C 43 0
C 44 0
C 45 0
C 46 0
C 47 0
C 48 0
C 49 0
C 50 0
C 51 0
C 52 0
C 53 0
C 54 0
C 55 0
C 56 0
C 57 0
C 58 0
C 59 0
C 60 0
C 61 0
C 62 0
C 63 0
C 64 0
C 65 0
C 66 0
C 67 0
C 68 0
C 69 0
C 70 0
C 71 0
C 72 0
C 73 0
C 74 0
C 75 0
C 76 0
C 77 0
C 78 0
C 79 0
C 80 0
C 81 0
C 82 0
C 83 0
C 84 0
C 85 0
C 86 0
C 87 0
C 88 0
C 89 0
C 90 0
C 91 0
C 92 0
C 93 0
C 94 0
C 95 0
C 96 0
C 97 0
C 98 0
C 99 0
C 100 0
C 101 0
C 102 0
C 103 0
C 104 0
C 105 0
C 106 0
C 107 0
C 108 0
C 109 0
C 110 0
C 111 0
C 112 0
C 113 0
C 114 0
C 115 0
C 116 0
C 117 0
C 118 0
C 119 0
C 120 0
C 121 20
C 122 26
C 123 26
C 124 1
C 125 15
C 126 5
C 127 24
C 128 25
C 129 6
C 130 3
C 131 2
C 132 24
C 133 5
C 134 24
C 135 8
C 136 24
C 137 9
C 138 25
C 139 4
C 140 11
C 141 14
C 142 16
C 143 14
C 144 2
C 145 17
C 146 12
C 147 24
C 148 16
C 149 21
C 150 16
C 151 16
C 152 9
C 153 14
C 154 2
C 155 11
C 156 9
C 157 25
C 158 15
C 159 15
C 160 16
C 161 0
C 162 19
C 163 4
C 164 14
C 165 11
C 166 18
C 167 5
C 168 6
C 169 12
C 170 5
C 171 6
C 172 2
C 173 25
C 174 8
C 175 26
C 176 5
C 177 15
C 178 15
C 179 25
C 180 5
C 181 12
C 182 15
C 183 3
C 184 23
C 185 5
C 186 1
C 187 10
C 188 14
C 189 11
C 190 6
C 191 0
C 192 25
C 193 8
C 194 15
C 195 23
C 196 15
C 197 16
C 198 22
C 199 1
C 200 26
C 201 7
C 202 26
C 203 16
C 204 21
C 205 17
C 206 25
C 207 1
C 208 4
C 209 12
C 210 23
C 211 23
C 212 6
C 213 19
C 214 2
C 215 3
C 216 21
C 217 10
C 218 0
C 219 19
C 220 19
C 221 4
C 222 7
C 223 25
C 224 10
C 225 24
C 226 25
C 227 2
C 228 8
C 229 26
C 230 14
C 231 3
C 232 8
C 233 22
C 234 21
C 235 26
C 236 18
C 237 2
C 238 2
C 239 15
C 240 17
C 241 17
C 242 0
C 243 18
C 244 5
C 245 4
C 246 18
C 247 17
C 248 12
C 249 0
C 250 0
C 251 3
C 252 9
C 253 21
C 254 18
C 255 22
C 256 12
C 257 22
C 258 26
C 259 20
C 260 8
C 261 0
C 262 12
C 263 11
C 264 12
C 265 8
C 266 14
C 267 12
C 268 16
C 269 2
I 3 1 20 (5,2,4) (0,0,1,0)
I 0 3 9 (0,2,3) (1,1,1,0)|(0,1,-1,0)|(-1,1,0,0)
I 5 3 5 (2,5,2) (1,1,0,0)
