D (7,8,-1) (0,5,1)
D (7,8,-1) (5,4,2)
D (6,7,-1) (3,1,4)
D (6,7,-1) (4,1,2)
D (8,3,9) (2,1,4)
D (6,7,8) (5,1,0)
D (8,3,9) (4,4,5)
D (8,3,9) (5,0,5)
D (6,7,-1) (4,2,4)
D (8,3,-1) (2,0,5)
D (3,9,-1) (0,3,1)
D (9,-1,-1) (3,0,2)
D (8,3,9) (0,1,4)
D (8,3,-1) (2,5,5)
D (3,-1,-1) (1,0,1)
D (3,9,-1) (3,4,0)
D (9,-1,-1) (1,5,2)
D (9,-1,-1) (5,4,5)
D (7,8,-1) (1,0,5)
D (6,7,-1) (5,5,1)
D (3,9,-1) (4,0,0)
D (7,8,3) (4,2,0)
D (9,-1,-1) (0,3,0)
D (6,7,8) (1,4,2)
D (7,8,3) (5,3,4)
D (8,-1,-1) (3,3,5)
D (6,-1,-1) (2,2,0)
D (8,3,-1) (1,3,1)
D (9,-1,-1) (3,3,4)
D (6,-1,-1) (2,1,5)
D (8,-1,-1) (2,2,1)
D (7,-1,-1) (2,4,1)
D (9,-1,-1) (5,4,3)
D (3,9,-1) (0,1,2)
D (8,3,-1) (5,1,4)
D (3,-1,-1) (3,0,1)
D (6,7,-1) (3,3,2)
D (8,3,-1) (3,5,5)
D (7,-1,-1) (0,5,4)
C 0 7
C 1 6
C 2 8
C 3 7
C 4 22
C 5 17
C 6 18
C 7 17
C 8 20
C 9 11
C 10 4
C 11 16
C 12 23
C 13 25
C 14 6
C 15 7
C 16 9
C 17 1
C 18 23
C 19 15
C 20 12
C 21 15
C 22 7
C 23 18
C 24 6
C 25 3
C 26 21
C 27 0
C 28 0
C 29 0
C 30 0
C 31 0
C 32 0
C 33 0
C 34 0
C 35 0
C 36 0
C 37 0
C 38 0
C 39 0
C 40 0
C 41 0
C 42 0
C 43 0
C 44 0
C 45 0
C 46 0
C 47 0
C 48 0
C 49 0
C 50 0
C 51 0
C 52 0
C 53 0
C 54 0
C 55 0
C 56 0
C 57 0
C 58 0
C 59 0
C 60 0
C 61 0
C 62 0
C 63 0
C 64 0
C 65 0
C 66 0
C 67 0
C 68 0
C 69 0
C 70 0
C 71 0
C 72 0
C 73 0
C 74 0
C 75 0
C 76 0
C 77 0
C 78 0
C 79 0
C 80 0
C 81 0
C 82 0
C 83 0
C 84 0
C 85 0
C 86 0
C 87 0
C 88 0
C 89 0
C 90 0
C 91 0
C 92 0
C 93 0
C 94 0
C 95 0
C 96 0
C 97 0
C 98 0
C 99 0
C 100 0
C 101 0
C 102 0
C 103 0
C 104 0
C 105 0
C 106 0
C 107 0
C 108 0
C 109 0
C 110 0
C 111 0
C 112 0
C 113 0
C 114 0
C 115 0
C 116 0
C 117 0
C 118 0
C 119 0
C 120 0
C 121 0
C 122 0
C 123 0
C 124 0
C 125 0
C 126 0
C 127 0
C 128 0
C 129 0
C 130 0
C 131 0
C 132 0
C 133 0
C 134 0
C 135 0
C 136 0
C 137 0
C 138 0
C 139 0
C 140 0
C 141 0
C 142 0
C 143 0
C 144 0
C 145 0
C 146 0
C 147 0
C 148 0
C 149 0
C 150 0
C 151 0
C 152 0
C 153 0
C 154 0
C 155 0
C 156 0
C 157 0
C 158 0
C 159 0
C 160 0
C 161 0
C 162 0
C 163 3
C 164 10
C 165 17
C 166 9
C 167 17
C 168 0
C 169 18
C 170 0
C 171 6
C 172 2
C 173 20
C 174 7
C 175 3
C 176 2
C 177 25
C 178 5
C 179 2
C 180 19
C 181 3
C 182 16
C 183 8
C 184 11
C 185 22
C 186 10
C 187 19
C 188 2
C 189 21
C 190 17
C 191 8
C 192 21
C 193 19
C 194 17
C 195 2
C 196 25
C 197 24
C 198 26
C 199 15
C 200 7
C 201 7
C 202 14
C 203 6
C 204 23
C 205 0
C 206 14
C 207 15
C 208 10
C 209 10
C 210 21
C 211 2
C 212 7
C 213 10
C 214 19
C 215 24
C 216 3
C 217 4
C 218 25
C 219 14
C 220 7
C 221 17
C 222 21
C 223 19
C 224 17
C 225 7
C 226 8
C 227 20
C 228 1
C 229 11
C 230 5
C 231 10
C 232 19
C 233 12
C 234 1
C 235 8
C 236 26
C 237 10
C 238 9
C 239 9
C 240 18
C 241 5
C 242 1
C 243 8
C 244 15
C 245 4
C 246 2
C 247 17
C 248 15
C 249 24
C 250 18
C 251 6
C 252 11
C 253 14
C 254 8
C 255 5
C 256 20
C 257 12
C 258 26
C 259 16
C 260 3
C 261 25
C 262 3
C 263 18
C 264 24
C 265 3
C 266 1
C 267 6
C 268 26
C 269 7
I 3 2 8 (2,3,0) (0,1,0,0)
I 0 2 11 (5,2,5) (-1,-1,-1,0)|(1,1,1,0)
I 0 2 5 (1,4,3) (0,0,-1,0)|(-1,-1,1,0)|(1,-1,1,0)
