D (3,9,-1) (5,2,0)
D (3,9,-1) (2,5,0)
D (3,-1,-1) (0,3,3)
D (8,3,9) (4,5,4)
D (8,3,9) (2,1,1)
D (9,-1,-1) (3,2,0)
D (8,3,-1) (1,5,5)
D (3,-1,-1) (5,0,0)
D (6,7,8) (3,2,5)
D (7,8,3) (3,1,5)
D (6,7,-1) (5,5,5)
D (9,-1,-1) (4,0,3)
D (8,-1,-1) (3,3,5)
D (7,8,-1) (3,5,4)
D (7,-1,-1) (2,3,4)
D (6,7,8) (4,1,2)
D (7,8,-1) (0,4,5)
D (8,3,9) (0,1,5)
D (8,-1,-1) (2,2,1)
D (7,-1,-1) (2,1,3)
D (7,8,3) (3,1,4)
D (6,-1,-1) (5,4,3)
D (6,7,-1) (5,3,4)
D (7,-1,-1) (2,0,5)
D (7,8,-1) (3,0,0)
D (6,7,8) (4,5,5)
D (3,9,-1) (0,3,4)
D (9,-1,-1) (4,5,1)
D (3,-1,-1) (4,5,3)
D (8,3,9) (2,2,2)
D (9,-1,-1) (0,5,2)
D (3,-1,-1) (5,0,1)
D (9,-1,-1) (1,1,4)
D (6,-1,-1) (5,2,4)
D (8,3,9) (2,4,1)
D (6,-1,-1) (5,1,1)
D (9,-1,-1) (2,3,0)
D (6,7,8) (2,5,4)
D (3,9,-1) (1,1,1)
D (9,-1,-1) (2,4,3)
D (8,3,9) (1,3,4)
D (7,-1,-1) (3,4,0)
D (9,-1,-1) (2,4,0)
D (9,-1,-1) (4,3,4)
D (7,-1,-1) (4,0,0)
D (7,8,-1) (4,0,4)
D (9,-1,-1) (1,5,0)
D (8,-1,-1) (1,5,1)
D (8,-1,-1) (5,1,0)
D (3,9,-1) (5,0,3)
D (6,7,-1) (4,5,2)
D (9,-1,-1) (2,3,5)
D (6,-1,-1) (1,4,1)
D (7,8,3) (5,3,1)
D (3,9,-1) (5,2,5)
D (7,8,-1) (0,0,2)
D (9,-1,-1) (1,1,3)
D (7,8,-1) (5,1,3)
D (8,3,-1) (5,2,2)
D (6,7,-1) (1,2,3)
D (7,8,3) (4,1,5)
D (3,-1,-1) (0,4,1)
C 0 14
C 1 19
C 2 1
C 3 4
C 4 20
C 5 6
C 6 4
C 7 15
C 8 20
C 9 23
C 10 15
C 11 8
C 12 22
C 13 19
C 14 5
C 15 5
C 16 24
C 17 22
C 18 22
C 19 18
C 20 15
C 21 4
C 22 9
C 23 21
C 24 2
C 25 1
C 26 25
C 27 20
C 28 18
C 29 10
C 30 26
C 31 18
C 32 21
C 33 12
C 34 19
C 35 1
C 36 26
C 37 8
C 38 26
C 39 22
C 40 4
C 41 23
C 42 20
C 43 4
C 44 1
C 45 22
C 46 26
C 47 23
C 48 17
C 49 18
C 50 9
C 51 11
C 52 21
C 53 9
C 54 8
C 55 0
C 56 15
C 57 0
C 58 19
C 59 10
C 60 12
C 61 8
C 62 17
C 63 3
C 64 24
C 65 15
C 66 11
C 67 10
C 68 7
C 69 8
C 70 8
C 71 8
C 72 1
C 73 17
C 74 2
C 75 12
C 76 21
C 77 21
C 78 23
C 79 25
C 80 19
C 81 8
C 82 6
C 83 9
C 84 25
C 85 17
C 86 11
C 87 12
C 88 0
C 89 6
C 90 22
C 91 14
C 92 23
C 93 21
C 94 18
C 95 20
C 96 23
C 97 7
C 98 6
C 99 19
C 100 9
C 101 12
C 102 18
C 103 24
C 104 21
C 105 5
C 106 18
C 107 23
C 108 0
C 109 26
C 110 10
C 111 3
C 112 4
C 113 4
C 114 16
C 115 21
C 116 18
C 117 20
C 118 16
C 119 18
C 120 24
C 121 16
C 122 8
C 123 23
C 124 22
C 125 9
C 126 17
C 127 5
C 128 1
C 129 20
C 130 23
C 131 8
C 132 5
C 133 8
C 134 0
C 135 3
C 136 19
C 137 1
C 138 15
C 139 17
C 140 11
C 141 12
C 142 26
C 143 9
C 144 8
C 145 20
C 146 8
C 147 5
C 148 11
C 149 18
C 150 5
C 151 5
C 152 6
C 153 22
C 154 7
C 155 10
C 156 17
C 157 15
C 158 8
C 159 0
C 160 7
C 161 25
C 162 10
C 163 6
C 164 3
C 165 12
C 166 21
C 167 18
C 168 24
C 169 11
C 170 16
C 171 14
C 172 0
C 173 3
C 174 22
C 175 6
C 176 22
C 177 6
C 178 1
C 179 6
C 180 3
C 181 16
C 182 22
C 183 12
C 184 0
C 185 26
C 186 11
C 187 26
C 188 5
C 189 25
C 190 2
C 191 19
C 192 7
C 193 8
C 194 1
C 195 2
C 196 19
C 197 5
C 198 4
C 199 20
C 200 5
C 201 6
C 202 3
C 203 18
C 204 4
C 205 19
C 206 25
C 207 11
C 208 5
C 209 18
C 210 25
C 211 4
C 212 18
C 213 0
C 214 3
C 215 19
C 216 17
C 217 8
C 218 20
C 219 1
C 220 0
C 221 1
C 222 8
C 223 4
C 224 9
C 225 3
C 226 23
C 227 9
C 228 0
C 229 8
C 230 16
C 231 6
C 232 1
C 233 8
C 234 23
C 235 15
C 236 23
C 237 19
C 238 7
C 239 7
C 240 10
C 241 10
C 242 23
C 243 20
C 244 17
C 245 22
C 246 8
C 247 20
C 248 18
C 249 18
C 250 19
C 251 22
C 252 6
C 253 3
C 254 7
C 255 12
C 256 19
C 257 7
C 258 11
C 259 11
C 260 6
C 261 0
C 262 18
C 263 24
C 264 9
C 265 15
C 266 22
C 267 16
C 268 3
C 269 18
I 0 3 11 (1,3,0) (0,-1,1,0)|(0,1,-1,0)|(1,1,-1,0)|(-1,1,0,0)
I 4 2 1 (2,4,0) (0,-1,1,0)|(1,1,1,0)|(0,-1,1,0)
I 0 2 1 (3,0,0) (0,-1,0,0)|(0,0,-1,0)|(-1,1,1,0)
