D (7,8,3) (0,0,3)
D (3,9,-1) (0,4,4)
D (8,-1,-1) (1,0,3)
D (3,-1,-1) (2,3,0)
D (6,7,-1) (5,4,3)
D (3,9,-1) (5,4,2)
D (8,-1,-1) (2,0,5)
D (3,-1,-1) (3,2,0)
D (8,3,9) (2,4,5)
D (3,9,-1) (4,0,4)
D (3,-1,-1) (5,5,3)
D (7,8,3) (2,5,1)
D (9,-1,-1) (3,1,2)
D (8,3,9) (4,2,1)
D (8,3,9) (3,5,4)
D (9,-1,-1) (4,3,5)
D (7,8,-1) (2,3,5)
D (7,8,-1) (0,4,5)
D (8,3,-1) (4,2,5)
D (3,9,-1) (3,5,5)
D (3,9,-1) (5,1,4)
D (7,8,3) (3,0,3)
D (8,3,9) (1,4,0)
D (9,-1,-1) (4,2,2)
D (7,8,-1) (4,4,1)
D (9,-1,-1) (1,0,5)
D (7,8,3) (3,0,0)
D (6,-1,-1) (1,5,5)
D (6,-1,-1) (0,2,1)
D (9,-1,-1) (1,3,4)
D (9,-1,-1) (5,5,0)
D (8,-1,-1) (0,2,2)
D (8,3,9) (4,0,5)
D (7,8,3) (1,1,0)
D (6,7,8) (0,3,3)
D (3,-1,-1) (5,5,4)
D (8,3,-1) (3,5,0)
D (6,7,8) (2,1,4)
D (8,3,-1) (4,5,0)
D (9,-1,-1) (4,1,5)
D (8,-1,-1) (0,5,4)
D (6,-1,-1) (5,5,5)
D (6,-1,-1) (1,5,4)
D (3,9,-1) (1,2,4)
D (7,8,3) (1,1,2)
D (8,-1,-1) (2,3,4)
D (6,7,8) (1,5,1)
D (9,-1,-1) (1,3,3)
D (6,-1,-1) (0,0,1)
D (9,-1,-1) (0,3,5)
D (9,-1,-1) (4,1,1)
D (6,-1,-1) (5,3,1)
D (6,7,-1) (0,2,5)
D (8,3,-1) (4,4,5)
D (3,-1,-1) (2,5,2)
C 0 19
C 1 6
C 2 5
C 3 2
C 4 17
C 5 16
C 6 15
C 7 21
C 8 5
C 9 24
C 10 0
C 11 0
C 12 0
C 13 0
C 14 0
C 15 0
C 16 0
C 17 0
C 18 0
C 19 0
C 20 0
C 21 0
C 22 0
C 23 0
C 24 0
C 25 0
C 26 0
C 27 0
C 28 0
C 29 0
C 30 0
C 31 0
C 32 0
C 33 0
C 34 0
C 35 0
C 36 0
C 37 0
C 38 0
C 39 0
C 40 0
C 41 0
C 42 0
C 43 0
C 44 0
C 45 0
C 46 0
C 47 0
C 48 0
C 49 0
C 50 0
C 51 0
C 52 0
C 53 0
C 54 0
C 55 0
C 56 0
C 57 0
C 58 0
C 59 0
C 60 0
C 61 0
C 62 0
C 63 0
C 64 0
C 65 0
C 66 0
C 67 0
C 68 0
C 69 0
C 70 0
C 71 0
C 72 0
C 73 0
C 74 0
C 75 0
C 76 0
C 77 0
C 78 0
C 79 0
C 80 0
C 81 0
C 82 0
C 83 0
C 84 0
C 85 0
C 86 0
C 87 0
C 88 0
C 89 0
C 90 0
C 91 0
C 92 0
C 93 0
C 94 0
C 95 0
C 96 0
C 97 26
C 98 21
C 99 4
C 100 2
C 101 10
C 102 21
C 103 15
C 104 12
C 105 14
C 106 23
C 107 14
C 108 23
C 109 21
C 110 8
C 111 26
C 112 20
C 113 11
C 114 9
C 115 10
C 116 23
C 117 5
C 118 16
C 119 20
C 120 14
C 121 12
C 122 16
C 123 24
C 124 9
C 125 7
C 126 10
C 127 0
C 128 0
C 129 0
C 130 0
C 131 0
C 132 0
C 133 0
C 134 0
C 135 0
C 136 0
C 137 0
C 138 0
C 139 0
C 140 0
C 141 0
C 142 0
C 143 0
C 144 0
C 145 0
C 146 0
C 147 0
C 148 0
C 149 0
C 150 0
C 151 0
C 152 0
C 153 0
C 154 0
C 155 0
C 156 0
C 157 20
C 158 3
C 159 7
C 160 3
C 161 11
C 162 23
C 163 15
C 164 16
C 165 15
C 166 6
C 167 25
C 168 19
C 169 3
C 170 0
C 171 25
C 172 22
C 173 20
C 174 4
C 175 3
C 176 14
C 177 0
C 178 2
C 179 21
C 180 23
C 181 3
C 182 4
C 183 4
C 184 0
C 185 1
C 186 17
C 187 1
C 188 19
C 189 22
C 190 18
C 191 14
C 192 2
C 193 6
C 194 26
C 195 10
C 196 17
C 197 14
C 198 6
C 199 22
C 200 24
C 201 18
C 202 7
C 203 26
C 204 10
C 205 17
C 206 6
C 207 10
C 208 21
C 209 10
C 210 21
C 211 10
C 212 8
C 213 19
C 214 16
C 215 23
C 216 0
C 217 16
C 218 5
C 219 0
C 220 21
C 221 25
C 222 26
C 223 25
C 224 1
C 225 22
C 226 22
C 227 14
C 228 25
C 229 11
C 230 14
C 231 2
C 232 18
C 233 9
C 234 24
C 235 21
C 236 6
C 237 18
C 238 26
C 239 19
C 240 9
C 241 0
C 242 21
C 243 15
C 244 20
C 245 20
C 246 11
C 247 5
C 248 26
C 249 9
C 250 24
C 251 15
C 252 24
C 253 26
C 254 26
C 255 6
C 256 10
C 257 14
C 258 10
C 259 10
C 260 10
C 261 15
C 262 15
C 263 16
C 264 25
C 265 0
C 266 20
C 267 22
C 268 21
C 269 23
I 0 1 2 (5,2,1) (0,1,1,0)
I 5 2 18 (1,0,3) (0,-1,1,0)
I 3 2 8 (5,4,5) (0,-1,-1,0)
