D (6,-1,-1) (3,2,5)
D (3,9,-1) (0,1,0)
D (9,-1,-1) (3,5,2)
D (6,7,8) (1,4,2)
D (6,7,8) (5,5,3)
D (8,3,-1) (1,5,4)
D (9,-1,-1) (3,0,3)
D (3,9,-1) (1,5,3)
D (7,-1,-1) (5,5,0)
D (6,7,-1) (1,3,1)
D (3,9,-1) (5,3,5)
D (3,9,-1) (4,5,3)
D (7,8,-1) (2,0,4)
D (3,9,-1) (3,2,3)
D (6,-1,-1) (2,5,5)
D (9,-1,-1) (0,0,3)
D (8,-1,-1) (4,3,1)
D (8,3,-1) (4,2,3)
D (3,9,-1) (3,5,5)
D (9,-1,-1) (3,1,2)
D (7,-1,-1) (2,3,3)
D (6,-1,-1) (2,1,4)
D (7,-1,-1) (0,4,0)
D (3,9,-1) (1,1,5)
D (6,-1,-1) (5,0,0)
D (6,7,-1) (3,5,3)
D (8,-1,-1) (2,2,3)
D (7,-1,-1) (0,2,2)
D (6,-1,-1) (2,4,4)
D (9,-1,-1) (4,4,4)
D (3,-1,-1) (5,3,3)
D (7,-1,-1) (4,2,4)
D (3,9,-1) (3,1,1)
D (3,9,-1) (1,3,5)
D (7,8,-1) (3,4,1)
D (3,9,-1) (5,5,2)
C 0 17
C 1 18
C 2 12
C 3 10
C 4 6
C 5 18
C 6 9
C 7 8
C 8 7
C 9 21
C 10 21
C 11 16
C 12 14
C 13 22
C 14 17
C 15 7
C 16 12
C 17 1
C 18 1
C 19 5
C 20 14
C 21 3
C 22 23
C 23 11
C 24 21
C 25 3
C 26 22
C 27 23
C 28 8
C 29 2
C 30 21
C 31 16
C 32 15
C 33 8
C 34 12
C 35 10
C 36 6
C 37 25
C 38 8
C 39 16
C 40 7
C 41 25
C 42 7
C 43 11
C 44 24
C 45 7
C 46 9
C 47 14
C 48 14
C 49 15
C 50 12
C 51 3
C 52 25
C 53 7
C 54 24
C 55 16
C 56 25
C 57 10
C 58 20
C 59 11
C 60 2
C 61 4
C 62 24
C 63 14
C 64 17
C 65 3
C 66 1
C 67 10
C 68 14
C 69 24
C 70 9
C 71 2
C 72 16
C 73 19
C 74 21
C 75 11
C 76 1
C 77 22
C 78 3
C 79 25
C 80 26
C 81 18
C 82 16
C 83 20
C 84 22
C 85 11
C 86 15
C 87 23
C 88 11
C 89 20
C 90 10
C 91 5
C 92 10
C 93 10
C 94 6
C 95 7
C 96 7
C 97 11
C 98 3
C 99 14
C 100 5
C 101 11
C 102 26
C 103 21
C 104 14
C 105 20
C 106 23
C 107 1
C 108 21
C 109 20
C 110 11
C 111 12
C 112 25
C 113 25
C 114 11
C 115 17
C 116 8
C 117 5
C 118 26
C 119 1
C 120 23
C 121 2
C 122 26
C 123 8
C 124 14
C 125 11
C 126 6
C 127 24
C 128 21
C 129 2
C 130 18
C 131 22
C 132 9
C 133 11
C 134 22
C 135 17
C 136 2
C 137 25
C 138 21
C 139 16
C 140 20
C 141 24
C 142 14
C 143 23
C 144 23
C 145 7
C 146 7
C 147 26
C 148 25
C 149 15
C 150 15
C 151 6
C 152 23
C 153 25
C 154 2
C 155 16
C 156 19
C 157 26
C 158 9
C 159 23
C 160 22
C 161 3
C 162 1
C 163 5
C 164 6
C 165 14
C 166 15
C 167 17
C 168 2
C 169 14
C 170 19
C 171 19
C 172 11
C 173 21
C 174 23
C 175 25
C 176 23
C 177 26
C 178 21
C 179 17
C 180 10
C 181 0
C 182 16
C 183 4
C 184 20
C 185 24
C 186 17
C 187 0
C 188 12
C 189 19
C 190 15
C 191 24
C 192 14
C 193 4
C 194 2
C 195 2
C 196 2
C 197 4
C 198 4
C 199 23
C 200 1
C 201 2
C 202 0
C 203 6
C 204 12
C 205 7
C 206 21
C 207 12
C 208 18
C 209 2
C 210 0
C 211 16
C 212 9
C 213 19
C 214 5
C 215 25
C 216 12
C 217 7
C 218 0
C 219 2
C 220 22
C 221 0
C 222 2
C 223 22
C 224 22
C 225 5
C 226 21
C 227 10
C 228 1
C 229 15
C 230 16
C 231 22
C 232 17
C 233 17
C 234 12
C 235 23
C 236 20
C 237 25
C 238 9
C 239 21
C 240 11
C 241 5
C 242 6
C 243 2
C 244 14
C 245 4
C 246 18
C 247 23
C 248 12
C 249 0
C 250 0
C 251 18
C 252 17
C 253 12
C 254 16
C 255 16
C 256 1
C 257 26
C 258 5
C 259 3
C 260 23
C 261 3
C 262 21
C 263 10
C 264 18
C 265 8
C 266 23
C 267 10
C 268 24
C 269 15
I 3 2 18 (2,5,1) (-1,-1,1,0)|(1,0,1,0)|(-1,-1,-1,0)|(0,1,-1,0)|(0,0,1,0)
I 2 1 13 (4,1,0) (-1,0,0,0)
I 4 2 6 (5,0,0) (1,-1,0,0)
