D (7,8,-1) (5,2,5)
D (6,7,-1) (5,0,2)
D (6,7,8) (3,4,2)
D (3,-1,-1) (3,2,4)
D (7,8,-1) (1,3,2)
D (8,3,-1) (0,0,0)
D (9,-1,-1) (2,4,0)
D (9,-1,-1) (4,4,2)
D (3,9,-1) (4,0,4)
D (7,8,-1) (3,1,2)
D (8,3,-1) (5,3,1)
D (6,-1,-1) (0,0,1)
D (8,-1,-1) (0,5,1)
D (3,9,-1) (1,1,0)
D (3,-1,-1) (2,2,4)
D (9,-1,-1) (5,2,2)
D (7,8,3) (4,1,4)
D (9,-1,-1) (5,1,2)
D (7,-1,-1) (2,3,0)
D (8,-1,-1) (4,4,1)
D (6,7,8) (5,4,3)
D (6,7,8) (2,4,2)
D (3,-1,-1) (2,4,5)
D (7,8,-1) (3,2,5)
D (3,9,-1) (4,4,3)
D (3,-1,-1) (1,0,4)
D (9,-1,-1) (5,3,0)
D (8,3,9) (2,2,3)
D (9,-1,-1) (0,2,1)
D (9,-1,-1) (4,2,4)
D (6,7,8) (4,3,1)
D (8,-1,-1) (1,0,0)
D (8,3,9) (3,4,0)
D (7,8,-1) (0,5,0)
D (7,8,-1) (1,3,4)
D (8,3,9) (1,0,3)
D (3,-1,-1) (1,2,1)
D (6,-1,-1) (3,5,5)
D (7,-1,-1) (3,4,3)
D (6,7,8) (3,5,3)
D (9,-1,-1) (1,5,1)
D (7,-1,-1) (0,4,4)
D (3,9,-1) (2,4,3)
D (7,8,3) (1,5,4)
D (6,-1,-1) (4,3,2)
D (3,9,-1) (3,1,3)
D (9,-1,-1) (4,5,1)
D (7,-1,-1) (0,2,5)
D (9,-1,-1) (0,1,5)
D (7,8,-1) (2,4,1)
D (3,-1,-1) (0,5,3)
D (7,8,3) (5,5,1)
D (9,-1,-1) (0,4,1)
D (8,3,-1) (1,4,5)
D (8,3,9) (0,0,2)
D (7,8,3) (0,2,2)
D (6,-1,-1) (2,3,1)
D (7,8,3) (2,1,4)
D (8,3,9) (4,1,0)
D (7,-1,-1) (0,4,2)
D (6,-1,-1) (5,2,1)
D (3,9,-1) (3,4,4)
D (8,3,9) (4,4,0)
D (8,3,9) (3,3,5)
D (3,9,-1) (1,4,3)
D (9,-1,-1) (5,4,5)
D (7,8,3) (5,1,4)
D (3,9,-1) (4,2,5)
D (9,-1,-1) (4,1,1)
D (7,8,-1) (4,3,3)
D (6,7,-1) (5,1,0)
D (6,7,-1) (0,1,0)
D (6,7,-1) (5,0,1)
D (3,9,-1) (2,5,3)
D (3,9,-1) (1,4,0)
D (8,3,9) (2,5,5)
D (8,3,-1) (4,3,4)
D (7,-1,-1) (1,5,3)
C 0 23
C 1 3
C 2 14
C 3 9
C 4 0
C 5 9
C 6 24
C 7 3
C 8 6
C 9 25
C 10 5
C 11 0
C 12 3
C 13 25
C 14 12
C 15 10
C 16 1
C 17 19
C 18 26
C 19 23
C 20 26
C 21 9
C 22 15
C 23 26
C 24 15
C 25 0
C 26 2
C 27 11
C 28 25
C 29 6
C 30 8
C 31 1
C 32 15
C 33 6
C 34 5
C 35 25
C 36 6
C 37 20
C 38 7
C 39 18
C 40 25
C 41 18
C 42 18
C 43 2
C 44 1
C 45 5
C 46 9
C 47 9
C 48 16
C 49 20
C 50 9
C 51 26
C 52 24
C 53 6
C 54 20
C 55 7
C 56 21
C 57 17
C 58 12
C 59 17
C 60 9
C 61 17
C 62 14
C 63 2
C 64 20
C 65 26
C 66 9
C 67 20
C 68 2
C 69 21
C 70 1
C 71 4
C 72 21
C 73 7
C 74 8
C 75 8
C 76 15
C 77 0
C 78 16
C 79 21
C 80 21
C 81 6
C 82 0
C 83 19
C 84 5
C 85 15
C 86 20
C 87 16
C 88 19
C 89 3
C 90 1
C 91 3
C 92 12
C 93 10
C 94 0
C 95 4
C 96 21
C 97 11
C 98 14
C 99 12
C 100 11
C 101 25
C 102 2
C 103 14
C 104 9
C 105 17
C 106 18
C 107 0
C 108 9
C 109 2
C 110 16
C 111 5
C 112 20
C 113 19
C 114 5
C 115 22
C 116 2
C 117 20
C 118 5
C 119 5
C 120 1
C 121 21
C 122 22
C 123 8
C 124 8
C 125 20
C 126 7
C 127 20
C 128 10
C 129 3
C 130 14
C 131 12
C 132 26
C 133 14
C 134 15
C 135 11
C 136 18
C 137 18
C 138 25
C 139 5
C 140 9
C 141 12
C 142 23
C 143 17
C 144 7
C 145 23
C 146 10
C 147 6
C 148 14
C 149 4
C 150 3
C 151 5
C 152 26
C 153 8
C 154 20
C 155 12
C 156 4
C 157 17
C 158 23
C 159 22
C 160 17
C 161 22
C 162 26
C 163 5
C 164 1
C 165 6
C 166 9
C 167 5
C 168 20
C 169 1
C 170 4
C 171 17
C 172 0
C 173 26
C 174 1
C 175 20
C 176 11
C 177 24
C 178 26
C 179 8
C 180 19
C 181 23
C 182 18
C 183 20
C 184 18
C 185 26
C 186 7
C 187 17
C 188 22
C 189 2
C 190 14
C 191 16
C 192 1
C 193 9
C 194 3
C 195 9
C 196 10
C 197 19
C 198 7
C 199 5
C 200 5
C 201 7
C 202 6
C 203 15
C 204 21
C 205 14
C 206 20
C 207 15
C 208 22
C 209 18
C 210 9
C 211 25
C 212 1
C 213 4
C 214 7
C 215 2
C 216 6
C 217 12
C 218 21
C 219 23
C 220 0
C 221 0
C 222 0
C 223 0
C 224 0
C 225 0
C 226 0
C 227 0
C 228 0
C 229 0
C 230 0
C 231 0
C 232 0
C 233 0
C 234 0
C 235 0
C 236 0
C 237 0
C 238 0
C 239 0
C 240 0
C 241 0
C 242 0
C 243 0
C 244 0
C 245 0
C 246 0
C 247 0
C 248 0
C 249 0
C 250 0
C 251 0
C 252 0
C 253 0
C 254 0
C 255 0
C 256 0
C 257 0
C 258 0
C 259 0
C 260 0
C 261 0
C 262 25
C 263 5
C 264 10
C 265 1
C 266 11
C 267 22
C 268 20
C 269 21
I 0 1 10 (3,0,2) (1,1,1,0)|(0,-1,0,0)|(0,0,0,0)
I 5 3 9 (3,4,5) (0,-1,1,0)
I 3 2 8 (1,1,2) (-1,-1,-1,0)|(-1,-1,1,0)|(1,0,1,0)
