D (3,-1,-1) (1,3,4)
D (8,3,9) (2,2,2)
D (3,9,-1) (1,2,2)
D (3,9,-1) (5,0,4)
D (7,8,3) (1,5,0)
D (3,9,-1) (3,5,0)
D (7,8,3) (2,4,2)
D (8,-1,-1) (2,5,4)
D (7,8,3) (5,2,0)
D (3,9,-1) (1,0,0)
D (8,3,-1) (5,1,4)
D (3,9,-1) (2,1,3)
D (9,-1,-1) (0,0,1)
D (6,7,8) (4,5,0)
D (7,8,3) (0,4,4)
D (6,7,-1) (5,4,1)
D (6,7,8) (2,0,0)
D (9,-1,-1) (4,2,3)
D (7,-1,-1) (2,0,1)
D (7,-1,-1) (4,5,2)
D (8,3,9) (4,4,0)
D (8,-1,-1) (0,5,1)
D (8,3,-1) (3,3,0)
D (7,-1,-1) (1,5,2)
D (9,-1,-1) (1,4,3)
D (3,9,-1) (0,4,5)
D (8,3,-1) (4,2,5)
D (6,7,-1) (0,2,1)
D (6,7,8) (5,0,5)
D (8,3,-1) (2,3,3)
D (8,3,9) (4,4,5)
D (8,3,9) (0,3,3)
C 0 11
C 1 3
C 2 25
C 3 8
C 4 10
C 5 10
C 6 3
C 7 16
C 8 7
C 9 24
C 10 21
C 11 20
C 12 23
C 13 6
C 14 7
C 15 9
C 16 9
C 17 25
C 18 11
C 19 23
C 20 21
C 21 24
C 22 21
C 23 15
C 24 12
C 25 22
C 26 24
C 27 14
C 28 6
C 29 21
C 30 0
C 31 24
C 32 3
C 33 11
C 34 18
C 35 19
C 36 16
C 37 8
C 38 5
C 39 5
C 40 2
C 41 9
C 42 3
C 43 11
C 44 10
C 45 0
C 46 17
C 47 19
C 48 24
C 49 15
C 50 16
C 51 21
C 52 24
C 53 3
C 54 10
C 55 8
C 56 9
C 57 8
C 58 5
C 59 26
C 60 4
C 61 0
C 62 25
C 63 12
C 64 2
C 65 0
C 66 3
C 67 22
C 68 14
C 69 5
C 70 5
C 71 14
C 72 12
C 73 10
C 74 2
C 75 3
C 76 25
C 77 26
C 78 9
C 79 24
C 80 15
C 81 15
C 82 15
C 83 8
C 84 8
C 85 15
C 86 7
C 87 26
C 88 15
C 89 1
C 90 11
C 91 6
C 92 9
C 93 26
C 94 25
C 95 1
C 96 23
C 97 23
C 98 24
C 99 17
C 100 4
C 101 12
C 102 25
C 103 23
C 104 6
C 105 5
C 106 19
C 107 15
C 108 12
C 109 3
C 110 3
C 111 1
C 112 25
C 113 8
C 114 19
C 115 26
C 116 8
C 117 21
C 118 26
C 119 11
C 120 11
C 121 22
C 122 1
C 123 11
C 124 7
C 125 14
C 126 1
C 127 9
C 128 16
C 129 7
C 130 1
C 131 5
C 132 0
C 133 4
C 134 14
C 135 11
C 136 25
C 137 2
C 138 19
C 139 18
C 140 3
C 141 9
C 142 24
C 143 4
C 144 22
C 145 10
C 146 10
C 147 9
C 148 1
C 149 23
C 150 14
C 151 10
C 152 16
C 153 2
C 154 6
C 155 7
C 156 5
C 157 3
C 158 26
C 159 10
C 160 23
C 161 8
C 162 14
C 163 25
C 164 23
C 165 24
C 166 6
C 167 5
C 168 2
C 169 4
C 170 18
C 171 6
C 172 4
C 173 3
C 174 10
C 175 9
C 176 8
C 177 14
C 178 11
C 179 9
C 180 11
C 181 20
C 182 5
C 183 6
C 184 9
C 185 11
C 186 19
C 187 24
C 188 26
C 189 21
C 190 4
C 191 1
C 192 11
C 193 22
C 194 11
C 195 2
C 196 12
C 197 9
C 198 12
C 199 25
C 200 7
C 201 21
C 202 6
C 203 1
C 204 26
C 205 15
C 206 21
C 207 5
C 208 22
C 209 14
C 210 19
C 211 12
C 212 19
C 213 23
C 214 2
C 215 25
C 216 9
C 217 11
C 218 25
C 219 26
C 220 7
C 221 1
C 222 18
C 223 19
C 224 23
C 225 3
C 226 9
C 227 15
C 228 25
C 229 25
C 230 19
C 231 14
C 232 15
C 233 21
C 234 18
C 235 9
C 236 10
C 237 1
C 238 25
C 239 18
C 240 11
C 241 9
C 242 19
C 243 3
C 244 7
C 245 12
C 246 0
C 247 11
C 248 1
C 249 5
C 250 4
C 251 22
C 252 0
C 253 16
C 254 11
C 255 16
C 256 20
C 257 3
C 258 7
C 259 24
C 260 15
C 261 17
C 262 11
C 263 16
C 264 0
C 265 19
C 266 14
C 267 12
C 268 21
C 269 26
I 4 1 2 (1,2,5) (0,-1,-1,0)|(1,1,1,0)|(1,1,1,0)|(1,1,0,0)
I 2 2 9 (2,1,1) (1,1,0,0)|(1,0,0,0)|(0,1,0,0)
I 1 3 10 (3,1,4) (0,-1,1,0)
I 1 1 10 (5,1,1) (-1,1,0,0)|(1,0,-1,0)|(1,-1,0,0)
