D (9,-1,-1) (3,4,0)
D (7,8,-1) (2,1,5)
D (8,-1,-1) (5,2,2)
D (8,3,-1) (1,0,3)
D (7,8,3) (1,2,5)
D (6,7,8) (3,4,5)
D (3,-1,-1) (3,3,4)
D (7,8,-1) (5,2,4)
D (8,3,-1) (2,5,0)
D (7,8,-1) (2,0,0)
D (8,-1,-1) (4,5,5)
D (6,7,8) (3,5,4)
D (7,8,3) (0,5,5)
D (6,-1,-1) (4,0,3)
D (3,-1,-1) (5,5,1)
D (9,-1,-1) (1,4,4)
D (3,-1,-1) (5,0,2)
D (7,-1,-1) (0,4,0)
D (9,-1,-1) (0,4,1)
D (3,9,-1) (1,1,1)
D (8,3,9) (4,2,3)
D (7,8,3) (2,0,3)
D (8,-1,-1) (4,0,2)
D (9,-1,-1) (2,1,0)
D (7,-1,-1) (2,3,5)
D (7,8,-1) (0,2,3)
D (8,3,9) (2,2,5)
D (8,-1,-1) (0,0,3)
D (9,-1,-1) (1,5,4)
D (8,3,-1) (5,3,5)
D (7,8,3) (3,0,3)
D (8,3,9) (4,0,1)
D (9,-1,-1) (4,2,1)
D (9,-1,-1) (0,4,2)
D (3,9,-1) (4,3,4)
D (6,7,8) (4,2,2)
D (3,9,-1) (1,4,2)
D (7,8,-1) (3,3,5)
D (6,7,8) (3,4,2)
D (3,-1,-1) (3,0,2)
D (7,-1,-1) (2,3,3)
D (8,3,9) (1,1,0)
D (7,8,3) (1,3,4)
D (9,-1,-1) (2,3,1)
D (8,3,-1) (5,4,4)
D (3,9,-1) (5,3,2)
D (9,-1,-1) (0,3,5)
D (3,9,-1) (5,4,3)
D (6,7,8) (0,2,0)
D (9,-1,-1) (4,1,2)
D (6,7,8) (1,3,2)
D (3,9,-1) (2,2,2)
D (8,3,9) (1,4,5)
D (3,9,-1) (2,2,4)
C 0 5
C 1 16
C 2 7
C 3 24
C 4 24
C 5 23
C 6 21
C 7 6
C 8 2
C 9 0
C 10 11
C 11 1
C 12 14
C 13 10
C 14 21
C 15 18
C 16 15
C 17 16
C 18 11
C 19 7
C 20 6
C 21 4
C 22 1
C 23 15
C 24 15
C 25 16
C 26 16
C 27 11
C 28 7
C 29 1
C 30 19
C 31 23
C 32 16
C 33 23
C 34 1
C 35 1
C 36 12
C 37 10
C 38 23
C 39 16
C 40 5
C 41 21
C 42 11
C 43 22
C 44 22
C 45 6
C 46 6
C 47 14
C 48 11
C 49 9
C 50 1
C 51 22
C 52 14
C 53 11
C 54 1
C 55 5
C 56 26
C 57 18
C 58 10
C 59 23
C 60 5
C 61 23
C 62 12
C 63 25
C 64 20
C 65 17
C 66 5
C 67 12
C 68 2
C 69 19
C 70 6
C 71 0
C 72 8
C 73 18
C 74 9
C 75 26
C 76 26
C 77 24
C 78 9
C 79 19
C 80 0
C 81 7
C 82 14
C 83 15
C 84 11
C 85 2
C 86 2
C 87 23
C 88 20
C 89 19
C 90 3
C 91 11
C 92 25
C 93 24
C 94 3
C 95 10
C 96 9
C 97 17
C 98 21
C 99 16
C 100 7
C 101 5
C 102 20
C 103 21
C 104 19
C 105 0
C 106 22
C 107 25
C 108 23
C 109 9
C 110 10
C 111 8
C 112 16
C 113 17
C 114 12
C 115 21
C 116 14
C 117 6
C 118 6
C 119 19
C 120 3
C 121 2
C 122 8
C 123 20
C 124 15
C 125 6
C 126 16
C 127 10
C 128 14
C 129 10
C 130 24
C 131 12
C 132 10
C 133 25
C 134 10
C 135 14
C 136 3
C 137 15
C 138 7
C 139 6
C 140 4
C 141 6
C 142 19
C 143 8
C 144 8
C 145 16
C 146 17
C 147 15
C 148 19
C 149 16
C 150 3
C 151 14
C 152 6
C 153 10
C 154 16
C 155 1
C 156 10
C 157 24
C 158 20
C 159 15
C 160 5
C 161 0
C 162 11
C 163 2
C 164 22
C 165 21
C 166 25
C 167 2
C 168 8
C 169 18
C 170 16
C 171 11
C 172 21
C 173 11
C 174 1
C 175 21
C 176 21
C 177 7
C 178 3
C 179 24
C 180 25
C 181 6
C 182 8
C 183 7
C 184 4
C 185 26
C 186 1
C 187 16
C 188 16
C 189 11
C 190 9
C 191 19
C 192 25
C 193 0
C 194 15
C 195 4
C 196 19
C 197 26
C 198 21
C 199 5
C 200 1
C 201 2
C 202 24
C 203 25
C 204 21
C 205 26
C 206 6
C 207 20
C 208 14
C 209 25
C 210 26
C 211 22
C 212 19
C 213 11
C 214 10
C 215 1
C 216 18
C 217 26
C 218 7
C 219 2
C 220 22
C 221 17
C 222 25
C 223 26
C 224 25
C 225 20
C 226 10
C 227 26
C 228 6
C 229 19
C 230 8
C 231 7
C 232 7
C 233 18
C 234 14
C 235 25
C 236 11
C 237 15
C 238 25
C 239 16
C 240 1
C 241 23
C 242 20
C 243 3
C 244 22
C 245 6
C 246 22
C 247 22
C 248 24
C 249 2
C 250 3
C 251 0
C 252 5
C 253 26
C 254 8
C 255 7
C 256 4
C 257 4
C 258 12
C 259 18
C 260 24
C 261 26
C 262 10
C 263 11
C 264 21
C 265 21
C 266 9
C 267 0
C 268 14
C 269 24
I 0 2 12 (2,2,3) (1,1,0,0)|(0,0,-1,0)|(1,0,0,0)|(1,0,0,0)
I 5 2 18 (4,4,3) (-1,0,0,0)|(-1,0,1,0)|(-1,1,-1,0)|(1,1,-1,0)|(1,0,-1,0)
I 4 2 19 (2,2,0) (1,1,0,0)
