D (3,9,-1) (4,5,4)
D (9,-1,-1) (2,3,2)
D (8,3,-1) (4,0,2)
D (9,-1,-1) (0,1,2)
D (6,7,-1) (4,1,0)
D (3,9,-1) (2,5,0)
D (3,9,-1) (2,3,4)
D (6,-1,-1) (1,3,1)
D (9,-1,-1) (2,1,4)
D (7,8,3) (5,4,1)
D (3,9,-1) (5,0,2)
D (8,-1,-1) (3,4,3)
D (8,-1,-1) (5,0,0)
D (7,8,-1) (1,1,1)
D (8,3,9) (5,3,4)
D (3,-1,-1) (3,2,3)
D (7,8,-1) (0,5,4)
D (9,-1,-1) (3,2,4)
D (7,-1,-1) (3,4,2)
D (9,-1,-1) (4,2,5)
D (8,-1,-1) (0,1,4)
D (8,-1,-1) (4,1,4)
D (8,3,-1) (2,4,3)
D (9,-1,-1) (5,5,0)
D (9,-1,-1) (5,1,2)
D (6,7,8) (3,5,5)
D (7,-1,-1) (0,2,0)
D (9,-1,-1) (5,2,0)
D (9,-1,-1) (2,5,3)
D (3,-1,-1) (2,1,5)
D (9,-1,-1) (5,2,1)
D (7,-1,-1) (4,4,4)
D (6,7,-1) (5,3,5)
D (6,7,-1) (3,2,2)
D (6,7,8) (1,2,2)
D (3,9,-1) (2,1,1)
D (8,3,9) (2,5,4)
D (7,8,-1) (5,5,2)
D (6,7,-1) (2,4,2)
D (7,8,-1) (3,3,1)
D (3,9,-1) (1,3,5)
D (8,-1,-1) (1,2,4)
D (8,3,9) (5,2,3)
D (7,8,-1) (4,3,1)
D (9,-1,-1) (2,3,5)
D (7,8,-1) (0,1,1)
D (9,-1,-1) (1,2,0)
D (6,7,8) (1,0,2)
D (6,7,8) (0,0,5)
D (7,-1,-1) (4,2,1)
C 0 10
C 1 18
C 2 3
C 3 7
C 4 23
C 5 24
C 6 3
C 7 25
C 8 19
C 9 15
C 10 14
C 11 20
C 12 0
C 13 26
C 14 6
C 15 18
C 16 11
C 17 25
C 18 23
C 19 23
C 20 12
C 21 9
C 22 12
C 23 5
C 24 3
C 25 2
C 26 20
C 27 17
C 28 9
C 29 21
C 30 26
C 31 10
C 32 14
C 33 1
C 34 12
C 35 12
C 36 19
C 37 17
C 38 3
C 39 15
C 40 12
C 41 3
C 42 24
C 43 22
C 44 8
C 45 16
C 46 2
C 47 10
C 48 21
C 49 19
C 50 4
C 51 26
C 52 1
C 53 0
C 54 8
C 55 7
C 56 26
C 57 8
C 58 8
C 59 25
C 60 25
C 61 6
C 62 7
C 63 18
C 64 0
C 65 6
C 66 23
C 67 11
C 68 2
C 69 3
C 70 26
C 71 2
C 72 16
C 73 26
C 74 6
C 75 6
C 76 8
C 77 19
C 78 18
C 79 12
C 80 26
C 81 11
C 82 16
C 83 24
C 84 8
C 85 24
C 86 4
C 87 26
C 88 24
C 89 17
C 90 24
C 91 4
C 92 15
C 93 14
C 94 2
C 95 15
C 96 7
C 97 17
C 98 14
C 99 1
C 100 19
C 101 19
C 102 7
C 103 18
C 104 3
C 105 2
C 106 21
C 107 20
C 108 24
C 109 7
C 110 21
C 111 2
C 112 21
C 113 14
C 114 7
C 115 0
C 116 0
C 117 0
C 118 0
C 119 0
C 120 0
C 121 0
C 122 0
C 123 0
C 124 0
C 125 0
C 126 0
C 127 0
C 128 0
C 129 0
C 130 0
C 131 0
C 132 0
C 133 0
C 134 0
C 135 14
C 136 25
C 137 18
C 138 17
C 139 20
C 140 22
C 141 16
C 142 21
C 143 0
C 144 24
C 145 19
C 146 17
C 147 18
C 148 12
C 149 7
C 150 23
C 151 15
C 152 16
C 153 11
C 154 20
C 155 17
C 156 6
C 157 3
C 158 9
C 159 2
C 160 23
C 161 3
C 162 20
C 163 22
C 164 21
C 165 5
C 166 21
C 167 21
C 168 25
C 169 0
C 170 24
C 171 14
C 172 25
C 173 22
C 174 17
C 175 10
C 176 24
C 177 25
C 178 16
C 179 11
C 180 15
C 181 20
C 182 17
C 183 22
C 184 9
C 185 22
C 186 14
C 187 21
C 188 19
C 189 14
C 190 5
C 191 19
C 192 0
C 193 21
C 194 24
C 195 21
C 196 8
C 197 23
C 198 20
C 199 21
C 200 5
C 201 15
C 202 22
C 203 3
C 204 15
C 205 12
C 206 0
C 207 15
C 208 17
C 209 18
C 210 24
C 211 0
C 212 2
C 213 11
C 214 0
C 215 0
C 216 0
C 217 0
C 218 0
C 219 0
C 220 0
C 221 0
C 222 0
C 223 0
C 224 20
C 225 22
C 226 10
C 227 1
C 228 14
C 229 12
C 230 9
C 231 6
C 232 20
C 233 18
C 234 5
C 235 3
C 236 26
C 237 7
C 238 11
C 239 15
C 240 20
C 241 25
C 242 24
C 243 10
C 244 14
C 245 19
C 246 15
C 247 10
C 248 23
C 249 19
C 250 11
C 251 14
C 252 3
C 253 22
C 254 17
C 255 24
C 256 4
C 257 12
C 258 5
C 259 10
C 260 8
C 261 15
C 262 6
C 263 15
C 264 16
C 265 25
C 266 3
C 267 12
C 268 20
C 269 4
I 0 1 14 (3,3,0) (1,0,-1,0)
I 1 3 3 (0,1,3) (1,0,-1,0)|(0,1,-1,0)
I 1 3 8 (1,0,3) (-1,1,0,0)
