D (6,7,-1) (2,5,0)
D (3,9,-1) (0,3,4)
D (9,-1,-1) (3,2,0)
D (8,-1,-1) (3,5,1)
D (8,3,-1) (5,0,3)
D (3,9,-1) (1,4,1)
D (6,7,-1) (0,4,4)
D (6,-1,-1) (1,5,5)
D (8,3,-1) (3,1,0)
D (6,7,8) (4,5,1)
D (6,7,8) (4,0,4)
D (9,-1,-1) (1,3,4)
D (3,9,-1) (3,3,1)
D (7,8,3) (3,4,4)
D (9,-1,-1) (3,2,4)
D (8,3,-1) (4,2,1)
D (7,8,3) (2,1,2)
D (9,-1,-1) (5,2,3)
D (7,-1,-1) (3,3,3)
D (8,3,-1) (4,1,5)
D (7,-1,-1) (4,5,5)
D (6,7,-1) (4,0,3)
D (6,7,-1) (4,0,2)
D (6,7,8) (4,4,5)
D (7,8,-1) (2,2,2)
D (3,9,-1) (2,1,3)
D (6,7,8) (5,1,5)
D (8,3,-1) (1,1,3)
D (6,7,8) (1,4,5)
D (6,7,8) (0,1,5)
D (6,7,-1) (3,4,2)
D (3,9,-1) (0,2,0)
D (9,-1,-1) (2,1,4)
D (8,-1,-1) (5,3,2)
D (8,3,9) (0,5,2)
D (6,-1,-1) (3,5,2)
D (3,9,-1) (3,4,5)
D (3,9,-1) (2,4,3)
D (6,-1,-1) (1,3,0)
D (9,-1,-1) (1,0,2)
D (3,9,-1) (0,2,1)
D (6,7,-1) (5,0,4)
C 0 12
C 1 22
C 2 21
C 3 7
C 4 26
C 5 3
C 6 2
C 7 12
C 8 15
C 9 26
C 10 4
C 11 17
C 12 14
C 13 17
C 14 4
C 15 8
C 16 12
C 17 15
C 18 6
C 19 17
C 20 1
C 21 20
C 22 23
C 23 3
C 24 10
C 25 7
C 26 5
C 27 11
C 28 5
C 29 10
C 30 8
C 31 6
C 32 25
C 33 12
C 34 3
C 35 12
C 36 8
C 37 24
C 38 7
C 39 2
C 40 15
C 41 24
C 42 2
C 43 7
C 44 10
C 45 10
C 46 19
C 47 11
C 48 8
C 49 16
C 50 11
C 51 8
C 52 12
C 53 3
C 54 8
C 55 10
C 56 20
C 57 7
C 58 22
C 59 23
C 60 3
C 61 16
C 62 11
C 63 25
C 64 26
C 65 9
C 66 11
C 67 19
C 68 25
C 69 6
C 70 17
C 71 20
C 72 4
C 73 0
C 74 16
C 75 3
C 76 12
C 77 22
C 78 4
C 79 8
C 80 21
C 81 8
C 82 9
C 83 7
C 84 17
C 85 6
C 86 17
C 87 17
C 88 1
C 89 16
C 90 21
C 91 17
C 92 11
C 93 17
C 94 8
C 95 15
C 96 22
C 97 1
C 98 15
C 99 6
C 100 3
C 101 15
C 102 23
C 103 9
C 104 22
C 105 11
C 106 4
C 107 20
C 108 15
C 109 20
C 110 22
C 111 24
C 112 22
C 113 21
C 114 8
C 115 6
C 116 10
C 117 19
C 118 11
C 119 1
C 120 18
C 121 26
C 122 1
C 123 8
C 124 4
C 125 14
C 126 5
C 127 8
C 128 11
C 129 3
C 130 8
C 131 5
C 132 4
C 133 12
C 134 0
C 135 14
C 136 5
C 137 23
C 138 14
C 139 0
C 140 25
C 141 15
C 142 4
C 143 10
C 144 21
C 145 7
C 146 2
C 147 26
C 148 0
C 149 0
C 150 0
C 151 0
C 152 0
C 153 0
C 154 0
C 155 0
C 156 0
C 157 0
C 158 0
C 159 0
C 160 0
C 161 0
C 162 0
C 163 0
C 164 0
C 165 0
C 166 0
C 167 0
C 168 0
C 169 0
C 170 0
C 171 0
C 172 0
C 173 0
C 174 0
C 175 0
C 176 0
C 177 0
C 178 0
C 179 0
C 180 0
C 181 0
C 182 0
C 183 0
C 184 0
C 185 0
C 186 0
C 187 0
C 188 0
C 189 0
C 190 0
C 191 0
C 192 0
C 193 17
C 194 10
C 195 4
C 196 2
C 197 4
C 198 9
C 199 4
C 200 11
C 201 21
C 202 19
C 203 23
C 204 11
C 205 2
C 206 6
C 207 7
C 208 11
C 209 25
C 210 5
C 211 12
C 212 9
C 213 26
C 214 17
C 215 12
C 216 2
C 217 23
C 218 14
C 219 17
C 220 6
C 221 4
C 222 16
C 223 22
C 224 4
C 225 11
C 226 21
C 227 6
C 228 22
C 229 5
C 230 15
C 231 26
C 232 14
C 233 11
C 234 10
C 235 24
C 236 0
C 237 9
C 238 9
C 239 16
C 240 14
C 241 14
C 242 6
C 243 26
C 244 21
C 245 14
C 246 18
C 247 20
C 248 17
C 249 6
C 250 22
C 251 19
C 252 0
C 253 26
C 254 3
C 255 6
C 256 24
C 257 11
C 258 26
C 259 2
C 260 6
C 261 5
C 262 18
C 263 26
C 264 2
C 265 0
C 266 15
C 267 18
C 268 19
C 269 1
I 0 2 19 (0,0,0) (1,0,1,0)
I 3 1 17 (2,5,1) (-1,-1,0,0)
I 0 3 1 (2,1,0) (-1,0,0,0)
