D (7,8,3) (4,4,2)
D (8,3,9) (1,4,3)
D (8,3,9) (5,2,5)
D (6,7,-1) (1,5,5)
D (3,9,-1) (5,5,2)
D (3,-1,-1) (1,1,4)
D (8,3,-1) (0,0,0)
D (6,-1,-1) (0,0,5)
D (8,-1,-1) (4,1,0)
D (3,9,-1) (4,1,4)
D (7,8,-1) (5,4,4)
D (6,-1,-1) (1,5,3)
D (6,-1,-1) (5,2,2)
D (6,7,-1) (4,4,3)
D (3,-1,-1) (2,3,2)
D (3,9,-1) (0,5,5)
D (6,7,-1) (0,4,5)
D (8,-1,-1) (2,2,2)
D (7,-1,-1) (5,5,4)
D (8,-1,-1) (5,1,3)
D (7,8,-1) (0,0,2)
D (8,-1,-1) (2,5,2)
D (3,-1,-1) (3,3,5)
D (8,3,9) (0,2,0)
D (3,-1,-1) (4,5,0)
D (3,-1,-1) (0,4,4)
D (8,3,-1) (1,1,0)
D (8,-1,-1) (1,5,1)
D (7,8,-1) (3,2,5)
D (9,-1,-1) (0,5,1)
D (8,3,-1) (5,5,1)
D (3,-1,-1) (2,1,1)
D (3,-1,-1) (0,5,0)
D (7,8,3) (1,5,0)
D (7,8,-1) (1,0,4)
D (8,-1,-1) (2,5,0)
D (3,9,-1) (2,3,0)
D (7,8,3) (5,0,2)
D (3,9,-1) (5,2,0)
D (8,-1,-1) (4,5,2)
D (3,9,-1) (2,4,3)
D (3,9,-1) (4,0,3)
D (3,9,-1) (4,1,2)
D (3,9,-1) (2,4,1)
D (9,-1,-1) (3,5,0)
C 0 12
C 1 3
C 2 12
C 3 6
C 4 23
C 5 16
C 6 11
C 7 5
C 8 22
C 9 17
C 10 6
C 11 4
C 12 24
C 13 3
C 14 1
C 15 9
C 16 2
C 17 24
C 18 22
C 19 12
C 20 17
C 21 12
C 22 9
C 23 3
C 24 12
C 25 11
C 26 11
C 27 6
C 28 19
C 29 23
C 30 5
C 31 19
C 32 1
C 33 10
C 34 18
C 35 2
C 36 5
C 37 23
C 38 3
C 39 14
C 40 11
C 41 19
C 42 9
C 43 25
C 44 21
C 45 9
C 46 16
C 47 22
C 48 7
C 49 5
C 50 4
C 51 7
C 52 5
C 53 3
C 54 14
C 55 25
C 56 19
C 57 23
C 58 7
C 59 16
C 60 14
C 61 16
C 62 11
C 63 0
C 64 19
C 65 14
C 66 6
C 67 9
C 68 18
C 69 20
C 70 1
C 71 5
C 72 18
C 73 26
C 74 17
C 75 7
C 76 16
C 77 22
C 78 4
C 79 16
C 80 0
C 81 23
C 82 7
C 83 0
C 84 4
C 85 11
C 86 20
C 87 16
C 88 8
C 89 0
C 90 1
C 91 15
C 92 2
C 93 9
C 94 24
C 95 26
C 96 2
C 97 17
C 98 6
C 99 14
C 100 6
C 101 22
C 102 20
C 103 7
C 104 23
C 105 25
C 106 11
C 107 2
C 108 12
C 109 25
C 110 16
C 111 16
C 112 15
C 113 22
C 114 8
C 115 6
C 116 2
C 117 19
C 118 3
C 119 8
C 120 2
C 121 12
C 122 24
C 123 17
C 124 15
C 125 19
C 126 19
C 127 9
C 128 21
C 129 1
C 130 2
C 131 21
C 132 21
C 133 18
C 134 6
C 135 11
C 136 14
C 137 11
C 138 0
C 139 22
C 140 6
C 141 10
C 142 5
C 143 26
C 144 26
C 145 1
C 146 20
C 147 4
C 148 8
C 149 16
C 150 12
C 151 6
C 152 14
C 153 26
C 154 26
C 155 7
C 156 15
C 157 12
C 158 0
C 159 18
C 160 7
C 161 25
C 162 18
C 163 9
C 164 17
C 165 3
C 166 24
C 167 25
C 168 9
C 169 10
C 170 2
C 171 25
C 172 26
C 173 9
C 174 9
C 175 17
C 176 12
C 177 9
C 178 14
C 179 11
C 180 4
C 181 20
C 182 17
C 183 6
C 184 26
C 185 24
C 186 2
C 187 19
C 188 14
C 189 18
C 190 12
C 191 25
C 192 20
C 193 3
C 194 24
C 195 22
C 196 16
C 197 16
C 198 10
C 199 21
C 200 7
C 201 25
C 202 5
C 203 17
C 204 10
C 205 21
C 206 22
C 207 26
C 208 17
C 209 24
C 210 15
C 211 16
C 212 23
C 213 14
C 214 21
C 215 25
C 216 9
C 217 1
C 218 21
C 219 20
C 220 2
C 221 4
C 222 8
C 223 11
C 224 26
C 225 0
C 226 1
C 227 26
C 228 0
C 229 0
C 230 0
C 231 0
C 232 0
C 233 0
C 234 0
C 235 0
C 236 0
C 237 0
C 238 0
C 239 0
C 240 0
C 241 0
C 242 0
C 243 0
C 244 0
C 245 0
C 246 0
C 247 0
C 248 0
C 249 0
C 250 0
C 251 0
C 252 0
C 253 0
C 254 0
C 255 0
C 256 0
C 257 0
C 258 0
C 259 0
C 260 0
C 261 0
C 262 0
C 263 0
C 264 10
C 265 14
C 266 5
C 267 6
C 268 22
C 269 7
I 0 3 3 (4,3,5) (0,0,-1,0)|(-1,-1,1,0)
I 4 1 11 (1,5,5) (1,1,0,0)|(1,0,1,0)
I 5 1 8 (3,2,2) (1,0,1,0)|(1,1,1,0)
