D (6,7,8) (1,5,4)
D (8,3,-1) (2,0,2)
D (9,-1,-1) (2,1,5)
D (3,9,-1) (0,0,1)
D (3,9,-1) (1,1,4)
D (7,8,-1) (3,2,1)
D (3,-1,-1) (2,4,5)
D (6,7,-1) (1,2,0)
D (9,-1,-1) (5,0,5)
D (3,9,-1) (4,2,2)
D (6,-1,-1) (0,5,3)
D (6,7,-1) (1,2,1)
D (9,-1,-1) (4,4,1)
D (9,-1,-1) (1,2,3)
D (3,-1,-1) (0,0,2)
D (3,9,-1) (4,4,5)
D (9,-1,-1) (5,1,5)
D (3,-1,-1) (4,5,0)
D (7,8,-1) (3,2,5)
D (3,9,-1) (3,0,3)
D (9,-1,-1) (4,1,1)
D (8,-1,-1) (1,5,2)
D (3,-1,-1) (4,3,3)
D (3,9,-1) (3,0,1)
D (3,-1,-1) (4,2,1)
D (9,-1,-1) (0,4,3)
D (9,-1,-1) (3,5,1)
D (6,7,8) (4,3,2)
D (6,7,-1) (0,1,3)
D (7,8,3) (5,5,0)
D (8,-1,-1) (5,5,5)
D (3,9,-1) (1,0,4)
D (6,7,-1) (4,3,4)
D (7,-1,-1) (5,0,0)
D (6,7,-1) (1,2,2)
D (6,7,8) (0,1,4)
D (9,-1,-1) (2,1,1)
C 0 18
C 1 21
C 2 21
C 3 19
C 4 21
C 5 0
C 6 0
C 7 0
C 8 0
C 9 0
C 10 0
C 11 0
C 12 4
C 13 19
C 14 9
C 15 2
C 16 18
C 17 2
C 18 24
C 19 15
C 20 5
C 21 24
C 22 11
C 23 10
C 24 1
C 25 8
C 26 25
C 27 12
C 28 11
C 29 24
C 30 18
C 31 16
C 32 11
C 33 22
C 34 5
C 35 1
C 36 17
C 37 17
C 38 6
C 39 12
C 40 19
C 41 12
C 42 8
C 43 23
C 44 22
C 45 4
C 46 6
C 47 16
C 48 24
C 49 24
C 50 9
C 51 1
C 52 8
C 53 2
C 54 0
C 55 19
C 56 5
C 57 2
C 58 7
C 59 8
C 60 2
C 61 3
C 62 7
C 63 7
C 64 23
C 65 0
C 66 11
C 67 16
C 68 0
C 69 6
C 70 11
C 71 24
C 72 21
C 73 18
C 74 10
C 75 16
C 76 0
C 77 3
C 78 11
C 79 4
C 80 10
C 81 1
C 82 0
C 83 11
C 84 2
C 85 1
C 86 1
C 87 3
C 88 16
C 89 19
C 90 6
C 91 0
C 92 12
C 93 10
C 94 3
C 95 21
C 96 26
C 97 16
C 98 18
C 99 26
C 100 20
C 101 3
C 102 21
C 103 5
C 104 16
C 105 24
C 106 10
C 107 15
C 108 8
C 109 26
C 110 21
C 111 23
C 112 5
C 113 6
C 114 2
C 115 20
C 116 19
C 117 14
C 118 21
C 119 7
C 120 17
C 121 5
C 122 25
C 123 6
C 124 19
C 125 9
C 126 24
C 127 12
C 128 1
C 129 2
C 130 23
C 131 22
C 132 23
C 133 9
C 134 18
C 135 21
C 136 4
C 137 4
C 138 17
C 139 3
C 140 17
C 141 19
C 142 14
C 143 1
C 144 1
C 145 23
C 146 9
C 147 0
C 148 7
C 149 1
C 150 7
C 151 11
C 152 9
C 153 8
C 154 19
C 155 1
C 156 12
C 157 26
C 158 5
C 159 5
C 160 0
C 161 6
C 162 15
C 163 0
C 164 16
C 165 26
C 166 5
C 167 24
C 168 14
C 169 19
C 170 11
C 171 22
C 172 23
C 173 15
C 174 21
C 175 5
C 176 16
C 177 7
C 178 23
C 179 16
C 180 20
C 181 22
C 182 11
C 183 8
C 184 9
C 185 22
C 186 22
C 187 2
C 188 8
C 189 8
C 190 14
C 191 26
C 192 21
C 193 24
C 194 21
C 195 18
C 196 11
C 197 10
C 198 6
C 199 9
C 200 4
C 201 21
C 202 1
C 203 26
C 204 18
C 205 17
C 206 22
C 207 22
C 208 8
C 209 18
C 210 11
C 211 22
C 212 25
C 213 20
C 214 22
C 215 4
C 216 24
C 217 6
C 218 21
C 219 1
C 220 0
C 221 3
C 222 4
C 223 2
C 224 24
C 225 4
C 226 8
C 227 18
C 228 16
C 229 3
C 230 2
C 231 25
C 232 12
C 233 19
C 234 18
C 235 21
C 236 4
C 237 5
C 238 16
C 239 21
C 240 3
C 241 24
C 242 14
C 243 3
C 244 1
C 245 12
C 246 22
C 247 15
C 248 22
C 249 23
C 250 5
C 251 22
C 252 12
C 253 12
C 254 18
C 255 17
C 256 5
C 257 10
C 258 26
C 259 7
C 260 5
C 261 23
C 262 24
C 263 18
C 264 19
C 265 18
C 266 22
C 267 26
C 268 0
C 269 18
I 2 1 6 (3,4,2) (0,-1,0,0)|(0,-1,-1,0)|(-1,0,-1,0)|(1,-1,1,0)
I 5 3 2 (3,3,2) (-1,1,1,0)
I 1 1 18 (0,1,1) (-1,-1,0,0)
