D (8,3,-1) (1,2,4)
D (3,-1,-1) (1,2,5)
D (7,-1,-1) (0,3,1)
D (8,-1,-1) (4,0,1)
D (7,8,3) (3,4,1)
D (6,7,8) (1,1,1)
D (3,9,-1) (5,4,4)
D (6,7,-1) (5,5,5)
D (7,8,3) (1,0,1)
D (3,9,-1) (2,2,0)
D (8,-1,-1) (3,5,2)
D (3,9,-1) (0,3,0)
D (6,7,-1) (1,4,3)
D (9,-1,-1) (5,1,3)
D (7,8,3) (2,0,5)
D (8,3,-1) (3,1,1)
D (3,9,-1) (2,0,2)
D (6,7,8) (1,2,2)
D (9,-1,-1) (0,4,4)
D (6,7,-1) (3,1,5)
D (3,9,-1) (3,0,4)
D (8,3,9) (2,3,5)
D (7,-1,-1) (3,0,0)
D (3,9,-1) (4,3,1)
D (6,-1,-1) (1,1,5)
D (8,3,-1) (5,5,0)
D (7,8,-1) (0,2,2)
D (3,9,-1) (5,0,2)
D (6,-1,-1) (4,5,0)
D (8,3,9) (5,0,0)
D (3,9,-1) (4,3,0)
D (3,9,-1) (4,0,0)
D (7,-1,-1) (5,2,0)
D (8,3,-1) (2,1,0)
D (6,-1,-1) (0,4,3)
D (9,-1,-1) (0,3,3)
D (6,7,-1) (2,5,1)
D (6,7,8) (5,5,3)
D (3,9,-1) (2,3,0)
D (3,9,-1) (4,5,1)
D (7,8,3) (4,0,5)
D (8,3,9) (4,3,3)
D (9,-1,-1) (3,3,5)
D (6,7,8) (5,2,1)
D (8,3,-1) (3,0,3)
D (8,3,9) (1,0,0)
D (7,8,3) (0,0,4)
D (6,7,8) (4,4,2)
D (9,-1,-1) (4,2,5)
D (6,-1,-1) (0,0,2)
D (7,-1,-1) (2,4,5)
D (7,8,3) (4,1,3)
D (9,-1,-1) (5,1,1)
D (8,3,9) (0,0,0)
D (6,7,-1) (4,4,5)
D (8,-1,-1) (5,2,5)
C 0 6
C 1 3
C 2 0
C 3 17
C 4 8
C 5 15
C 6 18
C 7 21
C 8 7
C 9 20
C 10 9
C 11 25
C 12 2
C 13 12
C 14 12
C 15 22
C 16 6
C 17 0
C 18 22
C 19 24
C 20 25
C 21 11
C 22 1
C 23 18
C 24 6
C 25 20
C 26 2
C 27 15
C 28 23
C 29 6
C 30 20
C 31 17
C 32 8
C 33 12
C 34 5
C 35 22
C 36 20
C 37 3
C 38 6
C 39 20
C 40 11
C 41 22
C 42 20
C 43 21
C 44 17
C 45 17
C 46 16
C 47 11
C 48 16
C 49 15
C 50 1
C 51 8
C 52 20
C 53 17
C 54 16
C 55 6
C 56 6
C 57 4
C 58 0
C 59 0
C 60 0
C 61 0
C 62 0
C 63 0
C 64 0
C 65 0
C 66 0
C 67 0
C 68 0
C 69 0
C 70 0
C 71 0
C 72 0
C 73 0
C 74 0
C 75 0
C 76 0
C 77 0
C 78 0
C 79 0
C 80 0
C 81 0
C 82 0
C 83 0
C 84 0
C 85 0
C 86 0
C 87 0
C 88 0
C 89 26
C 90 25
C 91 18
C 92 2
C 93 23
C 94 22
C 95 12
C 96 19
C 97 3
C 98 24
C 99 19
C 100 17
C 101 26
C 102 18
C 103 24
C 104 17
C 105 26
C 106 5
C 107 14
C 108 6
C 109 15
C 110 7
C 111 25
C 112 9
C 113 11
C 114 24
C 115 14
C 116 0
C 117 12
C 118 25
C 119 2
C 120 1
C 121 25
C 122 3
C 123 12
C 124 25
C 125 0
C 126 17
C 127 22
C 128 8
C 129 15
C 130 19
C 131 15
C 132 12
C 133 10
C 134 3
C 135 11
C 136 10
C 137 6
C 138 16
C 139 15
C 140 12
C 141 19
C 142 3
C 143 20
C 144 1
C 145 14
C 146 25
C 147 11
C 148 26
C 149 18
C 150 19
C 151 26
C 152 26
C 153 17
C 154 10
C 155 16
C 156 16
C 157 4
C 158 17
C 159 18
C 160 23
C 161 23
C 162 17
C 163 16
C 164 11
C 165 22
C 166 18
C 167 8
C 168 6
C 169 14
C 170 11
C 171 4
C 172 22
C 173 20
C 174 25
C 175 14
C 176 26
C 177 26
C 178 21
C 179 14
C 180 26
C 181 6
C 182 18
C 183 3
C 184 21
C 185 23
C 186 17
C 187 17
C 188 20
C 189 12
C 190 3
C 191 15
C 192 8
C 193 19
C 194 18
C 195 7
C 196 9
C 197 5
C 198 17
C 199 0
C 200 23
C 201 5
C 202 9
C 203 0
C 204 24
C 205 14
C 206 0
C 207 6
C 208 8
C 209 25
C 210 9
C 211 25
C 212 3
C 213 1
C 214 17
C 215 15
C 216 7
C 217 14
C 218 15
C 219 26
C 220 15
C 221 24
C 222 11
C 223 0
C 224 3
C 225 12
C 226 12
C 227 24
C 228 5
C 229 12
C 230 25
C 231 26
C 232 18
C 233 10
C 234 4
C 235 2
C 236 5
C 237 22
C 238 0
C 239 6
C 240 24
C 241 26
C 242 16
C 243 22
C 244 6
C 245 6
C 246 0
C 247 1
C 248 24
C 249 5
C 250 9
C 251 7
C 252 5
C 253 10
C 254 12
C 255 26
C 256 7
C 257 22
C 258 8
C 259 24
C 260 2
C 261 10
C 262 10
C 263 8
C 264 10
C 265 1
C 266 22
C 267 18
C 268 21
C 269 16
I 0 1 6 (2,4,3) (1,0,1,0)|(1,-1,1,0)
I 3 2 9 (3,5,2) (1,1,-1,0)
I 2 2 2 (3,1,1) (1,-1,-1,0)
