D (7,8,3) (4,4,2)
D (9,-1,-1) (1,4,4)
D (6,-1,-1) (1,2,4)
D (3,9,-1) (4,1,4)
D (9,-1,-1) (5,0,1)
D (6,7,-1) (2,5,1)
D (7,8,-1) (0,2,3)
D (9,-1,-1) (2,1,2)
D (6,-1,-1) (5,3,3)
D (9,-1,-1) (3,3,1)
D (3,9,-1) (5,0,3)
D (8,-1,-1) (4,4,5)
D (7,8,-1) (4,3,4)
D (9,-1,-1) (1,0,4)
D (3,9,-1) (5,4,1)
D (7,-1,-1) (0,1,0)
D (7,8,3) (0,5,3)
D (9,-1,-1) (2,3,3)
D (8,-1,-1) (4,0,0)
D (7,3,9) (0,0,0)
D (7,8,-1) (3,0,0)
D (6,7,8) (4,2,1)
D (6,7,-1) (5,5,4)
D (3,-1,-1) (1,0,5)
D (7,8,3) (0,4,4)
D (7,-1,-1) (5,3,2)
D (8,-1,-1) (1,5,4)
D (6,7,8) (3,5,4)
D (8,3,9) (2,0,5)
D (3,9,-1) (4,4,3)
D (6,7,-1) (1,2,0)
D (9,-1,-1) (0,1,1)
D (6,7,8) (4,0,5)
D (6,7,-1) (5,2,2)
D (7,8,3) (4,1,2)
D (8,3,9) (4,2,2)
D (3,-1,-1) (3,1,5)
D (3,9,-1) (2,0,0)
D (8,3,-1) (2,4,3)
D (8,3,9) (4,5,2)
C 0 23
C 1 2
C 2 23
C 3 9
C 4 5
C 5 6
C 6 21
C 7 19
C 8 21
C 9 26
C 10 8
C 11 2
C 12 17
C 13 24
C 14 2
C 15 20
C 16 1
C 17 23
C 18 25
C 19 11
C 20 10
C 21 23
C 22 6
C 23 25
C 24 10
C 25 10
C 26 20
C 27 16
C 28 17
C 29 22
C 30 8
C 31 26
C 32 8
C 33 14
C 34 15
C 35 21
C 36 19
C 37 26
C 38 15
C 39 17
C 40 0
C 41 26
C 42 15
C 43 7
C 44 9
C 45 6
C 46 17
C 47 6
C 48 3
C 49 14
C 50 8
C 51 6
C 52 20
C 53 2
C 54 15
C 55 19
C 56 0
C 57 24
C 58 10
C 59 6
C 60 20
C 61 21
C 62 5
C 63 12
C 64 1
C 65 0
C 66 23
C 67 12
C 68 2
C 69 1
C 70 17
C 71 16
C 72 15
C 73 23
C 74 12
C 75 4
C 76 14
C 77 18
C 78 18
C 79 2
C 80 16
C 81 8
C 82 3
C 83 20
C 84 16
C 85 2
C 86 14
C 87 8
C 88 14
C 89 20
C 90 7
C 91 0
C 92 0
C 93 0
C 94 0
C 95 0
C 96 0
C 97 0
C 98 0
C 99 0
C 100 0
C 101 0
C 102 0
C 103 0
C 104 0
C 105 0
C 106 0
C 107 0
C 108 0
C 109 0
C 110 0
C 111 0
C 112 0
C 113 0
C 114 0
C 115 0
C 116 0
C 117 0
C 118 0
C 119 0
C 120 0
C 121 0
C 122 0
C 123 0
C 124 0
C 125 0
C 126 0
C 127 0
C 128 0
C 129 0
C 130 0
C 131 0
C 132 0
C 133 0
C 134 0
C 135 0
C 136 0
C 137 0
C 138 0
C 139 0
C 140 0
C 141 0
C 142 0
C 143 0
C 144 0
C 145 0
C 146 0
C 147 0
C 148 0
C 149 0
C 150 0
C 151 0
C 152 0
C 153 0
C 154 0
C 155 0
C 156 0
C 157 0
C 158 0
C 159 0
C 160 0
C 161 0
C 162 0
C 163 0
C 164 0
C 165 0
C 166 0
C 167 0
C 168 0
C 169 0
C 170 0
C 171 0
C 172 0
C 173 0
C 174 0
C 175 0
C 176 0
C 177 0
C 178 0
C 179 0
C 180 0
C 181 0
C 182 0
C 183 0
C 184 0
C 185 0
C 186 0
C 187 0
C 188 0
C 189 0
C 190 0
C 191 0
C 192 0
C 193 0
C 194 0
C 195 0
C 196 25
C 197 11
C 198 1
C 199 4
C 200 10
C 201 23
C 202 14
C 203 5
C 204 10
C 205 14
C 206 25
C 207 16
C 208 17
C 209 6
C 210 24
C 211 4
C 212 17
C 213 14
C 214 25
C 215 20
C 216 14
C 217 18
C 218 22
C 219 21
C 220 0
C 221 7
C 222 12
C 223 19
C 224 2
C 225 23
C 226 16
C 227 22
C 228 8
C 229 25
C 230 16
C 231 8
C 232 0
C 233 16
C 234 22
C 235 26
C 236 8
C 237 2
C 238 17
C 239 18
C 240 17
C 241 1
C 242 6
C 243 19
C 244 4
C 245 17
C 246 0
C 247 14
C 248 11
C 249 21
C 250 6
C 251 1
C 252 1
C 253 0
C 254 3
C 255 12
C 256 5
C 257 19
C 258 7
C 259 1
C 260 1
C 261 8
C 262 10
C 263 2
C 264 8
C 265 21
C 266 20
C 267 21
C 268 24
C 269 0
I 3 1 14 (5,1,2) (0,-1,1,0)
I 1 3 18 (3,2,1) (0,1,1,0)
I 5 1 6 (4,3,3) (-1,-1,-1,0)|(-1,0,1,0)
