D (9,-1,-1) (5,4,3)
D (9,-1,-1) (0,2,4)
D (6,7,8) (5,5,0)
D (6,7,8) (0,1,5)
D (6,-1,-1) (4,0,5)
D (9,-1,-1) (0,4,3)
D (6,7,-1) (2,1,2)
D (8,-1,-1) (0,0,4)
D (8,3,9) (4,4,4)
D (8,-1,-1) (5,5,5)
D (6,7,8) (1,4,3)
D (8,-1,-1) (4,4,1)
D (3,9,-1) (2,5,0)
D (3,9,-1) (1,4,4)
D (6,7,-1) (1,0,2)
D (8,-1,-1) (1,1,1)
D (6,7,8) (3,0,0)
D (8,3,9) (0,1,1)
D (6,-1,-1) (4,4,0)
D (9,-1,-1) (3,0,2)
D (6,7,8) (0,0,2)
D (6,-1,-1) (4,4,5)
D (3,9,-1) (3,2,3)
D (6,-1,-1) (4,0,1)
D (6,7,-1) (5,2,2)
D (7,-1,-1) (3,3,4)
D (6,7,-1) (5,4,4)
D (6,7,8) (5,3,4)
D (9,-1,-1) (4,4,2)
D (9,-1,-1) (1,2,3)
D (8,3,-1) (2,0,0)
D (9,-1,-1) (1,5,2)
D (6,7,-1) (5,5,4)
D (7,8,3) (3,4,2)
C 0 22
C 1 4
C 2 7
C 3 1
C 4 11
C 5 7
C 6 15
C 7 24
C 8 9
C 9 0
C 10 15
C 11 6
C 12 3
C 13 21
C 14 6
C 15 3
C 16 6
C 17 7
C 18 6
C 19 21
C 20 17
C 21 8
C 22 19
C 23 2
C 24 10
C 25 3
C 26 2
C 27 12
C 28 4
C 29 17
C 30 5
C 31 20
C 32 8
C 33 10
C 34 4
C 35 18
C 36 3
C 37 3
C 38 16
C 39 0
C 40 19
C 41 19
C 42 5
C 43 10
C 44 9
C 45 20
C 46 18
C 47 25
C 48 9
C 49 12
C 50 5
C 51 11
C 52 21
C 53 8
C 54 17
C 55 19
C 56 1
C 57 24
C 58 10
C 59 18
C 60 22
C 61 19
C 62 6
C 63 4
C 64 3
C 65 7
C 66 16
C 67 7
C 68 22
C 69 6
C 70 20
C 71 0
C 72 23
C 73 2
C 74 1
C 75 7
C 76 7
C 77 12
C 78 19
C 79 2
C 80 15
C 81 4
C 82 15
C 83 25
C 84 7
C 85 8
C 86 9
C 87 3
C 88 9
C 89 21
C 90 2
C 91 12
C 92 26
C 93 26
C 94 9
C 95 25
C 96 17
C 97 2
C 98 15
C 99 17
C 100 14
C 101 7
C 102 5
C 103 3
C 104 7
C 105 7
C 106 20
C 107 18
C 108 15
C 109 26
C 110 18
C 111 14
C 112 21
C 113 16
C 114 11
C 115 8
C 116 10
C 117 18
C 118 4
C 119 5
C 120 1
C 121 25
C 122 26
C 123 7
C 124 6
C 125 12
C 126 5
C 127 1
C 128 12
C 129 11
C 130 11
C 131 9
C 132 24
C 133 0
C 134 11
C 135 25
C 136 26
C 137 9
C 138 23
C 139 18
C 140 5
C 141 10
C 142 23
C 143 23
C 144 21
C 145 7
C 146 25
C 147 3
C 148 2
C 149 26
C 150 18
C 151 2
C 152 20
C 153 9
C 154 17
C 155 23
C 156 7
C 157 17
C 158 4
C 159 5
C 160 0
C 161 1
C 162 7
C 163 3
C 164 18
C 165 12
C 166 1
C 167 10
C 168 1
C 169 22
C 170 7
C 171 6
C 172 24
C 173 10
C 174 15
C 175 15
C 176 0
C 177 0
C 178 0
C 179 0
C 180 0
C 181 12
C 182 18
C 183 26
C 184 9
C 185 6
C 186 18
C 187 0
C 188 3
C 189 0
C 190 19
C 191 22
C 192 11
C 193 3
C 194 11
C 195 21
C 196 23
C 197 11
C 198 10
C 199 4
C 200 25
C 201 14
C 202 14
C 203 26
C 204 18
C 205 10
C 206 4
C 207 10
C 208 3
C 209 8
C 210 19
C 211 12
C 212 2
C 213 7
C 214 22
C 215 18
C 216 11
C 217 22
C 218 14
C 219 3
C 220 5
C 221 11
C 222 1
C 223 14
C 224 24
C 225 1
C 226 7
C 227 26
C 228 12
C 229 15
C 230 10
C 231 20
C 232 5
C 233 11
C 234 7
C 235 21
C 236 16
C 237 25
C 238 5
C 239 26
C 240 4
C 241 1
C 242 5
C 243 15
C 244 16
C 245 3
C 246 7
C 247 14
C 248 2
C 249 16
C 250 17
C 251 7
C 252 9
C 253 11
C 254 9
C 255 12
C 256 20
C 257 22
C 258 17
C 259 0
C 260 16
C 261 16
C 262 22
C 263 18
C 264 6
C 265 20
C 266 3
C 267 12
C 268 21
C 269 26
I 5 2 7 (1,3,4) (0,0,-1,0)|(-1,1,1,0)|(1,1,0,0)|(1,-1,-1,0)
I 2 2 18 (0,1,0) (0,0,0,0)|(-1,-1,0,0)|(1,0,-1,0)|(1,0,1,0)|(-1,1,1,0)
I 2 2 8 (1,1,5) (0,1,-1,0)
