D (6,7,-1) (5,4,2)
D (6,7,-1) (5,1,1)
D (6,-1,-1) (4,4,2)
D (6,7,8) (0,0,0)
D (7,8,-1) (5,4,3)
D (3,9,-1) (3,4,2)
D (6,-1,-1) (0,3,0)
D (7,8,3) (2,3,0)
D (6,-1,-1) (4,0,4)
D (8,3,-1) (5,3,2)
D (6,7,8) (1,2,1)
D (8,3,9) (3,1,2)
D (3,9,-1) (4,0,3)
D (7,8,-1) (1,1,4)
D (8,3,9) (2,0,5)
D (6,7,-1) (4,0,0)
D (7,-1,-1) (2,5,3)
D (7,8,-1) (4,1,1)
D (6,-1,-1) (4,3,1)
D (6,7,-1) (4,1,5)
D (3,-1,-1) (3,1,3)
D (9,-1,-1) (4,2,2)
D (9,-1,-1) (4,3,3)
D (6,7,-1) (4,2,0)
D (3,-1,-1) (3,3,5)
D (8,3,9) (3,0,4)
D (9,-1,-1) (0,3,5)
D (7,8,3) (2,1,1)
D (3,9,-1) (2,2,0)
D (7,8,3) (3,4,3)
D (6,-1,-1) (3,4,5)
D (6,7,-1) (2,4,4)
D (3,-1,-1) (0,3,1)
D (9,-1,-1) (2,3,3)
D (7,8,3) (0,3,3)
D (3,-1,-1) (5,0,5)
D (7,8,3) (2,4,3)
D (9,-1,-1) (1,2,2)
D (6,7,-1) (1,5,5)
D (9,-1,-1) (1,0,4)
D (8,3,9) (5,5,1)
D (6,-1,-1) (3,2,3)
D (6,-1,-1) (1,5,2)
D (7,8,3) (4,3,4)
D (3,9,-1) (1,1,1)
D (9,-1,-1) (1,3,4)
D (6,7,8) (0,2,2)
D (9,-1,-1) (5,2,4)
D (6,7,8) (0,1,2)
D (3,9,-1) (5,5,0)
D (8,-1,-1) (4,3,0)
D (8,3,-1) (2,5,1)
D (6,7,8) (2,4,1)
D (3,9,-1) (2,2,1)
D (9,-1,-1) (4,5,0)
D (6,-1,-1) (2,3,5)
D (9,-1,-1) (1,0,5)
D (7,8,-1) (1,2,4)
D (3,9,-1) (3,2,5)
D (9,-1,-1) (0,3,2)
D (9,-1,-1) (3,2,4)
D (6,7,8) (1,3,0)
D (7,8,-1) (5,0,1)
D (3,-1,-1) (3,1,5)
D (9,-1,-1) (0,0,4)
D (9,-1,-1) (1,4,1)
D (7,-1,-1) (0,5,0)
D (6,7,8) (5,4,0)
D (9,-1,-1) (4,5,1)
D (8,3,-1) (5,1,3)
D (9,-1,-1) (5,3,0)
D (6,-1,-1) (0,2,1)
D (6,7,8) (1,5,3)
D (8,-1,-1) (1,2,3)
D (3,-1,-1) (5,1,0)
D (7,8,-1) (0,1,5)
D (6,7,8) (1,4,3)
D (8,3,9) (3,3,0)
D (9,-1,-1) (3,3,2)
D (3,9,-1) (1,4,0)
D (6,7,-1) (0,2,5)
C 0 23
C 1 26
C 2 0
C 3 10
C 4 9
C 5 1
C 6 9
C 7 26
C 8 15
C 9 5
C 10 25
C 11 8
C 12 23
C 13 6
C 14 18
C 15 20
C 16 7
C 17 25
C 18 23
C 19 18
C 20 21
C 21 7
C 22 2
C 23 12
C 24 8
C 25 23
C 26 7
C 27 21
C 28 14
C 29 1
C 30 11
C 31 21
C 32 11
C 33 20
C 34 21
C 35 1
C 36 8
C 37 1
C 38 2
C 39 7
C 40 10
C 41 2
C 42 17
C 43 24
C 44 8
C 45 8
C 46 26
C 47 26
C 48 0
C 49 0
C 50 0
C 51 0
C 52 0
C 53 0
C 54 0
C 55 0
C 56 0
C 57 0
C 58 5
C 59 20
C 60 4
C 61 19
C 62 16
C 63 20
C 64 19
C 65 21
C 66 0
C 67 19
C 68 14
C 69 1
C 70 6
C 71 2
C 72 23
C 73 18
C 74 11
C 75 26
C 76 6
C 77 18
C 78 15
C 79 11
C 80 21
C 81 11
C 82 21
C 83 8
C 84 18
C 85 4
C 86 11
C 87 18
C 88 12
C 89 26
C 90 0
C 91 23
C 92 23
C 93 4
C 94 19
C 95 9
C 96 21
C 97 7
C 98 0
C 99 0
C 100 15
C 101 2
C 102 7
C 103 8
C 104 20
C 105 9
C 106 4
C 107 2
C 108 20
C 109 26
C 110 4
C 111 17
C 112 3
C 113 17
C 114 4
C 115 6
C 116 8
C 117 23
C 118 18
C 119 5
C 120 24
C 121 20
C 122 9
C 123 10
C 124 25
C 125 24
C 126 11
C 127 22
C 128 12
C 129 9
C 130 15
C 131 17
C 132 25
C 133 26
C 134 18
C 135 2
C 136 10
C 137 25
C 138 1
C 139 16
C 140 25
C 141 10
C 142 6
C 143 10
C 144 2
C 145 3
C 146 5
C 147 3
C 148 21
C 149 0
C 150 19
C 151 6
C 152 24
C 153 0
C 154 11
C 155 8
C 156 1
C 157 25
C 158 4
C 159 5
C 160 9
C 161 8
C 162 1
C 163 26
C 164 0
C 165 0
C 166 4
C 167 26
C 168 1
C 169 6
C 170 2
C 171 16
C 172 8
C 173 5
C 174 2
C 175 18
C 176 3
C 177 23
C 178 23
C 179 5
C 180 2
C 181 22
C 182 2
C 183 15
C 184 3
C 185 22
C 186 1
C 187 10
C 188 12
C 189 8
C 190 22
C 191 12
C 192 0
C 193 0
C 194 9
C 195 12
C 196 0
C 197 21
C 198 17
C 199 14
C 200 23
C 201 7
C 202 19
C 203 12
C 204 9
C 205 4
C 206 7
C 207 14
C 208 8
C 209 7
C 210 4
C 211 0
C 212 21
C 213 9
C 214 7
C 215 11
C 216 20
C 217 3
C 218 5
C 219 1
C 220 2
C 221 3
C 222 12
C 223 25
C 224 5
C 225 8
C 226 14
C 227 6
C 228 26
C 229 7
C 230 9
C 231 0
C 232 18
C 233 9
C 234 14
C 235 6
C 236 26
C 237 11
C 238 0
C 239 25
C 240 16
C 241 20
C 242 24
C 243 10
C 244 16
C 245 15
C 246 20
C 247 15
C 248 10
C 249 6
C 250 17
C 251 22
C 252 3
C 253 21
C 254 7
C 255 15
C 256 25
C 257 19
C 258 8
C 259 26
C 260 22
C 261 2
C 262 11
C 263 2
C 264 2
C 265 9
C 266 18
C 267 2
C 268 25
C 269 21
I 1 1 14 (0,0,2) (-1,0,-1,0)|(-1,-1,-1,0)
I 5 2 5 (4,1,0) (0,-1,0,0)|(-1,-1,1,0)
I 4 2 16 (2,1,0) (1,0,0,0)|(-1,-1,-1,0)|(0,0,0,0)
