D (8,3,9) (4,2,2)
D (9,-1,-1) (0,4,1)
D (8,-1,-1) (4,2,5)
D (8,3,9) (3,4,1)
D (6,-1,-1) (4,3,0)
D (7,8,3) (3,2,3)
D (6,7,8) (2,3,3)
D (9,-1,-1) (1,0,5)
D (3,-1,-1) (1,5,3)
D (7,-1,-1) (5,4,4)
D (3,9,-1) (1,0,0)
D (7,8,-1) (5,2,1)
D (7,8,-1) (3,4,4)
D (8,-1,-1) (2,5,5)
D (6,7,8) (0,4,3)
D (3,-1,-1) (0,2,0)
D (9,-1,-1) (3,5,2)
D (6,7,8) (4,5,4)
D (8,3,-1) (2,2,0)
D (6,7,-1) (0,2,1)
D (3,9,-1) (3,5,0)
D (9,-1,-1) (0,0,4)
D (9,-1,-1) (1,1,2)
D (8,-1,-1) (0,0,2)
D (3,-1,-1) (3,5,1)
D (9,-1,-1) (3,1,5)
D (9,-1,-1) (4,3,2)
D (3,9,-1) (0,1,3)
D (8,3,-1) (5,4,0)
D (8,3,-1) (5,1,5)
D (7,-1,-1) (2,3,0)
D (9,-1,-1) (5,2,2)
D (8,-1,-1) (4,4,5)
C 0 26
C 1 8
C 2 9
C 3 10
C 4 22
C 5 15
C 6 15
C 7 23
C 8 14
C 9 15
C 10 20
C 11 5
C 12 0
C 13 0
C 14 0
C 15 0
C 16 0
C 17 0
C 18 0
C 19 0
C 20 0
C 21 0
C 22 0
C 23 0
C 24 0
C 25 0
C 26 0
C 27 0
C 28 0
C 29 0
C 30 0
C 31 0
C 32 0
C 33 0
C 34 0
C 35 0
C 36 0
C 37 8
C 38 9
C 39 21
C 40 9
C 41 18
C 42 7
C 43 9
C 44 1
C 45 20
C 46 11
C 47 3
C 48 9
C 49 11
C 50 9
C 51 24
C 52 1
C 53 8
C 54 23
C 55 24
C 56 7
C 57 26
C 58 4
C 59 3
C 60 4
C 61 7
C 62 5
C 63 25
C 64 21
C 65 25
C 66 19
C 67 5
C 68 17
C 69 2
C 70 1
C 71 11
C 72 0
C 73 0
C 74 0
C 75 0
C 76 0
C 77 0
C 78 0
C 79 0
C 80 0
C 81 0
C 82 0
C 83 0
C 84 0
C 85 0
C 86 0
C 87 0
C 88 0
C 89 0
C 90 0
C 91 0
C 92 0
C 93 0
C 94 0
C 95 0
C 96 0
C 97 0
C 98 0
C 99 0
C 100 0
C 101 0
C 102 23
C 103 4
C 104 25
C 105 20
C 106 12
C 107 24
C 108 20
C 109 7
C 110 14
C 111 26
C 112 22
C 113 21
C 114 22
C 115 1
C 116 19
C 117 0
C 118 11
C 119 22
C 120 14
C 121 11
C 122 3
C 123 5
C 124 0
C 125 8
C 126 11
C 127 20
C 128 9
C 129 15
C 130 7
C 131 16
C 132 9
C 133 5
C 134 9
C 135 20
C 136 25
C 137 22
C 138 17
C 139 5
C 140 21
C 141 1
C 142 10
C 143 21
C 144 4
C 145 10
C 146 20
C 147 2
C 148 22
C 149 18
C 150 17
C 151 23
C 152 2
C 153 3
C 154 0
C 155 3
C 156 3
C 157 0
C 158 24
C 159 17
C 160 26
C 161 24
C 162 22
C 163 1
C 164 19
C 165 26
C 166 2
C 167 14
C 168 5
C 169 14
C 170 6
C 171 8
C 172 7
C 173 23
C 174 24
C 175 21
C 176 16
C 177 25
C 178 0
C 179 25
C 180 10
C 181 17
C 182 12
C 183 7
C 184 7
C 185 26
C 186 15
C 187 21
C 188 8
C 189 18
C 190 15
C 191 21
C 192 1
C 193 18
C 194 6
C 195 16
C 196 20
C 197 24
C 198 6
C 199 23
C 200 4
C 201 21
C 202 9
C 203 24
C 204 19
C 205 24
C 206 7
C 207 11
C 208 17
C 209 17
C 210 17
C 211 6
C 212 19
C 213 7
C 214 17
C 215 14
C 216 9
C 217 22
C 218 7
C 219 8
C 220 19
C 221 24
C 222 22
C 223 11
C 224 0
C 225 4
C 226 16
C 227 9
C 228 3
C 229 14
C 230 11
C 231 15
C 232 7
C 233 16
C 234 15
C 235 18
C 236 4
C 237 4
C 238 21
C 239 3
C 240 20
C 241 11
C 242 18
C 243 7
C 244 22
C 245 20
C 246 26
C 247 16
C 248 4
C 249 20
C 250 24
C 251 5
C 252 8
C 253 23
C 254 1
C 255 7
C 256 10
C 257 4
C 258 22
C 259 20
C 260 2
C 261 12
C 262 24
C 263 20
C 264 24
C 265 2
C 266 22
C 267 23
C 268 23
C 269 19
I 0 3 8 (0,2,5) (1,0,0,0)|(0,0,0,0)
I 3 1 11 (3,2,2) (1,0,-1,0)
I 0 2 14 (3,4,2) (-1,-1,1,0)
