D (9,-1,-1) (3,1,2)
D (9,-1,-1) (1,4,2)
D (6,7,-1) (0,3,1)
D (7,-1,-1) (2,2,1)
D (9,-1,-1) (3,3,1)
D (3,-1,-1) (1,2,3)
D (8,3,9) (5,3,3)
D (9,-1,-1) (1,5,4)
D (6,-1,-1) (5,0,1)
D (9,-1,-1) (5,4,5)
D (6,7,8) (2,5,4)
D (9,-1,-1) (5,2,2)
D (8,3,-1) (1,0,5)
D (7,-1,-1) (3,3,0)
D (7,8,3) (4,4,2)
D (3,-1,-1) (1,1,4)
D (9,-1,-1) (3,5,5)
D (9,-1,-1) (3,3,5)
D (9,-1,-1) (2,1,3)
D (3,-1,-1) (1,5,2)
D (8,3,-1) (2,4,5)
D (9,-1,-1) (4,1,1)
D (3,9,-1) (0,3,4)
D (7,8,3) (3,4,2)
D (9,-1,-1) (1,2,0)
D (9,-1,-1) (1,0,1)
D (7,8,-1) (5,0,3)
D (7,8,3) (2,5,1)
D (8,3,-1) (2,1,4)
D (3,9,-1) (1,1,2)
D (8,3,9) (2,4,0)
D (6,7,8) (4,1,2)
D (8,3,9) (0,0,2)
D (7,8,3) (5,2,3)
D (6,-1,-1) (5,0,2)
D (8,-1,-1) (5,2,0)
D (6,7,-1) (4,2,1)
D (3,-1,-1) (5,2,4)
C 0 1
C 1 12
C 2 1
C 3 12
C 4 14
C 5 6
C 6 12
C 7 14
C 8 26
C 9 14
C 10 23
C 11 4
C 12 16
C 13 17
C 14 2
C 15 26
C 16 11
C 17 2
C 18 26
C 19 6
C 20 22
C 21 7
C 22 4
C 23 3
C 24 22
C 25 10
C 26 9
C 27 4
C 28 20
C 29 0
C 30 9
C 31 15
C 32 23
C 33 8
C 34 22
C 35 21
C 36 22
C 37 2
C 38 18
C 39 23
C 40 8
C 41 0
C 42 3
C 43 2
C 44 24
C 45 3
C 46 19
C 47 19
C 48 20
C 49 15
C 50 17
C 51 3
C 52 10
C 53 7
C 54 24
C 55 0
C 56 2
C 57 14
C 58 4
C 59 14
C 60 9
C 61 19
C 62 16
C 63 8
C 64 15
C 65 25
C 66 9
C 67 9
C 68 25
C 69 0
C 70 0
C 71 0
C 72 0
C 73 0
C 74 0
C 75 0
C 76 0
C 77 0
C 78 0
C 79 0
C 80 0
C 81 0
C 82 0
C 83 0
C 84 0
C 85 0
C 86 0
C 87 0
C 88 0
C 89 0
C 90 0
C 91 0
C 92 0
C 93 0
C 94 0
C 95 0
C 96 0
C 97 0
C 98 0
C 99 0
C 100 0
C 101 0
C 102 0
C 103 0
C 104 0
C 105 0
C 106 0
C 107 0
C 108 0
C 109 0
C 110 0
C 111 0
C 112 0
C 113 0
C 114 0
C 115 0
C 116 0
C 117 0
C 118 0
C 119 0
C 120 0
C 121 0
C 122 0
C 123 0
C 124 0
C 125 0
C 126 0
C 127 0
C 128 0
C 129 0
C 130 0
C 131 0
C 132 0
C 133 0
C 134 0
C 135 0
C 136 0
C 137 0
C 138 0
C 139 0
C 140 0
C 141 0
C 142 0
C 143 0
C 144 0
C 145 0
C 146 0
C 147 0
C 148 0
C 149 0
C 150 0
C 151 0
C 152 0
C 153 0
C 154 0
C 155 0
C 156 0
C 157 0
C 158 0
C 159 0
C 160 0
C 161 0
C 162 0
C 163 0
C 164 0
C 165 0
C 166 0
C 167 0
C 168 0
C 169 0
C 170 0
C 171 0
C 172 0
C 173 0
C 174 0
C 175 0
C 176 0
C 177 0
C 178 0
C 179 0
C 180 0
C 181 15
C 182 23
C 183 14
C 184 12
C 185 9
C 186 18
C 187 11
C 188 21
C 189 18
C 190 5
C 191 21
C 192 22
C 193 16
C 194 1
C 195 26
C 196 3
C 197 10
C 198 0
C 199 22
C 200 19
C 201 7
C 202 19
C 203 25
C 204 20
C 205 18
C 206 9
C 207 26
C 208 20
C 209 3
C 210 16
C 211 22
C 212 5
C 213 10
C 214 3
C 215 23
C 216 0
C 217 15
C 218 18
C 219 8
C 220 9
C 221 26
C 222 19
C 223 21
C 224 26
C 225 10
C 226 6
C 227 2
C 228 0
C 229 3
C 230 3
C 231 2
C 232 16
C 233 10
C 234 4
C 235 18
C 236 6
C 237 12
C 238 14
C 239 7
C 240 19
C 241 19
C 242 5
C 243 3
C 244 1
C 245 22
C 246 26
C 247 25
C 248 22
C 249 14
C 250 19
C 251 20
C 252 1
C 253 10
C 254 25
C 255 15
C 256 24
C 257 10
C 258 11
C 259 8
C 260 15
C 261 23
C 262 0
C 263 22
C 264 2
C 265 9
C 266 18
C 267 25
C 268 9
C 269 2
I 3 2 12 (4,5,0) (1,1,1,0)
I 3 2 5 (2,1,2) (-1,1,0,0)
I 0 1 18 (0,5,2) (1,0,1,0)
