D (6,7,8) (1,1,5)
D (8,-1,-1) (2,1,3)
D (3,9,-1) (2,3,5)
D (6,7,-1) (5,0,4)
D (6,-1,-1) (1,4,4)
D (9,-1,-1) (5,3,1)
D (3,9,-1) (5,3,2)
D (7,8,3) (2,2,2)
D (3,9,-1) (1,1,4)
D (8,3,-1) (5,0,2)
D (3,-1,-1) (5,4,5)
D (9,-1,-1) (3,3,3)
D (7,-1,-1) (2,0,3)
D (7,8,3) (5,1,4)
D (9,-1,-1) (4,4,0)
D (6,7,8) (0,1,1)
D (9,-1,-1) (0,1,3)
D (7,8,3) (2,4,4)
D (6,7,8) (0,2,5)
D (9,-1,-1) (4,5,4)
D (3,9,-1) (3,4,0)
D (9,-1,-1) (1,3,5)
D (8,3,-1) (3,0,0)
D (6,-1,-1) (5,5,0)
D (9,-1,-1) (5,2,3)
D (6,7,-1) (1,3,4)
D (3,-1,-1) (2,4,1)
D (3,9,-1) (0,3,5)
D (6,-1,-1) (4,4,4)
D (7,8,3) (5,1,2)
D (8,3,9) (5,2,2)
D (9,-1,-1) (1,3,3)
D (3,9,-1) (3,4,5)
D (3,9,-1) (3,5,3)
D (8,-1,-1) (0,0,4)
D (6,-1,-1) (1,3,2)
D (3,-1,-1) (2,3,4)
D (3,-1,-1) (1,1,1)
D (8,-1,-1) (1,2,2)
D (3,9,-1) (3,2,2)
D (8,3,-1) (1,4,5)
D (6,7,8) (4,3,2)
D (3,9,-1) (2,3,1)
D (8,3,9) (1,2,1)
D (6,-1,-1) (4,2,0)
D (6,7,-1) (1,4,2)
D (6,7,-1) (4,2,4)
D (9,-1,-1) (4,0,2)
D (6,-1,-1) (1,2,5)
D (9,-1,-1) (0,5,4)
D (7,8,3) (2,1,2)
D (3,9,-1) (4,3,0)
D (9,-1,-1) (1,1,3)
D (3,9,-1) (4,5,5)
D (9,-1,-1) (4,1,2)
D (3,9,-1) (3,0,2)
D (3,-1,-1) (5,3,4)
D (7,8,-1) (1,5,5)
D (3,9,-1) (3,3,4)
D (9,-1,-1) (4,2,5)
D (3,9,-1) (2,3,0)
D (8,3,9) (2,2,4)
D (7,8,3) (1,5,3)
D (7,8,-1) (5,3,5)
D (9,-1,-1) (0,5,3)
D (8,3,9) (5,1,5)
D (7,8,-1) (4,5,1)
D (9,-1,-1) (3,0,1)
D (6,7,8) (4,0,5)
D (7,8,3) (4,4,3)
D (6,-1,-1) (0,0,3)
D (7,8,-1) (2,4,5)
D (6,-1,-1) (2,3,2)
D (3,9,-1) (1,0,4)
C 0 20
C 1 3
C 2 10
C 3 26
C 4 22
C 5 0
C 6 0
C 7 0
C 8 0
C 9 0
C 10 0
C 11 0
C 12 0
C 13 0
C 14 0
C 15 0
C 16 0
C 17 0
C 18 12
C 19 9
C 20 12
C 21 4
C 22 12
C 23 19
C 24 11
C 25 24
C 26 16
C 27 25
C 28 26
C 29 20
C 30 7
C 31 16
C 32 1
C 33 22
C 34 3
C 35 17
C 36 26
C 37 22
C 38 15
C 39 15
C 40 12
C 41 20
C 42 12
C 43 9
C 44 12
C 45 23
C 46 10
C 47 6
C 48 21
C 49 17
C 50 23
C 51 21
C 52 5
C 53 21
C 54 7
C 55 18
C 56 22
C 57 20
C 58 2
C 59 11
C 60 11
C 61 10
C 62 17
C 63 9
C 64 1
C 65 24
C 66 1
C 67 12
C 68 6
C 69 20
C 70 9
C 71 26
C 72 4
C 73 24
C 74 10
C 75 7
C 76 20
C 77 24
C 78 20
C 79 10
C 80 0
C 81 19
C 82 21
C 83 11
C 84 3
C 85 15
C 86 19
C 87 10
C 88 7
C 89 7
C 90 5
C 91 22
C 92 11
C 93 2
C 94 11
C 95 10
C 96 10
C 97 20
C 98 12
C 99 26
C 100 21
C 101 18
C 102 19
C 103 15
C 104 2
C 105 18
C 106 20
C 107 22
C 108 15
C 109 26
C 110 8
C 111 18
C 112 1
C 113 0
C 114 6
C 115 22
C 116 3
C 117 19
C 118 15
C 119 4
C 120 10
C 121 10
C 122 22
C 123 7
C 124 25
C 125 22
C 126 5
C 127 0
C 128 0
C 129 1
C 130 8
C 131 21
C 132 24
C 133 14
C 134 16
C 135 23
C 136 21
C 137 8
C 138 6
C 139 8
C 140 18
C 141 23
C 142 4
C 143 9
C 144 3
C 145 4
C 146 24
C 147 14
C 148 15
C 149 4
C 150 19
C 151 6
C 152 26
C 153 17
C 154 22
C 155 10
C 156 25
C 157 7
C 158 11
C 159 19
C 160 18
C 161 20
C 162 26
C 163 22
C 164 22
C 165 16
C 166 9
C 167 1
C 168 8
C 169 20
C 170 12
C 171 21
C 172 18
C 173 21
C 174 11
C 175 22
C 176 19
C 177 24
C 178 14
C 179 0
C 180 26
C 181 21
C 182 2
C 183 23
C 184 7
C 185 12
C 186 8
C 187 24
C 188 9
C 189 26
C 190 1
C 191 4
C 192 22
C 193 1
C 194 19
C 195 5
C 196 11
C 197 19
C 198 15
C 199 15
C 200 19
C 201 21
C 202 14
C 203 17
C 204 21
C 205 15
C 206 23
C 207 24
C 208 7
C 209 6
C 210 6
C 211 16
C 212 3
C 213 20
C 214 19
C 215 11
C 216 24
C 217 1
C 218 23
C 219 8
C 220 22
C 221 21
C 222 17
C 223 23
C 224 17
C 225 6
C 226 1
C 227 1
C 228 21
C 229 1
C 230 20
C 231 1
C 232 6
C 233 16
C 234 9
C 235 0
C 236 17
C 237 8
C 238 25
C 239 14
C 240 5
C 241 17
C 242 16
C 243 20
C 244 14
C 245 20
C 246 10
C 247 8
C 248 12
C 249 8
C 250 14
C 251 2
C 252 15
C 253 7
C 254 7
C 255 5
C 256 10
C 257 18
C 258 15
C 259 16
C 260 7
C 261 21
C 262 8
C 263 26
C 264 5
C 265 15
C 266 15
C 267 9
C 268 21
C 269 14
I 3 2 5 (2,1,0) (0,0,-1,0)
I 0 1 1 (3,1,0) (-1,1,1,0)|(0,-1,-1,0)
I 2 1 8 (4,3,1) (0,1,0,0)
