D (6,7,-1) (1,0,2)
D (6,-1,-1) (2,2,0)
D (7,8,3) (5,4,5)
D (3,-1,-1) (0,2,3)
D (9,-1,-1) (1,5,2)
D (7,8,-1) (0,0,2)
D (6,-1,-1) (1,3,0)
D (6,7,-1) (2,2,4)
D (7,8,3) (0,1,5)
D (9,-1,-1) (5,5,1)
D (6,7,-1) (4,2,2)
D (6,7,-1) (3,2,2)
D (7,8,3) (1,2,3)
D (9,-1,-1) (3,4,2)
D (8,3,9) (3,2,0)
D (6,7,-1) (1,3,5)
D (9,-1,-1) (5,5,3)
D (8,3,-1) (5,5,4)
D (7,-1,-1) (5,3,2)
D (3,9,-1) (0,1,1)
D (7,-1,-1) (5,5,5)
D (8,3,9) (4,2,0)
D (6,-1,-1) (1,5,3)
D (7,8,3) (2,3,4)
D (3,-1,-1) (3,2,3)
D (6,7,8) (4,2,4)
D (6,7,8) (1,3,2)
D (3,9,-1) (4,2,3)
D (6,7,8) (2,4,5)
D (7,8,-1) (4,4,3)
D (3,9,-1) (0,0,4)
D (9,-1,-1) (2,4,2)
D (3,-1,-1) (1,4,1)
D (3,9,-1) (3,5,3)
D (6,-1,-1) (1,4,3)
D (7,-1,-1) (2,1,3)
D (9,-1,-1) (2,1,1)
D (6,-1,-1) (4,2,5)
D (6,-1,-1) (0,1,4)
D (7,-1,-1) (2,3,2)
D (3,9,-1) (0,0,3)
D (3,-1,-1) (3,2,1)
D (8,-1,-1) (3,3,2)
D (3,9,-1) (1,3,3)
C 0 24
C 1 11
C 2 24
C 3 23
C 4 3
C 5 19
C 6 23
C 7 4
C 8 14
C 9 12
C 10 16
C 11 5
C 12 18
C 13 6
C 14 26
C 15 9
C 16 9
C 17 6
C 18 2
C 19 22
C 20 9
C 21 6
C 22 17
C 23 0
C 24 26
C 25 9
C 26 3
C 27 16
C 28 3
C 29 9
C 30 25
C 31 20
C 32 11
C 33 25
C 34 4
C 35 1
C 36 16
C 37 6
C 38 25
C 39 18
C 40 7
C 41 12
C 42 6
C 43 23
C 44 2
C 45 25
C 46 22
C 47 9
C 48 1
C 49 17
C 50 21
C 51 18
C 52 0
C 53 0
C 54 0
C 55 0
C 56 0
C 57 0
C 58 0
C 59 0
C 60 0
C 61 0
C 62 0
C 63 0
C 64 0
C 65 0
C 66 0
C 67 0
C 68 0
C 69 0
C 70 0
C 71 0
C 72 0
C 73 0
C 74 0
C 75 0
C 76 0
C 77 0
C 78 0
C 79 0
C 80 0
C 81 0
C 82 0
C 83 0
C 84 0
C 85 0
C 86 0
C 87 0
C 88 0
C 89 0
C 90 0
C 91 0
C 92 0
C 93 0
C 94 0
C 95 0
C 96 0
C 97 0
C 98 0
C 99 0
C 100 0
C 101 0
C 102 0
C 103 0
C 104 0
C 105 0
C 106 0
C 107 0
C 108 0
C 109 0
C 110 0
C 111 24
C 112 0
C 113 0
C 114 26
C 115 26
C 116 22
C 117 24
C 118 8
C 119 25
C 120 0
C 121 0
C 122 0
C 123 0
C 124 0
C 125 0
C 126 0
C 127 0
C 128 0
C 129 0
C 130 0
C 131 0
C 132 0
C 133 0
C 134 0
C 135 0
C 136 0
C 137 0
C 138 0
C 139 0
C 140 0
C 141 0
C 142 0
C 143 0
C 144 0
C 145 0
C 146 0
C 147 0
C 148 0
C 149 0
C 150 0
C 151 0
C 152 0
C 153 0
C 154 0
C 155 8
C 156 0
C 157 0
C 158 0
C 159 0
C 160 0
C 161 0
C 162 0
C 163 0
C 164 0
C 165 0
C 166 0
C 167 16
C 168 1
C 169 18
C 170 7
C 171 11
C 172 8
C 173 10
C 174 4
C 175 9
C 176 26
C 177 25
C 178 24
C 179 2
C 180 19
C 181 12
C 182 25
C 183 22
C 184 16
C 185 11
C 186 9
C 187 18
C 188 25
C 189 16
C 190 6
C 191 26
C 192 5
C 193 4
C 194 26
C 195 2
C 196 6
C 197 24
C 198 8
C 199 12
C 200 0
C 201 12
C 202 19
C 203 7
C 204 11
C 205 4
C 206 12
C 207 19
C 208 23
C 209 24
C 210 23
C 211 20
C 212 24
C 213 2
C 214 1
C 215 26
C 216 3
C 217 18
C 218 12
C 219 25
C 220 18
C 221 16
C 222 22
C 223 25
C 224 24
C 225 21
C 226 15
C 227 24
C 228 14
C 229 6
C 230 16
C 231 15
C 232 15
C 233 17
C 234 4
C 235 18
C 236 20
C 237 11
C 238 17
C 239 26
C 240 15
C 241 23
C 242 7
C 243 4
C 244 12
C 245 21
C 246 20
C 247 19
C 248 15
C 249 4
C 250 26
C 251 8
C 252 17
C 253 25
C 254 15
C 255 2
C 256 6
C 257 12
C 258 11
C 259 18
C 260 2
C 261 17
C 262 10
C 263 15
C 264 18
C 265 11
C 266 15
C 267 5
C 268 17
C 269 7
I 2 2 2 (1,5,2) (0,-1,-1,0)|(-1,1,0,0)|(0,1,0,0)
I 1 2 5 (1,1,0) (0,1,1,0)
I 3 3 19 (0,1,2) (1,-1,0,0)|(0,1,1,0)
