D (6,7,-1) (0,4,3)
D (6,7,-1) (0,1,1)
D (3,9,-1) (4,1,3)
D (9,-1,-1) (3,4,5)
D (7,8,-1) (4,3,4)
D (8,3,9) (4,5,3)
D (7,8,-1) (2,0,3)
D (9,-1,-1) (0,3,3)
D (3,-1,-1) (2,1,1)
D (7,-1,-1) (3,3,5)
D (7,8,-1) (3,0,3)
D (6,7,8) (5,5,3)
D (6,7,8) (4,0,5)
D (7,8,-1) (1,1,4)
D (3,9,-1) (4,4,2)
D (9,-1,-1) (2,0,0)
D (6,-1,-1) (3,4,0)
D (3,-1,-1) (2,3,1)
D (8,3,-1) (5,2,5)
D (6,-1,-1) (5,2,4)
D (8,-1,-1) (1,1,3)
D (3,9,-1) (1,4,3)
D (7,8,-1) (0,1,3)
D (3,9,-1) (4,0,0)
D (8,3,-1) (0,5,3)
D (3,-1,-1) (1,2,0)
D (3,-1,-1) (5,3,5)
D (3,9,-1) (2,0,2)
D (3,9,-1) (4,5,0)
D (9,-1,-1) (2,4,5)
D (3,-1,-1) (3,3,1)
D (9,-1,-1) (0,2,1)
D (9,-1,-1) (4,5,5)
D (6,7,8) (3,2,5)
D (7,-1,-1) (2,5,5)
D (8,3,-1) (0,2,0)
D (7,8,3) (0,0,0)
D (3,9,-1) (3,4,4)
D (7,8,3) (0,3,1)
D (3,9,-1) (5,2,3)
D (6,7,-1) (4,2,0)
D (7,8,-1) (1,3,3)
D (3,9,-1) (1,2,4)
D (7,8,3) (5,1,1)
D (6,-1,-1) (1,2,3)
D (9,-1,-1) (4,3,5)
D (8,3,9) (3,5,5)
D (6,7,8) (2,4,0)
D (3,9,-1) (3,1,2)
D (6,-1,-1) (4,0,3)
D (7,-1,-1) (2,0,5)
D (8,-1,-1) (3,4,3)
D (8,3,-1) (3,0,0)
D (8,3,-1) (5,5,5)
D (8,3,-1) (5,2,1)
D (3,9,-1) (2,2,2)
C 0 20
C 1 21
C 2 16
C 3 6
C 4 15
C 5 14
C 6 21
C 7 10
C 8 16
C 9 17
C 10 9
C 11 18
C 12 0
C 13 24
C 14 24
C 15 2
C 16 14
C 17 26
C 18 7
C 19 20
C 20 10
C 21 0
C 22 15
C 23 16
C 24 5
C 25 11
C 26 24
C 27 18
C 28 8
C 29 17
C 30 15
C 31 11
C 32 12
C 33 25
C 34 26
C 35 24
C 36 23
C 37 20
C 38 16
C 39 16
C 40 18
C 41 8
C 42 25
C 43 1
C 44 7
C 45 7
C 46 12
C 47 17
C 48 9
C 49 14
C 50 26
C 51 8
C 52 10
C 53 22
C 54 4
C 55 4
C 56 23
C 57 21
C 58 24
C 59 22
C 60 7
C 61 5
C 62 0
C 63 18
C 64 14
C 65 0
C 66 24
C 67 2
C 68 20
C 69 1
C 70 23
C 71 0
C 72 3
C 73 19
C 74 10
C 75 9
C 76 6
C 77 4
C 78 24
C 79 16
C 80 11
C 81 15
C 82 6
C 83 14
C 84 17
C 85 25
C 86 5
C 87 6
C 88 2
C 89 4
C 90 0
C 91 1
C 92 1
C 93 24
C 94 2
C 95 26
C 96 2
C 97 8
C 98 6
C 99 16
C 100 4
C 101 12
C 102 8
C 103 6
C 104 12
C 105 12
C 106 19
C 107 22
C 108 12
C 109 10
C 110 10
C 111 17
C 112 14
C 113 7
C 114 0
C 115 14
C 116 5
C 117 24
C 118 4
C 119 12
C 120 26
C 121 23
C 122 0
C 123 23
C 124 25
C 125 19
C 126 7
C 127 24
C 128 19
C 129 6
C 130 15
C 131 6
C 132 7
C 133 1
C 134 14
C 135 2
C 136 26
C 137 22
C 138 24
C 139 24
C 140 17
C 141 20
C 142 20
C 143 7
C 144 24
C 145 16
C 146 8
C 147 10
C 148 20
C 149 0
C 150 12
C 151 24
C 152 14
C 153 20
C 154 9
C 155 14
C 156 6
C 157 26
C 158 17
C 159 10
C 160 23
C 161 9
C 162 25
C 163 12
C 164 24
C 165 22
C 166 2
C 167 6
C 168 26
C 169 2
C 170 0
C 171 6
C 172 14
C 173 0
C 174 0
C 175 0
C 176 0
C 177 0
C 178 0
C 179 0
C 180 0
C 181 0
C 182 0
C 183 0
C 184 0
C 185 0
C 186 0
C 187 0
C 188 0
C 189 0
C 190 0
C 191 0
C 192 0
C 193 0
C 194 0
C 195 0
C 196 0
C 197 0
C 198 0
C 199 0
C 200 0
C 201 0
C 202 0
C 203 0
C 204 0
C 205 0
C 206 0
C 207 0
C 208 0
C 209 0
C 210 0
C 211 0
C 212 0
C 213 0
C 214 0
C 215 0
C 216 0
C 217 0
C 218 0
C 219 0
C 220 0
C 221 0
C 222 0
C 223 11
C 224 7
C 225 9
C 226 8
C 227 3
C 228 18
C 229 24
C 230 12
C 231 4
C 232 23
C 233 24
C 234 3
C 235 19
C 236 14
C 237 17
C 238 1
C 239 16
C 240 26
C 241 19
C 242 10
C 243 20
C 244 19
C 245 10
C 246 19
C 247 7
C 248 12
C 249 26
C 250 19
C 251 23
C 252 22
C 253 2
C 254 15
C 255 6
C 256 12
C 257 7
C 258 11
C 259 3
C 260 3
C 261 22
C 262 3
C 263 10
C 264 12
C 265 22
C 266 11
C 267 9
C 268 15
C 269 5
I 2 3 4 (5,5,4) (0,-1,-1,0)|(-1,1,-1,0)|(0,-1,1,0)
I 0 1 6 (4,4,1) (1,-1,1,0)
I 5 3 9 (2,2,2) (1,1,0,0)|(0,0,0,0)|(-1,-1,1,0)|(0,0,-1,0)
