D (8,3,-1) (4,0,3)
D (3,9,-1) (3,0,4)
D (6,7,-1) (2,3,1)
D (3,-1,-1) (4,3,5)
D (6,7,-1) (3,5,4)
D (9,-1,-1) (3,3,1)
D (3,9,-1) (0,4,1)
D (7,8,-1) (2,1,2)
D (8,3,-1) (2,2,4)
D (9,-1,-1) (0,3,1)
D (3,9,-1) (3,4,0)
D (8,-1,-1) (3,0,1)
D (3,9,-1) (3,2,2)
D (9,-1,-1) (0,3,3)
D (6,-1,-1) (1,0,0)
D (7,-1,-1) (4,2,3)
D (7,8,3) (0,5,3)
D (9,-1,-1) (0,0,2)
D (9,-1,-1) (4,5,1)
D (9,-1,-1) (1,3,4)
D (8,-1,-1) (3,4,5)
D (9,-1,-1) (3,1,4)
D (8,-1,-1) (0,3,0)
D (3,9,-1) (0,2,3)
D (3,-1,-1) (1,2,3)
D (8,3,-1) (0,5,1)
D (6,-1,-1) (1,0,5)
D (9,-1,-1) (0,2,2)
D (8,3,9) (1,5,0)
D (7,8,3) (5,1,1)
D (8,-1,-1) (4,0,5)
D (6,7,8) (0,1,0)
D (7,-1,-1) (2,2,0)
D (3,-1,-1) (5,3,0)
D (3,-1,-1) (4,0,0)
D (3,9,-1) (5,4,5)
D (8,3,9) (1,1,5)
D (8,3,-1) (3,4,3)
D (3,9,-1) (0,1,5)
D (9,-1,-1) (1,2,2)
D (8,3,9) (5,1,0)
D (7,8,-1) (0,0,1)
D (8,3,-1) (5,1,2)
C 0 12
C 1 14
C 2 14
C 3 1
C 4 24
C 5 4
C 6 0
C 7 0
C 8 0
C 9 0
C 10 0
C 11 0
C 12 0
C 13 0
C 14 0
C 15 0
C 16 0
C 17 0
C 18 0
C 19 0
C 20 0
C 21 0
C 22 0
C 23 0
C 24 0
C 25 0
C 26 0
C 27 0
C 28 0
C 29 0
C 30 0
C 31 0
C 32 0
C 33 0
C 34 0
C 35 0
C 36 0
C 37 0
C 38 0
C 39 0
C 40 0
C 41 0
C 42 0
C 43 0
C 44 0
C 45 0
C 46 0
C 47 0
C 48 0
C 49 0
C 50 0
C 51 0
C 52 0
C 53 0
C 54 0
C 55 0
C 56 0
C 57 0
C 58 0
C 59 0
C 60 0
C 61 0
C 62 0
C 63 0
C 64 5
C 65 10
C 66 18
C 67 26
C 68 24
C 69 16
C 70 25
C 71 12
C 72 1
C 73 17
C 74 9
C 75 2
C 76 25
C 77 19
C 78 20
C 79 21
C 80 9
C 81 26
C 82 17
C 83 3
C 84 1
C 85 24
C 86 26
C 87 8
C 88 15
C 89 2
C 90 0
C 91 0
C 92 0
C 93 0
C 94 0
C 95 0
C 96 0
C 97 0
C 98 0
C 99 0
C 100 0
C 101 0
C 102 0
C 103 0
C 104 0
C 105 0
C 106 0
C 107 0
C 108 21
C 109 12
C 110 15
C 111 0
C 112 18
C 113 3
C 114 16
C 115 7
C 116 3
C 117 23
C 118 8
C 119 4
C 120 24
C 121 6
C 122 1
C 123 3
C 124 12
C 125 17
C 126 15
C 127 26
C 128 9
C 129 11
C 130 25
C 131 20
C 132 23
C 133 8
C 134 2
C 135 9
C 136 7
C 137 12
C 138 9
C 139 3
C 140 25
C 141 25
C 142 23
C 143 18
C 144 19
C 145 18
C 146 1
C 147 1
C 148 21
C 149 6
C 150 15
C 151 25
C 152 15
C 153 5
C 154 9
C 155 1
C 156 6
C 157 3
C 158 4
C 159 6
C 160 19
C 161 6
C 162 1
C 163 11
C 164 14
C 165 10
C 166 2
C 167 7
C 168 14
C 169 5
C 170 12
C 171 12
C 172 3
C 173 9
C 174 1
C 175 26
C 176 10
C 177 9
C 178 8
C 179 7
C 180 16
C 181 21
C 182 21
C 183 15
C 184 12
C 185 7
C 186 2
C 187 3
C 188 16
C 189 8
C 190 4
C 191 15
C 192 20
C 193 26
C 194 3
C 195 6
C 196 1
C 197 22
C 198 2
C 199 8
C 200 11
C 201 7
C 202 16
C 203 11
C 204 18
C 205 26
C 206 0
C 207 5
C 208 14
C 209 9
C 210 4
C 211 10
C 212 1
C 213 10
C 214 16
C 215 19
C 216 1
C 217 18
C 218 11
C 219 7
C 220 0
C 221 0
C 222 4
C 223 9
C 224 4
C 225 6
C 226 4
C 227 15
C 228 3
C 229 1
C 230 11
C 231 3
C 232 11
C 233 17
C 234 26
C 235 25
C 236 8
C 237 26
C 238 18
C 239 26
C 240 24
C 241 6
C 242 2
C 243 21
C 244 18
C 245 22
C 246 14
C 247 19
C 248 5
C 249 7
C 250 7
C 251 5
C 252 12
C 253 11
C 254 9
C 255 25
C 256 19
C 257 7
C 258 14
C 259 0
C 260 2
C 261 7
C 262 12
C 263 26
C 264 3
C 265 9
C 266 25
C 267 19
C 268 0
C 269 24
I 1 2 15 (1,5,2) (1,0,1,0)|(-1,0,0,0)|(0,-1,1,0)
I 0 1 10 (2,0,3) (-1,0,0,0)|(1,0,1,0)
