D (6,7,8) (4,2,1)
D (3,-1,-1) (1,1,0)
D (7,8,-1) (2,2,3)
D (8,-1,-1) (5,0,0)
D (6,-1,-1) (2,1,1)
D (3,9,-1) (2,4,5)
D (9,-1,-1) (0,4,0)
D (9,-1,-1) (1,1,3)
D (6,7,8) (5,5,2)
D (8,3,-1) (0,4,4)
D (9,-1,-1) (5,3,3)
D (3,-1,-1) (5,2,1)
D (3,-1,-1) (4,5,4)
D (6,7,8) (3,3,4)
D (3,9,-1) (1,0,4)
D (3,-1,-1) (0,3,1)
D (9,-1,-1) (5,0,4)
D (6,7,-1) (3,1,1)
D (8,3,-1) (1,1,5)
D (8,3,-1) (3,0,1)
D (7,8,3) (4,0,3)
D (3,9,-1) (5,3,1)
D (6,7,-1) (2,1,5)
D (6,7,-1) (1,4,0)
D (9,-1,-1) (1,4,3)
D (6,7,8) (1,5,1)
D (3,9,-1) (1,0,2)
D (7,-1,-1) (5,4,1)
D (3,-1,-1) (4,3,4)
D (3,-1,-1) (4,3,0)
D (8,3,-1) (4,3,3)
D (8,3,9) (1,2,2)
D (8,3,9) (2,3,1)
D (3,9,-1) (0,2,4)
D (6,7,-1) (0,1,1)
D (6,7,8) (5,1,2)
D (9,-1,-1) (4,4,5)
D (7,8,3) (4,5,1)
D (8,3,9) (3,4,5)
D (7,8,3) (4,5,2)
D (7,-1,-1) (0,2,5)
D (8,3,9) (3,5,0)
D (6,7,-1) (2,3,4)
C 0 11
C 1 3
C 2 25
C 3 25
C 4 18
C 5 21
C 6 15
C 7 8
C 8 23
C 9 15
C 10 17
C 11 3
C 12 9
C 13 24
C 14 3
C 15 3
C 16 6
C 17 21
C 18 0
C 19 10
C 20 22
C 21 22
C 22 12
C 23 20
C 24 10
C 25 9
C 26 19
C 27 23
C 28 21
C 29 4
C 30 24
C 31 21
C 32 21
C 33 18
C 34 4
C 35 2
C 36 11
C 37 0
C 38 20
C 39 4
C 40 4
C 41 25
C 42 18
C 43 6
C 44 6
C 45 5
C 46 16
C 47 0
C 48 0
C 49 20
C 50 25
C 51 9
C 52 14
C 53 9
C 54 11
C 55 21
C 56 19
C 57 7
C 58 25
C 59 14
C 60 6
C 61 18
C 62 25
C 63 8
C 64 18
C 65 9
C 66 9
C 67 18
C 68 9
C 69 24
C 70 17
C 71 5
C 72 18
C 73 3
C 74 5
C 75 24
C 76 0
C 77 23
C 78 2
C 79 11
C 80 18
C 81 8
C 82 6
C 83 9
C 84 3
C 85 16
C 86 2
C 87 26
C 88 22
C 89 5
C 90 7
C 91 4
C 92 22
C 93 20
C 94 0
C 95 24
C 96 7
C 97 4
C 98 19
C 99 24
C 100 1
C 101 19
C 102 21
C 103 14
C 104 3
C 105 10
C 106 23
C 107 26
C 108 9
C 109 1
C 110 12
C 111 25
C 112 7
C 113 15
C 114 17
C 115 22
C 116 20
C 117 16
C 118 22
C 119 18
C 120 11
C 121 0
C 122 0
C 123 0
C 124 0
C 125 0
C 126 0
C 127 0
C 128 0
C 129 0
C 130 0
C 131 0
C 132 0
C 133 0
C 134 0
C 135 0
C 136 0
C 137 0
C 138 0
C 139 0
C 140 0
C 141 0
C 142 0
C 143 0
C 144 0
C 145 0
C 146 0
C 147 0
C 148 0
C 149 0
C 150 0
C 151 0
C 152 0
C 153 0
C 154 0
C 155 0
C 156 0
C 157 0
C 158 0
C 159 0
C 160 15
C 161 21
C 162 10
C 163 11
C 164 14
C 165 20
C 166 18
C 167 8
C 168 0
C 169 12
C 170 1
C 171 20
C 172 5
C 173 16
C 174 1
C 175 15
C 176 10
C 177 10
C 178 24
C 179 4
C 180 10
C 181 15
C 182 19
C 183 9
C 184 18
C 185 11
C 186 21
C 187 7
C 188 8
C 189 25
C 190 2
C 191 25
C 192 5
C 193 0
C 194 0
C 195 0
C 196 0
C 197 0
C 198 0
C 199 0
C 200 0
C 201 0
C 202 0
C 203 0
C 204 0
C 205 0
C 206 0
C 207 0
C 208 1
C 209 24
C 210 12
C 211 12
C 212 2
C 213 20
C 214 2
C 215 2
C 216 26
C 217 19
C 218 19
C 219 5
C 220 0
C 221 26
C 222 6
C 223 8
C 224 0
C 225 8
C 226 14
C 227 3
C 228 10
C 229 26
C 230 7
C 231 1
C 232 20
C 233 2
C 234 18
C 235 16
C 236 24
C 237 17
C 238 12
C 239 10
C 240 19
C 241 15
C 242 23
C 243 12
C 244 19
C 245 7
C 246 26
C 247 22
C 248 12
C 249 24
C 250 14
C 251 5
C 252 11
C 253 2
C 254 26
C 255 6
C 256 9
C 257 11
C 258 20
C 259 5
C 260 5
C 261 3
C 262 4
C 263 4
C 264 14
C 265 20
C 266 23
C 267 12
C 268 10
C 269 7
I 1 1 18 (0,3,2) (0,1,1,0)|(0,-1,-1,0)
I 5 3 12 (0,0,2) (-1,1,0,0)
I 2 1 11 (2,5,1) (-1,-1,-1,0)|(0,-1,0,0)
