D (8,3,9) (5,2,5)
D (3,9,-1) (1,4,0)
D (6,-1,-1) (2,3,3)
D (9,-1,-1) (4,4,0)
D (8,3,9) (5,4,3)
D (9,-1,-1) (0,0,2)
D (3,-1,-1) (1,3,2)
D (3,9,-1) (5,3,1)
D (9,-1,-1) (4,2,0)
D (9,-1,-1) (3,2,0)
D (6,7,8) (2,5,2)
D (8,-1,-1) (5,1,3)
D (6,7,8) (5,0,5)
D (3,9,-1) (0,4,1)
D (6,-1,-1) (1,4,4)
D (7,8,-1) (0,5,5)
D (7,8,-1) (3,4,0)
D (9,-1,-1) (2,1,1)
D (3,9,-1) (4,4,1)
D (8,3,9) (0,0,1)
D (8,-1,-1) (4,1,3)
D (7,8,3) (3,2,1)
D (8,3,-1) (5,1,4)
D (8,-1,-1) (1,0,2)
D (8,3,-1) (0,5,3)
D (6,7,8) (4,5,2)
D (6,7,8) (3,3,3)
D (6,7,8) (5,2,4)
D (7,8,-1) (5,3,4)
D (3,-1,-1) (5,5,2)
D (8,-1,-1) (3,4,2)
D (3,-1,-1) (4,5,0)
D (8,3,9) (2,1,2)
D (8,3,-1) (3,3,0)
D (3,9,-1) (2,5,3)
D (6,-1,-1) (1,4,2)
D (3,9,-1) (2,1,0)
D (6,7,8) (3,4,3)
D (8,3,9) (2,0,5)
D (7,-1,-1) (5,1,0)
D (6,-1,-1) (1,0,0)
D (8,3,9) (2,1,4)
D (8,3,9) (0,5,2)
D (7,-1,-1) (0,4,2)
D (3,9,-1) (3,1,4)
D (3,9,-1) (4,0,0)
D (6,7,8) (5,5,1)
D (3,-1,-1) (4,1,1)
C 0 15
C 1 22
C 2 17
C 3 0
C 4 11
C 5 8
C 6 3
C 7 5
C 8 11
C 9 19
C 10 16
C 11 16
C 12 9
C 13 12
C 14 0
C 15 0
C 16 0
C 17 0
C 18 0
C 19 0
C 20 0
C 21 0
C 22 0
C 23 0
C 24 0
C 25 0
C 26 0
C 27 0
C 28 0
C 29 0
C 30 0
C 31 0
C 32 0
C 33 0
C 34 0
C 35 0
C 36 0
C 37 0
C 38 0
C 39 0
C 40 0
C 41 23
C 42 9
C 43 2
C 44 9
C 45 15
C 46 8
C 47 1
C 48 25
C 49 19
C 50 5
C 51 26
C 52 26
C 53 26
C 54 12
C 55 10
C 56 22
C 57 23
C 58 16
C 59 20
C 60 1
C 61 24
C 62 8
C 63 26
C 64 19
C 65 22
C 66 24
C 67 0
C 68 19
C 69 0
C 70 9
C 71 22
C 72 8
C 73 19
C 74 26
C 75 9
C 76 9
C 77 23
C 78 19
C 79 18
C 80 26
C 81 20
C 82 26
C 83 17
C 84 9
C 85 14
C 86 1
C 87 12
C 88 12
C 89 24
C 90 19
C 91 0
C 92 0
C 93 6
C 94 12
C 95 25
C 96 12
C 97 1
C 98 1
C 99 2
C 100 1
C 101 20
C 102 12
C 103 2
C 104 10
C 105 6
C 106 25
C 107 6
C 108 5
C 109 7
C 110 14
C 111 1
C 112 21
C 113 14
C 114 19
C 115 2
C 116 20
C 117 1
C 118 2
C 119 8
C 120 21
C 121 8
C 122 4
C 123 4
C 124 25
C 125 18
C 126 20
C 127 5
C 128 6
C 129 3
C 130 3
C 131 18
C 132 6
C 133 1
C 134 11
C 135 20
C 136 16
C 137 3
C 138 20
C 139 11
C 140 5
C 141 10
C 142 23
C 143 7
C 144 16
C 145 11
C 146 18
C 147 0
C 148 15
C 149 1
C 150 14
C 151 20
C 152 24
C 153 24
C 154 4
C 155 22
C 156 17
C 157 12
C 158 8
C 159 18
C 160 12
C 161 9
C 162 19
C 163 20
C 164 24
C 165 7
C 166 20
C 167 8
C 168 11
C 169 25
C 170 10
C 171 6
C 172 14
C 173 8
C 174 26
C 175 16
C 176 1
C 177 14
C 178 7
C 179 1
C 180 5
C 181 11
C 182 10
C 183 21
C 184 12
C 185 8
C 186 19
C 187 15
C 188 18
C 189 21
C 190 21
C 191 1
C 192 0
C 193 0
C 194 0
C 195 0
C 196 0
C 197 0
C 198 0
C 199 0
C 200 0
C 201 0
C 202 0
C 203 0
C 204 0
C 205 0
C 206 0
C 207 0
C 208 0
C 209 0
C 210 0
C 211 0
C 212 0
C 213 0
C 214 0
C 215 0
C 216 0
C 217 16
C 218 14
C 219 18
C 220 8
C 221 2
C 222 26
C 223 6
C 224 7
C 225 26
C 226 25
C 227 21
C 228 8
C 229 8
C 230 10
C 231 20
C 232 25
C 233 9
C 234 14
C 235 14
C 236 25
C 237 6
C 238 20
C 239 20
C 240 10
C 241 4
C 242 1
C 243 6
C 244 23
C 245 22
C 246 1
C 247 19
C 248 8
C 249 20
C 250 9
C 251 8
C 252 0
C 253 25
C 254 1
C 255 16
C 256 24
C 257 7
C 258 14
C 259 23
C 260 4
C 261 4
C 262 17
C 263 2
C 264 14
C 265 23
C 266 0
C 267 23
C 268 10
C 269 2
I 0 2 5 (1,2,3) (1,0,0,0)
I 5 3 6 (4,3,2) (-1,1,0,0)
I 0 3 10 (5,4,1) (-1,-1,1,0)|(-1,1,-1,0)
