D (3,9,-1) (4,5,1)
D (3,9,-1) (2,3,0)
D (9,-1,-1) (2,1,0)
D (9,-1,-1) (5,4,5)
D (6,-1,-1) (4,3,4)
D (8,3,9) (3,4,0)
D (9,-1,-1) (3,0,3)
D (9,-1,-1) (5,0,5)
D (9,-1,-1) (3,1,1)
D (3,9,-1) (3,1,5)
D (7,8,3) (4,2,0)
D (7,-1,-1) (2,4,4)
D (3,9,-1) (5,2,5)
D (3,9,-1) (0,2,4)
D (8,3,-1) (3,2,5)
D (9,-1,-1) (4,3,5)
D (9,-1,-1) (4,1,3)
D (3,-1,-1) (3,1,2)
D (3,9,-1) (2,5,5)
D (7,-1,-1) (3,2,0)
D (6,7,8) (1,4,4)
D (3,9,-1) (0,1,3)
D (6,7,-1) (2,3,1)
D (3,9,-1) (4,3,2)
D (3,-1,-1) (3,0,2)
D (9,-1,-1) (2,2,0)
D (7,8,-1) (0,4,0)
D (7,8,3) (2,0,3)
D (9,-1,-1) (3,1,4)
D (6,-1,-1) (5,1,4)
D (8,3,-1) (2,5,1)
D (8,-1,-1) (5,2,4)
D (7,8,3) (0,0,0)
D (6,-1,-1) (0,0,3)
D (7,-1,-1) (0,5,4)
D (3,9,-1) (0,4,4)
D (7,8,3) (0,2,0)
D (6,7,8) (0,1,2)
C 0 2
C 1 3
C 2 10
C 3 18
C 4 12
C 5 8
C 6 17
C 7 22
C 8 22
C 9 1
C 10 25
C 11 20
C 12 15
C 13 5
C 14 17
C 15 18
C 16 17
C 17 18
C 18 6
C 19 14
C 20 15
C 21 10
C 22 9
C 23 14
C 24 19
C 25 23
C 26 1
C 27 19
C 28 25
C 29 23
C 30 15
C 31 10
C 32 12
C 33 24
C 34 18
C 35 0
C 36 11
C 37 20
C 38 8
C 39 23
C 40 19
C 41 25
C 42 11
C 43 23
C 44 7
C 45 21
C 46 23
C 47 1
C 48 26
C 49 18
C 50 25
C 51 16
C 52 2
C 53 0
C 54 0
C 55 2
C 56 24
C 57 19
C 58 19
C 59 24
C 60 24
C 61 0
C 62 24
C 63 7
C 64 8
C 65 26
C 66 5
C 67 2
C 68 7
C 69 4
C 70 1
C 71 9
C 72 21
C 73 4
C 74 14
C 75 18
C 76 14
C 77 0
C 78 17
C 79 25
C 80 23
C 81 1
C 82 15
C 83 16
C 84 21
C 85 10
C 86 10
C 87 8
C 88 26
C 89 7
C 90 25
C 91 3
C 92 10
C 93 20
C 94 19
C 95 3
C 96 24
C 97 26
C 98 12
C 99 23
C 100 11
C 101 16
C 102 0
C 103 24
C 104 16
C 105 9
C 106 8
C 107 21
C 108 3
C 109 12
C 110 12
C 111 10
C 112 20
C 113 16
C 114 19
C 115 14
C 116 6
C 117 10
C 118 18
C 119 11
C 120 23
C 121 0
C 122 8
C 123 9
C 124 22
C 125 22
C 126 0
C 127 4
C 128 5
C 129 18
C 130 22
C 131 20
C 132 0
C 133 21
C 134 5
C 135 9
C 136 17
C 137 14
C 138 20
C 139 2
C 140 26
C 141 25
C 142 19
C 143 4
C 144 25
C 145 9
C 146 25
C 147 15
C 148 1
C 149 7
C 150 2
C 151 3
C 152 15
C 153 0
C 154 5
C 155 2
C 156 3
C 157 26
C 158 11
C 159 8
C 160 17
C 161 8
C 162 15
C 163 26
C 164 5
C 165 11
C 166 0
C 167 1
C 168 1
C 169 21
C 170 3
C 171 22
C 172 5
C 173 9
C 174 21
C 175 14
C 176 9
C 177 20
C 178 21
C 179 5
C 180 23
C 181 5
C 182 19
C 183 6
C 184 9
C 185 9
C 186 22
C 187 3
C 188 5
C 189 22
C 190 20
C 191 16
C 192 5
C 193 3
C 194 15
C 195 4
C 196 15
C 197 19
C 198 20
C 199 19
C 200 3
C 201 25
C 202 25
C 203 15
C 204 2
C 205 10
C 206 21
C 207 21
C 208 23
C 209 15
C 210 18
C 211 16
C 212 18
C 213 3
C 214 16
C 215 9
C 216 0
C 217 3
C 218 15
C 219 4
C 220 14
C 221 5
C 222 15
C 223 19
C 224 25
C 225 16
C 226 10
C 227 23
C 228 19
C 229 7
C 230 5
C 231 11
C 232 0
C 233 23
C 234 25
C 235 3
C 236 24
C 237 26
C 238 21
C 239 0
C 240 18
C 241 22
C 242 2
C 243 15
C 244 12
C 245 15
C 246 23
C 247 1
C 248 17
C 249 11
C 250 2
C 251 7
C 252 10
C 253 3
C 254 6
C 255 7
C 256 15
C 257 10
C 258 9
C 259 4
C 260 20
C 261 16
C 262 1
C 263 9
C 264 17
C 265 25
C 266 10
C 267 17
C 268 14
C 269 19
I 1 1 19 (2,3,3) (0,0,1,0)|(0,0,0,0)|(-1,1,-1,0)
I 2 3 5 (2,0,0) (0,-1,1,0)|(1,0,1,0)|(1,-1,1,0)
