D (3,-1,-1) (1,1,3)
D (7,8,3) (3,3,2)
D (3,-1,-1) (3,2,4)
D (8,3,9) (0,3,1)
D (7,-1,-1) (5,3,1)
D (7,-1,-1) (3,0,5)
D (7,8,3) (1,3,5)
D (8,-1,-1) (2,2,2)
D (8,3,9) (2,3,4)
D (6,7,-1) (1,2,5)
D (7,-1,-1) (5,1,3)
D (7,8,-1) (2,5,3)
D (3,9,-1) (1,4,0)
D (3,9,-1) (0,4,3)
D (9,-1,-1) (3,1,4)
D (6,7,8) (2,3,0)
D (6,7,8) (1,3,1)
D (8,3,-1) (4,0,0)
D (8,-1,-1) (3,0,3)
D (6,7,-1) (4,3,2)
D (6,-1,-1) (4,3,0)
D (6,7,-1) (0,5,0)
D (9,-1,-1) (3,0,0)
D (8,3,9) (5,3,2)
D (9,-1,-1) (2,5,2)
D (8,3,9) (0,2,4)
D (3,9,-1) (5,4,4)
D (8,3,9) (4,3,1)
D (7,8,-1) (5,5,2)
D (8,3,-1) (4,5,1)
D (8,-1,-1) (1,5,2)
D (3,-1,-1) (5,1,0)
D (3,-1,-1) (0,0,2)
D (9,-1,-1) (0,3,0)
D (8,3,-1) (4,5,3)
D (7,-1,-1) (2,3,1)
D (3,9,-1) (4,2,3)
D (7,8,3) (0,0,4)
D (9,-1,-1) (5,3,3)
D (9,-1,-1) (0,5,1)
D (8,3,-1) (5,5,1)
D (6,-1,-1) (4,4,1)
D (8,3,-1) (5,1,2)
D (3,-1,-1) (5,4,5)
D (3,-1,-1) (3,2,2)
D (6,7,8) (0,1,3)
D (3,-1,-1) (3,1,0)
D (6,7,8) (2,0,0)
D (7,8,3) (4,2,4)
D (9,-1,-1) (5,2,0)
D (8,3,9) (2,3,5)
D (8,3,-1) (1,5,3)
D (3,9,-1) (1,4,4)
D (7,-1,-1) (2,3,2)
D (3,9,-1) (2,0,1)
D (9,-1,-1) (5,2,4)
D (7,-1,-1) (1,0,5)
D (8,-1,-1) (2,0,3)
D (9,-1,-1) (1,1,2)
D (8,3,-1) (3,2,1)
D (7,8,3) (1,5,0)
D (9,-1,-1) (0,3,3)
D (3,9,-1) (4,4,5)
D (3,9,-1) (2,1,0)
D (9,-1,-1) (3,4,1)
D (6,7,-1) (3,1,5)
D (7,8,-1) (3,5,3)
D (6,7,-1) (0,5,3)
D (8,-1,-1) (4,0,2)
D (7,-1,-1) (1,1,5)
D (6,-1,-1) (2,4,5)
D (6,-1,-1) (4,4,3)
D (9,-1,-1) (0,4,2)
D (9,-1,-1) (2,1,3)
D (6,7,8) (3,3,3)
D (7,8,3) (2,5,1)
D (3,9,-1) (2,4,4)
C 0 26
C 1 21
C 2 15
C 3 23
C 4 10
C 5 2
C 6 15
C 7 18
C 8 1
C 9 10
C 10 17
C 11 19
C 12 16
C 13 10
C 14 23
C 15 12
C 16 20
C 17 23
C 18 4
C 19 9
C 20 7
C 21 18
C 22 6
C 23 16
C 24 3
C 25 1
C 26 26
C 27 12
C 28 17
C 29 1
C 30 0
C 31 25
C 32 1
C 33 25
C 34 2
C 35 10
C 36 17
C 37 8
C 38 11
C 39 8
C 40 26
C 41 7
C 42 2
C 43 1
C 44 14
C 45 18
C 46 2
C 47 2
C 48 3
C 49 1
C 50 26
C 51 26
C 52 7
C 53 3
C 54 21
C 55 17
C 56 12
C 57 10
C 58 14
C 59 3
C 60 24
C 61 16
C 62 23
C 63 26
C 64 15
C 65 25
C 66 21
C 67 18
C 68 14
C 69 15
C 70 8
C 71 22
C 72 23
C 73 25
C 74 17
C 75 24
C 76 15
C 77 11
C 78 21
C 79 16
C 80 9
C 81 23
C 82 6
C 83 21
C 84 24
C 85 17
C 86 7
C 87 22
C 88 24
C 89 6
C 90 3
C 91 8
C 92 16
C 93 10
C 94 8
C 95 22
C 96 5
C 97 21
C 98 4
C 99 24
C 100 1
C 101 1
C 102 22
C 103 23
C 104 22
C 105 15
C 106 10
C 107 1
C 108 15
C 109 19
C 110 14
C 111 3
C 112 25
C 113 17
C 114 4
C 115 7
C 116 24
C 117 11
C 118 8
C 119 23
C 120 5
C 121 23
C 122 9
C 123 16
C 124 7
C 125 19
C 126 17
C 127 5
C 128 21
C 129 0
C 130 7
C 131 15
C 132 19
C 133 11
C 134 10
C 135 14
C 136 10
C 137 21
C 138 2
C 139 11
C 140 12
C 141 14
C 142 17
C 143 9
C 144 22
C 145 6
C 146 8
C 147 3
C 148 5
C 149 20
C 150 26
C 151 11
C 152 5
C 153 4
C 154 23
C 155 0
C 156 21
C 157 2
C 158 3
C 159 21
C 160 25
C 161 15
C 162 21
C 163 25
C 164 21
C 165 20
C 166 5
C 167 0
C 168 2
C 169 17
C 170 5
C 171 25
C 172 9
C 173 16
C 174 17
C 175 7
C 176 2
C 177 3
C 178 10
C 179 9
C 180 2
C 181 2
C 182 18
C 183 21
C 184 7
C 185 10
C 186 23
C 187 9
C 188 18
C 189 17
C 190 12
C 191 25
C 192 9
C 193 4
C 194 9
C 195 24
C 196 26
C 197 5
C 198 23
C 199 5
C 200 23
C 201 16
C 202 15
C 203 17
C 204 16
C 205 25
C 206 5
C 207 4
C 208 24
C 209 25
C 210 6
C 211 6
C 212 5
C 213 24
C 214 22
C 215 18
C 216 24
C 217 2
C 218 14
C 219 25
C 220 6
C 221 5
C 222 16
C 223 6
C 224 5
C 225 3
C 226 15
C 227 17
C 228 8
C 229 20
C 230 5
C 231 2
C 232 18
C 233 8
C 234 16
C 235 19
C 236 16
C 237 23
C 238 1
C 239 9
C 240 24
C 241 14
C 242 7
C 243 18
C 244 4
C 245 15
C 246 25
C 247 21
C 248 1
C 249 4
C 250 14
C 251 14
C 252 14
C 253 26
C 254 2
C 255 3
C 256 0
C 257 12
C 258 15
C 259 6
C 260 19
C 261 20
C 262 22
C 263 20
C 264 15
C 265 26
C 266 20
C 267 8
C 268 10
C 269 2
I 2 1 13 (0,3,2) (-1,-1,1,0)|(-1,0,-1,0)|(0,1,-1,0)|(0,-1,0,0)
I 0 1 16 (3,2,5) (-1,0,0,0)|(1,1,1,0)
