D (6,7,-1) (5,4,3)
D (6,7,8) (5,5,3)
D (7,-1,-1) (2,3,1)
D (3,-1,-1) (1,5,4)
D (9,-1,-1) (5,3,3)
D (6,7,8) (1,1,0)
D (6,7,8) (2,4,5)
D (3,-1,-1) (3,0,2)
D (3,9,-1) (1,1,5)
D (6,-1,-1) (3,0,3)
D (8,3,-1) (3,2,1)
D (8,-1,-1) (4,2,1)
D (9,-1,-1) (3,2,0)
D (7,8,3) (0,3,4)
D (9,-1,-1) (2,0,1)
D (9,-1,-1) (1,4,3)
D (3,9,-1) (4,0,2)
D (3,9,-1) (2,1,2)
D (8,3,-1) (2,5,1)
D (7,8,3) (2,3,4)
D (6,7,8) (5,0,3)
D (6,7,-1) (0,0,2)
D (3,9,-1) (1,2,3)
D (3,-1,-1) (0,0,4)
D (6,-1,-1) (5,5,0)
D (3,9,-1) (5,4,2)
D (9,-1,-1) (5,0,2)
D (3,-1,-1) (0,3,1)
D (7,8,3) (5,3,4)
D (9,-1,-1) (5,5,2)
D (7,-1,-1) (2,3,2)
D (7,8,-1) (1,1,2)
C 0 3
C 1 25
C 2 20
C 3 16
C 4 10
C 5 24
C 6 20
C 7 6
C 8 1
C 9 12
C 10 21
C 11 16
C 12 7
C 13 0
C 14 0
C 15 0
C 16 0
C 17 0
C 18 0
C 19 0
C 20 0
C 21 0
C 22 0
C 23 0
C 24 0
C 25 0
C 26 0
C 27 0
C 28 0
C 29 0
C 30 0
C 31 0
C 32 0
C 33 0
C 34 0
C 35 0
C 36 0
C 37 0
C 38 18
C 39 10
C 40 12
C 41 24
C 42 17
C 43 4
C 44 15
C 45 1
C 46 11
C 47 16
C 48 17
C 49 9
C 50 14
C 51 17
C 52 5
C 53 15
C 54 23
C 55 12
C 56 21
C 57 11
C 58 14
C 59 23
C 60 22
C 61 14
C 62 2
C 63 12
C 64 25
C 65 6
C 66 21
C 67 20
C 68 21
C 69 10
C 70 0
C 71 0
C 72 0
C 73 0
C 74 0
C 75 0
C 76 14
C 77 20
C 78 9
C 79 19
C 80 20
C 81 26
C 82 0
C 83 11
C 84 7
C 85 3
C 86 9
C 87 6
C 88 18
C 89 15
C 90 5
C 91 14
C 92 10
C 93 1
C 94 8
C 95 26
C 96 24
C 97 21
C 98 14
C 99 18
C 100 18
C 101 1
C 102 16
C 103 18
C 104 8
C 105 26
C 106 16
C 107 5
C 108 16
C 109 20
C 110 18
C 111 10
C 112 16
C 113 12
C 114 9
C 115 17
C 116 5
C 117 11
C 118 1
C 119 1
C 120 4
C 121 10
C 122 26
C 123 2
C 124 14
C 125 3
C 126 18
C 127 24
C 128 7
C 129 22
C 130 2
C 131 0
C 132 25
C 133 24
C 134 21
C 135 25
C 136 1
C 137 0
C 138 0
C 139 0
C 140 0
C 141 0
C 142 0
C 143 0
C 144 0
C 145 0
C 146 0
C 147 0
C 148 0
C 149 0
C 150 0
C 151 0
C 152 0
C 153 0
C 154 0
C 155 0
C 156 0
C 157 0
C 158 0
C 159 0
C 160 0
C 161 0
C 162 0
C 163 0
C 164 0
C 165 19
C 166 17
C 167 17
C 168 23
C 169 19
C 170 16
C 171 10
C 172 12
C 173 19
C 174 4
C 175 24
C 176 7
C 177 26
C 178 1
C 179 24
C 180 19
C 181 11
C 182 8
C 183 26
C 184 14
C 185 0
C 186 21
C 187 9
C 188 9
C 189 12
C 190 3
C 191 22
C 192 8
C 193 1
C 194 18
C 195 8
C 196 17
C 197 9
C 198 17
C 199 15
C 200 4
C 201 8
C 202 6
C 203 20
C 204 14
C 205 7
C 206 26
C 207 4
C 208 15
C 209 6
C 210 19
C 211 2
C 212 17
C 213 6
C 214 26
C 215 4
C 216 3
C 217 21
C 218 26
C 219 10
C 220 0
C 221 2
C 222 9
C 223 22
C 224 26
C 225 6
C 226 23
C 227 20
C 228 9
C 229 8
C 230 19
C 231 22
C 232 9
C 233 0
C 234 12
C 235 3
C 236 9
C 237 12
C 238 19
C 239 20
C 240 19
C 241 21
C 242 1
C 243 1
C 244 1
C 245 1
C 246 26
C 247 14
C 248 18
C 249 1
C 250 8
C 251 14
C 252 24
C 253 3
C 254 26
C 255 18
C 256 9
C 257 22
C 258 21
C 259 24
C 260 17
C 261 25
C 262 3
C 263 25
C 264 11
C 265 3
C 266 12
C 267 1
C 268 22
C 269 7
I 1 1 2 (2,4,0) (1,0,1,0)
I 3 3 2 (1,0,1) (1,1,0,0)
I 2 3 8 (0,5,1) (-1,-1,-1,0)|(-1,0,0,0)
