D (3,9,-1) (5,5,2)
D (6,7,-1) (4,5,4)
D (3,-1,-1) (5,2,1)
D (9,-1,-1) (4,1,1)
D (3,9,-1) (1,1,2)
D (3,9,-1) (1,5,4)
D (6,7,8) (4,5,2)
D (3,9,-1) (1,3,1)
D (3,-1,-1) (0,5,0)
D (8,3,-1) (4,2,2)
D (8,-1,-1) (0,3,0)
D (7,8,3) (4,4,2)
D (6,-1,-1) (0,4,0)
D (8,-1,-1) (1,1,4)
D (7,8,3) (0,2,5)
D (7,-1,-1) (2,2,1)
D (9,-1,-1) (5,4,2)
D (3,9,-1) (2,3,4)
D (3,-1,-1) (3,0,3)
D (9,-1,-1) (4,3,2)
D (6,7,-1) (4,2,4)
D (6,7,-1) (5,4,5)
D (3,-1,-1) (1,2,4)
D (7,8,3) (4,0,2)
D (8,-1,-1) (2,3,1)
D (9,-1,-1) (2,3,3)
D (3,9,-1) (4,2,5)
D (3,9,-1) (0,0,4)
D (8,3,-1) (2,3,2)
D (6,7,8) (1,0,4)
D (8,3,-1) (5,0,3)
D (3,-1,-1) (4,1,4)
D (6,7,8) (3,4,0)
D (9,-1,-1) (4,5,3)
D (8,-1,-1) (4,0,0)
D (7,-1,-1) (0,3,5)
D (9,-1,-1) (0,0,2)
D (7,-1,-1) (3,5,1)
D (8,3,9) (3,1,2)
D (9,-1,-1) (4,3,0)
D (6,7,8) (3,4,1)
D (7,8,-1) (4,1,2)
D (9,-1,-1) (0,3,2)
D (8,-1,-1) (4,0,4)
D (3,-1,-1) (2,2,3)
D (7,-1,-1) (1,1,5)
D (6,7,8) (0,5,3)
D (7,8,3) (3,0,1)
D (6,7,8) (2,2,0)
D (9,-1,-1) (2,1,2)
D (6,-1,-1) (5,5,1)
D (9,-1,-1) (5,3,5)
D (9,-1,-1) (5,0,1)
C 0 23
C 1 24
C 2 6
C 3 0
C 4 15
C 5 20
C 6 21
C 7 23
C 8 11
C 9 14
C 10 22
C 11 26
C 12 21
C 13 7
C 14 10
C 15 14
C 16 22
C 17 6
C 18 7
C 19 17
C 20 1
C 21 18
C 22 14
C 23 2
C 24 2
C 25 23
C 26 1
C 27 11
C 28 17
C 29 15
C 30 5
C 31 22
C 32 7
C 33 8
C 34 11
C 35 23
C 36 8
C 37 26
C 38 4
C 39 26
C 40 3
C 41 25
C 42 6
C 43 9
C 44 24
C 45 21
C 46 18
C 47 15
C 48 2
C 49 5
C 50 10
C 51 3
C 52 1
C 53 20
C 54 15
C 55 17
C 56 24
C 57 14
C 58 16
C 59 26
C 60 14
C 61 19
C 62 9
C 63 8
C 64 20
C 65 1
C 66 17
C 67 3
C 68 20
C 69 12
C 70 15
C 71 21
C 72 7
C 73 18
C 74 20
C 75 20
C 76 17
C 77 5
C 78 18
C 79 22
C 80 20
C 81 12
C 82 14
C 83 11
C 84 2
C 85 25
C 86 15
C 87 17
C 88 14
C 89 6
C 90 9
C 91 5
C 92 23
C 93 25
C 94 18
C 95 0
C 96 0
C 97 0
C 98 0
C 99 0
C 100 0
C 101 0
C 102 0
C 103 0
C 104 0
C 105 0
C 106 0
C 107 0
C 108 0
C 109 0
C 110 0
C 111 0
C 112 0
C 113 0
C 114 19
C 115 24
C 116 6
C 117 8
C 118 18
C 119 11
C 120 10
C 121 25
C 122 19
C 123 8
C 124 0
C 125 16
C 126 5
C 127 3
C 128 12
C 129 24
C 130 25
C 131 5
C 132 6
C 133 15
C 134 16
C 135 23
C 136 19
C 137 6
C 138 1
C 139 2
C 140 2
C 141 9
C 142 14
C 143 22
C 144 4
C 145 20
C 146 17
C 147 0
C 148 14
C 149 7
C 150 9
C 151 3
C 152 26
C 153 11
C 154 21
C 155 0
C 156 16
C 157 9
C 158 26
C 159 9
C 160 26
C 161 12
C 162 26
C 163 18
C 164 23
C 165 25
C 166 9
C 167 3
C 168 6
C 169 7
C 170 4
C 171 2
C 172 0
C 173 0
C 174 0
C 175 0
C 176 0
C 177 0
C 178 0
C 179 0
C 180 0
C 181 0
C 182 0
C 183 10
C 184 16
C 185 18
C 186 15
C 187 12
C 188 1
C 189 2
C 190 19
C 191 7
C 192 20
C 193 17
C 194 0
C 195 15
C 196 24
C 197 3
C 198 9
C 199 19
C 200 20
C 201 0
C 202 17
C 203 5
C 204 11
C 205 22
C 206 9
C 207 20
C 208 16
C 209 14
C 210 9
C 211 11
C 212 3
C 213 7
C 214 10
C 215 18
C 216 11
C 217 18
C 218 24
C 219 19
C 220 16
C 221 1
C 222 12
C 223 0
C 224 14
C 225 21
C 226 16
C 227 3
C 228 17
C 229 20
C 230 14
C 231 1
C 232 10
C 233 5
C 234 9
C 235 8
C 236 25
C 237 9
C 238 7
C 239 12
C 240 1
C 241 22
C 242 26
C 243 12
C 244 0
C 245 1
C 246 0
C 247 10
C 248 4
C 249 23
C 250 10
C 251 3
C 252 0
C 253 10
C 254 0
C 255 9
C 256 25
C 257 6
C 258 20
C 259 16
C 260 19
C 261 19
C 262 23
C 263 0
C 264 3
C 265 15
C 266 9
C 267 4
C 268 9
C 269 24
I 3 2 5 (4,5,3) (0,1,1,0)|(1,-1,-1,0)|(1,1,-1,0)
I 5 3 2 (3,5,3) (-1,1,-1,0)
I 1 2 2 (0,2,0) (1,0,0,0)
