D (7,-1,-1) (0,5,0)
D (7,8,-1) (4,0,5)
D (6,-1,-1) (5,1,0)
D (9,-1,-1) (3,4,0)
D (6,7,-1) (1,3,2)
D (7,8,-1) (5,4,0)
D (7,8,-1) (0,1,0)
D (3,-1,-1) (0,1,3)
D (3,-1,-1) (4,3,4)
D (6,-1,-1) (2,5,2)
D (7,8,3) (2,1,1)
D (6,7,-1) (5,1,5)
D (6,-1,-1) (5,1,1)
D (6,7,8) (1,1,4)
D (7,8,-1) (4,3,5)
D (9,-1,-1) (5,5,4)
D (8,-1,-1) (0,5,5)
D (6,7,-1) (3,0,5)
D (9,-1,-1) (5,3,0)
D (7,8,3) (0,0,4)
D (3,-1,-1) (2,5,0)
D (8,3,9) (0,3,1)
D (6,7,-1) (5,2,1)
D (6,7,8) (3,1,1)
D (6,-1,-1) (5,0,3)
D (6,-1,-1) (5,3,4)
D (9,-1,-1) (5,0,4)
D (6,7,8) (4,1,3)
D (6,7,8) (4,1,4)
D (6,7,8) (3,2,2)
D (7,-1,-1) (0,4,0)
D (3,9,-1) (3,4,2)
D (8,3,9) (1,4,5)
D (7,8,3) (1,3,5)
D (7,-1,-1) (2,4,1)
D (9,-1,-1) (5,3,1)
D (8,3,-1) (5,5,2)
D (3,9,-1) (2,0,0)
D (8,3,9) (5,3,2)
D (7,-1,-1) (4,4,5)
D (8,3,-1) (0,4,4)
D (8,3,9) (4,5,0)
D (9,-1,-1) (0,1,5)
D (9,-1,-1) (1,5,3)
D (9,-1,-1) (4,2,3)
D (8,3,-1) (0,2,4)
D (9,-1,-1) (4,0,1)
D (9,-1,-1) (1,2,5)
D (6,7,-1) (3,0,4)
D (8,3,-1) (2,1,4)
D (9,-1,-1) (3,3,3)
D (8,3,9) (2,2,3)
C 0 5
C 1 26
C 2 16
C 3 6
C 4 26
C 5 15
C 6 26
C 7 21
C 8 3
C 9 25
C 10 21
C 11 18
C 12 11
C 13 4
C 14 26
C 15 12
C 16 19
C 17 4
C 18 5
C 19 7
C 20 17
C 21 14
C 22 7
C 23 25
C 24 17
C 25 26
C 26 18
C 27 14
C 28 15
C 29 11
C 30 2
C 31 26
C 32 24
C 33 4
C 34 12
C 35 25
C 36 3
C 37 22
C 38 5
C 39 0
C 40 10
C 41 22
C 42 5
C 43 25
C 44 25
C 45 17
C 46 0
C 47 16
C 48 16
C 49 0
C 50 18
C 51 10
C 52 5
C 53 8
C 54 17
C 55 16
C 56 2
C 57 17
C 58 25
C 59 17
C 60 3
C 61 15
C 62 24
C 63 18
C 64 7
C 65 4
C 66 24
C 67 20
C 68 11
C 69 9
C 70 16
C 71 10
C 72 7
C 73 14
C 74 14
C 75 14
C 76 22
C 77 18
C 78 21
C 79 5
C 80 10
C 81 22
C 82 15
C 83 7
C 84 11
C 85 20
C 86 6
C 87 16
C 88 1
C 89 3
C 90 10
C 91 1
C 92 8
C 93 1
C 94 15
C 95 26
C 96 17
C 97 6
C 98 2
C 99 0
C 100 9
C 101 3
C 102 26
C 103 21
C 104 17
C 105 6
C 106 26
C 107 21
C 108 24
C 109 10
C 110 3
C 111 21
C 112 10
C 113 23
C 114 4
C 115 12
C 116 19
C 117 1
C 118 8
C 119 14
C 120 23
C 121 20
C 122 26
C 123 5
C 124 7
C 125 20
C 126 8
C 127 15
C 128 22
C 129 12
C 130 12
C 131 18
C 132 5
C 133 19
C 134 9
C 135 9
C 136 15
C 137 22
C 138 19
C 139 12
C 140 6
C 141 21
C 142 11
C 143 14
C 144 17
C 145 14
C 146 2
C 147 3
C 148 9
C 149 7
C 150 8
C 151 18
C 152 20
C 153 6
C 154 12
C 155 6
C 156 2
C 157 0
C 158 3
C 159 8
C 160 20
C 161 8
C 162 26
C 163 25
C 164 12
C 165 24
C 166 9
C 167 20
C 168 21
C 169 5
C 170 19
C 171 23
C 172 6
C 173 16
C 174 11
C 175 14
C 176 9
C 177 10
C 178 0
C 179 9
C 180 4
C 181 6
C 182 17
C 183 25
C 184 5
C 185 2
C 186 15
C 187 16
C 188 15
C 189 5
C 190 12
C 191 14
C 192 15
C 193 1
C 194 18
C 195 14
C 196 1
C 197 8
C 198 24
C 199 14
C 200 7
C 201 5
C 202 2
C 203 1
C 204 23
C 205 20
C 206 20
C 207 18
C 208 6
C 209 24
C 210 10
C 211 6
C 212 24
C 213 20
C 214 8
C 215 1
C 216 0
C 217 0
C 218 0
C 219 0
C 220 0
C 221 0
C 222 0
C 223 0
C 224 0
C 225 0
C 226 0
C 227 0
C 228 0
C 229 0
C 230 0
C 231 0
C 232 0
C 233 0
C 234 0
C 235 0
C 236 0
C 237 0
C 238 0
C 239 0
C 240 0
C 241 0
C 242 0
C 243 0
C 244 0
C 245 0
C 246 0
C 247 0
C 248 0
C 249 0
C 250 0
C 251 0
C 252 0
C 253 0
C 254 0
C 255 0
C 256 17
C 257 22
C 258 6
C 259 24
C 260 3
C 261 16
C 262 12
C 263 9
C 264 8
C 265 19
C 266 12
C 267 15
C 268 9
C 269 14
I 5 1 5 (0,4,3) (0,0,-1,0)|(1,1,1,0)|(-1,-1,1,0)
I 5 3 13 (2,5,1) (-1,0,1,0)
I 4 3 9 (3,3,0) (-1,0,-1,0)|(-1,1,1,0)
