D (3,9,-1) (5,4,0)
D (8,3,-1) (1,1,1)
D (3,9,-1) (4,4,2)
D (3,-1,-1) (5,1,4)
D (6,7,-1) (4,0,3)
D (7,8,-1) (5,1,0)
D (3,9,-1) (1,2,1)
D (8,3,9) (0,1,4)
D (6,7,8) (5,2,2)
D (9,-1,-1) (5,0,1)
D (6,-1,-1) (3,3,3)
D (8,3,-1) (4,1,2)
D (7,8,3) (2,2,2)
D (3,9,-1) (0,2,4)
D (3,9,-1) (3,2,0)
D (6,-1,-1) (1,3,2)
D (8,3,-1) (0,1,0)
D (6,-1,-1) (2,0,0)
D (6,7,-1) (1,3,5)
D (8,3,-1) (1,5,1)
D (9,-1,-1) (4,3,2)
D (7,-1,-1) (1,2,5)
D (8,3,-1) (5,3,1)
D (7,-1,-1) (0,2,3)
D (9,-1,-1) (2,3,4)
D (8,3,-1) (5,1,3)
D (3,9,-1) (1,5,4)
D (9,-1,-1) (5,4,5)
D (3,9,-1) (4,3,1)
D (6,7,-1) (2,0,3)
D (9,-1,-1) (0,0,0)
D (8,3,-1) (0,3,1)
D (9,-1,-1) (5,4,3)
D (7,8,3) (1,4,4)
D (3,9,-1) (3,0,3)
D (7,8,-1) (4,3,5)
D (9,-1,-1) (2,5,5)
D (8,3,9) (4,3,0)
D (8,-1,-1) (1,2,2)
D (3,9,-1) (0,5,5)
D (3,9,-1) (0,2,0)
D (3,-1,-1) (4,5,2)
D (6,-1,-1) (2,4,4)
D (3,-1,-1) (4,0,1)
D (3,9,-1) (2,1,0)
D (8,3,9) (3,3,0)
D (6,-1,-1) (1,0,2)
D (7,8,3) (5,2,4)
D (9,-1,-1) (2,4,2)
D (3,9,-1) (3,0,2)
D (7,-1,-1) (4,5,4)
D (8,-1,-1) (3,0,5)
D (7,-1,-1) (5,3,0)
D (6,7,8) (0,4,2)
D (8,3,-1) (3,1,4)
D (6,-1,-1) (2,5,2)
D (7,8,3) (5,2,3)
D (8,3,-1) (1,1,2)
D (9,-1,-1) (0,2,1)
D (6,7,-1) (5,3,3)
D (6,7,8) (0,4,4)
D (8,3,-1) (0,2,2)
D (7,8,3) (4,0,5)
D (8,3,9) (1,2,3)
D (9,-1,-1) (0,5,3)
D (7,8,3) (3,4,2)
D (7,8,3) (0,4,3)
D (7,8,-1) (0,1,2)
D (8,-1,-1) (4,2,2)
D (3,9,-1) (3,2,2)
D (9,-1,-1) (2,2,0)
D (7,8,-1) (5,2,1)
D (9,-1,-1) (2,1,4)
C 0 22
C 1 6
C 2 24
C 3 2
C 4 0
C 5 16
C 6 23
C 7 15
C 8 5
C 9 19
C 10 19
C 11 18
C 12 11
C 13 20
C 14 2
C 15 8
C 16 1
C 17 5
C 18 11
C 19 6
C 20 8
C 21 25
C 22 26
C 23 19
C 24 11
C 25 22
C 26 11
C 27 26
C 28 25
C 29 5
C 30 21
C 31 23
C 32 15
C 33 5
C 34 19
C 35 25
C 36 16
C 37 5
C 38 8
C 39 21
C 40 4
C 41 23
C 42 11
C 43 2
C 44 4
C 45 11
C 46 5
C 47 6
C 48 23
C 49 26
C 50 20
C 51 12
C 52 10
C 53 8
C 54 14
C 55 11
C 56 14
C 57 7
C 58 1
C 59 21
C 60 2
C 61 21
C 62 6
C 63 4
C 64 24
C 65 1
C 66 5
C 67 24
C 68 24
C 69 0
C 70 8
C 71 22
C 72 19
C 73 5
C 74 15
C 75 3
C 76 23
C 77 23
C 78 14
C 79 3
C 80 15
C 81 5
C 82 18
C 83 25
C 84 17
C 85 12
C 86 3
C 87 2
C 88 12
C 89 24
C 90 11
C 91 20
C 92 11
C 93 6
C 94 2
C 95 26
C 96 7
C 97 0
C 98 18
C 99 23
C 100 12
C 101 16
C 102 23
C 103 18
C 104 17
C 105 20
C 106 24
C 107 23
C 108 22
C 109 26
C 110 8
C 111 18
C 112 9
C 113 2
C 114 7
C 115 15
C 116 16
C 117 9
C 118 20
C 119 1
C 120 4
C 121 4
C 122 22
C 123 26
C 124 4
C 125 17
C 126 11
C 127 1
C 128 23
C 129 16
C 130 24
C 131 15
C 132 18
C 133 7
C 134 2
C 135 12
C 136 0
C 137 1
C 138 6
C 139 3
C 140 5
C 141 0
C 142 16
C 143 1
C 144 9
C 145 10
C 146 9
C 147 26
C 148 4
C 149 2
C 150 2
C 151 18
C 152 25
C 153 16
C 154 17
C 155 6
C 156 11
C 157 26
C 158 1
C 159 17
C 160 5
C 161 0
C 162 17
C 163 15
C 164 10
C 165 21
C 166 23
C 167 7
C 168 18
C 169 9
C 170 10
C 171 12
C 172 21
C 173 2
C 174 9
C 175 24
C 176 9
C 177 23
C 178 10
C 179 8
C 180 3
C 181 7
C 182 15
C 183 16
C 184 10
C 185 11
C 186 14
C 187 14
C 188 18
C 189 3
C 190 19
C 191 11
C 192 21
C 193 26
C 194 9
C 195 7
C 196 24
C 197 10
C 198 5
C 199 16
C 200 1
C 201 1
C 202 22
C 203 2
C 204 5
C 205 18
C 206 19
C 207 9
C 208 2
C 209 0
C 210 8
C 211 12
C 212 10
C 213 16
C 214 22
C 215 12
C 216 0
C 217 23
C 218 12
C 219 8
C 220 21
C 221 16
C 222 11
C 223 25
C 224 12
C 225 14
C 226 23
C 227 14
C 228 25
C 229 5
C 230 6
C 231 3
C 232 16
C 233 9
C 234 19
C 235 5
C 236 16
C 237 15
C 238 20
C 239 15
C 240 16
C 241 4
C 242 1
C 243 11
C 244 24
C 245 20
C 246 20
C 247 17
C 248 15
C 249 6
C 250 22
C 251 8
C 252 9
C 253 16
C 254 8
C 255 6
C 256 3
C 257 6
C 258 0
C 259 24
C 260 18
C 261 20
C 262 12
C 263 9
C 264 12
C 265 15
C 266 1
C 267 9
C 268 2
C 269 24
I 0 1 16 (4,1,5) (-1,1,0,0)|(-1,1,-1,0)|(0,0,1,0)|(1,0,0,0)
I 4 1 5 (0,0,5) (-1,1,0,0)|(0,-1,1,0)
I 2 1 10 (2,1,3) (-1,-1,-1,0)
