D (3,9,-1) (4,1,5)
D (3,9,-1) (4,1,3)
D (7,8,-1) (1,4,5)
D (8,-1,-1) (1,2,3)
D (9,-1,-1) (0,2,4)
D (8,-1,-1) (0,1,2)
D (3,9,-1) (4,2,2)
D (9,-1,-1) (2,0,3)
D (9,-1,-1) (5,3,0)
D (6,-1,-1) (4,0,4)
D (3,-1,-1) (3,3,3)
D (9,-1,-1) (1,1,1)
D (6,7,8) (2,1,1)
D (8,3,-1) (1,1,5)
D (6,7,8) (4,3,1)
D (8,3,9) (1,0,3)
D (8,-1,-1) (2,3,1)
D (8,-1,-1) (4,4,3)
D (8,-1,-1) (1,2,1)
D (7,-1,-1) (3,3,4)
D (3,9,-1) (5,2,1)
D (6,7,8) (3,0,3)
D (3,9,-1) (2,4,3)
D (9,-1,-1) (4,4,4)
D (7,-1,-1) (1,3,1)
D (8,-1,-1) (3,2,2)
D (3,9,-1) (5,4,4)
D (9,-1,-1) (0,3,5)
D (8,3,9) (5,4,5)
D (6,7,-1) (2,2,3)
D (3,-1,-1) (5,2,5)
D (3,9,-1) (5,4,1)
D (9,-1,-1) (0,3,1)
D (9,-1,-1) (4,3,3)
C 0 2
C 1 14
C 2 18
C 3 12
C 4 10
C 5 2
C 6 19
C 7 12
C 8 4
C 9 4
C 10 15
C 11 6
C 12 4
C 13 10
C 14 3
C 15 5
C 16 20
C 17 4
C 18 9
C 19 0
C 20 6
C 21 10
C 22 12
C 23 0
C 24 14
C 25 14
C 26 4
C 27 0
C 28 0
C 29 0
C 30 0
C 31 0
C 32 0
C 33 24
C 34 21
C 35 15
C 36 12
C 37 18
C 38 9
C 39 10
C 40 3
C 41 3
C 42 25
C 43 8
C 44 3
C 45 12
C 46 14
C 47 7
C 48 6
C 49 14
C 50 11
C 51 15
C 52 20
C 53 12
C 54 21
C 55 19
C 56 5
C 57 24
C 58 19
C 59 3
C 60 21
C 61 25
C 62 14
C 63 6
C 64 23
C 65 12
C 66 12
C 67 26
C 68 25
C 69 12
C 70 15
C 71 26
C 72 0
C 73 19
C 74 8
C 75 19
C 76 15
C 77 1
C 78 22
C 79 9
C 80 20
C 81 8
C 82 9
C 83 2
C 84 25
C 85 3
C 86 21
C 87 21
C 88 1
C 89 5
C 90 23
C 91 24
C 92 16
C 93 0
C 94 11
C 95 16
C 96 23
C 97 17
C 98 8
C 99 15
C 100 17
C 101 8
C 102 0
C 103 0
C 104 0
C 105 0
C 106 0
C 107 0
C 108 0
C 109 0
C 110 0
C 111 0
C 112 0
C 113 0
C 114 0
C 115 0
C 116 0
C 117 0
C 118 0
C 119 0
C 120 0
C 121 0
C 122 0
C 123 0
C 124 0
C 125 0
C 126 0
C 127 0
C 128 0
C 129 0
C 130 0
C 131 0
C 132 0
C 133 0
C 134 0
C 135 0
C 136 0
C 137 0
C 138 0
C 139 0
C 140 0
C 141 0
C 142 0
C 143 0
C 144 0
C 145 0
C 146 26
C 147 22
C 148 7
C 149 15
C 150 5
C 151 10
C 152 12
C 153 5
C 154 18
C 155 20
C 156 19
C 157 21
C 158 25
C 159 9
C 160 24
C 161 22
C 162 15
C 163 25
C 164 2
C 165 7
C 166 20
C 167 21
C 168 23
C 169 0
C 170 11
C 171 11
C 172 11
C 173 18
C 174 11
C 175 7
C 176 9
C 177 5
C 178 23
C 179 12
C 180 11
C 181 12
C 182 5
C 183 19
C 184 19
C 185 25
C 186 5
C 187 25
C 188 18
C 189 4
C 190 19
C 191 6
C 192 21
C 193 4
C 194 10
C 195 7
C 196 12
C 197 14
C 198 0
C 199 8
C 200 1
C 201 25
C 202 2
C 203 6
C 204 15
C 205 6
C 206 7
C 207 24
C 208 4
C 209 9
C 210 16
C 211 22
C 212 19
C 213 21
C 214 0
C 215 15
C 216 24
C 217 19
C 218 2
C 219 15
C 220 5
C 221 22
C 222 4
C 223 3
C 224 20
C 225 16
C 226 2
C 227 20
C 228 1
C 229 24
C 230 6
C 231 25
C 232 22
C 233 0
C 234 21
C 235 7
C 236 21
C 237 18
C 238 8
C 239 17
C 240 3
C 241 24
C 242 11
C 243 3
C 244 11
C 245 15
C 246 23
C 247 6
C 248 1
C 249 24
C 250 10
C 251 20
C 252 15
C 253 5
C 254 24
C 255 10
C 256 4
C 257 19
C 258 2
C 259 2
C 260 22
C 261 19
C 262 24
C 263 4
C 264 15
C 265 15
C 266 2
C 267 4
C 268 12
C 269 6
I 0 3 7 (2,5,0) (1,0,0,0)|(0,-1,0,0)
I 2 1 16 (4,1,1) (0,-1,0,0)
I 1 1 1 (4,5,4) (1,1,-1,0)|(-1,1,0,0)
