D (3,9,-1) (0,2,3)
D (8,3,9) (3,5,2)
D (3,9,-1) (1,5,0)
D (8,3,-1) (2,3,3)
D (6,7,-1) (0,5,0)
D (7,-1,-1) (0,0,3)
D (8,3,9) (4,1,4)
D (6,7,-1) (2,4,4)
D (9,-1,-1) (0,3,2)
D (9,-1,-1) (5,4,5)
D (9,-1,-1) (2,2,2)
D (3,-1,-1) (5,5,4)
D (3,9,-1) (3,4,1)
D (9,-1,-1) (0,5,3)
D (9,-1,-1) (4,4,5)
D (8,3,-1) (5,1,3)
D (9,-1,-1) (1,2,0)
D (8,3,9) (2,0,2)
D (9,-1,-1) (1,0,4)
D (6,7,8) (5,3,1)
D (9,-1,-1) (0,1,0)
D (7,8,3) (3,4,4)
D (7,-1,-1) (4,1,5)
D (7,8,-1) (5,0,0)
D (6,7,8) (3,1,4)
D (3,9,-1) (4,5,0)
D (6,7,-1) (1,2,5)
D (9,-1,-1) (4,4,0)
D (6,7,8) (3,2,4)
D (3,9,-1) (1,3,4)
D (3,9,-1) (4,5,4)
D (6,-1,-1) (5,3,5)
D (7,-1,-1) (0,5,1)
D (6,7,8) (4,0,3)
D (3,9,-1) (1,1,5)
D (3,-1,-1) (5,4,3)
D (8,3,-1) (3,5,0)
D (8,3,9) (0,2,4)
D (6,-1,-1) (3,5,3)
D (9,-1,-1) (2,2,3)
D (9,-1,-1) (2,3,5)
D (9,-1,-1) (2,0,1)
D (3,-1,-1) (1,2,2)
D (6,7,-1) (2,0,0)
D (8,-1,-1) (0,0,5)
D (7,8,-1) (0,3,3)
D (6,7,-1) (5,5,5)
D (3,-1,-1) (0,1,5)
D (9,-1,-1) (2,2,5)
D (3,9,-1) (1,1,1)
D (8,3,-1) (1,2,1)
D (7,8,3) (5,2,5)
D (7,8,-1) (1,4,2)
D (9,-1,-1) (4,1,0)
D (9,-1,-1) (5,3,4)
D (9,-1,-1) (4,1,2)
D (6,7,8) (5,4,0)
D (3,-1,-1) (2,5,4)
D (3,9,-1) (4,3,2)
D (8,3,-1) (1,0,5)
D (6,-1,-1) (4,2,4)
D (3,9,-1) (4,1,3)
D (7,8,-1) (1,5,5)
D (3,-1,-1) (4,3,1)
D (7,8,-1) (2,3,0)
D (6,7,-1) (0,4,2)
D (6,7,-1) (3,1,1)
D (8,-1,-1) (1,4,5)
D (3,9,-1) (0,3,5)
D (7,8,3) (0,2,1)
D (9,-1,-1) (1,5,1)
D (9,-1,-1) (3,5,1)
C 0 4
C 1 15
C 2 18
C 3 2
C 4 9
C 5 6
C 6 19
C 7 16
C 8 22
C 9 11
C 10 8
C 11 8
C 12 0
C 13 18
C 14 15
C 15 5
C 16 9
C 17 21
C 18 9
C 19 2
C 20 2
C 21 11
C 22 23
C 23 10
C 24 11
C 25 26
C 26 18
C 27 23
C 28 6
C 29 14
C 30 21
C 31 2
C 32 4
C 33 8
C 34 11
C 35 22
C 36 1
C 37 22
C 38 18
C 39 15
C 40 22
C 41 26
C 42 10
C 43 2
C 44 19
C 45 12
C 46 11
C 47 11
C 48 9
C 49 2
C 50 14
C 51 11
C 52 5
C 53 3
C 54 21
C 55 0
C 56 21
C 57 22
C 58 11
C 59 22
C 60 16
C 61 5
C 62 18
C 63 9
C 64 23
C 65 5
C 66 10
C 67 1
C 68 11
C 69 20
C 70 8
C 71 18
C 72 6
C 73 1
C 74 8
C 75 15
C 76 5
C 77 16
C 78 25
C 79 5
C 80 4
C 81 24
C 82 10
C 83 8
C 84 0
C 85 19
C 86 20
C 87 7
C 88 15
C 89 18
C 90 19
C 91 14
C 92 12
C 93 6
C 94 12
C 95 0
C 96 10
C 97 4
C 98 14
C 99 19
C 100 6
C 101 9
C 102 20
C 103 8
C 104 18
C 105 22
C 106 17
C 107 4
C 108 9
C 109 12
C 110 24
C 111 20
C 112 2
C 113 15
C 114 9
C 115 12
C 116 11
C 117 10
C 118 5
C 119 24
C 120 3
C 121 4
C 122 10
C 123 1
C 124 6
C 125 4
C 126 0
C 127 22
C 128 9
C 129 8
C 130 21
C 131 12
C 132 25
C 133 11
C 134 26
C 135 14
C 136 20
C 137 12
C 138 21
C 139 6
C 140 3
C 141 0
C 142 26
C 143 7
C 144 19
C 145 16
C 146 15
C 147 12
C 148 11
C 149 1
C 150 18
C 151 16
C 152 8
C 153 3
C 154 15
C 155 26
C 156 26
C 157 5
C 158 9
C 159 20
C 160 0
C 161 1
C 162 5
C 163 9
C 164 19
C 165 24
C 166 21
C 167 18
C 168 5
C 169 15
C 170 8
C 171 20
C 172 26
C 173 14
C 174 7
C 175 14
C 176 18
C 177 16
C 178 18
C 179 9
C 180 17
C 181 19
C 182 22
C 183 5
C 184 12
C 185 25
C 186 2
C 187 25
C 188 17
C 189 1
C 190 18
C 191 17
C 192 25
C 193 18
C 194 14
C 195 18
C 196 20
C 197 2
C 198 7
C 199 16
C 200 9
C 201 18
C 202 26
C 203 14
C 204 2
C 205 18
C 206 1
C 207 17
C 208 9
C 209 8
C 210 23
C 211 16
C 212 17
C 213 0
C 214 23
C 215 15
C 216 10
C 217 4
C 218 5
C 219 0
C 220 16
C 221 24
C 222 15
C 223 21
C 224 8
C 225 20
C 226 6
C 227 12
C 228 21
C 229 11
C 230 18
C 231 18
C 232 25
C 233 22
C 234 8
C 235 15
C 236 12
C 237 17
C 238 22
C 239 10
C 240 24
C 241 17
C 242 1
C 243 11
C 244 15
C 245 4
C 246 7
C 247 1
C 248 20
C 249 0
C 250 1
C 251 26
C 252 8
C 253 1
C 254 7
C 255 16
C 256 11
C 257 10
C 258 15
C 259 23
C 260 24
C 261 12
C 262 17
C 263 2
C 264 12
C 265 12
C 266 4
C 267 20
C 268 21
C 269 5
I 0 3 5 (5,0,3) (0,0,1,0)|(0,1,-1,0)|(0,-1,1,0)
I 0 2 8 (4,2,3) (-1,1,0,0)|(0,1,0,0)|(1,0,-1,0)
I 3 2 6 (4,4,4) (-1,0,-1,0)
