D (9,-1,-1) (3,2,5)
D (9,-1,-1) (1,5,2)
D (6,7,-1) (4,0,5)
D (6,7,8) (3,1,2)
D (7,8,-1) (5,0,5)
D (9,-1,-1) (5,4,5)
D (3,9,-1) (1,5,3)
D (6,7,8) (3,4,5)
D (6,7,8) (5,5,5)
D (3,9,-1) (5,1,3)
D (7,-1,-1) (0,1,3)
D (3,9,-1) (5,2,2)
D (8,3,-1) (1,0,1)
D (7,8,-1) (5,3,3)
D (6,7,8) (0,5,1)
D (8,-1,-1) (3,0,0)
D (9,-1,-1) (3,4,4)
D (8,3,9) (4,1,0)
D (3,9,-1) (0,4,3)
D (3,9,-1) (1,2,2)
D (6,7,8) (0,1,0)
D (7,8,-1) (3,2,0)
D (9,-1,-1) (5,3,2)
D (6,7,8) (0,3,0)
D (3,9,-1) (1,5,5)
D (3,-1,-1) (0,3,5)
D (8,-1,-1) (4,4,3)
D (9,-1,-1) (5,5,3)
D (3,9,-1) (5,5,0)
D (8,3,9) (5,4,2)
D (6,7,8) (5,3,1)
D (9,-1,-1) (0,1,2)
D (6,-1,-1) (4,5,0)
D (3,9,-1) (4,5,4)
D (7,8,3) (2,3,4)
D (3,9,-1) (0,4,4)
D (8,3,-1) (5,4,0)
D (8,3,-1) (1,1,1)
D (3,9,-1) (2,3,0)
D (9,-1,-1) (1,0,5)
C 0 26
C 1 18
C 2 0
C 3 17
C 4 22
C 5 15
C 6 5
C 7 6
C 8 4
C 9 6
C 10 15
C 11 5
C 12 0
C 13 25
C 14 8
C 15 2
C 16 4
C 17 12
C 18 22
C 19 17
C 20 1
C 21 18
C 22 23
C 23 19
C 24 17
C 25 24
C 26 24
C 27 11
C 28 19
C 29 6
C 30 17
C 31 4
C 32 5
C 33 6
C 34 20
C 35 12
C 36 25
C 37 15
C 38 4
C 39 19
C 40 2
C 41 17
C 42 25
C 43 1
C 44 20
C 45 22
C 46 3
C 47 15
C 48 8
C 49 20
C 50 1
C 51 24
C 52 4
C 53 10
C 54 24
C 55 16
C 56 20
C 57 11
C 58 7
C 59 11
C 60 11
C 61 1
C 62 19
C 63 19
C 64 7
C 65 3
C 66 8
C 67 17
C 68 10
C 69 19
C 70 1
C 71 14
C 72 16
C 73 15
C 74 10
C 75 0
C 76 8
C 77 0
C 78 16
C 79 2
C 80 18
C 81 24
C 82 9
C 83 12
C 84 8
C 85 0
C 86 24
C 87 26
C 88 26
C 89 9
C 90 8
C 91 15
C 92 10
C 93 2
C 94 23
C 95 8
C 96 2
C 97 17
C 98 15
C 99 18
C 100 6
C 101 14
C 102 1
C 103 2
C 104 17
C 105 20
C 106 24
C 107 21
C 108 25
C 109 21
C 110 14
C 111 9
C 112 23
C 113 11
C 114 26
C 115 6
C 116 5
C 117 0
C 118 15
C 119 1
C 120 7
C 121 24
C 122 5
C 123 21
C 124 1
C 125 22
C 126 12
C 127 16
C 128 8
C 129 3
C 130 15
C 131 15
C 132 23
C 133 4
C 134 16
C 135 16
C 136 14
C 137 22
C 138 23
C 139 7
C 140 1
C 141 22
C 142 5
C 143 1
C 144 24
C 145 14
C 146 10
C 147 1
C 148 14
C 149 6
C 150 22
C 151 5
C 152 11
C 153 18
C 154 14
C 155 22
C 156 5
C 157 9
C 158 18
C 159 9
C 160 2
C 161 2
C 162 5
C 163 19
C 164 15
C 165 14
C 166 9
C 167 25
C 168 16
C 169 17
C 170 11
C 171 25
C 172 4
C 173 9
C 174 24
C 175 6
C 176 3
C 177 0
C 178 6
C 179 16
C 180 21
C 181 16
C 182 3
C 183 22
C 184 10
C 185 14
C 186 12
C 187 1
C 188 10
C 189 25
C 190 1
C 191 7
C 192 4
C 193 5
C 194 24
C 195 8
C 196 8
C 197 22
C 198 20
C 199 10
C 200 7
C 201 6
C 202 19
C 203 1
C 204 24
C 205 8
C 206 23
C 207 11
C 208 12
C 209 18
C 210 15
C 211 1
C 212 8
C 213 9
C 214 16
C 215 3
C 216 26
C 217 20
C 218 3
C 219 3
C 220 16
C 221 24
C 222 6
C 223 2
C 224 18
C 225 26
C 226 10
C 227 5
C 228 26
C 229 11
C 230 18
C 231 24
C 232 19
C 233 19
C 234 16
C 235 21
C 236 18
C 237 21
C 238 6
C 239 26
C 240 23
C 241 21
C 242 26
C 243 0
C 244 12
C 245 16
C 246 15
C 247 2
C 248 10
C 249 5
C 250 21
C 251 14
C 252 10
C 253 21
C 254 4
C 255 22
C 256 16
C 257 6
C 258 2
C 259 18
C 260 26
C 261 10
C 262 0
C 263 22
C 264 3
C 265 25
C 266 26
C 267 23
C 268 10
C 269 10
I 2 1 17 (5,1,0) (0,-1,0,0)|(0,1,1,0)
I 0 2 6 (2,3,1) (-1,1,0,0)|(-1,1,0,0)
I 0 1 16 (2,4,3) (-1,-1,1,0)|(1,0,0,0)|(1,-1,0,0)|(0,1,-1,0)
