D (3,-1,-1) (2,1,1)
D (3,9,-1) (4,4,2)
D (6,7,-1) (0,5,0)
D (8,3,-1) (5,5,0)
D (3,9,-1) (2,5,0)
D (8,3,9) (2,1,3)
D (9,-1,-1) (4,2,2)
D (6,7,-1) (2,4,0)
D (8,-1,-1) (0,2,2)
D (6,7,8) (5,2,0)
D (3,-1,-1) (2,0,2)
D (7,8,-1) (1,4,4)
D (9,-1,-1) (3,3,4)
D (8,3,9) (0,0,2)
D (8,3,-1) (3,3,5)
D (9,-1,-1) (4,1,2)
D (3,9,-1) (5,3,4)
D (7,-1,-1) (3,4,4)
D (6,7,8) (4,1,3)
D (6,7,-1) (5,1,4)
D (8,3,-1) (3,0,3)
D (7,8,-1) (0,1,1)
D (3,9,-1) (5,3,2)
D (9,-1,-1) (5,3,0)
D (8,-1,-1) (5,0,2)
D (8,3,9) (0,0,3)
D (6,-1,-1) (2,1,0)
D (3,9,-1) (4,3,0)
D (6,7,8) (4,0,4)
D (8,3,-1) (4,5,5)
D (7,8,-1) (5,4,5)
D (8,3,-1) (2,1,4)
D (3,9,-1) (1,4,1)
D (6,7,-1) (1,3,2)
D (7,8,-1) (0,1,5)
D (9,-1,-1) (0,2,0)
D (7,-1,-1) (0,5,2)
D (8,-1,-1) (3,1,3)
D (6,7,-1) (4,4,1)
C 0 15
C 1 24
C 2 20
C 3 15
C 4 23
C 5 24
C 6 5
C 7 11
C 8 10
C 9 19
C 10 4
C 11 6
C 12 9
C 13 16
C 14 20
C 15 14
C 16 21
C 17 14
C 18 17
C 19 1
C 20 7
C 21 26
C 22 11
C 23 0
C 24 0
C 25 0
C 26 0
C 27 0
C 28 0
C 29 0
C 30 0
C 31 0
C 32 0
C 33 0
C 34 0
C 35 0
C 36 0
C 37 0
C 38 0
C 39 0
C 40 0
C 41 0
C 42 0
C 43 0
C 44 0
C 45 0
C 46 0
C 47 0
C 48 0
C 49 0
C 50 0
C 51 0
C 52 0
C 53 0
C 54 0
C 55 0
C 56 0
C 57 0
C 58 0
C 59 0
C 60 0
C 61 0
C 62 0
C 63 0
C 64 0
C 65 0
C 66 0
C 67 0
C 68 0
C 69 0
C 70 0
C 71 0
C 72 0
C 73 0
C 74 0
C 75 0
C 76 0
C 77 0
C 78 0
C 79 0
C 80 0
C 81 0
C 82 0
C 83 0
C 84 0
C 85 0
C 86 0
C 87 0
C 88 0
C 89 3
C 90 5
C 91 10
C 92 6
C 93 23
C 94 6
C 95 11
C 96 7
C 97 3
C 98 11
C 99 22
C 100 20
C 101 4
C 102 20
C 103 14
C 104 2
C 105 14
C 106 5
C 107 15
C 108 9
C 109 25
C 110 14
C 111 20
C 112 16
C 113 8
C 114 2
C 115 2
C 116 22
C 117 9
C 118 23
C 119 0
C 120 25
C 121 8
C 122 7
C 123 11
C 124 9
C 125 23
C 126 6
C 127 5
C 128 1
C 129 24
C 130 1
C 131 16
C 132 25
C 133 5
C 134 14
C 135 23
C 136 23
C 137 25
C 138 11
C 139 20
C 140 4
C 141 25
C 142 11
C 143 19
C 144 12
C 145 8
C 146 7
C 147 23
C 148 12
C 149 15
C 150 2
C 151 3
C 152 18
C 153 19
C 154 12
C 155 14
C 156 12
C 157 6
C 158 24
C 159 8
C 160 24
C 161 23
C 162 20
C 163 1
C 164 10
C 165 25
C 166 11
C 167 23
C 168 15
C 169 0
C 170 0
C 171 0
C 172 0
C 173 0
C 174 0
C 175 0
C 176 0
C 177 0
C 178 0
C 179 0
C 180 0
C 181 0
C 182 0
C 183 0
C 184 0
C 185 0
C 186 0
C 187 0
C 188 0
C 189 0
C 190 0
C 191 0
C 192 0
C 193 0
C 194 0
C 195 0
C 196 0
C 197 0
C 198 0
C 199 0
C 200 0
C 201 16
C 202 1
C 203 3
C 204 9
C 205 15
C 206 8
C 207 11
C 208 26
C 209 11
C 210 26
C 211 14
C 212 1
C 213 9
C 214 0
C 215 1
C 216 9
C 217 3
C 218 14
C 219 7
C 220 21
C 221 21
C 222 2
C 223 10
C 224 9
C 225 0
C 226 0
C 227 8
C 228 15
C 229 10
C 230 17
C 231 2
C 232 6
C 233 5
C 234 24
C 235 21
C 236 7
C 237 10
C 238 14
C 239 1
C 240 0
C 241 6
C 242 7
C 243 18
C 244 20
C 245 3
C 246 4
C 247 25
C 248 24
C 249 5
C 250 15
C 251 9
C 252 17
C 253 8
C 254 18
C 255 3
C 256 2
C 257 26
C 258 11
C 259 26
C 260 5
C 261 9
C 262 22
C 263 18
C 264 8
C 265 19
C 266 2
C 267 20
C 268 23
C 269 1
I 0 2 8 (1,2,2) (1,0,-1,0)|(0,-1,1,0)
I 4 1 5 (5,2,1) (1,1,0,0)
I 3 1 3 (2,2,2) (1,0,1,0)|(-1,0,-1,0)
