D (9,-1,-1) (5,4,3)
D (7,8,-1) (5,3,5)
D (3,9,-1) (4,3,1)
D (3,-1,-1) (0,3,3)
D (9,-1,-1) (4,4,3)
D (9,-1,-1) (5,2,2)
D (9,-1,-1) (3,0,2)
D (8,-1,-1) (4,5,2)
D (6,7,-1) (3,0,3)
D (7,8,3) (5,0,5)
D (9,-1,-1) (5,0,2)
D (6,7,8) (2,4,3)
D (6,7,-1) (5,5,4)
D (7,8,3) (0,2,1)
D (8,-1,-1) (5,3,4)
D (6,7,8) (2,5,2)
D (3,9,-1) (3,3,3)
D (3,9,-1) (3,4,0)
D (7,8,-1) (5,2,4)
D (8,3,9) (4,1,4)
D (6,7,8) (5,4,4)
D (7,-1,-1) (3,3,2)
D (9,-1,-1) (1,1,2)
D (8,-1,-1) (1,5,1)
D (8,3,-1) (4,4,4)
D (3,9,-1) (4,2,1)
D (6,7,-1) (2,1,0)
D (7,8,3) (2,4,5)
D (8,-1,-1) (4,0,2)
D (7,-1,-1) (5,1,2)
D (9,-1,-1) (0,5,1)
D (9,-1,-1) (5,5,0)
D (8,3,-1) (5,2,5)
D (7,8,-1) (3,2,5)
D (9,-1,-1) (3,4,3)
C 0 22
C 1 20
C 2 21
C 3 8
C 4 20
C 5 9
C 6 25
C 7 23
C 8 5
C 9 22
C 10 15
C 11 7
C 12 6
C 13 6
C 14 17
C 15 12
C 16 3
C 17 21
C 18 0
C 19 3
C 20 16
C 21 20
C 22 0
C 23 3
C 24 23
C 25 5
C 26 15
C 27 12
C 28 18
C 29 17
C 30 15
C 31 17
C 32 12
C 33 16
C 34 3
C 35 7
C 36 24
C 37 26
C 38 4
C 39 5
C 40 6
C 41 23
C 42 15
C 43 23
C 44 12
C 45 6
C 46 23
C 47 12
C 48 16
C 49 3
C 50 16
C 51 6
C 52 1
C 53 25
C 54 0
C 55 21
C 56 2
C 57 4
C 58 15
C 59 5
C 60 20
C 61 4
C 62 14
C 63 4
C 64 10
C 65 9
C 66 18
C 67 3
C 68 4
C 69 11
C 70 15
C 71 7
C 72 9
C 73 25
C 74 18
C 75 16
C 76 18
C 77 20
C 78 12
C 79 3
C 80 17
C 81 4
C 82 7
C 83 21
C 84 14
C 85 8
C 86 25
C 87 19
C 88 5
C 89 5
C 90 15
C 91 6
C 92 7
C 93 24
C 94 3
C 95 8
C 96 19
C 97 20
C 98 21
C 99 15
C 100 25
C 101 8
C 102 16
C 103 10
C 104 5
C 105 7
C 106 22
C 107 10
C 108 24
C 109 20
C 110 14
C 111 18
C 112 10
C 113 3
C 114 21
C 115 2
C 116 26
C 117 12
C 118 16
C 119 16
C 120 26
C 121 24
C 122 11
C 123 6
C 124 14
C 125 14
C 126 14
C 127 24
C 128 10
C 129 21
C 130 12
C 131 11
C 132 18
C 133 19
C 134 24
C 135 2
C 136 19
C 137 16
C 138 9
C 139 6
C 140 24
C 141 10
C 142 1
C 143 10
C 144 23
C 145 7
C 146 11
C 147 24
C 148 2
C 149 7
C 150 10
C 151 3
C 152 25
C 153 11
C 154 17
C 155 23
C 156 21
C 157 12
C 158 18
C 159 10
C 160 2
C 161 20
C 162 22
C 163 20
C 164 23
C 165 11
C 166 3
C 167 16
C 168 17
C 169 24
C 170 2
C 171 9
C 172 9
C 173 1
C 174 20
C 175 18
C 176 12
C 177 25
C 178 11
C 179 11
C 180 18
C 181 22
C 182 20
C 183 3
C 184 0
C 185 23
C 186 24
C 187 19
C 188 26
C 189 1
C 190 4
C 191 14
C 192 19
C 193 18
C 194 22
C 195 8
C 196 1
C 197 3
C 198 23
C 199 1
C 200 14
C 201 15
C 202 14
C 203 15
C 204 11
C 205 7
C 206 21
C 207 22
C 208 16
C 209 10
C 210 16
C 211 26
C 212 14
C 213 20
C 214 1
C 215 9
C 216 7
C 217 3
C 218 1
C 219 7
C 220 4
C 221 24
C 222 20
C 223 3
C 224 17
C 225 10
C 226 24
C 227 5
C 228 22
C 229 3
C 230 20
C 231 12
C 232 0
C 233 19
C 234 18
C 235 10
C 236 5
C 237 9
C 238 15
C 239 11
C 240 25
C 241 2
C 242 2
C 243 10
C 244 23
C 245 25
C 246 17
C 247 23
C 248 22
C 249 1
C 250 23
C 251 16
C 252 0
C 253 3
C 254 5
C 255 4
C 256 24
C 257 14
C 258 6
C 259 15
C 260 15
C 261 25
C 262 26
C 263 5
C 264 5
C 265 0
C 266 12
C 267 5
C 268 19
C 269 1
I 5 3 17 (5,1,5) (0,-1,0,0)|(-1,-1,1,0)|(1,-1,0,0)|(1,-1,-1,0)|(0,0,-1,0)
I 0 2 11 (2,3,0) (0,1,1,0)
I 1 1 2 (0,3,1) (1,-1,1,0)
