D (8,-1,-1) (2,3,5)
D (9,-1,-1) (0,3,2)
D (6,7,8) (4,5,0)
D (3,9,-1) (2,3,1)
D (3,9,-1) (2,4,5)
D (3,-1,-1) (3,3,3)
D (9,-1,-1) (2,0,5)
D (3,9,-1) (1,2,1)
D (9,-1,-1) (3,3,2)
D (8,3,-1) (2,1,4)
D (8,3,9) (4,3,4)
D (7,-1,-1) (3,1,2)
D (9,-1,-1) (0,0,1)
D (6,7,8) (4,5,4)
D (3,9,-1) (2,1,3)
D (9,-1,-1) (0,4,0)
D (9,-1,-1) (5,3,2)
D (7,8,-1) (1,4,0)
D (3,-1,-1) (5,3,5)
D (8,3,-1) (2,0,1)
D (6,-1,-1) (4,2,4)
D (9,-1,-1) (1,1,1)
D (3,9,-1) (5,2,2)
D (6,7,-1) (0,4,1)
D (8,-1,-1) (3,3,0)
D (8,3,9) (3,0,5)
D (3,9,-1) (5,0,2)
D (6,7,8) (2,1,1)
D (6,7,8) (0,0,5)
D (7,8,-1) (2,2,5)
D (3,9,-1) (2,3,3)
D (7,8,3) (3,4,2)
D (9,-1,-1) (3,1,3)
D (9,-1,-1) (3,5,0)
D (8,3,9) (0,4,4)
D (3,-1,-1) (2,4,2)
D (3,9,-1) (1,3,2)
D (3,-1,-1) (5,1,1)
D (9,-1,-1) (4,0,0)
D (9,-1,-1) (3,3,5)
D (8,-1,-1) (0,5,4)
D (3,9,-1) (4,4,2)
D (3,9,-1) (5,0,4)
D (8,3,9) (1,0,0)
D (6,7,8) (0,2,2)
D (7,8,-1) (4,0,2)
D (9,-1,-1) (3,0,0)
D (7,8,3) (5,5,3)
D (6,7,8) (4,4,1)
D (6,-1,-1) (5,5,1)
D (7,8,-1) (0,3,1)
D (8,-1,-1) (4,2,0)
D (7,8,-1) (3,2,2)
D (6,7,8) (0,3,4)
D (7,8,3) (0,0,0)
D (7,8,-1) (1,2,5)
D (3,9,-1) (2,1,2)
D (7,-1,-1) (5,1,2)
D (9,-1,-1) (2,4,1)
C 0 6
C 1 8
C 2 19
C 3 4
C 4 3
C 5 22
C 6 9
C 7 22
C 8 17
C 9 10
C 10 15
C 11 22
C 12 14
C 13 10
C 14 18
C 15 7
C 16 23
C 17 21
C 18 24
C 19 9
C 20 19
C 21 12
C 22 1
C 23 10
C 24 19
C 25 19
C 26 9
C 27 12
C 28 5
C 29 15
C 30 26
C 31 15
C 32 19
C 33 12
C 34 21
C 35 14
C 36 22
C 37 17
C 38 6
C 39 9
C 40 24
C 41 20
C 42 25
C 43 0
C 44 19
C 45 1
C 46 18
C 47 16
C 48 19
C 49 11
C 50 18
C 51 16
C 52 7
C 53 26
C 54 5
C 55 4
C 56 19
C 57 8
C 58 15
C 59 2
C 60 10
C 61 25
C 62 12
C 63 2
C 64 21
C 65 21
C 66 1
C 67 20
C 68 6
C 69 12
C 70 6
C 71 9
C 72 17
C 73 15
C 74 17
C 75 26
C 76 12
C 77 4
C 78 12
C 79 24
C 80 26
C 81 18
C 82 3
C 83 17
C 84 16
C 85 19
C 86 7
C 87 1
C 88 5
C 89 22
C 90 4
C 91 15
C 92 9
C 93 23
C 94 21
C 95 23
C 96 9
C 97 18
C 98 2
C 99 12
C 100 14
C 101 24
C 102 2
C 103 19
C 104 2
C 105 7
C 106 8
C 107 1
C 108 12
C 109 6
C 110 19
C 111 16
C 112 6
C 113 0
C 114 11
C 115 20
C 116 23
C 117 7
C 118 1
C 119 6
C 120 6
C 121 16
C 122 5
C 123 12
C 124 0
C 125 26
C 126 1
C 127 18
C 128 10
C 129 26
C 130 7
C 131 11
C 132 20
C 133 25
C 134 20
C 135 18
C 136 22
C 137 19
C 138 15
C 139 15
C 140 3
C 141 19
C 142 11
C 143 8
C 144 10
C 145 22
C 146 20
C 147 0
C 148 10
C 149 2
C 150 22
C 151 2
C 152 26
C 153 1
C 154 12
C 155 0
C 156 21
C 157 25
C 158 14
C 159 12
C 160 26
C 161 19
C 162 16
C 163 5
C 164 14
C 165 11
C 166 0
C 167 14
C 168 22
C 169 25
C 170 7
C 171 22
C 172 14
C 173 3
C 174 3
C 175 15
C 176 12
C 177 4
C 178 6
C 179 10
C 180 23
C 181 2
C 182 12
C 183 14
C 184 19
C 185 12
C 186 22
C 187 4
C 188 21
C 189 3
C 190 23
C 191 6
C 192 5
C 193 16
C 194 15
C 195 24
C 196 15
C 197 6
C 198 6
C 199 4
C 200 19
C 201 11
C 202 16
C 203 16
C 204 8
C 205 8
C 206 15
C 207 18
C 208 2
C 209 3
C 210 14
C 211 12
C 212 7
C 213 0
C 214 11
C 215 17
C 216 9
C 217 7
C 218 4
C 219 21
C 220 23
C 221 9
C 222 18
C 223 9
C 224 0
C 225 19
C 226 7
C 227 24
C 228 6
C 229 8
C 230 0
C 231 24
C 232 18
C 233 23
C 234 20
C 235 22
C 236 21
C 237 23
C 238 23
C 239 3
C 240 22
C 241 26
C 242 17
C 243 15
C 244 8
C 245 6
C 246 1
C 247 14
C 248 25
C 249 1
C 250 10
C 251 8
C 252 4
C 253 24
C 254 0
C 255 26
C 256 17
C 257 18
C 258 2
C 259 7
C 260 24
C 261 5
C 262 3
C 263 5
C 264 3
C 265 20
C 266 12
C 267 20
C 268 12
C 269 12
I 0 1 5 (2,4,3) (-1,-1,0,0)
I 1 2 19 (4,0,5) (-1,1,-1,0)|(0,0,1,0)|(1,0,-1,0)|(-1,1,0,0)|(1,-1,-1,0)
I 4 3 14 (3,3,1) (-1,1,1,0)|(1,0,0,0)|(-1,0,0,0)|(-1,1,-1,0)
