D (3,9,-1) (5,2,3)
D (8,-1,-1) (1,3,2)
D (9,-1,-1) (2,2,3)
D (3,-1,-1) (0,2,2)
D (3,-1,-1) (1,2,2)
D (6,-1,-1) (1,0,5)
D (3,9,-1) (1,2,4)
D (8,3,-1) (4,1,5)
D (7,8,-1) (4,5,4)
D (3,9,-1) (5,1,5)
D (9,-1,-1) (1,1,2)
D (9,-1,-1) (1,2,0)
D (9,-1,-1) (4,2,4)
D (3,-1,-1) (3,2,0)
D (9,-1,-1) (3,0,5)
D (8,-1,-1) (5,1,1)
D (7,8,3) (2,4,5)
D (3,9,-1) (1,0,2)
D (8,3,9) (0,1,0)
D (6,7,-1) (0,2,4)
D (9,-1,-1) (4,2,1)
D (8,-1,-1) (5,4,4)
D (3,-1,-1) (2,3,3)
D (8,-1,-1) (0,1,2)
D (3,9,-1) (0,2,3)
D (8,3,9) (3,2,4)
D (7,8,-1) (5,5,2)
D (8,3,-1) (1,0,1)
D (9,-1,-1) (5,5,4)
D (8,-1,-1) (2,1,2)
D (7,8,-1) (3,5,2)
D (7,8,-1) (2,1,3)
D (7,8,3) (3,5,0)
D (3,-1,-1) (4,0,3)
D (9,-1,-1) (0,2,0)
D (8,3,-1) (1,4,3)
D (9,-1,-1) (5,4,2)
D (8,3,9) (0,0,2)
D (6,-1,-1) (2,3,2)
D (8,3,-1) (0,4,4)
D (9,-1,-1) (3,3,5)
D (8,-1,-1) (0,0,1)
D (9,-1,-1) (3,4,2)
D (7,-1,-1) (1,2,5)
D (7,-1,-1) (5,3,3)
D (3,9,-1) (1,4,1)
D (3,9,-1) (2,5,1)
D (9,-1,-1) (5,3,4)
D (7,8,-1) (5,0,0)
D (6,7,-1) (3,1,0)
D (7,-1,-1) (2,0,5)
D (6,7,8) (5,2,5)
D (6,7,8) (0,5,2)
D (7,8,-1) (2,1,0)
D (9,-1,-1) (1,4,0)
D (6,7,-1) (3,1,2)
D (6,-1,-1) (3,5,5)
D (9,-1,-1) (4,4,3)
D (8,-1,-1) (5,0,2)
D (6,7,8) (1,3,5)
C 0 26
C 1 4
C 2 0
C 3 5
C 4 0
C 5 0
C 6 0
C 7 0
C 8 0
C 9 0
C 10 0
C 11 0
C 12 0
C 13 0
C 14 0
C 15 0
C 16 0
C 17 0
C 18 0
C 19 0
C 20 0
C 21 0
C 22 0
C 23 0
C 24 0
C 25 0
C 26 0
C 27 0
C 28 0
C 29 0
C 30 0
C 31 0
C 32 0
C 33 0
C 34 0
C 35 0
C 36 0
C 37 0
C 38 0
C 39 0
C 40 0
C 41 0
C 42 0
C 43 0
C 44 0
C 45 0
C 46 0
C 47 0
C 48 0
C 49 0
C 50 0
C 51 0
C 52 0
C 53 0
C 54 0
C 55 0
C 56 0
C 57 0
C 58 0
C 59 0
C 60 0
C 61 0
C 62 0
C 63 0
C 64 0
C 65 0
C 66 0
C 67 0
C 68 0
C 69 0
C 70 0
C 71 0
C 72 0
C 73 0
C 74 0
C 75 0
C 76 0
C 77 0
C 78 0
C 79 0
C 80 0
C 81 0
C 82 0
C 83 0
C 84 0
C 85 0
C 86 0
C 87 0
C 88 0
C 89 0
C 90 0
C 91 0
C 92 0
C 93 0
C 94 0
C 95 0
C 96 0
C 97 0
C 98 0
C 99 0
C 100 0
C 101 0
C 102 0
C 103 0
C 104 0
C 105 0
C 106 0
C 107 0
C 108 0
C 109 0
C 110 0
C 111 0
C 112 0
C 113 0
C 114 0
C 115 0
C 116 0
C 117 0
C 118 0
C 119 0
C 120 0
C 121 0
C 122 0
C 123 17
C 124 4
C 125 19
C 126 19
C 127 6
C 128 23
C 129 16
C 130 8
C 131 3
C 132 0
C 133 19
C 134 6
C 135 0
C 136 5
C 137 25
C 138 25
C 139 5
C 140 7
C 141 15
C 142 6
C 143 20
C 144 25
C 145 9
C 146 8
C 147 14
C 148 25
C 149 7
C 150 1
C 151 24
C 152 20
C 153 21
C 154 3
C 155 17
C 156 6
C 157 16
C 158 19
C 159 11
C 160 24
C 161 16
C 162 25
C 163 24
C 164 24
C 165 12
C 166 21
C 167 18
C 168 20
C 169 6
C 170 22
C 171 21
C 172 20
C 173 12
C 174 22
C 175 22
C 176 14
C 177 4
C 178 6
C 179 22
C 180 7
C 181 26
C 182 4
C 183 0
C 184 0
C 185 0
C 186 0
C 187 0
C 188 0
C 189 0
C 190 0
C 191 0
C 192 0
C 193 0
C 194 0
C 195 20
C 196 3
C 197 10
C 198 25
C 199 16
C 200 3
C 201 1
C 202 18
C 203 24
C 204 21
C 205 1
C 206 18
C 207 11
C 208 16
C 209 12
C 210 0
C 211 6
C 212 15
C 213 2
C 214 3
C 215 5
C 216 4
C 217 23
C 218 26
C 219 24
C 220 3
C 221 12
C 222 10
C 223 6
C 224 18
C 225 11
C 226 17
C 227 9
C 228 23
C 229 7
C 230 8
C 231 7
C 232 23
C 233 10
C 234 17
C 235 9
C 236 26
C 237 15
C 238 15
C 239 7
C 240 9
C 241 2
C 242 25
C 243 1
C 244 21
C 245 7
C 246 6
C 247 11
C 248 11
C 249 16
C 250 24
C 251 11
C 252 26
C 253 18
C 254 3
C 255 1
C 256 12
C 257 6
C 258 3
C 259 9
C 260 7
C 261 22
C 262 18
C 263 19
C 264 16
C 265 18
C 266 24
C 267 11
C 268 7
C 269 24
I 0 1 18 (1,3,3) (0,0,1,0)|(1,0,1,0)
I 5 3 18 (3,0,3) (0,0,0,0)
