D (6,7,-1) (4,4,2)
D (7,8,3) (0,4,2)
D (8,3,-1) (0,5,3)
D (8,3,9) (2,0,3)
D (6,7,-1) (1,0,3)
D (7,8,-1) (1,3,3)
D (6,7,-1) (4,5,2)
D (9,-1,-1) (2,2,2)
D (7,8,3) (0,1,3)
D (9,-1,-1) (5,5,4)
D (8,-1,-1) (3,5,0)
D (9,-1,-1) (1,5,3)
D (8,-1,-1) (3,0,4)
D (6,7,8) (4,2,2)
D (3,9,-1) (4,5,1)
D (3,9,-1) (5,0,3)
D (6,-1,-1) (3,4,5)
D (7,8,3) (5,3,5)
D (9,-1,-1) (2,1,2)
D (3,-1,-1) (1,5,2)
D (7,-1,-1) (4,1,0)
D (3,-1,-1) (3,1,4)
D (3,-1,-1) (5,5,1)
D (9,-1,-1) (0,3,4)
D (7,8,3) (1,1,1)
D (3,-1,-1) (2,2,3)
D (8,3,9) (5,0,2)
D (7,8,3) (5,1,5)
D (3,9,-1) (0,1,5)
D (8,-1,-1) (1,5,5)
D (7,8,3) (3,2,1)
D (9,-1,-1) (4,3,0)
D (6,7,-1) (1,4,1)
D (6,7,-1) (5,0,5)
D (8,-1,-1) (0,2,2)
D (3,-1,-1) (4,3,3)
D (6,7,-1) (4,1,1)
D (8,-1,-1) (0,3,5)
D (6,7,-1) (5,5,2)
D (8,-1,-1) (2,2,0)
D (7,8,3) (0,4,1)
D (6,7,8) (3,5,1)
D (6,-1,-1) (0,2,1)
D (3,9,-1) (3,2,4)
D (6,7,8) (1,3,0)
D (7,8,3) (1,4,5)
D (7,8,3) (4,0,2)
D (6,-1,-1) (5,1,4)
D (9,-1,-1) (2,2,4)
D (3,9,-1) (1,4,4)
C 0 2
C 1 0
C 2 21
C 3 18
C 4 20
C 5 22
C 6 11
C 7 9
C 8 6
C 9 15
C 10 7
C 11 15
C 12 21
C 13 10
C 14 9
C 15 20
C 16 8
C 17 7
C 18 9
C 19 18
C 20 15
C 21 5
C 22 23
C 23 15
C 24 18
C 25 18
C 26 4
C 27 19
C 28 25
C 29 22
C 30 15
C 31 21
C 32 0
C 33 4
C 34 3
C 35 5
C 36 19
C 37 7
C 38 25
C 39 5
C 40 24
C 41 23
C 42 6
C 43 24
C 44 21
C 45 0
C 46 15
C 47 25
C 48 20
C 49 5
C 50 17
C 51 5
C 52 7
C 53 4
C 54 7
C 55 7
C 56 16
C 57 2
C 58 7
C 59 11
C 60 1
C 61 1
C 62 18
C 63 18
C 64 7
C 65 3
C 66 24
C 67 12
C 68 11
C 69 4
C 70 7
C 71 0
C 72 21
C 73 17
C 74 4
C 75 10
C 76 17
C 77 16
C 78 16
C 79 4
C 80 4
C 81 6
C 82 23
C 83 14
C 84 22
C 85 1
C 86 7
C 87 18
C 88 6
C 89 18
C 90 11
C 91 8
C 92 9
C 93 24
C 94 26
C 95 18
C 96 21
C 97 10
C 98 16
C 99 25
C 100 25
C 101 26
C 102 18
C 103 0
C 104 11
C 105 0
C 106 0
C 107 0
C 108 0
C 109 0
C 110 0
C 111 0
C 112 0
C 113 0
C 114 0
C 115 0
C 116 0
C 117 0
C 118 0
C 119 0
C 120 0
C 121 0
C 122 0
C 123 0
C 124 0
C 125 0
C 126 0
C 127 0
C 128 0
C 129 7
C 130 19
C 131 26
C 132 9
C 133 5
C 134 5
C 135 12
C 136 20
C 137 1
C 138 7
C 139 11
C 140 24
C 141 16
C 142 3
C 143 22
C 144 8
C 145 5
C 146 7
C 147 19
C 148 5
C 149 10
C 150 24
C 151 16
C 152 26
C 153 18
C 154 15
C 155 6
C 156 16
C 157 5
C 158 7
C 159 2
C 160 26
C 161 24
C 162 5
C 163 14
C 164 20
C 165 8
C 166 21
C 167 7
C 168 1
C 169 19
C 170 3
C 171 18
C 172 18
C 173 18
C 174 17
C 175 24
C 176 16
C 177 2
C 178 26
C 179 4
C 180 2
C 181 17
C 182 18
C 183 19
C 184 11
C 185 10
C 186 23
C 187 21
C 188 8
C 189 15
C 190 24
C 191 7
C 192 23
C 193 24
C 194 26
C 195 14
C 196 2
C 197 8
C 198 17
C 199 2
C 200 15
C 201 2
C 202 6
C 203 6
C 204 21
C 205 25
C 206 10
C 207 16
C 208 9
C 209 6
C 210 25
C 211 11
C 212 17
C 213 15
C 214 12
C 215 23
C 216 10
C 217 4
C 218 22
C 219 23
C 220 23
C 221 0
C 222 10
C 223 21
C 224 8
C 225 26
C 226 17
C 227 1
C 228 26
C 229 7
C 230 12
C 231 4
C 232 19
C 233 8
C 234 4
C 235 2
C 236 14
C 237 0
C 238 24
C 239 21
C 240 7
C 241 1
C 242 19
C 243 16
C 244 2
C 245 10
C 246 10
C 247 18
C 248 10
C 249 11
C 250 9
C 251 21
C 252 26
C 253 0
C 254 1
C 255 3
C 256 3
C 257 18
C 258 8
C 259 16
C 260 3
C 261 5
C 262 6
C 263 8
C 264 16
C 265 7
C 266 22
C 267 4
C 268 6
C 269 1
I 1 3 20 (4,3,1) (0,-1,0,0)
I 4 3 16 (3,4,1) (-1,-1,0,0)|(-1,1,0,0)|(-1,0,0,0)
I 5 3 19 (2,2,0) (0,1,0,0)|(0,0,-1,0)
