D (9,-1,-1) (0,4,0)
D (6,7,8) (1,4,1)
D (9,-1,-1) (0,2,5)
D (3,-1,-1) (2,4,0)
D (9,-1,-1) (0,4,3)
D (9,-1,-1) (4,4,0)
D (7,8,-1) (3,4,2)
D (8,3,9) (5,1,4)
D (3,-1,-1) (0,5,3)
D (7,-1,-1) (1,0,5)
D (8,3,9) (0,1,2)
D (8,3,-1) (4,5,4)
D (9,-1,-1) (1,4,0)
D (3,9,-1) (2,5,1)
D (7,8,3) (5,5,2)
D (6,-1,-1) (1,2,5)
D (3,9,-1) (2,1,0)
D (3,9,-1) (0,0,4)
D (7,8,-1) (1,5,5)
D (3,9,-1) (5,0,5)
D (6,-1,-1) (1,2,4)
D (7,-1,-1) (1,3,4)
D (3,9,-1) (4,5,2)
D (6,7,8) (1,2,1)
D (6,7,-1) (3,2,3)
D (7,8,3) (4,3,4)
D (9,-1,-1) (4,1,4)
D (6,-1,-1) (5,3,3)
D (7,8,3) (5,5,5)
D (7,8,3) (0,5,1)
D (8,3,-1) (1,3,1)
D (8,-1,-1) (0,4,4)
D (6,-1,-1) (3,5,0)
D (3,-1,-1) (5,4,3)
D (3,9,-1) (1,4,5)
D (3,9,-1) (1,0,3)
D (7,8,3) (3,1,0)
D (3,9,-1) (5,1,1)
D (6,7,8) (2,0,1)
D (8,-1,-1) (1,1,5)
D (8,3,9) (3,1,3)
D (9,-1,-1) (1,5,4)
D (9,-1,-1) (0,0,2)
D (7,8,3) (1,3,0)
D (3,-1,-1) (2,3,4)
D (7,8,3) (4,3,0)
D (3,9,-1) (0,3,3)
D (6,7,-1) (2,4,1)
D (3,-1,-1) (2,3,3)
D (9,-1,-1) (2,2,5)
D (6,-1,-1) (4,5,1)
D (7,8,-1) (4,1,2)
C 0 5
C 1 6
C 2 25
C 3 18
C 4 10
C 5 11
C 6 14
C 7 15
C 8 18
C 9 2
C 10 14
C 11 22
C 12 26
C 13 24
C 14 10
C 15 7
C 16 25
C 17 14
C 18 6
C 19 10
C 20 4
C 21 10
C 22 5
C 23 22
C 24 2
C 25 15
C 26 4
C 27 9
C 28 25
C 29 19
C 30 5
C 31 19
C 32 19
C 33 0
C 34 26
C 35 14
C 36 5
C 37 24
C 38 9
C 39 9
C 40 6
C 41 6
C 42 21
C 43 2
C 44 25
C 45 22
C 46 16
C 47 1
C 48 11
C 49 0
C 50 1
C 51 1
C 52 26
C 53 16
C 54 5
C 55 17
C 56 1
C 57 16
C 58 2
C 59 3
C 60 9
C 61 26
C 62 18
C 63 12
C 64 20
C 65 7
C 66 20
C 67 3
C 68 9
C 69 22
C 70 15
C 71 4
C 72 19
C 73 0
C 74 26
C 75 7
C 76 9
C 77 0
C 78 26
C 79 18
C 80 14
C 81 20
C 82 22
C 83 25
C 84 18
C 85 17
C 86 24
C 87 7
C 88 8
C 89 7
C 90 4
C 91 12
C 92 9
C 93 19
C 94 4
C 95 18
C 96 10
C 97 0
C 98 0
C 99 0
C 100 0
C 101 0
C 102 0
C 103 0
C 104 0
C 105 0
C 106 0
C 107 0
C 108 0
C 109 0
C 110 0
C 111 0
C 112 0
C 113 0
C 114 0
C 115 0
C 116 0
C 117 0
C 118 0
C 119 0
C 120 0
C 121 0
C 122 0
C 123 0
C 124 0
C 125 0
C 126 0
C 127 0
C 128 0
C 129 0
C 130 0
C 131 0
C 132 0
C 133 0
C 134 0
C 135 0
C 136 0
C 137 0
C 138 0
C 139 0
C 140 0
C 141 0
C 142 0
C 143 0
C 144 0
C 145 0
C 146 0
C 147 0
C 148 0
C 149 0
C 150 0
C 151 0
C 152 0
C 153 0
C 154 0
C 155 0
C 156 0
C 157 0
C 158 0
C 159 0
C 160 0
C 161 0
C 162 0
C 163 21
C 164 9
C 165 3
C 166 16
C 167 6
C 168 9
C 169 9
C 170 9
C 171 5
C 172 12
C 173 5
C 174 4
C 175 3
C 176 19
C 177 17
C 178 23
C 179 8
C 180 12
C 181 19
C 182 6
C 183 8
C 184 16
C 185 15
C 186 2
C 187 21
C 188 2
C 189 2
C 190 1
C 191 0
C 192 0
C 193 0
C 194 0
C 195 0
C 196 0
C 197 0
C 198 0
C 199 0
C 200 0
C 201 0
C 202 0
C 203 0
C 204 0
C 205 0
C 206 0
C 207 0
C 208 0
C 209 0
C 210 0
C 211 0
C 212 0
C 213 0
C 214 0
C 215 0
C 216 0
C 217 0
C 218 0
C 219 0
C 220 0
C 221 0
C 222 0
C 223 0
C 224 0
C 225 0
C 226 0
C 227 0
C 228 0
C 229 0
C 230 0
C 231 0
C 232 0
C 233 0
C 234 0
C 235 0
C 236 0
C 237 0
C 238 0
C 239 0
C 240 0
C 241 0
C 242 0
C 243 0
C 244 0
C 245 0
C 246 0
C 247 0
C 248 0
C 249 0
C 250 0
C 251 0
C 252 0
C 253 0
C 254 0
C 255 0
C 256 0
C 257 0
C 258 0
C 259 0
C 260 25
C 261 18
C 262 16
C 263 16
C 264 26
C 265 7
C 266 15
C 267 17
C 268 22
C 269 16
I 3 1 11 (3,0,5) (-1,0,-1,0)|(0,1,0,0)|(1,1,-1,0)
I 0 1 12 (3,3,0) (-1,-1,0,0)|(1,-1,1,0)|(1,-1,0,0)
I 0 1 14 (3,5,5) (0,0,1,0)
