D (8,-1,-1) (4,3,1)
D (9,-1,-1) (2,2,0)
D (8,3,9) (4,2,4)
D (6,7,8) (3,4,0)
D (9,-1,-1) (3,3,3)
D (8,3,9) (2,5,4)
D (8,3,9) (4,1,5)
D (3,9,-1) (3,0,1)
D (8,3,9) (5,1,1)
D (6,7,-1) (4,2,5)
D (3,9,-1) (4,2,1)
D (3,-1,-1) (0,0,4)
D (8,3,-1) (0,4,4)
D (9,-1,-1) (0,4,5)
D (3,9,-1) (1,0,0)
D (8,-1,-1) (3,1,3)
D (6,-1,-1) (3,4,2)
D (7,8,3) (5,3,1)
D (6,7,-1) (4,5,2)
D (3,9,-1) (3,2,4)
D (7,-1,-1) (0,0,5)
D (6,7,-1) (4,5,0)
D (3,9,-1) (2,2,5)
D (3,9,-1) (2,0,5)
D (6,7,-1) (4,4,1)
D (3,9,-1) (4,1,1)
D (7,-1,-1) (1,1,5)
D (9,-1,-1) (5,1,2)
D (7,-1,-1) (4,4,4)
D (9,-1,-1) (5,2,1)
D (6,-1,-1) (1,1,1)
D (8,3,-1) (1,5,4)
D (8,3,-1) (2,1,0)
D (6,7,8) (3,4,1)
D (3,9,-1) (5,1,5)
D (3,-1,-1) (1,4,5)
D (9,-1,-1) (2,2,2)
D (6,-1,-1) (5,2,4)
D (6,7,8) (4,3,2)
D (9,-1,-1) (3,0,0)
D (7,8,3) (5,2,3)
D (9,-1,-1) (0,1,3)
D (6,-1,-1) (5,3,3)
D (3,9,-1) (5,0,5)
D (8,-1,-1) (1,0,5)
D (8,3,9) (1,2,0)
D (7,8,-1) (2,4,2)
D (7,8,3) (5,2,5)
D (6,7,-1) (2,0,1)
D (7,8,-1) (4,1,3)
D (3,9,-1) (0,1,0)
D (3,9,-1) (2,4,3)
D (9,-1,-1) (2,1,4)
D (8,3,9) (5,0,3)
D (9,-1,-1) (2,5,0)
D (8,3,9) (3,3,5)
D (3,9,-1) (3,3,0)
D (7,8,-1) (1,3,3)
D (9,-1,-1) (5,5,5)
D (9,-1,-1) (0,1,2)
D (8,3,-1) (0,3,3)
D (8,3,-1) (0,1,4)
D (3,-1,-1) (5,1,4)
D (9,-1,-1) (5,4,1)
D (6,7,8) (2,3,3)
D (3,9,-1) (0,2,2)
D (6,7,-1) (3,5,2)
D (8,3,9) (3,5,1)
D (6,7,-1) (4,0,4)
D (7,8,-1) (3,2,0)
D (7,-1,-1) (0,3,2)
D (9,-1,-1) (3,5,0)
D (6,7,-1) (5,2,2)
D (6,7,-1) (0,0,3)
D (3,9,-1) (1,2,4)
D (3,-1,-1) (2,3,4)
D (7,8,-1) (1,2,3)
D (8,-1,-1) (1,0,3)
D (3,9,-1) (0,4,3)
D (3,-1,-1) (2,1,3)
D (8,3,-1) (5,5,2)
D (3,-1,-1) (0,3,0)
D (3,-1,-1) (4,2,3)
D (7,-1,-1) (2,5,3)
D (8,-1,-1) (1,0,2)
D (8,-1,-1) (1,1,2)
D (3,9,-1) (0,5,1)
D (3,9,-1) (4,3,0)
D (9,-1,-1) (3,2,5)
D (6,7,8) (3,3,4)
D (7,8,-1) (1,2,2)
D (3,9,-1) (4,3,3)
D (9,-1,-1) (4,0,1)
D (3,-1,-1) (3,5,4)
C 0 11
C 1 6
C 2 9
C 3 21
C 4 10
C 5 16
C 6 12
C 7 15
C 8 17
C 9 21
C 10 17
C 11 24
C 12 14
C 13 23
C 14 12
C 15 2
C 16 11
C 17 16
C 18 17
C 19 16
C 20 16
C 21 2
C 22 4
C 23 12
C 24 22
C 25 16
C 26 22
C 27 18
C 28 21
C 29 14
C 30 17
C 31 22
C 32 22
C 33 26
C 34 15
C 35 3
C 36 17
C 37 0
C 38 17
C 39 22
C 40 19
C 41 8
C 42 8
C 43 8
C 44 21
C 45 5
C 46 3
C 47 8
C 48 21
C 49 15
C 50 4
C 51 14
C 52 20
C 53 12
C 54 25
C 55 11
C 56 6
C 57 17
C 58 24
C 59 11
C 60 24
C 61 18
C 62 5
C 63 1
C 64 21
C 65 2
C 66 19
C 67 19
C 68 4
C 69 14
C 70 9
C 71 2
C 72 8
C 73 17
C 74 18
C 75 2
C 76 18
C 77 20
C 78 14
C 79 23
C 80 12
C 81 6
C 82 21
C 83 6
C 84 24
C 85 17
C 86 4
C 87 4
C 88 15
C 89 21
C 90 10
C 91 24
C 92 4
C 93 19
C 94 23
C 95 19
C 96 5
C 97 12
C 98 11
C 99 16
C 100 9
C 101 21
C 102 21
C 103 18
C 104 19
C 105 14
C 106 25
C 107 17
C 108 17
C 109 19
C 110 3
C 111 6
C 112 18
C 113 16
C 114 21
C 115 2
C 116 5
C 117 1
C 118 4
C 119 8
C 120 19
C 121 16
C 122 20
C 123 10
C 124 24
C 125 20
C 126 24
C 127 5
C 128 14
C 129 16
C 130 11
C 131 5
C 132 12
C 133 2
C 134 20
C 135 7
C 136 4
C 137 19
C 138 1
C 139 15
C 140 6
C 141 12
C 142 4
C 143 1
C 144 19
C 145 20
C 146 3
C 147 26
C 148 20
C 149 24
C 150 11
C 151 4
C 152 15
C 153 17
C 154 5
C 155 6
C 156 17
C 157 11
C 158 15
C 159 1
C 160 9
C 161 20
C 162 16
C 163 11
C 164 2
C 165 19
C 166 4
C 167 6
C 168 7
C 169 14
C 170 8
C 171 9
C 172 14
C 173 8
C 174 12
C 175 8
C 176 17
C 177 20
C 178 21
C 179 10
C 180 20
C 181 8
C 182 2
C 183 18
C 184 26
C 185 5
C 186 17
C 187 14
C 188 4
C 189 15
C 190 25
C 191 17
C 192 20
C 193 12
C 194 5
C 195 6
C 196 25
C 197 23
C 198 23
C 199 3
C 200 19
C 201 15
C 202 18
C 203 4
C 204 23
C 205 7
C 206 1
C 207 5
C 208 2
C 209 24
C 210 10
C 211 21
C 212 2
C 213 0
C 214 0
C 215 0
C 216 0
C 217 0
C 218 0
C 219 0
C 220 0
C 221 0
C 222 0
C 223 0
C 224 0
C 225 0
C 226 0
C 227 0
C 228 0
C 229 0
C 230 0
C 231 0
C 232 0
C 233 0
C 234 0
C 235 0
C 236 0
C 237 0
C 238 0
C 239 0
C 240 0
C 241 0
C 242 0
C 243 0
C 244 0
C 245 0
C 246 16
C 247 19
C 248 9
C 249 8
C 250 2
C 251 4
C 252 2
C 253 15
C 254 19
C 255 23
C 256 26
C 257 6
C 258 8
C 259 6
C 260 12
C 261 11
C 262 6
C 263 26
C 264 15
C 265 20
C 266 15
C 267 22
C 268 22
C 269 4
I 2 3 15 (1,0,4) (1,0,0,0)
I 5 1 20 (2,5,1) (1,1,0,0)
I 3 2 11 (0,5,3) (0,1,0,0)
