D (8,3,-1) (4,3,4)
D (3,9,-1) (0,2,3)
D (3,9,-1) (2,3,0)
D (8,3,9) (1,4,0)
D (3,9,-1) (4,3,1)
D (6,7,-1) (0,3,0)
D (6,7,8) (0,3,4)
D (3,-1,-1) (4,3,0)
D (9,-1,-1) (2,1,1)
D (6,-1,-1) (1,1,0)
D (9,-1,-1) (0,1,0)
D (6,7,8) (1,2,3)
D (9,-1,-1) (0,0,0)
D (7,-1,-1) (1,3,3)
D (6,7,8) (0,0,4)
D (8,3,-1) (2,4,5)
D (3,-1,-1) (1,1,2)
D (6,-1,-1) (2,0,3)
D (8,3,9) (2,3,5)
D (9,-1,-1) (1,2,5)
D (3,9,-1) (2,5,5)
D (3,-1,-1) (3,1,2)
D (8,3,9) (5,4,5)
D (8,3,9) (5,1,4)
D (7,-1,-1) (2,1,4)
D (7,8,3) (2,2,4)
D (9,-1,-1) (1,0,2)
D (3,9,-1) (0,4,3)
D (8,3,9) (2,5,1)
D (6,7,8) (2,2,0)
D (8,3,9) (3,2,4)
D (9,-1,-1) (3,2,5)
D (3,9,-1) (2,3,1)
D (7,-1,-1) (3,0,4)
D (9,-1,-1) (1,5,2)
D (8,-1,-1) (3,4,3)
D (3,9,-1) (3,1,3)
D (3,-1,-1) (3,0,3)
D (6,7,-1) (3,5,2)
D (7,8,-1) (0,3,2)
D (3,9,-1) (0,1,3)
D (3,9,-1) (3,3,4)
D (3,9,-1) (0,2,4)
D (7,8,3) (5,2,1)
D (7,-1,-1) (2,0,4)
D (9,-1,-1) (5,5,1)
D (9,-1,-1) (1,1,4)
D (8,-1,-1) (0,0,2)
D (3,9,-1) (5,0,3)
D (3,-1,-1) (2,4,4)
D (9,-1,-1) (5,3,0)
D (6,7,8) (3,3,1)
D (3,9,-1) (0,2,0)
D (8,-1,-1) (2,4,1)
C 0 7
C 1 22
C 2 9
C 3 26
C 4 16
C 5 25
C 6 26
C 7 10
C 8 21
C 9 15
C 10 3
C 11 23
C 12 25
C 13 24
C 14 5
C 15 1
C 16 21
C 17 11
C 18 22
C 19 22
C 20 12
C 21 14
C 22 4
C 23 8
C 24 2
C 25 17
C 26 17
C 27 14
C 28 5
C 29 12
C 30 19
C 31 18
C 32 20
C 33 9
C 34 5
C 35 8
C 36 4
C 37 16
C 38 1
C 39 11
C 40 6
C 41 11
C 42 15
C 43 20
C 44 20
C 45 11
C 46 21
C 47 26
C 48 8
C 49 19
C 50 9
C 51 26
C 52 19
C 53 7
C 54 15
C 55 16
C 56 20
C 57 11
C 58 19
C 59 14
C 60 14
C 61 17
C 62 22
C 63 26
C 64 1
C 65 7
C 66 8
C 67 3
C 68 24
C 69 0
C 70 0
C 71 0
C 72 0
C 73 0
C 74 0
C 75 0
C 76 0
C 77 0
C 78 0
C 79 0
C 80 0
C 81 0
C 82 0
C 83 0
C 84 0
C 85 0
C 86 0
C 87 0
C 88 0
C 89 0
C 90 0
C 91 0
C 92 0
C 93 0
C 94 0
C 95 0
C 96 0
C 97 0
C 98 0
C 99 0
C 100 0
C 101 0
C 102 0
C 103 0
C 104 0
C 105 0
C 106 0
C 107 0
C 108 0
C 109 0
C 110 0
C 111 0
C 112 0
C 113 0
C 114 0
C 115 0
C 116 0
C 117 0
C 118 0
C 119 0
C 120 0
C 121 0
C 122 0
C 123 0
C 124 0
C 125 0
C 126 0
C 127 6
C 128 11
C 129 17
C 130 17
C 131 26
C 132 7
C 133 18
C 134 19
C 135 11
C 136 21
C 137 8
C 138 14
C 139 14
C 140 23
C 141 16
C 142 1
C 143 20
C 144 10
C 145 21
C 146 10
C 147 3
C 148 17
C 149 5
C 150 18
C 151 1
C 152 26
C 153 17
C 154 9
C 155 3
C 156 25
C 157 19
C 158 9
C 159 5
C 160 23
C 161 14
C 162 11
C 163 2
C 164 22
C 165 10
C 166 18
C 167 22
C 168 8
C 169 25
C 170 1
C 171 18
C 172 21
C 173 5
C 174 6
C 175 18
C 176 19
C 177 10
C 178 0
C 179 20
C 180 20
C 181 7
C 182 4
C 183 24
C 184 19
C 185 20
C 186 5
C 187 0
C 188 26
C 189 0
C 190 3
C 191 2
C 192 25
C 193 6
C 194 15
C 195 16
C 196 26
C 197 22
C 198 26
C 199 4
C 200 1
C 201 20
C 202 25
C 203 5
C 204 7
C 205 7
C 206 1
C 207 7
C 208 7
C 209 9
C 210 10
C 211 23
C 212 26
C 213 4
C 214 22
C 215 16
C 216 19
C 217 19
C 218 26
C 219 18
C 220 11
C 221 3
C 222 18
C 223 16
C 224 8
C 225 0
C 226 0
C 227 0
C 228 0
C 229 0
C 230 0
C 231 0
C 232 0
C 233 0
C 234 0
C 235 0
C 236 0
C 237 0
C 238 0
C 239 0
C 240 0
C 241 0
C 242 0
C 243 0
C 244 0
C 245 0
C 246 0
C 247 0
C 248 0
C 249 0
C 250 0
C 251 0
C 252 0
C 253 0
C 254 0
C 255 0
C 256 0
C 257 0
C 258 0
C 259 0
C 260 0
C 261 7
C 262 17
C 263 10
C 264 24
C 265 3
C 266 23
C 267 0
C 268 1
C 269 19
I 0 1 10 (3,2,2) (0,0,-1,0)|(0,0,0,0)|(-1,0,1,0)|(0,0,0,0)|(1,0,0,0)
I 5 1 10 (0,2,3) (1,1,-1,0)|(-1,1,1,0)|(0,-1,-1,0)
I 3 2 16 (2,1,4) (0,-1,-1,0)
