D (9,-1,-1) (0,1,4)
D (9,-1,-1) (4,1,0)
D (9,-1,-1) (5,4,2)
D (6,7,8) (2,5,2)
D (7,8,3) (2,2,4)
D (3,9,-1) (2,1,5)
D (6,7,-1) (4,1,1)
D (9,-1,-1) (3,5,1)
D (6,7,8) (1,1,3)
D (7,8,3) (5,2,0)
D (7,8,-1) (4,3,1)
D (6,7,8) (4,0,1)
D (8,3,9) (5,5,2)
D (3,9,-1) (4,5,1)
D (6,-1,-1) (1,1,5)
D (7,8,-1) (4,4,0)
D (3,9,-1) (3,5,0)
D (6,7,-1) (0,1,1)
D (6,7,-1) (4,4,2)
D (3,-1,-1) (4,5,2)
D (6,7,-1) (1,1,2)
D (8,3,-1) (1,2,2)
D (9,-1,-1) (3,2,2)
D (6,-1,-1) (4,3,0)
D (7,8,-1) (2,0,0)
D (3,-1,-1) (3,0,1)
D (7,8,-1) (0,4,4)
D (9,-1,-1) (3,3,4)
D (7,8,-1) (3,4,2)
D (7,-1,-1) (3,3,2)
D (3,-1,-1) (2,0,3)
D (8,-1,-1) (0,5,1)
D (9,-1,-1) (4,5,5)
D (3,9,-1) (2,4,2)
D (8,-1,-1) (5,2,1)
D (3,9,-1) (4,2,4)
D (8,3,-1) (3,4,1)
D (3,9,-1) (5,2,2)
D (3,-1,-1) (0,5,0)
D (3,9,-1) (0,2,1)
D (8,3,-1) (2,4,5)
D (8,-1,-1) (1,5,2)
D (3,9,-1) (0,5,2)
D (3,-1,-1) (5,0,3)
D (8,-1,-1) (4,0,4)
D (8,3,9) (5,2,3)
D (3,9,-1) (4,0,3)
D (9,-1,-1) (4,3,4)
D (7,8,3) (4,3,3)
D (6,-1,-1) (2,4,4)
C 0 9
C 1 4
C 2 9
C 3 15
C 4 1
C 5 15
C 6 12
C 7 23
C 8 5
C 9 8
C 10 0
C 11 8
C 12 3
C 13 24
C 14 0
C 15 0
C 16 0
C 17 0
C 18 0
C 19 0
C 20 0
C 21 0
C 22 0
C 23 0
C 24 0
C 25 0
C 26 0
C 27 0
C 28 0
C 29 0
C 30 0
C 31 0
C 32 0
C 33 0
C 34 0
C 35 0
C 36 0
C 37 0
C 38 0
C 39 0
C 40 0
C 41 0
C 42 0
C 43 0
C 44 0
C 45 0
C 46 0
C 47 0
C 48 0
C 49 0
C 50 0
C 51 0
C 52 0
C 53 0
C 54 0
C 55 0
C 56 0
C 57 0
C 58 0
C 59 0
C 60 0
C 61 0
C 62 0
C 63 0
C 64 0
C 65 0
C 66 0
C 67 0
C 68 0
C 69 0
C 70 0
C 71 0
C 72 0
C 73 0
C 74 0
C 75 0
C 76 0
C 77 0
C 78 0
C 79 0
C 80 0
C 81 0
C 82 0
C 83 0
C 84 19
C 85 11
C 86 15
C 87 15
C 88 24
C 89 23
C 90 10
C 91 16
C 92 21
C 93 1
C 94 7
C 95 16
C 96 17
C 97 10
C 98 16
C 99 11
C 100 1
C 101 9
C 102 7
C 103 11
C 104 18
C 105 18
C 106 26
C 107 2
C 108 2
C 109 23
C 110 16
C 111 2
C 112 16
C 113 16
C 114 20
C 115 17
C 116 22
C 117 1
C 118 10
C 119 23
C 120 23
C 121 15
C 122 8
C 123 9
C 124 26
C 125 14
C 126 26
C 127 4
C 128 8
C 129 8
C 130 15
C 131 10
C 132 12
C 133 18
C 134 11
C 135 24
C 136 24
C 137 23
C 138 5
C 139 17
C 140 12
C 141 3
C 142 24
C 143 11
C 144 0
C 145 21
C 146 7
C 147 12
C 148 11
C 149 20
C 150 7
C 151 17
C 152 24
C 153 17
C 154 18
C 155 0
C 156 12
C 157 3
C 158 10
C 159 22
C 160 8
C 161 16
C 162 0
C 163 0
C 164 26
C 165 26
C 166 25
C 167 15
C 168 25
C 169 2
C 170 3
C 171 12
C 172 18
C 173 3
C 174 8
C 175 21
C 176 18
C 177 12
C 178 5
C 179 9
C 180 14
C 181 11
C 182 21
C 183 24
C 184 25
C 185 18
C 186 20
C 187 26
C 188 11
C 189 3
C 190 17
C 191 6
C 192 12
C 193 6
C 194 22
C 195 5
C 196 25
C 197 12
C 198 6
C 199 22
C 200 17
C 201 3
C 202 22
C 203 19
C 204 7
C 205 9
C 206 15
C 207 10
C 208 20
C 209 22
C 210 23
C 211 5
C 212 6
C 213 18
C 214 7
C 215 0
C 216 7
C 217 4
C 218 18
C 219 6
C 220 22
C 221 8
C 222 8
C 223 14
C 224 8
C 225 8
C 226 4
C 227 2
C 228 12
C 229 11
C 230 8
C 231 21
C 232 4
C 233 15
C 234 22
C 235 11
C 236 20
C 237 11
C 238 15
C 239 23
C 240 1
C 241 9
C 242 7
C 243 5
C 244 12
C 245 6
C 246 21
C 247 0
C 248 0
C 249 0
C 250 0
C 251 0
C 252 0
C 253 0
C 254 0
C 255 0
C 256 0
C 257 0
C 258 0
C 259 0
C 260 0
C 261 0
C 262 0
C 263 0
C 264 0
C 265 0
C 266 0
C 267 0
C 268 25
C 269 1
I 0 3 15 (2,0,4) (-1,1,0,0)|(0,0,-1,0)|(0,-1,1,0)|(1,1,-1,0)|(0,0,0,0)
I 3 3 16 (1,1,5) (1,1,0,0)|(-1,1,-1,0)|(1,-1,1,0)
I 4 2 7 (3,1,3) (1,1,0,0)
