D (3,-1,-1) (4,2,5)
D (6,7,8) (4,0,1)
D (3,9,-1) (3,4,0)
D (3,9,-1) (4,0,2)
D (7,-1,-1) (0,2,5)
D (9,-1,-1) (5,0,3)
D (6,7,8) (0,4,5)
D (6,7,8) (2,0,3)
D (6,7,8) (1,4,0)
D (8,3,9) (0,1,5)
D (7,8,3) (0,5,4)
D (3,-1,-1) (4,4,3)
D (9,-1,-1) (3,4,5)
D (3,9,-1) (5,1,3)
D (6,7,-1) (2,0,4)
D (6,7,-1) (1,0,2)
D (3,9,-1) (4,3,1)
D (7,8,-1) (5,5,0)
D (8,-1,-1) (5,4,5)
D (9,-1,-1) (2,1,0)
D (9,-1,-1) (2,1,5)
D (8,-1,-1) (1,1,4)
D (7,-1,-1) (0,2,1)
D (6,7,8) (1,4,4)
D (9,-1,-1) (1,0,3)
D (7,8,3) (3,0,5)
D (6,7,8) (2,2,0)
D (6,7,8) (4,5,2)
D (7,-1,-1) (1,0,5)
D (7,8,3) (4,1,3)
D (6,7,8) (2,3,4)
D (6,-1,-1) (2,5,4)
C 0 4
C 1 0
C 2 19
C 3 6
C 4 16
C 5 8
C 6 11
C 7 20
C 8 10
C 9 24
C 10 22
C 11 0
C 12 6
C 13 2
C 14 8
C 15 24
C 16 1
C 17 11
C 18 7
C 19 8
C 20 23
C 21 22
C 22 6
C 23 17
C 24 2
C 25 1
C 26 24
C 27 25
C 28 15
C 29 26
C 30 19
C 31 11
C 32 1
C 33 5
C 34 18
C 35 23
C 36 21
C 37 21
C 38 19
C 39 2
C 40 8
C 41 6
C 42 0
C 43 14
C 44 8
C 45 6
C 46 1
C 47 14
C 48 7
C 49 18
C 50 2
C 51 3
C 52 2
C 53 26
C 54 6
C 55 16
C 56 19
C 57 14
C 58 15
C 59 16
C 60 2
C 61 0
C 62 0
C 63 14
C 64 19
C 65 16
C 66 6
C 67 25
C 68 15
C 69 5
C 70 3
C 71 8
C 72 11
C 73 3
C 74 1
C 75 20
C 76 3
C 77 24
C 78 15
C 79 6
C 80 19
C 81 22
C 82 18
C 83 15
C 84 17
C 85 12
C 86 14
C 87 5
C 88 22
C 89 17
C 90 6
C 91 26
C 92 22
C 93 8
C 94 8
C 95 4
C 96 25
C 97 15
C 98 19
C 99 16
C 100 6
C 101 10
C 102 10
C 103 14
C 104 2
C 105 22
C 106 14
C 107 25
C 108 8
C 109 26
C 110 10
C 111 3
C 112 0
C 113 3
C 114 22
C 115 4
C 116 16
C 117 2
C 118 21
C 119 18
C 120 21
C 121 21
C 122 23
C 123 10
C 124 24
C 125 2
C 126 11
C 127 9
C 128 23
C 129 22
C 130 4
C 131 22
C 132 5
C 133 5
C 134 25
C 135 7
C 136 8
C 137 8
C 138 23
C 139 26
C 140 1
C 141 7
C 142 16
C 143 22
C 144 22
C 145 24
C 146 25
C 147 24
C 148 14
C 149 17
C 150 2
C 151 15
C 152 8
C 153 7
C 154 18
C 155 14
C 156 1
C 157 3
C 158 5
C 159 17
C 160 9
C 161 24
C 162 15
C 163 18
C 164 16
C 165 23
C 166 15
C 167 6
C 168 5
C 169 20
C 170 25
C 171 9
C 172 9
C 173 25
C 174 7
C 175 22
C 176 4
C 177 8
C 178 11
C 179 16
C 180 26
C 181 8
C 182 22
C 183 7
C 184 20
C 185 4
C 186 17
C 187 25
C 188 21
C 189 22
C 190 0
C 191 0
C 192 0
C 193 18
C 194 15
C 195 22
C 196 8
C 197 6
C 198 20
C 199 7
C 200 19
C 201 7
C 202 4
C 203 14
C 204 14
C 205 0
C 206 0
C 207 0
C 208 0
C 209 0
C 210 0
C 211 0
C 212 0
C 213 0
C 214 0
C 215 0
C 216 0
C 217 0
C 218 0
C 219 0
C 220 0
C 221 0
C 222 0
C 223 0
C 224 0
C 225 0
C 226 0
C 227 0
C 228 0
C 229 0
C 230 0
C 231 0
C 232 0
C 233 0
C 234 0
C 235 0
C 236 0
C 237 0
C 238 0
C 239 0
C 240 0
C 241 0
C 242 0
C 243 0
C 244 0
C 245 0
C 246 0
C 247 0
C 248 0
C 249 0
C 250 0
C 251 0
C 252 0
C 253 0
C 254 0
C 255 0
C 256 0
C 257 0
C 258 0
C 259 0
C 260 0
C 261 0
C 262 0
C 263 9
C 264 9
C 265 26
C 266 24
C 267 1
C 268 1
C 269 8
I 0 1 10 (3,3,4) (1,-1,0,0)
I 0 1 13 (1,2,2) (1,1,0,0)|(0,-1,-1,0)
I 1 2 4 (3,0,3) (-1,1,1,0)|(1,1,-1,0)
