D (9,-1,-1) (4,0,4)
D (6,7,-1) (2,2,4)
D (6,7,8) (1,2,5)
D (8,3,-1) (5,3,0)
D (6,7,-1) (5,1,4)
D (8,3,9) (1,3,5)
D (9,-1,-1) (1,0,0)
D (8,-1,-1) (3,4,3)
D (6,-1,-1) (0,0,5)
D (3,9,-1) (3,5,4)
D (8,3,-1) (5,3,4)
D (3,-1,-1) (4,3,5)
D (7,8,3) (3,3,4)
D (7,-1,-1) (3,5,2)
D (8,3,9) (3,2,0)
D (6,-1,-1) (3,0,1)
D (3,-1,-1) (5,4,5)
D (8,3,-1) (3,2,3)
D (7,8,-1) (4,5,2)
D (8,3,-1) (2,4,5)
D (6,-1,-1) (4,5,0)
D (3,9,-1) (2,5,1)
D (6,7,-1) (4,5,4)
D (9,-1,-1) (0,4,5)
D (8,3,-1) (3,5,0)
D (9,-1,-1) (2,3,3)
D (3,9,-1) (0,0,3)
D (3,9,-1) (4,0,1)
D (8,-1,-1) (4,4,2)
D (8,3,-1) (2,1,0)
D (8,3,-1) (5,4,0)
D (3,-1,-1) (0,1,1)
D (9,-1,-1) (3,0,0)
D (3,9,-1) (0,3,5)
D (7,-1,-1) (4,2,2)
D (9,-1,-1) (4,1,5)
D (6,7,-1) (3,1,0)
D (8,3,9) (3,1,4)
D (7,8,3) (5,5,1)
C 0 19
C 1 16
C 2 8
C 3 11
C 4 16
C 5 7
C 6 3
C 7 1
C 8 22
C 9 2
C 10 19
C 11 24
C 12 11
C 13 19
C 14 9
C 15 5
C 16 5
C 17 8
C 18 20
C 19 1
C 20 19
C 21 18
C 22 12
C 23 3
C 24 10
C 25 14
C 26 6
C 27 26
C 28 20
C 29 17
C 30 7
C 31 14
C 32 22
C 33 3
C 34 23
C 35 6
C 36 11
C 37 23
C 38 3
C 39 7
C 40 2
C 41 17
C 42 6
C 43 20
C 44 17
C 45 4
C 46 15
C 47 15
C 48 2
C 49 5
C 50 8
C 51 18
C 52 26
C 53 4
C 54 0
C 55 16
C 56 2
C 57 17
C 58 4
C 59 16
C 60 1
C 61 4
C 62 17
C 63 2
C 64 26
C 65 19
C 66 21
C 67 2
C 68 22
C 69 5
C 70 24
C 71 15
C 72 10
C 73 4
C 74 0
C 75 17
C 76 0
C 77 20
C 78 24
C 79 7
C 80 18
C 81 9
C 82 5
C 83 16
C 84 12
C 85 1
C 86 12
C 87 15
C 88 18
C 89 7
C 90 1
C 91 9
C 92 19
C 93 6
C 94 0
C 95 25
C 96 8
C 97 25
C 98 23
C 99 25
C 100 2
C 101 5
C 102 8
C 103 20
C 104 21
C 105 19
C 106 14
C 107 16
C 108 2
C 109 16
C 110 16
C 111 9
C 112 7
C 113 2
C 114 9
C 115 22
C 116 10
C 117 6
C 118 8
C 119 11
C 120 17
C 121 18
C 122 1
C 123 3
C 124 23
C 125 0
C 126 2
C 127 14
C 128 3
C 129 17
C 130 25
C 131 3
C 132 23
C 133 10
C 134 26
C 135 17
C 136 7
C 137 18
C 138 12
C 139 21
C 140 3
C 141 23
C 142 10
C 143 24
C 144 23
C 145 8
C 146 3
C 147 22
C 148 16
C 149 20
C 150 8
C 151 8
C 152 1
C 153 5
C 154 17
C 155 20
C 156 24
C 157 7
C 158 6
C 159 19
C 160 18
C 161 24
C 162 9
C 163 4
C 164 26
C 165 3
C 166 4
C 167 1
C 168 24
C 169 8
C 170 5
C 171 17
C 172 6
C 173 19
C 174 4
C 175 21
C 176 1
C 177 10
C 178 26
C 179 24
C 180 6
C 181 2
C 182 21
C 183 14
C 184 23
C 185 4
C 186 25
C 187 18
C 188 15
C 189 20
C 190 12
C 191 24
C 192 14
C 193 10
C 194 23
C 195 3
C 196 11
C 197 17
C 198 11
C 199 10
C 200 26
C 201 3
C 202 14
C 203 0
C 204 26
C 205 22
C 206 6
C 207 4
C 208 10
C 209 7
C 210 24
C 211 16
C 212 22
C 213 20
C 214 14
C 215 5
C 216 7
C 217 5
C 218 15
C 219 25
C 220 25
C 221 9
C 222 23
C 223 10
C 224 18
C 225 26
C 226 15
C 227 10
C 228 10
C 229 3
C 230 9
C 231 26
C 232 9
C 233 16
C 234 14
C 235 6
C 236 21
C 237 0
C 238 5
C 239 21
C 240 10
C 241 19
C 242 7
C 243 1
C 244 26
C 245 5
C 246 23
C 247 18
C 248 10
C 249 23
C 250 1
C 251 12
C 252 8
C 253 10
C 254 15
C 255 14
C 256 8
C 257 3
C 258 22
C 259 6
C 260 10
C 261 20
C 262 11
C 263 17
C 264 9
C 265 0
C 266 9
C 267 1
C 268 22
C 269 0
I 2 3 14 (0,4,5) (0,0,0,0)|(0,-1,-1,0)|(1,-1,0,0)|(0,1,0,0)|(-1,0,0,0)
I 4 2 15 (5,2,1) (1,-1,0,0)|(1,-1,-1,0)|(1,0,1,0)
I 0 1 6 (4,2,1) (-1,-1,0,0)|(1,0,1,0)|(0,1,0,0)
I 0 1 15 (3,1,5) (0,-1,-1,0)|(-1,-1,1,0)|(1,1,1,0)
