D (8,3,-1) (2,4,3)
D (7,-1,-1) (5,0,3)
D (7,8,3) (5,5,5)
D (8,3,9) (0,1,0)
D (3,9,-1) (2,3,2)
D (9,-1,-1) (5,2,1)
D (9,-1,-1) (3,2,5)
D (9,-1,-1) (1,0,4)
D (3,9,-1) (0,5,0)
D (8,3,9) (1,3,0)
D (8,-1,-1) (3,5,0)
D (8,-1,-1) (2,0,0)
D (7,8,-1) (4,2,5)
D (8,-1,-1) (1,1,5)
D (3,-1,-1) (1,5,1)
D (9,-1,-1) (2,2,3)
D (6,7,-1) (1,2,4)
D (6,7,8) (5,3,2)
D (8,3,-1) (3,4,5)
D (6,7,8) (1,1,3)
D (7,-1,-1) (5,3,0)
D (6,-1,-1) (5,3,5)
D (3,9,-1) (2,2,4)
D (3,9,-1) (5,1,1)
D (3,-1,-1) (3,1,3)
D (8,3,9) (3,4,2)
D (8,3,9) (0,5,3)
D (8,-1,-1) (4,1,0)
D (7,8,-1) (5,1,4)
D (9,-1,-1) (0,2,3)
D (7,8,3) (2,5,1)
D (6,7,8) (2,0,4)
D (6,7,8) (1,3,2)
D (8,3,9) (5,0,2)
D (9,-1,-1) (5,0,4)
C 0 20
C 1 3
C 2 23
C 3 4
C 4 6
C 5 16
C 6 19
C 7 5
C 8 19
C 9 11
C 10 14
C 11 12
C 12 6
C 13 2
C 14 20
C 15 8
C 16 4
C 17 16
C 18 7
C 19 20
C 20 5
C 21 22
C 22 24
C 23 16
C 24 16
C 25 7
C 26 15
C 27 6
C 28 0
C 29 2
C 30 16
C 31 1
C 32 2
C 33 4
C 34 25
C 35 6
C 36 18
C 37 17
C 38 26
C 39 21
C 40 12
C 41 16
C 42 1
C 43 3
C 44 8
C 45 16
C 46 7
C 47 10
C 48 16
C 49 12
C 50 15
C 51 2
C 52 6
C 53 25
C 54 18
C 55 16
C 56 5
C 57 1
C 58 3
C 59 12
C 60 5
C 61 17
C 62 18
C 63 7
C 64 8
C 65 25
C 66 1
C 67 19
C 68 23
C 69 23
C 70 21
C 71 22
C 72 4
C 73 5
C 74 25
C 75 20
C 76 20
C 77 10
C 78 23
C 79 17
C 80 26
C 81 21
C 82 3
C 83 6
C 84 24
C 85 10
C 86 19
C 87 18
C 88 8
C 89 5
C 90 11
C 91 1
C 92 0
C 93 10
C 94 9
C 95 9
C 96 19
C 97 15
C 98 23
C 99 12
C 100 3
C 101 3
C 102 20
C 103 23
C 104 0
C 105 0
C 106 0
C 107 0
C 108 0
C 109 0
C 110 0
C 111 0
C 112 0
C 113 0
C 114 0
C 115 0
C 116 0
C 117 0
C 118 0
C 119 0
C 120 0
C 121 0
C 122 0
C 123 0
C 124 0
C 125 0
C 126 0
C 127 0
C 128 0
C 129 0
C 130 0
C 131 0
C 132 0
C 133 0
C 134 0
C 135 0
C 136 0
C 137 0
C 138 0
C 139 0
C 140 0
C 141 0
C 142 0
C 143 0
C 144 0
C 145 0
C 146 0
C 147 0
C 148 0
C 149 0
C 150 0
C 151 0
C 152 0
C 153 0
C 154 0
C 155 0
C 156 0
C 157 0
C 158 0
C 159 0
C 160 0
C 161 0
C 162 0
C 163 0
C 164 0
C 165 0
C 166 0
C 167 0
C 168 26
C 169 10
C 170 3
C 171 14
C 172 21
C 173 10
C 174 15
C 175 3
C 176 14
C 177 16
C 178 21
C 179 2
C 180 6
C 181 19
C 182 22
C 183 9
C 184 14
C 185 21
C 186 20
C 187 12
C 188 10
C 189 8
C 190 24
C 191 19
C 192 8
C 193 9
C 194 26
C 195 3
C 196 17
C 197 19
C 198 8
C 199 26
C 200 26
C 201 5
C 202 17
C 203 22
C 204 16
C 205 17
C 206 18
C 207 3
C 208 19
C 209 9
C 210 25
C 211 21
C 212 11
C 213 16
C 214 16
C 215 22
C 216 23
C 217 11
C 218 21
C 219 26
C 220 21
C 221 12
C 222 6
C 223 6
C 224 3
C 225 2
C 226 12
C 227 7
C 228 0
C 229 16
C 230 3
C 231 22
C 232 18
C 233 10
C 234 15
C 235 6
C 236 21
C 237 25
C 238 20
C 239 8
C 240 21
C 241 9
C 242 1
C 243 12
C 244 7
C 245 18
C 246 6
C 247 7
C 248 4
C 249 8
C 250 23
C 251 9
C 252 10
C 253 16
C 254 22
C 255 26
C 256 12
C 257 25
C 258 5
C 259 10
C 260 7
C 261 12
C 262 19
C 263 4
C 264 6
C 265 22
C 266 9
C 267 1
C 268 2
C 269 10
I 1 3 8 (3,1,4) (0,1,0,0)|(-1,-1,1,0)|(0,1,0,0)|(0,-1,-1,0)
I 4 2 10 (0,3,2) (0,1,0,0)
I 2 1 14 (0,1,2) (1,0,1,0)
