D (9,-1,-1) (1,4,1)
D (8,3,9) (3,4,4)
D (6,7,8) (0,2,4)
D (6,7,8) (3,2,2)
D (9,-1,-1) (2,1,0)
D (3,9,-1) (1,4,5)
D (9,-1,-1) (1,2,5)
D (3,9,-1) (0,3,1)
D (8,3,9) (3,0,0)
D (9,-1,-1) (2,1,1)
D (7,8,-1) (0,0,0)
D (3,9,-1) (3,5,4)
D (6,7,8) (3,2,5)
D (6,-1,-1) (1,3,2)
D (9,-1,-1) (2,2,1)
D (3,9,-1) (0,3,0)
D (7,8,-1) (3,4,1)
D (3,9,-1) (1,0,2)
D (3,9,-1) (0,3,3)
D (9,-1,-1) (3,3,1)
D (7,8,3) (5,1,3)
D (9,-1,-1) (1,0,3)
D (9,-1,-1) (1,2,2)
D (7,8,-1) (0,4,1)
D (9,-1,-1) (5,4,3)
D (7,-1,-1) (3,5,3)
D (9,-1,-1) (4,2,4)
D (8,3,-1) (4,0,0)
D (6,-1,-1) (3,1,0)
D (9,-1,-1) (4,3,2)
D (8,3,9) (0,2,1)
D (8,-1,-1) (5,3,2)
D (9,-1,-1) (4,5,4)
D (9,-1,-1) (1,4,0)
D (3,9,-1) (3,1,1)
D (7,8,-1) (4,2,0)
D (6,-1,-1) (1,0,5)
D (8,3,-1) (5,5,4)
D (6,7,8) (1,1,4)
D (7,8,-1) (2,3,0)
D (7,8,3) (0,4,3)
D (7,-1,-1) (1,2,1)
D (9,-1,-1) (5,1,1)
D (9,-1,-1) (2,1,3)
D (8,-1,-1) (3,3,3)
D (7,8,-1) (2,0,3)
D (8,3,-1) (3,0,4)
D (8,3,9) (2,5,5)
D (6,7,-1) (4,1,0)
D (7,8,3) (0,1,5)
D (3,9,-1) (4,3,1)
D (3,9,-1) (4,1,3)
D (6,7,-1) (3,4,5)
C 0 1
C 1 22
C 2 18
C 3 11
C 4 19
C 5 1
C 6 12
C 7 10
C 8 15
C 9 7
C 10 15
C 11 0
C 12 17
C 13 2
C 14 15
C 15 26
C 16 12
C 17 10
C 18 6
C 19 0
C 20 0
C 21 0
C 22 0
C 23 0
C 24 0
C 25 0
C 26 0
C 27 0
C 28 0
C 29 0
C 30 0
C 31 0
C 32 0
C 33 0
C 34 0
C 35 0
C 36 0
C 37 0
C 38 0
C 39 0
C 40 0
C 41 0
C 42 0
C 43 0
C 44 0
C 45 0
C 46 0
C 47 9
C 48 12
C 49 25
C 50 4
C 51 21
C 52 22
C 53 7
C 54 3
C 55 17
C 56 10
C 57 23
C 58 4
C 59 1
C 60 6
C 61 4
C 62 7
C 63 22
C 64 1
C 65 7
C 66 7
C 67 11
C 68 23
C 69 4
C 70 10
C 71 18
C 72 23
C 73 10
C 74 9
C 75 21
C 76 21
C 77 14
C 78 22
C 79 23
C 80 17
C 81 0
C 82 14
C 83 0
C 84 0
C 85 0
C 86 0
C 87 0
C 88 0
C 89 0
C 90 0
C 91 0
C 92 0
C 93 0
C 94 0
C 95 0
C 96 0
C 97 0
C 98 0
C 99 0
C 100 0
C 101 0
C 102 0
C 103 0
C 104 0
C 105 0
C 106 0
C 107 0
C 108 0
C 109 0
C 110 0
C 111 0
C 112 0
C 113 0
C 114 0
C 115 0
C 116 0
C 117 0
C 118 0
C 119 0
C 120 0
C 121 0
C 122 0
C 123 0
C 124 0
C 125 0
C 126 0
C 127 0
C 128 0
C 129 0
C 130 0
C 131 0
C 132 0
C 133 0
C 134 0
C 135 0
C 136 0
C 137 0
C 138 0
C 139 0
C 140 0
C 141 0
C 142 0
C 143 0
C 144 0
C 145 0
C 146 1
C 147 6
C 148 3
C 149 24
C 150 18
C 151 24
C 152 18
C 153 17
C 154 3
C 155 1
C 156 22
C 157 19
C 158 6
C 159 23
C 160 14
C 161 15
C 162 7
C 163 0
C 164 26
C 165 14
C 166 11
C 167 23
C 168 22
C 169 3
C 170 24
C 171 12
C 172 0
C 173 21
C 174 0
C 175 6
C 176 3
C 177 1
C 178 14
C 179 3
C 180 2
C 181 7
C 182 7
C 183 19
C 184 7
C 185 2
C 186 21
C 187 19
C 188 20
C 189 25
C 190 4
C 191 12
C 192 12
C 193 15
C 194 11
C 195 23
C 196 1
C 197 12
C 198 19
C 199 23
C 200 22
C 201 14
C 202 6
C 203 22
C 204 6
C 205 2
C 206 4
C 207 21
C 208 18
C 209 22
C 210 25
C 211 9
C 212 3
C 213 1
C 214 11
C 215 21
C 216 4
C 217 18
C 218 7
C 219 22
C 220 4
C 221 4
C 222 0
C 223 17
C 224 11
C 225 3
C 226 8
C 227 8
C 228 2
C 229 1
C 230 16
C 231 16
C 232 18
C 233 17
C 234 20
C 235 21
C 236 18
C 237 25
C 238 9
C 239 6
C 240 25
C 241 10
C 242 25
C 243 18
C 244 12
C 245 15
C 246 3
C 247 1
C 248 11
C 249 10
C 250 4
C 251 10
C 252 20
C 253 2
C 254 8
C 255 4
C 256 5
C 257 2
C 258 2
C 259 17
C 260 26
C 261 7
C 262 12
C 263 15
C 264 22
C 265 25
C 266 7
C 267 3
C 268 5
C 269 12
I 0 1 11 (0,4,3) (0,0,1,0)|(0,-1,-1,0)|(-1,1,-1,0)|(1,0,1,0)
I 0 2 14 (0,2,3) (1,0,0,0)|(-1,1,0,0)|(0,0,0,0)
I 2 1 19 (1,5,2) (-1,0,1,0)|(0,0,-1,0)
