D (7,8,3) (0,4,1)
D (6,-1,-1) (5,5,4)
D (6,7,-1) (1,0,3)
D (6,-1,-1) (1,3,3)
D (7,8,3) (3,5,0)
D (7,-1,-1) (1,0,0)
D (3,9,-1) (1,2,4)
D (6,-1,-1) (3,5,2)
D (3,9,-1) (2,0,3)
D (8,-1,-1) (3,1,0)
D (3,9,-1) (4,2,1)
D (3,-1,-1) (2,0,2)
D (7,8,3) (5,0,3)
D (8,3,9) (2,2,3)
D (9,-1,-1) (1,5,4)
D (9,-1,-1) (2,5,0)
D (6,7,-1) (5,5,0)
D (8,-1,-1) (4,3,2)
D (7,8,3) (2,0,5)
D (6,7,-1) (4,0,3)
D (9,-1,-1) (5,3,2)
D (7,8,3) (4,1,5)
D (7,8,-1) (3,3,0)
D (6,7,8) (0,1,3)
D (6,7,8) (2,3,5)
D (6,7,-1) (0,3,2)
D (9,-1,-1) (4,5,0)
D (8,3,-1) (2,2,1)
D (9,-1,-1) (5,5,5)
D (6,-1,-1) (0,4,2)
D (9,-1,-1) (2,3,2)
D (6,7,8) (4,1,4)
D (3,9,-1) (0,2,4)
D (7,8,-1) (4,4,3)
D (3,9,-1) (0,1,4)
D (8,3,-1) (2,1,5)
D (7,8,-1) (3,1,1)
D (7,8,3) (3,1,3)
D (9,-1,-1) (1,0,1)
D (3,9,-1) (1,0,5)
D (8,-1,-1) (2,5,4)
D (8,-1,-1) (1,3,4)
D (3,9,-1) (5,5,3)
D (6,-1,-1) (0,5,5)
D (3,9,-1) (5,0,0)
D (6,7,8) (5,3,4)
D (6,7,-1) (4,5,1)
D (9,-1,-1) (2,0,1)
D (7,-1,-1) (4,4,5)
D (7,-1,-1) (5,5,2)
D (3,9,-1) (2,1,2)
D (6,-1,-1) (4,0,0)
D (3,9,-1) (1,3,2)
D (3,-1,-1) (3,4,2)
D (8,3,-1) (3,2,0)
D (7,8,3) (1,2,2)
D (3,-1,-1) (3,0,3)
D (7,8,3) (2,5,5)
D (6,-1,-1) (0,5,4)
D (7,8,3) (2,5,3)
D (3,-1,-1) (0,1,5)
D (6,7,-1) (0,4,4)
D (3,-1,-1) (4,3,4)
D (8,-1,-1) (4,2,0)
D (7,8,3) (1,5,3)
D (6,7,8) (0,5,3)
D (8,-1,-1) (2,2,2)
C 0 25
C 1 5
C 2 3
C 3 4
C 4 11
C 5 10
C 6 19
C 7 15
C 8 11
C 9 2
C 10 12
C 11 23
C 12 7
C 13 14
C 14 6
C 15 10
C 16 18
C 17 10
C 18 7
C 19 5
C 20 23
C 21 5
C 22 25
C 23 16
C 24 22
C 25 20
C 26 2
C 27 6
C 28 1
C 29 7
C 30 10
C 31 12
C 32 22
C 33 8
C 34 19
C 35 22
C 36 7
C 37 9
C 38 14
C 39 22
C 40 22
C 41 0
C 42 20
C 43 20
C 44 3
C 45 0
C 46 0
C 47 0
C 48 0
C 49 0
C 50 0
C 51 0
C 52 0
C 53 0
C 54 0
C 55 0
C 56 0
C 57 0
C 58 0
C 59 0
C 60 0
C 61 0
C 62 0
C 63 0
C 64 0
C 65 0
C 66 0
C 67 0
C 68 0
C 69 0
C 70 0
C 71 0
C 72 0
C 73 0
C 74 0
C 75 0
C 76 0
C 77 0
C 78 0
C 79 0
C 80 0
C 81 0
C 82 0
C 83 0
C 84 0
C 85 0
C 86 0
C 87 0
C 88 0
C 89 0
C 90 0
C 91 0
C 92 0
C 93 0
C 94 0
C 95 0
C 96 0
C 97 0
C 98 0
C 99 0
C 100 0
C 101 0
C 102 0
C 103 0
C 104 0
C 105 0
C 106 0
C 107 0
C 108 0
C 109 0
C 110 17
C 111 10
C 112 3
C 113 19
C 114 19
C 115 14
C 116 10
C 117 10
C 118 26
C 119 2
C 120 8
C 121 11
C 122 5
C 123 0
C 124 6
C 125 22
C 126 0
C 127 4
C 128 10
C 129 9
C 130 2
C 131 19
C 132 14
C 133 4
C 134 7
C 135 19
C 136 5
C 137 5
C 138 24
C 139 18
C 140 1
C 141 17
C 142 1
C 143 2
C 144 26
C 145 5
C 146 11
C 147 18
C 148 15
C 149 14
C 150 7
C 151 10
C 152 4
C 153 7
C 154 7
C 155 7
C 156 23
C 157 8
C 158 20
C 159 0
C 160 22
C 161 17
C 162 8
C 163 19
C 164 14
C 165 10
C 166 25
C 167 19
C 168 25
C 169 2
C 170 3
C 171 19
C 172 21
C 173 2
C 174 19
C 175 23
C 176 7
C 177 25
C 178 9
C 179 7
C 180 6
C 181 12
C 182 8
C 183 18
C 184 17
C 185 24
C 186 23
C 187 0
C 188 18
C 189 12
C 190 7
C 191 12
C 192 0
C 193 12
C 194 17
C 195 12
C 196 9
C 197 25
C 198 21
C 199 0
C 200 23
C 201 10
C 202 9
C 203 23
C 204 5
C 205 10
C 206 4
C 207 8
C 208 7
C 209 4
C 210 9
C 211 6
C 212 7
C 213 0
C 214 11
C 215 26
C 216 11
C 217 23
C 218 19
C 219 6
C 220 22
C 221 16
C 222 16
C 223 10
C 224 18
C 225 22
C 226 15
C 227 11
C 228 1
C 229 20
C 230 21
C 231 22
C 232 7
C 233 2
C 234 23
C 235 16
C 236 4
C 237 2
C 238 21
C 239 16
C 240 9
C 241 8
C 242 5
C 243 22
C 244 23
C 245 1
C 246 26
C 247 18
C 248 23
C 249 14
C 250 2
C 251 3
C 252 17
C 253 15
C 254 4
C 255 0
C 256 0
C 257 0
C 258 0
C 259 0
C 260 0
C 261 0
C 262 0
C 263 0
C 264 0
C 265 0
C 266 0
C 267 0
C 268 0
C 269 16
I 1 3 12 (0,2,5) (-1,-1,-1,0)|(1,-1,0,0)|(1,0,-1,0)
I 0 1 14 (0,3,5) (1,0,0,0)|(1,1,0,0)
I 3 2 5 (1,5,2) (-1,1,0,0)
