D (7,8,3) (2,2,1)
D (9,-1,-1) (4,5,2)
D (8,3,9) (5,5,0)
D (8,3,-1) (5,2,0)
D (9,-1,-1) (5,0,3)
D (9,-1,-1) (0,4,0)
D (6,-1,-1) (5,0,4)
D (3,9,-1) (2,2,4)
D (9,-1,-1) (2,5,4)
D (9,-1,-1) (2,4,2)
D (8,3,-1) (3,0,2)
D (6,7,-1) (4,0,0)
D (9,-1,-1) (0,5,5)
D (9,-1,-1) (0,2,1)
D (9,-1,-1) (2,3,5)
D (6,7,8) (1,3,4)
D (7,8,3) (0,0,0)
D (8,-1,-1) (0,2,5)
D (8,3,-1) (3,3,1)
D (7,-1,-1) (0,2,2)
D (9,-1,-1) (1,1,3)
D (9,-1,-1) (5,2,1)
D (8,-1,-1) (5,3,2)
D (7,-1,-1) (5,0,1)
D (8,-1,-1) (5,4,2)
D (6,7,8) (1,5,5)
D (6,7,8) (3,0,4)
D (8,3,9) (1,0,2)
D (6,-1,-1) (0,4,3)
D (8,3,9) (2,5,0)
D (6,7,-1) (1,2,5)
D (9,-1,-1) (3,1,4)
D (7,-1,-1) (0,4,5)
D (9,-1,-1) (4,1,2)
D (7,-1,-1) (3,2,4)
D (6,-1,-1) (0,1,2)
D (6,7,-1) (2,0,3)
D (8,3,9) (2,1,1)
D (3,-1,-1) (0,5,4)
D (6,-1,-1) (5,0,0)
D (6,7,-1) (4,2,2)
D (7,8,3) (3,2,0)
D (6,7,8) (5,2,5)
D (6,-1,-1) (1,5,2)
D (8,3,9) (3,4,4)
D (7,8,-1) (2,4,4)
D (3,9,-1) (3,3,2)
D (8,-1,-1) (4,3,2)
C 0 21
C 1 9
C 2 18
C 3 2
C 4 7
C 5 0
C 6 7
C 7 25
C 8 22
C 9 16
C 10 7
C 11 10
C 12 8
C 13 7
C 14 7
C 15 7
C 16 9
C 17 23
C 18 25
C 19 4
C 20 5
C 21 8
C 22 10
C 23 9
C 24 0
C 25 15
C 26 7
C 27 3
C 28 0
C 29 0
C 30 0
C 31 17
C 32 20
C 33 26
C 34 24
C 35 8
C 36 20
C 37 9
C 38 19
C 39 8
C 40 20
C 41 26
C 42 4
C 43 21
C 44 2
C 45 3
C 46 16
C 47 16
C 48 12
C 49 17
C 50 17
C 51 20
C 52 10
C 53 18
C 54 12
C 55 2
C 56 17
C 57 6
C 58 8
C 59 9
C 60 17
C 61 17
C 62 17
C 63 20
C 64 1
C 65 7
C 66 3
C 67 6
C 68 2
C 69 2
C 70 23
C 71 25
C 72 2
C 73 25
C 74 12
C 75 20
C 76 9
C 77 3
C 78 4
C 79 2
C 80 19
C 81 18
C 82 23
C 83 12
C 84 0
C 85 6
C 86 11
C 87 10
C 88 1
C 89 1
C 90 8
C 91 11
C 92 20
C 93 11
C 94 18
C 95 24
C 96 5
C 97 18
C 98 24
C 99 3
C 100 25
C 101 16
C 102 10
C 103 5
C 104 10
C 105 5
C 106 15
C 107 26
C 108 20
C 109 2
C 110 20
C 111 23
C 112 20
C 113 11
C 114 4
C 115 15
C 116 18
C 117 9
C 118 2
C 119 19
C 120 18
C 121 16
C 122 0
C 123 17
C 124 7
C 125 1
C 126 15
C 127 10
C 128 2
C 129 21
C 130 3
C 131 9
C 132 26
C 133 14
C 134 11
C 135 19
C 136 21
C 137 20
C 138 12
C 139 7
C 140 26
C 141 5
C 142 26
C 143 3
C 144 25
C 145 24
C 146 19
C 147 6
C 148 22
C 149 1
C 150 16
C 151 2
C 152 14
C 153 3
C 154 2
C 155 20
C 156 3
C 157 2
C 158 15
C 159 11
C 160 9
C 161 6
C 162 9
C 163 24
C 164 17
C 165 8
C 166 16
C 167 23
C 168 4
C 169 21
C 170 19
C 171 19
C 172 7
C 173 7
C 174 26
C 175 12
C 176 9
C 177 10
C 178 14
C 179 18
C 180 18
C 181 6
C 182 6
C 183 3
C 184 8
C 185 19
C 186 6
C 187 20
C 188 10
C 189 26
C 190 20
C 191 7
C 192 14
C 193 20
C 194 20
C 195 4
C 196 22
C 197 5
C 198 26
C 199 16
C 200 5
C 201 1
C 202 1
C 203 19
C 204 4
C 205 22
C 206 0
C 207 3
C 208 18
C 209 20
C 210 18
C 211 20
C 212 2
C 213 0
C 214 14
C 215 15
C 216 3
C 217 26
C 218 11
C 219 9
C 220 0
C 221 14
C 222 5
C 223 10
C 224 3
C 225 18
C 226 19
C 227 18
C 228 5
C 229 11
C 230 11
C 231 6
C 232 3
C 233 1
C 234 22
C 235 8
C 236 3
C 237 10
C 238 20
C 239 7
C 240 10
C 241 21
C 242 20
C 243 21
C 244 23
C 245 19
C 246 22
C 247 2
C 248 20
C 249 19
C 250 1
C 251 7
C 252 24
C 253 12
C 254 6
C 255 5
C 256 6
C 257 6
C 258 19
C 259 14
C 260 11
C 261 26
C 262 23
C 263 9
C 264 16
C 265 22
C 266 1
C 267 21
C 268 4
C 269 1
I 0 1 9 (2,4,3) (-1,-1,0,0)|(1,-1,-1,0)|(1,-1,1,0)|(1,-1,0,0)
I 4 1 8 (3,0,5) (0,-1,-1,0)|(0,-1,-1,0)|(-1,1,1,0)
