D (9,-1,-1) (1,5,2)
D (8,3,-1) (4,5,4)
D (7,-1,-1) (4,4,1)
D (9,-1,-1) (4,0,4)
D (3,-1,-1) (1,0,0)
D (8,-1,-1) (3,4,4)
D (8,3,9) (2,4,3)
D (6,7,-1) (1,5,5)
D (9,-1,-1) (1,3,0)
D (9,-1,-1) (5,4,0)
D (6,7,-1) (2,1,2)
D (6,7,-1) (5,5,3)
D (6,7,8) (4,1,3)
D (7,8,3) (2,1,3)
D (8,3,9) (4,1,4)
D (7,8,3) (2,5,5)
D (8,3,-1) (0,5,5)
D (9,-1,-1) (4,0,1)
D (3,9,-1) (0,3,5)
D (7,-1,-1) (0,0,0)
D (8,3,-1) (4,5,2)
D (3,-1,-1) (1,0,1)
D (9,-1,-1) (5,3,5)
D (3,-1,-1) (2,5,0)
D (3,-1,-1) (2,1,1)
D (7,8,-1) (1,1,5)
D (3,-1,-1) (2,4,4)
D (9,-1,-1) (1,5,3)
D (3,9,-1) (3,3,5)
D (3,-1,-1) (4,2,4)
D (6,7,8) (5,5,5)
D (3,-1,-1) (4,5,1)
D (7,8,-1) (4,4,4)
D (9,-1,-1) (3,3,1)
D (7,8,3) (4,2,2)
D (6,7,-1) (5,5,1)
D (6,-1,-1) (2,0,1)
D (8,3,9) (5,4,3)
D (7,8,-1) (1,2,5)
D (6,7,-1) (2,0,4)
D (9,-1,-1) (1,0,3)
D (3,9,-1) (0,5,4)
C 0 26
C 1 11
C 2 17
C 3 21
C 4 12
C 5 4
C 6 10
C 7 10
C 8 14
C 9 25
C 10 23
C 11 20
C 12 3
C 13 19
C 14 0
C 15 23
C 16 2
C 17 3
C 18 4
C 19 6
C 20 17
C 21 20
C 22 11
C 23 1
C 24 9
C 25 0
C 26 0
C 27 0
C 28 0
C 29 0
C 30 0
C 31 0
C 32 0
C 33 0
C 34 0
C 35 0
C 36 0
C 37 0
C 38 0
C 39 0
C 40 0
C 41 0
C 42 0
C 43 0
C 44 0
C 45 0
C 46 0
C 47 0
C 48 0
C 49 0
C 50 0
C 51 0
C 52 0
C 53 0
C 54 0
C 55 0
C 56 0
C 57 0
C 58 0
C 59 0
C 60 0
C 61 0
C 62 0
C 63 0
C 64 0
C 65 0
C 66 0
C 67 0
C 68 0
C 69 0
C 70 0
C 71 0
C 72 0
C 73 0
C 74 0
C 75 0
C 76 0
C 77 0
C 78 0
C 79 0
C 80 0
C 81 0
C 82 0
C 83 0
C 84 0
C 85 0
C 86 0
C 87 0
C 88 0
C 89 0
C 90 0
C 91 0
C 92 0
C 93 0
C 94 0
C 95 0
C 96 0
C 97 0
C 98 0
C 99 0
C 100 0
C 101 0
C 102 0
C 103 0
C 104 0
C 105 0
C 106 0
C 107 0
C 108 25
C 109 19
C 110 22
C 111 6
C 112 20
C 113 6
C 114 11
C 115 20
C 116 25
C 117 4
C 118 4
C 119 24
C 120 0
C 121 4
C 122 14
C 123 22
C 124 26
C 125 17
C 126 11
C 127 1
C 128 26
C 129 0
C 130 1
C 131 6
C 132 0
C 133 0
C 134 14
C 135 25
C 136 17
C 137 9
C 138 26
C 139 23
C 140 24
C 141 9
C 142 11
C 143 10
C 144 15
C 145 0
C 146 14
C 147 1
C 148 9
C 149 23
C 150 9
C 151 19
C 152 11
C 153 8
C 154 4
C 155 1
C 156 8
C 157 9
C 158 17
C 159 26
C 160 10
C 161 16
C 162 23
C 163 16
C 164 0
C 165 11
C 166 14
C 167 14
C 168 16
C 169 14
C 170 22
C 171 7
C 172 14
C 173 16
C 174 14
C 175 4
C 176 4
C 177 3
C 178 9
C 179 0
C 180 0
C 181 11
C 182 4
C 183 2
C 184 19
C 185 20
C 186 9
C 187 15
C 188 26
C 189 4
C 190 9
C 191 1
C 192 22
C 193 12
C 194 20
C 195 26
C 196 7
C 197 16
C 198 25
C 199 9
C 200 9
C 201 4
C 202 24
C 203 18
C 204 14
C 205 5
C 206 15
C 207 12
C 208 8
C 209 6
C 210 19
C 211 24
C 212 26
C 213 3
C 214 7
C 215 4
C 216 11
C 217 1
C 218 2
C 219 19
C 220 11
C 221 8
C 222 7
C 223 26
C 224 15
C 225 20
C 226 9
C 227 24
C 228 22
C 229 25
C 230 15
C 231 11
C 232 3
C 233 23
C 234 15
C 235 4
C 236 25
C 237 10
C 238 16
C 239 26
C 240 8
C 241 10
C 242 11
C 243 18
C 244 7
C 245 20
C 246 7
C 247 19
C 248 5
C 249 24
C 250 6
C 251 19
C 252 14
C 253 16
C 254 25
C 255 24
C 256 8
C 257 26
C 258 0
C 259 5
C 260 22
C 261 5
C 262 10
C 263 25
C 264 10
C 265 9
C 266 5
C 267 3
C 268 6
C 269 2
I 0 3 14 (1,3,3) (0,1,1,0)
I 5 2 13 (5,3,1) (0,-1,1,0)
