D (7,8,-1) (0,4,5)
D (7,8,3) (5,3,5)
D (3,9,-1) (1,5,4)
D (6,-1,-1) (1,4,2)
D (3,9,-1) (0,2,3)
D (7,8,3) (4,4,5)
D (6,-1,-1) (0,5,0)
D (6,7,-1) (1,1,4)
D (7,8,3) (5,0,0)
D (8,-1,-1) (1,0,5)
D (8,3,9) (3,3,0)
D (6,-1,-1) (5,3,1)
D (8,3,9) (1,0,1)
D (6,7,8) (4,4,2)
D (7,8,-1) (3,5,5)
D (3,9,-1) (1,3,5)
D (8,-1,-1) (2,1,4)
D (3,9,-1) (4,3,4)
D (9,-1,-1) (4,5,2)
D (6,7,8) (4,3,1)
D (9,-1,-1) (1,5,5)
D (6,7,8) (3,0,3)
D (7,8,-1) (3,3,1)
D (8,3,-1) (5,1,1)
D (7,8,-1) (4,0,1)
D (7,-1,-1) (3,1,2)
D (9,-1,-1) (4,1,2)
D (9,-1,-1) (5,5,1)
D (3,9,-1) (4,4,0)
D (6,7,-1) (0,0,0)
D (3,-1,-1) (5,1,4)
D (7,8,3) (2,1,1)
D (8,-1,-1) (0,4,1)
D (7,8,-1) (3,0,0)
D (3,-1,-1) (3,4,0)
D (9,-1,-1) (4,1,5)
D (9,-1,-1) (1,2,5)
D (3,9,-1) (0,0,4)
D (6,-1,-1) (1,0,2)
D (8,-1,-1) (3,5,0)
D (9,-1,-1) (2,0,2)
C 0 9
C 1 24
C 2 14
C 3 19
C 4 10
C 5 17
C 6 5
C 7 2
C 8 2
C 9 19
C 10 26
C 11 22
C 12 4
C 13 17
C 14 20
C 15 0
C 16 4
C 17 24
C 18 24
C 19 24
C 20 0
C 21 4
C 22 12
C 23 24
C 24 22
C 25 17
C 26 22
C 27 4
C 28 6
C 29 23
C 30 7
C 31 6
C 32 15
C 33 23
C 34 12
C 35 6
C 36 21
C 37 18
C 38 9
C 39 9
C 40 24
C 41 26
C 42 26
C 43 22
C 44 21
C 45 0
C 46 12
C 47 10
C 48 4
C 49 17
C 50 23
C 51 20
C 52 16
C 53 5
C 54 20
C 55 15
C 56 12
C 57 17
C 58 2
C 59 0
C 60 4
C 61 16
C 62 7
C 63 9
C 64 1
C 65 23
C 66 15
C 67 8
C 68 18
C 69 19
C 70 24
C 71 5
C 72 26
C 73 20
C 74 4
C 75 5
C 76 6
C 77 16
C 78 22
C 79 16
C 80 3
C 81 12
C 82 18
C 83 12
C 84 12
C 85 12
C 86 3
C 87 6
C 88 9
C 89 16
C 90 11
C 91 16
C 92 24
C 93 8
C 94 15
C 95 23
C 96 25
C 97 10
C 98 11
C 99 10
C 100 0
C 101 0
C 102 0
C 103 0
C 104 0
C 105 0
C 106 0
C 107 0
C 108 0
C 109 0
C 110 0
C 111 0
C 112 0
C 113 0
C 114 0
C 115 0
C 116 0
C 117 0
C 118 10
C 119 0
C 120 0
C 121 0
C 122 0
C 123 0
C 124 0
C 125 0
C 126 0
C 127 0
C 128 0
C 129 0
C 130 0
C 131 0
C 132 0
C 133 0
C 134 0
C 135 0
C 136 0
C 137 0
C 138 0
C 139 16
C 140 6
C 141 10
C 142 16
C 143 21
C 144 17
C 145 11
C 146 8
C 147 15
C 148 26
C 149 20
C 150 3
C 151 8
C 152 8
C 153 20
C 154 15
C 155 26
C 156 1
C 157 0
C 158 11
C 159 18
C 160 2
C 161 19
C 162 20
C 163 20
C 164 10
C 165 15
C 166 17
C 167 24
C 168 4
C 169 4
C 170 0
C 171 5
C 172 10
C 173 20
C 174 24
C 175 14
C 176 25
C 177 19
C 178 15
C 179 8
C 180 5
C 181 10
C 182 23
C 183 18
C 184 14
C 185 0
C 186 0
C 187 0
C 188 0
C 189 0
C 190 0
C 191 0
C 192 0
C 193 0
C 194 0
C 195 0
C 196 0
C 197 18
C 198 4
C 199 2
C 200 23
C 201 6
C 202 22
C 203 1
C 204 3
C 205 15
C 206 16
C 207 11
C 208 24
C 209 16
C 210 0
C 211 7
C 212 6
C 213 12
C 214 8
C 215 5
C 216 17
C 217 1
C 218 4
C 219 10
C 220 20
C 221 8
C 222 11
C 223 17
C 224 9
C 225 10
C 226 5
C 227 8
C 228 26
C 229 8
C 230 4
C 231 1
C 232 6
C 233 4
C 234 11
C 235 21
C 236 21
C 237 1
C 238 9
C 239 25
C 240 3
C 241 15
C 242 1
C 243 0
C 244 1
C 245 18
C 246 6
C 247 10
C 248 10
C 249 5
C 250 10
C 251 16
C 252 12
C 253 21
C 254 7
C 255 9
C 256 10
C 257 20
C 258 16
C 259 18
C 260 10
C 261 3
C 262 14
C 263 17
C 264 0
C 265 15
C 266 10
C 267 18
C 268 16
C 269 26
I 0 1 16 (5,1,4) (-1,0,-1,0)|(0,1,1,0)
I 3 3 8 (4,3,3) (1,1,-1,0)|(1,-1,1,0)
I 1 2 15 (5,1,5) (0,1,-1,0)
