D (3,9,-1) (5,3,5)
D (8,-1,-1) (0,3,3)
D (3,9,-1) (3,5,2)
D (8,3,9) (1,1,0)
D (3,9,-1) (0,4,1)
D (9,-1,-1) (4,5,3)
D (9,-1,-1) (3,3,1)
D (8,3,-1) (3,2,5)
D (7,-1,-1) (2,5,4)
D (7,8,3) (2,5,3)
D (7,8,3) (5,5,2)
D (9,-1,-1) (1,1,3)
D (3,9,-1) (5,4,5)
D (9,-1,-1) (3,5,0)
D (3,-1,-1) (4,2,5)
D (9,-1,-1) (2,2,0)
D (7,8,3) (2,5,1)
D (8,3,9) (4,0,4)
D (7,-1,-1) (1,4,4)
D (9,-1,-1) (3,5,3)
D (8,3,-1) (4,5,5)
D (3,9,-1) (4,5,0)
D (7,8,-1) (4,2,0)
D (3,-1,-1) (3,0,4)
D (6,7,-1) (3,3,4)
D (3,-1,-1) (5,3,4)
D (8,-1,-1) (1,3,2)
D (8,-1,-1) (1,4,5)
D (7,-1,-1) (0,2,5)
D (9,-1,-1) (0,5,2)
D (6,7,8) (0,5,1)
D (3,9,-1) (5,5,1)
C 0 26
C 1 6
C 2 26
C 3 23
C 4 16
C 5 10
C 6 20
C 7 10
C 8 0
C 9 25
C 10 15
C 11 14
C 12 20
C 13 4
C 14 23
C 15 26
C 16 12
C 17 0
C 18 25
C 19 14
C 20 19
C 21 3
C 22 8
C 23 0
C 24 6
C 25 5
C 26 3
C 27 14
C 28 19
C 29 19
C 30 2
C 31 4
C 32 1
C 33 0
C 34 16
C 35 26
C 36 3
C 37 4
C 38 14
C 39 11
C 40 4
C 41 24
C 42 14
C 43 10
C 44 6
C 45 3
C 46 2
C 47 25
C 48 8
C 49 11
C 50 3
C 51 14
C 52 19
C 53 9
C 54 25
C 55 23
C 56 24
C 57 9
C 58 14
C 59 24
C 60 26
C 61 16
C 62 11
C 63 19
C 64 7
C 65 5
C 66 17
C 67 5
C 68 7
C 69 14
C 70 19
C 71 4
C 72 7
C 73 11
C 74 10
C 75 24
C 76 22
C 77 4
C 78 20
C 79 3
C 80 18
C 81 5
C 82 20
C 83 23
C 84 1
C 85 17
C 86 25
C 87 20
C 88 8
C 89 14
C 90 14
C 91 4
C 92 8
C 93 3
C 94 9
C 95 10
C 96 20
C 97 16
C 98 2
C 99 22
C 100 24
C 101 22
C 102 17
C 103 9
C 104 22
C 105 19
C 106 21
C 107 7
C 108 18
C 109 25
C 110 12
C 111 9
C 112 6
C 113 14
C 114 16
C 115 16
C 116 8
C 117 0
C 118 5
C 119 2
C 120 25
C 121 7
C 122 23
C 123 14
C 124 16
C 125 26
C 126 2
C 127 15
C 128 22
C 129 10
C 130 12
C 131 8
C 132 16
C 133 25
C 134 0
C 135 23
C 136 4
C 137 3
C 138 21
C 139 18
C 140 1
C 141 22
C 142 4
C 143 17
C 144 11
C 145 8
C 146 4
C 147 0
C 148 19
C 149 25
C 150 24
C 151 11
C 152 14
C 153 1
C 154 25
C 155 16
C 156 26
C 157 5
C 158 22
C 159 1
C 160 0
C 161 25
C 162 26
C 163 8
C 164 0
C 165 2
C 166 0
C 167 16
C 168 24
C 169 15
C 170 0
C 171 8
C 172 24
C 173 20
C 174 15
C 175 26
C 176 4
C 177 17
C 178 14
C 179 21
C 180 14
C 181 22
C 182 21
C 183 8
C 184 9
C 185 2
C 186 22
C 187 9
C 188 16
C 189 25
C 190 1
C 191 11
C 192 2
C 193 6
C 194 1
C 195 24
C 196 20
C 197 24
C 198 4
C 199 2
C 200 19
C 201 22
C 202 6
C 203 11
C 204 21
C 205 26
C 206 26
C 207 16
C 208 14
C 209 16
C 210 24
C 211 7
C 212 24
C 213 20
C 214 7
C 215 3
C 216 14
C 217 10
C 218 7
C 219 1
C 220 24
C 221 19
C 222 2
C 223 1
C 224 15
C 225 24
C 226 21
C 227 25
C 228 5
C 229 23
C 230 0
C 231 12
C 232 19
C 233 11
C 234 10
C 235 9
C 236 26
C 237 14
C 238 20
C 239 19
C 240 0
C 241 0
C 242 0
C 243 0
C 244 0
C 245 0
C 246 0
C 247 0
C 248 0
C 249 0
C 250 0
C 251 0
C 252 0
C 253 0
C 254 0
C 255 0
C 256 0
C 257 0
C 258 0
C 259 0
C 260 0
C 261 0
C 262 0
C 263 0
C 264 0
C 265 0
C 266 19
C 267 19
C 268 2
C 269 0
I 5 3 16 (2,1,1) (-1,-1,1,0)
I 2 1 18 (1,0,2) (0,-1,0,0)
I 0 1 16 (1,2,1) (0,1,0,0)|(0,1,-1,0)|(-1,0,1,0)|(1,-1,-1,0)
