D (7,8,3) (5,3,1)
D (7,-1,-1) (3,4,4)
D (9,-1,-1) (3,0,5)
D (9,-1,-1) (5,0,2)
D (8,3,-1) (4,2,1)
D (3,9,-1) (4,0,3)
D (7,8,3) (1,2,2)
D (3,9,-1) (5,1,0)
D (6,7,8) (5,2,2)
D (9,-1,-1) (4,1,3)
D (3,9,-1) (5,4,0)
D (3,9,-1) (3,2,4)
D (9,-1,-1) (1,3,2)
D (8,3,9) (3,1,0)
D (3,9,-1) (4,3,0)
D (6,7,-1) (3,4,0)
D (7,-1,-1) (1,0,3)
D (8,3,9) (2,1,0)
D (6,-1,-1) (3,5,0)
D (9,-1,-1) (2,5,4)
D (6,7,8) (5,4,1)
D (8,-1,-1) (2,2,0)
D (6,7,8) (3,3,4)
D (8,3,-1) (0,1,0)
D (8,3,-1) (2,0,2)
D (7,8,3) (5,2,4)
D (3,-1,-1) (4,0,4)
D (3,-1,-1) (0,1,1)
D (3,9,-1) (2,0,0)
D (6,7,8) (4,3,2)
D (9,-1,-1) (1,3,4)
D (3,9,-1) (1,1,4)
D (6,7,-1) (5,0,1)
D (3,9,-1) (0,5,0)
D (7,8,3) (4,5,3)
D (7,-1,-1) (5,1,5)
D (9,-1,-1) (0,3,4)
D (9,-1,-1) (4,5,0)
D (6,7,-1) (3,5,3)
D (6,-1,-1) (0,0,3)
D (6,-1,-1) (1,2,4)
D (9,-1,-1) (3,3,5)
D (7,8,3) (5,2,3)
D (6,-1,-1) (0,4,2)
D (7,8,-1) (4,0,1)
C 0 11
C 1 22
C 2 3
C 3 17
C 4 18
C 5 23
C 6 8
C 7 5
C 8 19
C 9 11
C 10 24
C 11 23
C 12 11
C 13 3
C 14 18
C 15 21
C 16 24
C 17 22
C 18 23
C 19 4
C 20 8
C 21 18
C 22 7
C 23 14
C 24 19
C 25 24
C 26 21
C 27 7
C 28 16
C 29 9
C 30 5
C 31 17
C 32 18
C 33 24
C 34 21
C 35 0
C 36 0
C 37 0
C 38 0
C 39 0
C 40 0
C 41 0
C 42 0
C 43 0
C 44 0
C 45 0
C 46 0
C 47 0
C 48 0
C 49 0
C 50 0
C 51 0
C 52 0
C 53 0
C 54 0
C 55 0
C 56 0
C 57 0
C 58 0
C 59 0
C 60 0
C 61 0
C 62 0
C 63 0
C 64 0
C 65 0
C 66 0
C 67 0
C 68 0
C 69 0
C 70 0
C 71 0
C 72 19
C 73 15
C 74 14
C 75 10
C 76 7
C 77 21
C 78 26
C 79 7
C 80 15
C 81 12
C 82 6
C 83 15
C 84 16
C 85 9
C 86 12
C 87 23
C 88 23
C 89 25
C 90 0
C 91 15
C 92 10
C 93 20
C 94 4
C 95 7
C 96 3
C 97 6
C 98 0
C 99 22
C 100 8
C 101 25
C 102 9
C 103 11
C 104 19
C 105 14
C 106 25
C 107 19
C 108 19
C 109 3
C 110 25
C 111 21
C 112 24
C 113 1
C 114 22
C 115 17
C 116 9
C 117 22
C 118 21
C 119 7
C 120 18
C 121 21
C 122 4
C 123 9
C 124 1
C 125 4
C 126 7
C 127 15
C 128 10
C 129 0
C 130 9
C 131 7
C 132 7
C 133 0
C 134 14
C 135 10
C 136 21
C 137 1
C 138 22
C 139 0
C 140 0
C 141 24
C 142 24
C 143 25
C 144 16
C 145 24
C 146 0
C 147 4
C 148 20
C 149 0
C 150 5
C 151 5
C 152 9
C 153 2
C 154 0
C 155 0
C 156 0
C 157 0
C 158 0
C 159 0
C 160 0
C 161 0
C 162 0
C 163 0
C 164 0
C 165 0
C 166 0
C 167 0
C 168 0
C 169 0
C 170 0
C 171 0
C 172 0
C 173 0
C 174 0
C 175 0
C 176 0
C 177 0
C 178 0
C 179 0
C 180 0
C 181 0
C 182 0
C 183 0
C 184 0
C 185 0
C 186 0
C 187 0
C 188 0
C 189 0
C 190 0
C 191 0
C 192 0
C 193 0
C 194 0
C 195 0
C 196 0
C 197 0
C 198 0
C 199 0
C 200 0
C 201 0
C 202 0
C 203 0
C 204 0
C 205 0
C 206 0
C 207 0
C 208 0
C 209 0
C 210 0
C 211 0
C 212 0
C 213 0
C 214 0
C 215 0
C 216 0
C 217 0
C 218 0
C 219 0
C 220 0
C 221 0
C 222 0
C 223 0
C 224 0
C 225 0
C 226 0
C 227 0
C 228 0
C 229 0
C 230 0
C 231 0
C 232 0
C 233 0
C 234 0
C 235 0
C 236 0
C 237 0
C 238 0
C 239 0
C 240 0
C 241 0
C 242 0
C 243 0
C 244 0
C 245 0
C 246 0
C 247 0
C 248 0
C 249 0
C 250 0
C 251 0
C 252 0
C 253 0
C 254 0
C 255 0
C 256 0
C 257 0
C 258 0
C 259 0
C 260 0
C 261 0
C 262 0
C 263 21
C 264 21
C 265 8
C 266 12
C 267 15
C 268 6
C 269 12
I 1 3 11 (2,1,5) (-1,1,0,0)|(1,-1,0,0)
I 4 1 4 (2,5,4) (0,1,0,0)
I 0 1 14 (5,4,3) (-1,-1,0,0)|(1,0,-1,0)
