D (3,9,-1) (1,1,3)
D (8,3,9) (3,2,0)
D (9,-1,-1) (0,5,1)
D (3,9,-1) (2,3,4)
D (6,7,8) (5,2,4)
D (6,7,8) (2,2,4)
D (9,-1,-1) (2,1,5)
D (6,7,-1) (0,1,3)
D (6,7,-1) (2,3,0)
D (6,-1,-1) (3,2,2)
D (7,-1,-1) (4,0,2)
D (6,7,8) (1,2,1)
D (3,9,-1) (0,2,5)
D (9,-1,-1) (3,0,2)
D (9,-1,-1) (2,2,3)
D (9,-1,-1) (3,5,1)
D (7,-1,-1) (2,5,5)
D (9,-1,-1) (1,3,0)
D (8,-1,-1) (0,4,5)
D (3,9,-1) (4,0,3)
D (9,-1,-1) (4,5,2)
D (7,-1,-1) (1,5,1)
D (7,-1,-1) (2,4,5)
D (6,7,-1) (1,0,1)
D (8,3,-1) (4,2,2)
D (8,3,9) (2,4,4)
D (9,-1,-1) (2,4,2)
D (9,-1,-1) (4,3,3)
D (9,-1,-1) (0,2,4)
D (9,-1,-1) (0,0,4)
D (9,-1,-1) (1,5,2)
D (6,7,-1) (5,3,3)
D (3,-1,-1) (2,2,1)
D (6,7,8) (4,5,3)
C 0 12
C 1 3
C 2 15
C 3 14
C 4 17
C 5 23
C 6 3
C 7 21
C 8 7
C 9 11
C 10 26
C 11 12
C 12 6
C 13 23
C 14 0
C 15 5
C 16 15
C 17 24
C 18 14
C 19 17
C 20 21
C 21 10
C 22 17
C 23 9
C 24 9
C 25 12
C 26 21
C 27 16
C 28 22
C 29 20
C 30 14
C 31 7
C 32 10
C 33 22
C 34 15
C 35 0
C 36 18
C 37 0
C 38 5
C 39 3
C 40 7
C 41 8
C 42 23
C 43 0
C 44 11
C 45 26
C 46 9
C 47 0
C 48 2
C 49 24
C 50 15
C 51 26
C 52 8
C 53 14
C 54 10
C 55 7
C 56 1
C 57 26
C 58 2
C 59 0
C 60 0
C 61 0
C 62 0
C 63 0
C 64 0
C 65 0
C 66 0
C 67 0
C 68 0
C 69 0
C 70 0
C 71 0
C 72 0
C 73 0
C 74 0
C 75 0
C 76 0
C 77 0
C 78 0
C 79 0
C 80 0
C 81 0
C 82 0
C 83 0
C 84 0
C 85 0
C 86 0
C 87 0
C 88 0
C 89 0
C 90 0
C 91 0
C 92 0
C 93 0
C 94 0
C 95 0
C 96 0
C 97 0
C 98 0
C 99 0
C 100 0
C 101 0
C 102 0
C 103 0
C 104 0
C 105 0
C 106 0
C 107 0
C 108 0
C 109 0
C 110 0
C 111 0
C 112 0
C 113 0
C 114 0
C 115 0
C 116 0
C 117 0
C 118 0
C 119 0
C 120 0
C 121 0
C 122 0
C 123 0
C 124 0
C 125 0
C 126 0
C 127 0
C 128 0
C 129 0
C 130 0
C 131 0
C 132 0
C 133 0
C 134 0
C 135 0
C 136 0
C 137 0
C 138 0
C 139 0
C 140 0
C 141 0
C 142 0
C 143 0
C 144 0
C 145 0
C 146 0
C 147 0
C 148 0
C 149 0
C 150 0
C 151 0
C 152 0
C 153 0
C 154 0
C 155 0
C 156 0
C 157 0
C 158 0
C 159 0
C 160 0
C 161 0
C 162 0
C 163 0
C 164 0
C 165 7
C 166 7
C 167 8
C 168 6
C 169 3
C 170 6
C 171 0
C 172 10
C 173 19
C 174 0
C 175 11
C 176 0
C 177 4
C 178 19
C 179 3
C 180 22
C 181 7
C 182 1
C 183 3
C 184 21
C 185 25
C 186 10
C 187 18
C 188 17
C 189 22
C 190 0
C 191 0
C 192 0
C 193 0
C 194 0
C 195 0
C 196 0
C 197 0
C 198 0
C 199 0
C 200 0
C 201 0
C 202 0
C 203 0
C 204 0
C 205 0
C 206 0
C 207 0
C 208 0
C 209 0
C 210 0
C 211 0
C 212 0
C 213 0
C 214 0
C 215 0
C 216 0
C 217 0
C 218 0
C 219 0
C 220 0
C 221 20
C 222 17
C 223 4
C 224 24
C 225 23
C 226 25
C 227 21
C 228 7
C 229 4
C 230 1
C 231 25
C 232 5
C 233 21
C 234 10
C 235 24
C 236 18
C 237 20
C 238 23
C 239 25
C 240 9
C 241 9
C 242 26
C 243 17
C 244 14
C 245 6
C 246 26
C 247 20
C 248 12
C 249 19
C 250 3
C 251 10
C 252 1
C 253 21
C 254 1
C 255 22
C 256 1
C 257 25
C 258 20
C 259 10
C 260 1
C 261 23
C 262 17
C 263 6
C 264 3
C 265 21
C 266 22
C 267 26
C 268 16
C 269 4
I 4 1 18 (2,1,4) (0,1,0,0)|(-1,0,-1,0)|(0,-1,-1,0)|(1,1,-1,0)
I 1 1 16 (5,5,4) (1,1,0,0)|(0,0,1,0)
I 1 1 1 (0,3,0) (0,1,0,0)|(0,-1,0,0)
