D (9,-1,-1) (3,4,0)
D (9,-1,-1) (3,3,4)
D (8,3,9) (1,4,3)
D (7,8,3) (4,4,4)
D (3,9,-1) (0,5,4)
D (9,-1,-1) (0,2,2)
D (7,-1,-1) (5,2,2)
D (6,-1,-1) (2,5,4)
D (9,-1,-1) (4,1,1)
D (8,3,-1) (0,4,1)
D (8,-1,-1) (3,1,0)
D (9,-1,-1) (3,2,1)
D (9,-1,-1) (5,5,4)
D (9,-1,-1) (1,3,1)
D (8,3,-1) (4,3,1)
D (8,3,9) (3,5,1)
D (7,8,-1) (1,0,5)
D (8,3,9) (3,1,4)
D (8,3,-1) (1,5,3)
D (3,9,-1) (4,2,2)
D (8,-1,-1) (5,3,4)
D (9,-1,-1) (5,3,3)
D (8,3,9) (1,0,0)
D (7,8,-1) (2,1,3)
D (3,-1,-1) (3,3,2)
D (7,8,3) (3,5,2)
D (6,7,-1) (3,4,5)
D (6,-1,-1) (0,0,5)
D (8,-1,-1) (1,5,0)
D (7,8,-1) (4,0,0)
D (8,3,9) (5,1,0)
D (7,-1,-1) (2,2,0)
D (8,3,-1) (3,1,3)
D (8,3,9) (0,1,4)
D (7,-1,-1) (4,4,3)
D (6,7,8) (4,4,1)
D (6,-1,-1) (0,5,1)
D (6,7,8) (5,3,2)
D (9,-1,-1) (1,4,5)
D (9,-1,-1) (4,3,4)
D (3,-1,-1) (0,2,3)
D (9,-1,-1) (2,4,1)
D (9,-1,-1) (3,1,2)
D (7,-1,-1) (1,3,0)
D (3,9,-1) (0,2,0)
D (9,-1,-1) (4,2,0)
D (6,-1,-1) (5,3,5)
D (8,-1,-1) (0,3,3)
D (6,-1,-1) (4,0,3)
D (7,8,3) (3,2,0)
D (3,-1,-1) (3,2,2)
D (6,7,-1) (2,3,1)
D (8,3,-1) (2,4,4)
D (9,-1,-1) (4,4,2)
D (8,3,9) (2,5,1)
D (7,8,-1) (0,0,0)
D (6,7,8) (0,4,2)
D (7,-1,-1) (1,4,0)
D (6,-1,-1) (3,0,3)
D (6,7,-1) (5,0,4)
D (6,7,8) (3,5,0)
D (3,-1,-1) (0,0,3)
D (9,-1,-1) (5,5,1)
D (9,-1,-1) (4,2,5)
D (3,9,-1) (4,5,0)
D (8,3,-1) (0,2,5)
D (6,7,8) (0,5,0)
D (9,-1,-1) (3,0,0)
D (8,-1,-1) (2,1,1)
D (8,3,9) (5,0,5)
C 0 22
C 1 12
C 2 6
C 3 7
C 4 24
C 5 0
C 6 4
C 7 25
C 8 11
C 9 11
C 10 9
C 11 8
C 12 9
C 13 6
C 14 12
C 15 14
C 16 25
C 17 12
C 18 10
C 19 21
C 20 0
C 21 15
C 22 7
C 23 1
C 24 12
C 25 19
C 26 4
C 27 21
C 28 19
C 29 19
C 30 26
C 31 21
C 32 0
C 33 0
C 34 5
C 35 5
C 36 14
C 37 3
C 38 15
C 39 10
C 40 20
C 41 5
C 42 19
C 43 18
C 44 8
C 45 23
C 46 11
C 47 19
C 48 3
C 49 19
C 50 3
C 51 3
C 52 5
C 53 7
C 54 8
C 55 9
C 56 5
C 57 8
C 58 3
C 59 21
C 60 20
C 61 6
C 62 2
C 63 12
C 64 1
C 65 19
C 66 24
C 67 1
C 68 18
C 69 6
C 70 2
C 71 20
C 72 25
C 73 18
C 74 9
C 75 8
C 76 20
C 77 7
C 78 14
C 79 17
C 80 6
C 81 20
C 82 9
C 83 11
C 84 10
C 85 0
C 86 17
C 87 6
C 88 6
C 89 23
C 90 19
C 91 15
C 92 9
C 93 8
C 94 17
C 95 7
C 96 14
C 97 3
C 98 11
C 99 25
C 100 2
C 101 4
C 102 20
C 103 6
C 104 6
C 105 15
C 106 1
C 107 18
C 108 6
C 109 17
C 110 7
C 111 10
C 112 23
C 113 0
C 114 3
C 115 19
C 116 16
C 117 16
C 118 25
C 119 3
C 120 12
C 121 5
C 122 1
C 123 18
C 124 26
C 125 22
C 126 5
C 127 25
C 128 12
C 129 8
C 130 12
C 131 3
C 132 22
C 133 14
C 134 20
C 135 7
C 136 0
C 137 12
C 138 12
C 139 14
C 140 21
C 141 2
C 142 23
C 143 9
C 144 25
C 145 12
C 146 10
C 147 14
C 148 9
C 149 14
C 150 6
C 151 17
C 152 11
C 153 11
C 154 23
C 155 12
C 156 4
C 157 20
C 158 6
C 159 12
C 160 23
C 161 18
C 162 5
C 163 10
C 164 10
C 165 24
C 166 26
C 167 4
C 168 16
C 169 11
C 170 2
C 171 23
C 172 4
C 173 7
C 174 8
C 175 4
C 176 5
C 177 19
C 178 5
C 179 16
C 180 7
C 181 18
C 182 23
C 183 14
C 184 1
C 185 26
C 186 3
C 187 9
C 188 17
C 189 23
C 190 9
C 191 25
C 192 0
C 193 0
C 194 0
C 195 0
C 196 0
C 197 0
C 198 0
C 199 0
C 200 0
C 201 0
C 202 0
C 203 0
C 204 0
C 205 0
C 206 0
C 207 0
C 208 0
C 209 0
C 210 0
C 211 0
C 212 0
C 213 0
C 214 0
C 215 0
C 216 0
C 217 0
C 218 0
C 219 0
C 220 0
C 221 0
C 222 0
C 223 0
C 224 0
C 225 0
C 226 0
C 227 0
C 228 0
C 229 0
C 230 0
C 231 0
C 232 0
C 233 0
C 234 0
C 235 0
C 236 3
C 237 18
C 238 22
C 239 20
C 240 10
C 241 0
C 242 25
C 243 7
C 244 11
C 245 1
C 246 21
C 247 12
C 248 15
C 249 18
C 250 24
C 251 18
C 252 14
C 253 21
C 254 6
C 255 20
C 256 6
C 257 24
C 258 22
C 259 10
C 260 6
C 261 14
C 262 24
C 263 7
C 264 19
C 265 11
C 266 26
C 267 16
C 268 15
C 269 1
I 0 1 12 (1,3,5) (1,-1,0,0)|(1,0,-1,0)|(1,-1,0,0)|(0,-1,0,0)
I 5 2 17 (1,0,4) (1,1,0,0)|(1,-1,0,0)|(0,0,1,0)
I 5 3 13 (5,0,5) (1,0,1,0)|(1,1,1,0)|(0,1,0,0)|(0,1,0,0)
