D (7,-1,-1) (4,3,2)
D (6,7,-1) (4,4,1)
D (9,-1,-1) (1,1,3)
D (6,-1,-1) (2,2,3)
D (6,-1,-1) (2,5,4)
D (3,9,-1) (4,2,5)
D (8,-1,-1) (3,2,5)
D (8,3,-1) (1,0,1)
D (6,-1,-1) (5,4,3)
D (8,3,-1) (0,0,3)
D (7,-1,-1) (5,5,3)
D (6,-1,-1) (1,0,5)
D (9,-1,-1) (1,5,1)
D (9,-1,-1) (4,1,0)
D (6,7,-1) (0,5,1)
D (3,9,-1) (4,5,0)
D (7,-1,-1) (4,0,0)
D (3,9,-1) (4,0,2)
D (3,-1,-1) (3,0,1)
D (3,9,-1) (0,3,4)
D (8,-1,-1) (3,0,0)
D (8,3,9) (5,1,3)
D (8,3,-1) (5,0,1)
D (7,8,-1) (2,4,3)
D (9,-1,-1) (2,2,4)
D (6,7,8) (0,4,0)
D (9,-1,-1) (3,5,4)
D (9,-1,-1) (1,0,4)
D (3,9,-1) (3,4,2)
D (9,-1,-1) (3,0,5)
D (7,8,-1) (2,1,3)
D (6,7,8) (4,5,5)
D (8,3,9) (0,2,3)
D (6,7,8) (2,5,0)
D (6,7,8) (3,1,1)
C 0 21
C 1 24
C 2 26
C 3 22
C 4 9
C 5 24
C 6 3
C 7 6
C 8 10
C 9 23
C 10 15
C 11 25
C 12 21
C 13 11
C 14 8
C 15 0
C 16 17
C 17 9
C 18 0
C 19 0
C 20 0
C 21 0
C 22 0
C 23 26
C 24 16
C 25 0
C 26 22
C 27 16
C 28 21
C 29 0
C 30 0
C 31 0
C 32 0
C 33 0
C 34 0
C 35 0
C 36 0
C 37 0
C 38 0
C 39 0
C 40 0
C 41 0
C 42 0
C 43 0
C 44 0
C 45 0
C 46 0
C 47 0
C 48 0
C 49 0
C 50 0
C 51 0
C 52 0
C 53 0
C 54 0
C 55 0
C 56 0
C 57 0
C 58 0
C 59 0
C 60 0
C 61 0
C 62 0
C 63 0
C 64 0
C 65 0
C 66 0
C 67 0
C 68 0
C 69 0
C 70 0
C 71 0
C 72 0
C 73 0
C 74 0
C 75 0
C 76 0
C 77 0
C 78 0
C 79 0
C 80 0
C 81 0
C 82 0
C 83 0
C 84 0
C 85 0
C 86 0
C 87 0
C 88 0
C 89 0
C 90 0
C 91 0
C 92 0
C 93 0
C 94 0
C 95 0
C 96 10
C 97 8
C 98 3
C 99 2
C 100 6
C 101 1
C 102 1
C 103 10
C 104 22
C 105 6
C 106 8
C 107 10
C 108 2
C 109 19
C 110 3
C 111 18
C 112 7
C 113 7
C 114 11
C 115 14
C 116 5
C 117 6
C 118 15
C 119 24
C 120 9
C 121 4
C 122 22
C 123 23
C 124 18
C 125 22
C 126 18
C 127 11
C 128 12
C 129 22
C 130 9
C 131 7
C 132 16
C 133 23
C 134 9
C 135 1
C 136 4
C 137 12
C 138 7
C 139 1
C 140 6
C 141 3
C 142 1
C 143 7
C 144 5
C 145 21
C 146 2
C 147 5
C 148 4
C 149 7
C 150 21
C 151 26
C 152 0
C 153 15
C 154 25
C 155 9
C 156 18
C 157 10
C 158 8
C 159 22
C 160 19
C 161 24
C 162 8
C 163 12
C 164 15
C 165 24
C 166 20
C 167 0
C 168 0
C 169 0
C 170 0
C 171 0
C 172 0
C 173 0
C 174 0
C 175 0
C 176 0
C 177 0
C 178 0
C 179 0
C 180 0
C 181 0
C 182 0
C 183 0
C 184 0
C 185 0
C 186 0
C 187 0
C 188 0
C 189 0
C 190 0
C 191 0
C 192 0
C 193 0
C 194 0
C 195 0
C 196 0
C 197 0
C 198 0
C 199 0
C 200 0
C 201 0
C 202 0
C 203 0
C 204 0
C 205 0
C 206 0
C 207 0
C 208 0
C 209 0
C 210 0
C 211 0
C 212 0
C 213 0
C 214 0
C 215 0
C 216 0
C 217 0
C 218 0
C 219 0
C 220 0
C 221 0
C 222 0
C 223 0
C 224 0
C 225 0
C 226 0
C 227 0
C 228 0
C 229 0
C 230 0
C 231 0
C 232 0
C 233 0
C 234 0
C 235 0
C 236 0
C 237 0
C 238 0
C 239 0
C 240 0
C 241 0
C 242 0
C 243 0
C 244 0
C 245 0
C 246 5
C 247 14
C 248 23
C 249 25
C 250 15
C 251 21
C 252 12
C 253 9
C 254 15
C 255 25
C 256 8
C 257 17
C 258 8
C 259 8
C 260 25
C 261 23
C 262 26
C 263 12
C 264 21
C 265 1
C 266 5
C 267 17
C 268 11
C 269 19
I 0 2 11 (1,3,2) (1,-1,0,0)|(-1,1,0,0)|(1,1,-1,0)
I 4 3 2 (0,0,1) (1,-1,-1,0)
I 4 1 16 (1,1,3) (-1,0,-1,0)
