D (6,7,8) (4,3,5)
D (9,-1,-1) (5,5,1)
D (7,8,3) (4,1,1)
D (8,-1,-1) (4,0,0)
D (3,9,-1) (5,1,0)
D (3,9,-1) (4,3,3)
D (9,-1,-1) (2,3,4)
D (8,3,-1) (1,1,2)
D (7,8,3) (3,5,5)
D (9,-1,-1) (3,5,1)
D (8,3,9) (4,2,1)
D (9,-1,-1) (5,4,3)
D (3,9,-1) (0,3,1)
D (3,9,-1) (2,0,2)
D (3,-1,-1) (2,2,5)
D (3,9,-1) (0,1,1)
D (7,8,3) (5,3,1)
D (7,8,-1) (5,4,0)
D (7,8,-1) (4,2,4)
D (8,3,-1) (2,4,3)
D (9,-1,-1) (2,5,2)
D (9,-1,-1) (1,3,4)
D (9,-1,-1) (4,5,1)
D (9,-1,-1) (5,5,0)
D (7,-1,-1) (4,0,2)
D (3,9,-1) (0,4,1)
D (7,-1,-1) (2,0,0)
D (8,3,9) (2,0,3)
D (3,-1,-1) (1,3,1)
D (7,8,-1) (4,3,1)
D (8,3,-1) (4,4,0)
D (8,3,9) (2,5,5)
D (7,-1,-1) (5,1,3)
D (6,7,-1) (3,3,1)
D (9,-1,-1) (5,5,5)
D (3,9,-1) (2,3,0)
D (7,8,-1) (0,3,4)
D (3,9,-1) (0,4,2)
D (3,-1,-1) (4,3,0)
D (6,7,8) (3,2,0)
D (9,-1,-1) (0,2,3)
D (8,3,-1) (2,1,5)
D (3,9,-1) (3,5,3)
D (3,9,-1) (2,0,5)
D (7,-1,-1) (5,2,3)
D (7,8,3) (3,1,1)
D (6,7,-1) (3,5,4)
D (9,-1,-1) (4,1,2)
D (9,-1,-1) (3,2,5)
D (6,7,-1) (3,1,0)
C 0 11
C 1 5
C 2 5
C 3 24
C 4 22
C 5 18
C 6 15
C 7 9
C 8 0
C 9 12
C 10 25
C 11 23
C 12 16
C 13 6
C 14 12
C 15 6
C 16 4
C 17 4
C 18 23
C 19 20
C 20 0
C 21 24
C 22 8
C 23 12
C 24 5
C 25 15
C 26 17
C 27 6
C 28 14
C 29 0
C 30 18
C 31 3
C 32 1
C 33 21
C 34 17
C 35 2
C 36 20
C 37 12
C 38 0
C 39 22
C 40 5
C 41 16
C 42 5
C 43 11
C 44 0
C 45 0
C 46 0
C 47 0
C 48 0
C 49 0
C 50 0
C 51 0
C 52 0
C 53 0
C 54 0
C 55 0
C 56 0
C 57 0
C 58 0
C 59 0
C 60 0
C 61 0
C 62 0
C 63 0
C 64 0
C 65 0
C 66 0
C 67 0
C 68 0
C 69 0
C 70 0
C 71 0
C 72 0
C 73 0
C 74 0
C 75 0
C 76 0
C 77 0
C 78 0
C 79 0
C 80 0
C 81 0
C 82 0
C 83 0
C 84 0
C 85 0
C 86 0
C 87 17
C 88 6
C 89 9
C 90 1
C 91 23
C 92 25
C 93 22
C 94 5
C 95 1
C 96 8
C 97 3
C 98 15
C 99 2
C 100 0
C 101 25
C 102 21
C 103 23
C 104 19
C 105 6
C 106 5
C 107 1
C 108 18
C 109 14
C 110 5
C 111 20
C 112 9
C 113 23
C 114 16
C 115 16
C 116 14
C 117 22
C 118 9
C 119 12
C 120 25
C 121 12
C 122 17
C 123 21
C 124 18
C 125 2
C 126 10
C 127 15
C 128 2
C 129 4
C 130 5
C 131 18
C 132 26
C 133 17
C 134 6
C 135 6
C 136 22
C 137 1
C 138 18
C 139 7
C 140 16
C 141 7
C 142 24
C 143 16
C 144 8
C 145 14
C 146 20
C 147 1
C 148 16
C 149 18
C 150 3
C 151 23
C 152 25
C 153 22
C 154 14
C 155 24
C 156 11
C 157 7
C 158 10
C 159 23
C 160 26
C 161 26
C 162 0
C 163 10
C 164 26
C 165 4
C 166 0
C 167 4
C 168 4
C 169 4
C 170 6
C 171 0
C 172 1
C 173 18
C 174 2
C 175 8
C 176 14
C 177 7
C 178 0
C 179 2
C 180 22
C 181 3
C 182 26
C 183 23
C 184 5
C 185 12
C 186 7
C 187 11
C 188 20
C 189 19
C 190 0
C 191 0
C 192 0
C 193 0
C 194 0
C 195 0
C 196 0
C 197 0
C 198 0
C 199 0
C 200 0
C 201 0
C 202 0
C 203 0
C 204 0
C 205 0
C 206 0
C 207 0
C 208 0
C 209 0
C 210 0
C 211 0
C 212 0
C 213 0
C 214 0
C 215 0
C 216 0
C 217 0
C 218 0
C 219 0
C 220 0
C 221 0
C 222 0
C 223 0
C 224 0
C 225 0
C 226 0
C 227 0
C 228 0
C 229 0
C 230 0
C 231 0
C 232 0
C 233 0
C 234 0
C 235 0
C 236 0
C 237 0
C 238 0
C 239 0
C 240 0
C 241 0
C 242 0
C 243 0
C 244 0
C 245 0
C 246 0
C 247 0
C 248 0
C 249 0
C 250 0
C 251 0
C 252 0
C 253 0
C 254 0
C 255 0
C 256 0
C 257 0
C 258 0
C 259 0
C 260 0
C 261 0
C 262 0
C 263 0
C 264 0
C 265 0
C 266 0
C 267 0
C 268 0
C 269 2
I 0 1 18 (2,5,0) (-1,0,-1,0)
I 5 1 6 (2,2,1) (1,0,0,0)|(1,-1,-1,0)
I 1 1 8 (3,2,2) (0,1,1,0)|(1,-1,1,0)
