D (6,7,8) (1,3,0)
D (6,-1,-1) (1,5,4)
D (6,-1,-1) (3,3,2)
D (9,-1,-1) (0,2,1)
D (9,-1,-1) (4,1,5)
D (7,8,3) (1,0,1)
D (8,3,9) (4,3,2)
D (3,9,-1) (5,4,4)
D (7,-1,-1) (2,0,0)
D (9,-1,-1) (4,4,4)
D (8,-1,-1) (3,5,0)
D (7,8,3) (5,0,0)
D (7,8,3) (0,4,5)
D (8,-1,-1) (3,0,1)
D (7,8,3) (4,4,5)
D (9,-1,-1) (3,3,4)
D (3,9,-1) (5,0,3)
D (8,3,9) (4,0,5)
D (7,8,3) (4,0,3)
D (6,-1,-1) (5,5,5)
D (9,-1,-1) (3,1,2)
D (3,-1,-1) (5,3,2)
D (3,9,-1) (1,1,3)
D (9,-1,-1) (0,0,4)
D (6,7,-1) (5,3,1)
D (3,9,-1) (2,3,3)
D (8,3,-1) (4,4,2)
D (6,7,8) (0,3,3)
D (3,9,-1) (1,5,1)
D (9,-1,-1) (3,3,1)
D (7,8,3) (0,3,1)
D (9,-1,-1) (0,1,5)
D (7,8,-1) (3,4,0)
D (8,3,9) (4,4,0)
D (7,-1,-1) (4,4,3)
D (7,8,3) (2,3,0)
D (7,8,-1) (1,4,2)
D (9,-1,-1) (5,3,4)
D (8,3,-1) (5,2,3)
D (3,9,-1) (0,4,2)
D (6,-1,-1) (0,2,2)
D (3,9,-1) (0,1,1)
D (7,-1,-1) (1,4,5)
D (3,9,-1) (3,2,4)
D (3,9,-1) (2,0,3)
D (6,7,-1) (0,0,3)
D (8,3,-1) (3,3,0)
D (8,3,-1) (3,5,2)
D (3,9,-1) (1,2,2)
D (7,8,3) (2,4,3)
D (7,8,-1) (4,3,3)
D (9,-1,-1) (2,5,1)
D (3,9,-1) (1,2,4)
D (8,-1,-1) (4,0,0)
D (9,-1,-1) (3,5,3)
D (8,3,-1) (2,4,5)
D (8,-1,-1) (1,5,0)
D (8,3,-1) (3,4,2)
D (9,-1,-1) (3,4,1)
D (6,-1,-1) (5,5,0)
D (8,-1,-1) (5,4,3)
D (3,9,-1) (4,3,5)
D (8,-1,-1) (1,1,0)
D (8,3,-1) (3,1,4)
D (6,-1,-1) (5,2,1)
D (8,-1,-1) (4,2,0)
D (6,-1,-1) (3,4,4)
D (8,-1,-1) (5,5,4)
C 0 16
C 1 20
C 2 19
C 3 4
C 4 10
C 5 4
C 6 20
C 7 0
C 8 24
C 9 5
C 10 18
C 11 14
C 12 24
C 13 17
C 14 15
C 15 12
C 16 2
C 17 19
C 18 14
C 19 25
C 20 22
C 21 5
C 22 3
C 23 21
C 24 0
C 25 22
C 26 23
C 27 8
C 28 0
C 29 15
C 30 22
C 31 23
C 32 12
C 33 4
C 34 2
C 35 14
C 36 2
C 37 8
C 38 18
C 39 21
C 40 4
C 41 24
C 42 24
C 43 5
C 44 3
C 45 23
C 46 23
C 47 11
C 48 11
C 49 9
C 50 14
C 51 21
C 52 23
C 53 14
C 54 22
C 55 20
C 56 0
C 57 24
C 58 19
C 59 18
C 60 12
C 61 1
C 62 16
C 63 0
C 64 16
C 65 18
C 66 12
C 67 3
C 68 4
C 69 0
C 70 11
C 71 22
C 72 10
C 73 2
C 74 23
C 75 3
C 76 26
C 77 11
C 78 7
C 79 12
C 80 23
C 81 11
C 82 10
C 83 9
C 84 2
C 85 6
C 86 15
C 87 14
C 88 24
C 89 19
C 90 24
C 91 0
C 92 7
C 93 10
C 94 20
C 95 1
C 96 21
C 97 24
C 98 15
C 99 25
C 100 16
C 101 21
C 102 17
C 103 12
C 104 24
C 105 8
C 106 26
C 107 4
C 108 15
C 109 7
C 110 3
C 111 21
C 112 9
C 113 12
C 114 25
C 115 12
C 116 8
C 117 8
C 118 23
C 119 20
C 120 17
C 121 20
C 122 15
C 123 14
C 124 9
C 125 9
C 126 0
C 127 2
C 128 3
C 129 10
C 130 25
C 131 19
C 132 7
C 133 12
C 134 24
C 135 4
C 136 16
C 137 12
C 138 4
C 139 11
C 140 6
C 141 20
C 142 11
C 143 17
C 144 6
C 145 24
C 146 25
C 147 2
C 148 3
C 149 17
C 150 19
C 151 5
C 152 2
C 153 17
C 154 22
C 155 20
C 156 9
C 157 19
C 158 23
C 159 5
C 160 23
C 161 9
C 162 16
C 163 17
C 164 3
C 165 25
C 166 7
C 167 18
C 168 24
C 169 15
C 170 7
C 171 10
C 172 10
C 173 20
C 174 11
C 175 1
C 176 18
C 177 6
C 178 4
C 179 16
C 180 23
C 181 24
C 182 5
C 183 21
C 184 8
C 185 12
C 186 1
C 187 14
C 188 0
C 189 25
C 190 11
C 191 19
C 192 9
C 193 14
C 194 1
C 195 12
C 196 2
C 197 26
C 198 5
C 199 23
C 200 20
C 201 17
C 202 26
C 203 8
C 204 5
C 205 17
C 206 15
C 207 24
C 208 17
C 209 23
C 210 21
C 211 21
C 212 21
C 213 23
C 214 3
C 215 10
C 216 6
C 217 17
C 218 4
C 219 18
C 220 8
C 221 24
C 222 15
C 223 3
C 224 0
C 225 12
C 226 0
C 227 10
C 228 18
C 229 26
C 230 9
C 231 20
C 232 10
C 233 23
C 234 12
C 235 21
C 236 16
C 237 6
C 238 22
C 239 24
C 240 26
C 241 15
C 242 10
C 243 3
C 244 9
C 245 0
C 246 19
C 247 17
C 248 2
C 249 18
C 250 15
C 251 14
C 252 26
C 253 23
C 254 2
C 255 25
C 256 16
C 257 11
C 258 25
C 259 19
C 260 14
C 261 22
C 262 17
C 263 6
C 264 3
C 265 20
C 266 15
C 267 20
C 268 15
C 269 14
I 4 1 6 (4,2,1) (1,-1,-1,0)
I 3 3 13 (0,4,1) (-1,-1,0,0)
I 0 2 5 (2,3,1) (-1,0,1,0)
