D (7,8,-1) (1,3,5)
D (8,3,9) (4,3,4)
D (6,7,-1) (3,1,0)
D (6,7,-1) (5,3,3)
D (6,7,-1) (5,1,4)
D (8,3,-1) (4,5,0)
D (8,3,9) (0,1,3)
D (6,7,-1) (3,1,2)
D (6,-1,-1) (4,2,3)
D (3,9,-1) (4,0,1)
D (9,-1,-1) (2,2,1)
D (3,9,-1) (5,2,2)
D (8,3,-1) (4,5,5)
D (6,-1,-1) (0,1,0)
D (8,-1,-1) (2,1,4)
D (8,3,-1) (0,5,3)
D (6,7,-1) (2,5,4)
D (9,-1,-1) (1,5,2)
D (3,-1,-1) (0,5,1)
D (8,3,-1) (4,1,2)
D (7,8,-1) (2,5,2)
D (8,3,-1) (0,2,5)
D (7,8,-1) (4,1,0)
D (6,7,8) (0,5,0)
D (3,9,-1) (2,2,3)
D (7,8,-1) (3,2,5)
D (7,-1,-1) (0,3,5)
D (7,8,-1) (0,0,3)
D (3,-1,-1) (1,5,4)
D (9,-1,-1) (0,2,0)
D (3,9,-1) (3,3,1)
D (8,3,9) (5,3,4)
D (9,-1,-1) (0,3,4)
D (8,3,9) (1,4,2)
D (3,9,-1) (1,4,3)
D (7,8,-1) (1,0,5)
D (7,-1,-1) (2,4,0)
D (8,-1,-1) (2,3,4)
D (8,3,9) (5,3,5)
D (7,-1,-1) (4,5,4)
D (3,9,-1) (4,4,5)
D (9,-1,-1) (4,2,0)
D (9,-1,-1) (5,0,4)
D (6,7,8) (5,2,5)
D (6,7,-1) (3,5,3)
D (7,-1,-1) (2,0,0)
D (8,-1,-1) (0,4,3)
D (9,-1,-1) (1,0,3)
D (9,-1,-1) (5,5,0)
D (6,7,8) (0,2,4)
D (9,-1,-1) (4,1,1)
D (3,9,-1) (3,2,3)
D (7,-1,-1) (1,1,3)
D (9,-1,-1) (3,1,1)
D (3,-1,-1) (4,4,2)
D (8,3,9) (5,2,3)
D (7,8,-1) (0,4,0)
D (6,7,8) (3,0,3)
D (6,-1,-1) (3,1,3)
D (3,9,-1) (1,1,1)
D (3,9,-1) (4,0,4)
C 0 18
C 1 18
C 2 18
C 3 0
C 4 1
C 5 17
C 6 17
C 7 8
C 8 4
C 9 5
C 10 21
C 11 7
C 12 16
C 13 16
C 14 8
C 15 14
C 16 22
C 17 20
C 18 15
C 19 12
C 20 8
C 21 0
C 22 26
C 23 1
C 24 26
C 25 19
C 26 14
C 27 5
C 28 19
C 29 9
C 30 5
C 31 9
C 32 5
C 33 23
C 34 7
C 35 25
C 36 4
C 37 22
C 38 21
C 39 3
C 40 0
C 41 17
C 42 12
C 43 9
C 44 26
C 45 16
C 46 1
C 47 9
C 48 21
C 49 16
C 50 9
C 51 3
C 52 9
C 53 8
C 54 22
C 55 23
C 56 23
C 57 26
C 58 19
C 59 0
C 60 0
C 61 26
C 62 23
C 63 3
C 64 0
C 65 19
C 66 11
C 67 0
C 68 22
C 69 6
C 70 6
C 71 15
C 72 10
C 73 10
C 74 1
C 75 18
C 76 7
C 77 15
C 78 25
C 79 17
C 80 7
C 81 12
C 82 20
C 83 21
C 84 11
C 85 15
C 86 7
C 87 5
C 88 15
C 89 17
C 90 25
C 91 15
C 92 2
C 93 18
C 94 22
C 95 26
C 96 7
C 97 26
C 98 1
C 99 16
C 100 14
C 101 18
C 102 1
C 103 6
C 104 23
C 105 9
C 106 7
C 107 12
C 108 3
C 109 2
C 110 11
C 111 23
C 112 2
C 113 26
C 114 24
C 115 15
C 116 16
C 117 7
C 118 26
C 119 11
C 120 6
C 121 14
C 122 3
C 123 25
C 124 19
C 125 16
C 126 15
C 127 11
C 128 15
C 129 10
C 130 6
C 131 8
C 132 25
C 133 19
C 134 1
C 135 14
C 136 21
C 137 6
C 138 5
C 139 6
C 140 15
C 141 14
C 142 15
C 143 12
C 144 25
C 145 9
C 146 14
C 147 21
C 148 21
C 149 11
C 150 18
C 151 17
C 152 9
C 153 24
C 154 6
C 155 24
C 156 15
C 157 12
C 158 0
C 159 0
C 160 10
C 161 10
C 162 25
C 163 24
C 164 16
C 165 2
C 166 22
C 167 4
C 168 20
C 169 9
C 170 18
C 171 16
C 172 7
C 173 24
C 174 26
C 175 12
C 176 8
C 177 8
C 178 12
C 179 1
C 180 23
C 181 9
C 182 26
C 183 12
C 184 5
C 185 18
C 186 21
C 187 1
C 188 8
C 189 15
C 190 14
C 191 8
C 192 2
C 193 1
C 194 16
C 195 19
C 196 5
C 197 26
C 198 14
C 199 12
C 200 8
C 201 16
C 202 5
C 203 1
C 204 8
C 205 22
C 206 21
C 207 7
C 208 12
C 209 14
C 210 24
C 211 26
C 212 7
C 213 3
C 214 26
C 215 1
C 216 0
C 217 20
C 218 0
C 219 25
C 220 6
C 221 21
C 222 10
C 223 0
C 224 10
C 225 15
C 226 23
C 227 6
C 228 18
C 229 4
C 230 6
C 231 14
C 232 22
C 233 3
C 234 10
C 235 19
C 236 25
C 237 0
C 238 11
C 239 1
C 240 14
C 241 16
C 242 2
C 243 23
C 244 11
C 245 6
C 246 3
C 247 14
C 248 3
C 249 14
C 250 21
C 251 24
C 252 15
C 253 0
C 254 19
C 255 11
C 256 15
C 257 20
C 258 3
C 259 22
C 260 12
C 261 5
C 262 5
C 263 2
C 264 20
C 265 0
C 266 17
C 267 21
C 268 0
C 269 11
I 0 1 6 (2,4,2) (-1,-1,1,0)|(1,1,0,0)|(1,0,0,0)
I 2 3 7 (3,1,1) (0,1,1,0)|(-1,-1,0,0)|(0,1,0,0)|(-1,0,-1,0)
I 0 2 12 (5,3,4) (1,1,0,0)|(1,0,0,0)|(1,0,-1,0)|(-1,-1,-1,0)|(0,0,-1,0)
