D (8,3,-1) (3,5,4)
D (7,8,-1) (3,1,1)
D (9,-1,-1) (1,5,1)
D (7,8,-1) (2,5,3)
D (7,8,3) (3,1,2)
D (8,-1,-1) (3,1,0)
D (9,-1,-1) (4,5,0)
D (6,-1,-1) (5,0,1)
D (9,-1,-1) (2,0,1)
D (3,9,-1) (4,5,2)
D (8,3,9) (4,2,4)
D (7,8,3) (3,5,2)
D (9,-1,-1) (4,3,2)
D (9,-1,-1) (0,0,1)
D (6,7,-1) (2,2,2)
D (7,8,3) (2,5,5)
D (7,8,-1) (5,3,3)
D (6,7,-1) (2,0,3)
D (6,7,-1) (5,3,4)
D (3,-1,-1) (0,4,1)
D (9,-1,-1) (3,1,3)
D (8,-1,-1) (3,0,5)
D (3,9,-1) (1,5,0)
D (7,-1,-1) (1,5,3)
D (6,-1,-1) (4,1,5)
D (7,8,-1) (0,2,5)
D (8,-1,-1) (1,4,5)
D (6,7,8) (1,2,5)
D (3,9,-1) (0,3,1)
D (8,-1,-1) (5,2,1)
D (8,-1,-1) (0,0,4)
D (6,-1,-1) (3,0,0)
D (7,8,-1) (4,5,5)
D (8,3,9) (5,0,3)
D (6,7,8) (0,3,5)
D (7,-1,-1) (1,0,4)
D (9,-1,-1) (1,0,0)
D (8,3,-1) (3,3,4)
D (9,-1,-1) (1,1,1)
D (6,7,8) (1,4,2)
D (9,-1,-1) (0,4,0)
D (6,-1,-1) (5,3,2)
D (9,-1,-1) (4,3,4)
D (3,9,-1) (3,4,1)
D (7,8,-1) (2,4,1)
D (3,9,-1) (2,2,3)
D (7,8,-1) (0,5,4)
D (9,-1,-1) (5,3,5)
D (8,-1,-1) (5,1,4)
D (3,9,-1) (3,1,5)
D (6,7,8) (1,0,5)
D (8,3,9) (2,3,3)
D (8,3,9) (3,0,2)
D (3,-1,-1) (4,3,1)
D (8,3,-1) (4,3,5)
D (7,8,3) (4,2,5)
D (7,-1,-1) (5,3,1)
D (6,7,-1) (0,4,2)
D (9,-1,-1) (0,5,0)
D (3,9,-1) (3,4,0)
D (6,-1,-1) (1,3,1)
D (8,3,9) (5,2,2)
D (9,-1,-1) (0,1,4)
D (8,-1,-1) (4,4,2)
D (6,7,8) (3,2,4)
D (8,3,9) (2,1,4)
D (9,-1,-1) (1,2,2)
D (7,8,3) (5,4,4)
D (8,3,9) (1,1,4)
D (7,8,3) (3,2,0)
D (7,8,3) (0,1,2)
D (7,8,-1) (1,1,3)
D (8,3,-1) (4,1,4)
D (3,9,-1) (4,0,0)
D (7,8,-1) (1,5,4)
C 0 1
C 1 16
C 2 24
C 3 18
C 4 14
C 5 20
C 6 20
C 7 22
C 8 24
C 9 17
C 10 20
C 11 22
C 12 4
C 13 18
C 14 10
C 15 14
C 16 2
C 17 22
C 18 2
C 19 23
C 20 4
C 21 18
C 22 16
C 23 7
C 24 22
C 25 15
C 26 22
C 27 17
C 28 4
C 29 21
C 30 3
C 31 23
C 32 18
C 33 21
C 34 16
C 35 2
C 36 21
C 37 5
C 38 1
C 39 0
C 40 20
C 41 23
C 42 0
C 43 5
C 44 24
C 45 4
C 46 2
C 47 7
C 48 10
C 49 18
C 50 25
C 51 1
C 52 4
C 53 11
C 54 18
C 55 24
C 56 19
C 57 4
C 58 17
C 59 14
C 60 18
C 61 1
C 62 14
C 63 16
C 64 5
C 65 8
C 66 25
C 67 21
C 68 1
C 69 21
C 70 4
C 71 3
C 72 0
C 73 0
C 74 0
C 75 0
C 76 0
C 77 0
C 78 0
C 79 0
C 80 0
C 81 0
C 82 0
C 83 0
C 84 0
C 85 0
C 86 0
C 87 0
C 88 3
C 89 23
C 90 9
C 91 25
C 92 25
C 93 23
C 94 20
C 95 18
C 96 11
C 97 22
C 98 12
C 99 16
C 100 0
C 101 16
C 102 22
C 103 12
C 104 22
C 105 0
C 106 0
C 107 0
C 108 0
C 109 0
C 110 0
C 111 0
C 112 0
C 113 0
C 114 0
C 115 0
C 116 0
C 117 0
C 118 0
C 119 0
C 120 0
C 121 0
C 122 0
C 123 0
C 124 0
C 125 0
C 126 0
C 127 0
C 128 0
C 129 0
C 130 0
C 131 0
C 132 0
C 133 0
C 134 0
C 135 0
C 136 0
C 137 0
C 138 0
C 139 0
C 140 0
C 141 0
C 142 0
C 143 0
C 144 0
C 145 0
C 146 0
C 147 0
C 148 0
C 149 0
C 150 0
C 151 0
C 152 0
C 153 0
C 154 0
C 155 0
C 156 0
C 157 0
C 158 0
C 159 0
C 160 0
C 161 0
C 162 0
C 163 0
C 164 0
C 165 0
C 166 0
C 167 0
C 168 0
C 169 0
C 170 0
C 171 0
C 172 0
C 173 0
C 174 0
C 175 0
C 176 0
C 177 0
C 178 0
C 179 0
C 180 0
C 181 0
C 182 0
C 183 0
C 184 0
C 185 0
C 186 0
C 187 0
C 188 0
C 189 0
C 190 0
C 191 0
C 192 0
C 193 0
C 194 0
C 195 0
C 196 0
C 197 0
C 198 0
C 199 0
C 200 0
C 201 0
C 202 0
C 203 0
C 204 0
C 205 0
C 206 0
C 207 0
C 208 0
C 209 0
C 210 0
C 211 22
C 212 1
C 213 14
C 214 14
C 215 16
C 216 23
C 217 10
C 218 6
C 219 16
C 220 1
C 221 14
C 222 2
C 223 25
C 224 7
C 225 4
C 226 5
C 227 21
C 228 1
C 229 6
C 230 3
C 231 2
C 232 21
C 233 18
C 234 1
C 235 4
C 236 14
C 237 19
C 238 11
C 239 8
C 240 10
C 241 14
C 242 17
C 243 20
C 244 9
C 245 4
C 246 20
C 247 20
C 248 15
C 249 18
C 250 26
C 251 6
C 252 6
C 253 16
C 254 25
C 255 16
C 256 7
C 257 17
C 258 20
C 259 14
C 260 26
C 261 26
C 262 0
C 263 17
C 264 0
C 265 20
C 266 24
C 267 12
C 268 17
C 269 26
I 0 3 13 (1,2,3) (0,1,1,0)
I 1 1 10 (0,3,4) (1,0,0,0)
