D (8,3,-1) (4,5,1)
D (6,-1,-1) (5,3,4)
D (3,9,-1) (3,3,3)
D (9,-1,-1) (2,5,2)
D (7,8,-1) (4,1,1)
D (7,-1,-1) (5,3,5)
D (9,-1,-1) (4,0,5)
D (6,7,8) (3,1,3)
D (7,-1,-1) (0,3,0)
D (8,-1,-1) (0,1,5)
D (3,9,-1) (1,2,5)
D (8,-1,-1) (1,5,5)
D (6,7,-1) (5,1,5)
D (6,7,-1) (0,3,2)
D (7,8,3) (5,2,3)
D (6,7,8) (2,4,3)
D (7,8,3) (5,4,4)
D (6,7,8) (5,1,3)
D (3,9,-1) (1,5,0)
D (6,7,-1) (4,0,0)
D (6,-1,-1) (5,5,5)
D (8,3,-1) (3,1,0)
D (7,8,-1) (1,3,1)
D (6,7,-1) (3,5,1)
D (3,9,-1) (0,5,2)
D (3,9,-1) (2,2,4)
D (9,-1,-1) (2,5,3)
D (3,9,-1) (4,4,5)
D (7,8,3) (0,1,0)
D (3,9,-1) (4,1,4)
D (6,7,8) (1,1,5)
D (7,8,3) (2,1,3)
D (3,9,-1) (2,5,1)
D (8,3,-1) (2,0,4)
D (3,-1,-1) (3,4,4)
D (9,-1,-1) (0,3,3)
D (8,-1,-1) (3,0,4)
D (7,8,-1) (4,2,2)
D (8,-1,-1) (2,4,0)
D (9,-1,-1) (4,3,4)
D (6,-1,-1) (4,1,5)
D (6,-1,-1) (2,0,1)
D (7,8,-1) (0,0,2)
D (9,-1,-1) (0,2,3)
D (9,-1,-1) (3,0,5)
D (9,-1,-1) (0,0,5)
D (9,-1,-1) (4,3,2)
D (8,3,9) (5,4,1)
D (8,-1,-1) (2,5,5)
D (3,9,-1) (4,1,2)
D (6,-1,-1) (3,1,2)
C 0 8
C 1 15
C 2 3
C 3 10
C 4 16
C 5 22
C 6 18
C 7 26
C 8 7
C 9 17
C 10 5
C 11 3
C 12 9
C 13 22
C 14 9
C 15 26
C 16 15
C 17 0
C 18 23
C 19 1
C 20 24
C 21 4
C 22 0
C 23 1
C 24 22
C 25 6
C 26 18
C 27 18
C 28 8
C 29 12
C 30 18
C 31 16
C 32 9
C 33 24
C 34 23
C 35 4
C 36 1
C 37 17
C 38 21
C 39 9
C 40 21
C 41 10
C 42 9
C 43 15
C 44 20
C 45 17
C 46 24
C 47 12
C 48 17
C 49 22
C 50 20
C 51 23
C 52 11
C 53 21
C 54 17
C 55 8
C 56 20
C 57 6
C 58 10
C 59 1
C 60 19
C 61 8
C 62 6
C 63 3
C 64 24
C 65 0
C 66 24
C 67 8
C 68 5
C 69 23
C 70 26
C 71 21
C 72 17
C 73 2
C 74 5
C 75 12
C 76 7
C 77 24
C 78 26
C 79 20
C 80 14
C 81 12
C 82 1
C 83 26
C 84 23
C 85 16
C 86 14
C 87 3
C 88 16
C 89 6
C 90 6
C 91 2
C 92 11
C 93 26
C 94 21
C 95 14
C 96 9
C 97 18
C 98 21
C 99 26
C 100 16
C 101 22
C 102 21
C 103 1
C 104 14
C 105 24
C 106 5
C 107 21
C 108 10
C 109 9
C 110 10
C 111 16
C 112 25
C 113 2
C 114 19
C 115 4
C 116 10
C 117 21
C 118 25
C 119 0
C 120 23
C 121 23
C 122 24
C 123 4
C 124 11
C 125 18
C 126 8
C 127 18
C 128 3
C 129 9
C 130 20
C 131 11
C 132 22
C 133 21
C 134 23
C 135 1
C 136 1
C 137 9
C 138 6
C 139 26
C 140 5
C 141 2
C 142 22
C 143 8
C 144 7
C 145 4
C 146 7
C 147 14
C 148 15
C 149 23
C 150 19
C 151 18
C 152 5
C 153 8
C 154 4
C 155 18
C 156 10
C 157 23
C 158 9
C 159 18
C 160 24
C 161 22
C 162 23
C 163 12
C 164 20
C 165 7
C 166 14
C 167 23
C 168 17
C 169 20
C 170 11
C 171 23
C 172 19
C 173 0
C 174 22
C 175 10
C 176 5
C 177 22
C 178 5
C 179 17
C 180 7
C 181 14
C 182 21
C 183 15
C 184 22
C 185 20
C 186 17
C 187 2
C 188 17
C 189 17
C 190 23
C 191 21
C 192 14
C 193 1
C 194 1
C 195 24
C 196 3
C 197 4
C 198 20
C 199 1
C 200 10
C 201 3
C 202 12
C 203 7
C 204 12
C 205 1
C 206 14
C 207 20
C 208 26
C 209 20
C 210 25
C 211 0
C 212 9
C 213 14
C 214 12
C 215 22
C 216 23
C 217 3
C 218 7
C 219 20
C 220 23
C 221 21
C 222 18
C 223 12
C 224 11
C 225 10
C 226 15
C 227 10
C 228 21
C 229 12
C 230 23
C 231 1
C 232 23
C 233 19
C 234 14
C 235 22
C 236 18
C 237 21
C 238 26
C 239 21
C 240 20
C 241 9
C 242 4
C 243 10
C 244 25
C 245 3
C 246 17
C 247 10
C 248 26
C 249 8
C 250 22
C 251 14
C 252 1
C 253 24
C 254 1
C 255 2
C 256 11
C 257 7
C 258 6
C 259 16
C 260 21
C 261 23
C 262 16
C 263 23
C 264 17
C 265 21
C 266 17
C 267 15
C 268 26
C 269 25
I 2 3 4 (3,2,2) (-1,1,0,0)|(-1,0,0,0)|(-1,0,1,0)|(-1,1,0,0)
I 0 1 18 (5,5,3) (0,0,1,0)
I 3 3 7 (4,5,3) (0,-1,-1,0)|(0,-1,1,0)
