D (3,-1,-1) (5,4,5)
D (8,-1,-1) (0,5,2)
D (6,-1,-1) (0,0,1)
D (3,9,-1) (5,5,3)
D (7,-1,-1) (0,3,2)
D (7,8,3) (3,2,0)
D (8,-1,-1) (0,1,1)
D (3,9,-1) (1,5,3)
D (9,-1,-1) (5,1,5)
D (3,9,-1) (0,1,5)
D (7,8,-1) (1,0,1)
D (6,7,-1) (5,3,0)
D (7,8,-1) (1,5,5)
D (6,7,-1) (4,5,3)
D (7,8,3) (0,2,3)
D (6,7,-1) (4,3,0)
D (3,9,-1) (5,1,0)
D (7,8,-1) (4,0,2)
D (6,-1,-1) (3,3,4)
D (9,-1,-1) (4,4,2)
D (8,-1,-1) (3,5,4)
D (6,-1,-1) (0,5,0)
D (6,7,8) (4,0,0)
D (6,7,-1) (5,0,3)
D (6,7,-1) (2,3,4)
D (8,3,9) (4,0,1)
D (7,8,3) (4,3,2)
D (6,7,8) (1,1,1)
D (9,-1,-1) (4,5,2)
D (7,-1,-1) (2,0,5)
D (7,-1,-1) (4,5,4)
D (6,7,8) (3,0,3)
D (6,7,8) (3,3,3)
D (9,-1,-1) (2,2,2)
D (3,9,-1) (1,0,2)
D (9,-1,-1) (2,4,4)
D (3,-1,-1) (2,4,2)
D (6,7,8) (1,4,0)
D (7,8,3) (4,4,0)
D (9,-1,-1) (5,2,4)
D (9,-1,-1) (3,2,1)
D (9,-1,-1) (2,0,3)
D (7,8,3) (4,2,2)
D (7,-1,-1) (5,3,2)
D (6,-1,-1) (0,2,5)
D (8,3,9) (4,5,0)
D (3,9,-1) (0,4,0)
D (6,7,8) (1,2,0)
D (3,9,-1) (3,1,4)
D (7,-1,-1) (5,2,3)
D (8,3,9) (0,0,5)
D (3,9,-1) (4,0,4)
D (6,-1,-1) (5,5,5)
D (3,9,-1) (2,0,2)
D (8,3,9) (3,1,3)
D (7,8,-1) (1,4,2)
D (8,3,9) (3,0,5)
D (7,-1,-1) (1,0,3)
D (7,8,3) (0,0,2)
D (7,8,-1) (1,2,1)
D (6,7,-1) (5,1,2)
D (6,-1,-1) (2,5,4)
D (6,-1,-1) (2,3,1)
D (6,-1,-1) (0,4,1)
C 0 8
C 1 3
C 2 18
C 3 8
C 4 20
C 5 19
C 6 24
C 7 12
C 8 25
C 9 12
C 10 6
C 11 5
C 12 26
C 13 17
C 14 19
C 15 5
C 16 23
C 17 2
C 18 1
C 19 10
C 20 22
C 21 9
C 22 1
C 23 5
C 24 14
C 25 3
C 26 10
C 27 12
C 28 26
C 29 19
C 30 0
C 31 0
C 32 0
C 33 0
C 34 0
C 35 0
C 36 0
C 37 0
C 38 0
C 39 0
C 40 0
C 41 0
C 42 0
C 43 0
C 44 0
C 45 0
C 46 0
C 47 0
C 48 0
C 49 0
C 50 0
C 51 0
C 52 0
C 53 0
C 54 0
C 55 0
C 56 0
C 57 0
C 58 0
C 59 0
C 60 0
C 61 0
C 62 0
C 63 0
C 64 0
C 65 0
C 66 0
C 67 0
C 68 0
C 69 0
C 70 0
C 71 0
C 72 0
C 73 0
C 74 0
C 75 0
C 76 0
C 77 0
C 78 0
C 79 0
C 80 0
C 81 0
C 82 0
C 83 0
C 84 0
C 85 0
C 86 0
C 87 0
C 88 0
C 89 0
C 90 0
C 91 0
C 92 0
C 93 0
C 94 0
C 95 0
C 96 0
C 97 0
C 98 0
C 99 0
C 100 0
C 101 0
C 102 0
C 103 0
C 104 0
C 105 0
C 106 0
C 107 0
C 108 0
C 109 0
C 110 0
C 111 0
C 112 0
C 113 0
C 114 0
C 115 0
C 116 0
C 117 0
C 118 0
C 119 0
C 120 0
C 121 0
C 122 0
C 123 0
C 124 0
C 125 0
C 126 0
C 127 0
C 128 0
C 129 0
C 130 0
C 131 0
C 132 0
C 133 0
C 134 0
C 135 0
C 136 0
C 137 0
C 138 0
C 139 0
C 140 0
C 141 0
C 142 0
C 143 0
C 144 0
C 145 0
C 146 0
C 147 0
C 148 0
C 149 0
C 150 0
C 151 0
C 152 0
C 153 0
C 154 0
C 155 0
C 156 0
C 157 0
C 158 0
C 159 0
C 160 11
C 161 22
C 162 26
C 163 14
C 164 16
C 165 20
C 166 8
C 167 26
C 168 19
C 169 6
C 170 9
C 171 14
C 172 3
C 173 24
C 174 9
C 175 15
C 176 25
C 177 14
C 178 0
C 179 5
C 180 5
C 181 5
C 182 16
C 183 21
C 184 0
C 185 24
C 186 11
C 187 4
C 188 21
C 189 15
C 190 23
C 191 24
C 192 12
C 193 21
C 194 17
C 195 19
C 196 10
C 197 20
C 198 4
C 199 24
C 200 8
C 201 21
C 202 23
C 203 5
C 204 16
C 205 3
C 206 22
C 207 8
C 208 3
C 209 20
C 210 25
C 211 8
C 212 24
C 213 22
C 214 23
C 215 14
C 216 2
C 217 19
C 218 5
C 219 4
C 220 4
C 221 12
C 222 25
C 223 26
C 224 7
C 225 19
C 226 15
C 227 25
C 228 25
C 229 16
C 230 7
C 231 4
C 232 20
C 233 10
C 234 4
C 235 7
C 236 23
C 237 21
C 238 1
C 239 4
C 240 10
C 241 5
C 242 1
C 243 8
C 244 23
C 245 23
C 246 3
C 247 12
C 248 23
C 249 14
C 250 19
C 251 9
C 252 16
C 253 20
C 254 23
C 255 12
C 256 11
C 257 3
C 258 19
C 259 12
C 260 17
C 261 12
C 262 23
C 263 19
C 264 10
C 265 26
C 266 16
C 267 25
C 268 11
C 269 19
I 0 2 5 (3,1,2) (-1,1,1,0)|(-1,0,1,0)
I 3 3 3 (3,2,3) (1,1,1,0)|(1,1,1,0)
I 0 2 4 (0,3,1) (-1,-1,0,0)
