D (9,-1,-1) (0,5,1)
D (3,9,-1) (1,3,4)
D (6,-1,-1) (1,1,1)
D (9,-1,-1) (1,1,5)
D (9,-1,-1) (0,0,5)
D (8,3,-1) (2,4,4)
D (8,-1,-1) (3,5,0)
D (8,3,9) (5,1,2)
D (3,-1,-1) (1,2,0)
D (8,-1,-1) (0,2,3)
D (8,-1,-1) (5,1,1)
D (3,-1,-1) (0,1,2)
D (7,-1,-1) (3,5,5)
D (3,9,-1) (5,3,2)
D (9,-1,-1) (2,5,4)
D (3,-1,-1) (4,2,2)
D (9,-1,-1) (5,3,3)
D (3,9,-1) (3,5,3)
D (7,8,-1) (2,1,5)
D (3,-1,-1) (2,4,5)
D (9,-1,-1) (3,2,5)
D (7,-1,-1) (2,3,2)
D (6,7,-1) (0,1,5)
D (8,-1,-1) (0,2,4)
D (7,8,3) (1,4,1)
D (9,-1,-1) (4,3,5)
D (9,-1,-1) (1,0,0)
D (9,-1,-1) (5,0,0)
D (9,-1,-1) (5,2,1)
D (9,-1,-1) (0,1,1)
D (6,7,8) (3,3,0)
D (6,-1,-1) (2,3,4)
D (3,9,-1) (0,4,3)
D (9,-1,-1) (4,0,1)
D (6,7,-1) (1,3,0)
D (6,7,8) (0,3,2)
D (3,9,-1) (1,1,4)
D (6,7,-1) (4,1,0)
D (6,7,8) (5,4,5)
D (3,-1,-1) (1,1,3)
D (9,-1,-1) (5,2,2)
D (6,7,8) (4,5,0)
D (6,7,-1) (5,5,2)
D (8,3,9) (1,4,2)
D (6,7,8) (1,5,1)
D (7,-1,-1) (5,2,5)
D (6,7,-1) (1,3,2)
D (6,-1,-1) (0,1,3)
D (6,-1,-1) (1,2,5)
D (6,-1,-1) (1,5,4)
D (9,-1,-1) (5,1,5)
D (7,8,-1) (3,3,1)
D (3,-1,-1) (4,2,5)
D (9,-1,-1) (4,0,5)
D (8,3,-1) (5,3,0)
D (3,-1,-1) (5,0,3)
D (6,7,8) (1,2,2)
D (8,3,9) (3,0,1)
D (3,9,-1) (0,5,4)
D (3,-1,-1) (1,4,0)
D (3,-1,-1) (0,2,5)
D (3,9,-1) (1,2,1)
D (7,8,-1) (2,5,3)
D (3,9,-1) (0,3,1)
D (8,-1,-1) (4,3,0)
D (6,-1,-1) (3,1,1)
D (7,-1,-1) (3,2,2)
D (8,-1,-1) (0,0,3)
C 0 5
C 1 4
C 2 0
C 3 11
C 4 3
C 5 16
C 6 10
C 7 3
C 8 5
C 9 25
C 10 4
C 11 1
C 12 8
C 13 22
C 14 15
C 15 8
C 16 6
C 17 19
C 18 22
C 19 24
C 20 24
C 21 23
C 22 19
C 23 9
C 24 3
C 25 2
C 26 10
C 27 2
C 28 23
C 29 2
C 30 12
C 31 15
C 32 1
C 33 4
C 34 6
C 35 16
C 36 9
C 37 3
C 38 21
C 39 14
C 40 0
C 41 19
C 42 23
C 43 6
C 44 3
C 45 5
C 46 7
C 47 1
C 48 21
C 49 12
C 50 18
C 51 18
C 52 18
C 53 2
C 54 21
C 55 0
C 56 7
C 57 21
C 58 7
C 59 24
C 60 3
C 61 11
C 62 7
C 63 2
C 64 24
C 65 0
C 66 0
C 67 10
C 68 17
C 69 25
C 70 19
C 71 25
C 72 19
C 73 23
C 74 15
C 75 3
C 76 14
C 77 9
C 78 15
C 79 17
C 80 0
C 81 10
C 82 9
C 83 2
C 84 14
C 85 16
C 86 21
C 87 0
C 88 24
C 89 16
C 90 6
C 91 9
C 92 5
C 93 14
C 94 17
C 95 14
C 96 3
C 97 23
C 98 0
C 99 0
C 100 0
C 101 0
C 102 0
C 103 0
C 104 0
C 105 0
C 106 0
C 107 0
C 108 0
C 109 0
C 110 0
C 111 0
C 112 0
C 113 0
C 114 0
C 115 0
C 116 0
C 117 0
C 118 0
C 119 0
C 120 0
C 121 0
C 122 0
C 123 0
C 124 0
C 125 0
C 126 0
C 127 0
C 128 0
C 129 0
C 130 0
C 131 0
C 132 0
C 133 0
C 134 0
C 135 0
C 136 0
C 137 0
C 138 0
C 139 0
C 140 0
C 141 0
C 142 0
C 143 0
C 144 0
C 145 0
C 146 0
C 147 0
C 148 0
C 149 0
C 150 0
C 151 0
C 152 0
C 153 0
C 154 0
C 155 0
C 156 0
C 157 0
C 158 0
C 159 0
C 160 0
C 161 0
C 162 0
C 163 0
C 164 0
C 165 0
C 166 0
C 167 0
C 168 0
C 169 0
C 170 0
C 171 0
C 172 0
C 173 0
C 174 0
C 175 0
C 176 0
C 177 0
C 178 0
C 179 0
C 180 0
C 181 0
C 182 0
C 183 14
C 184 17
C 185 11
C 186 26
C 187 26
C 188 22
C 189 18
C 190 3
C 191 21
C 192 25
C 193 14
C 194 24
C 195 20
C 196 22
C 197 24
C 198 3
C 199 2
C 200 5
C 201 26
C 202 25
C 203 26
C 204 7
C 205 26
C 206 3
C 207 6
C 208 4
C 209 5
C 210 19
C 211 16
C 212 5
C 213 3
C 214 21
C 215 20
C 216 0
C 217 11
C 218 1
C 219 20
C 220 9
C 221 14
C 222 12
C 223 9
C 224 17
C 225 16
C 226 19
C 227 16
C 228 4
C 229 26
C 230 16
C 231 10
C 232 20
C 233 21
C 234 5
C 235 8
C 236 6
C 237 7
C 238 20
C 239 2
C 240 11
C 241 12
C 242 15
C 243 11
C 244 1
C 245 17
C 246 19
C 247 0
C 248 2
C 249 4
C 250 21
C 251 21
C 252 7
C 253 22
C 254 23
C 255 24
C 256 17
C 257 10
C 258 15
C 259 15
C 260 26
C 261 25
C 262 11
C 263 25
C 264 18
C 265 6
C 266 3
C 267 16
C 268 15
C 269 16
I 0 3 5 (0,1,0) (0,1,1,0)|(0,1,-1,0)
I 4 3 19 (0,4,5) (-1,1,0,0)|(-1,-1,0,0)|(1,1,1,0)
I 1 1 11 (4,2,2) (0,1,0,0)
