D (9,-1,-1) (3,4,5)
D (3,9,-1) (2,1,3)
D (6,-1,-1) (4,0,3)
D (6,7,8) (4,0,1)
D (9,-1,-1) (1,3,1)
D (8,3,9) (1,1,4)
D (7,8,3) (1,1,3)
D (9,-1,-1) (1,5,5)
D (9,-1,-1) (3,4,4)
D (3,-1,-1) (1,4,3)
D (3,9,-1) (4,5,2)
D (9,-1,-1) (3,1,3)
D (3,-1,-1) (0,5,0)
D (3,9,-1) (4,0,0)
D (9,-1,-1) (5,2,2)
D (6,7,8) (2,1,4)
D (6,7,8) (0,5,1)
D (3,-1,-1) (4,5,1)
D (9,-1,-1) (0,5,4)
D (6,-1,-1) (2,1,1)
D (9,-1,-1) (3,4,3)
D (7,8,-1) (2,4,0)
D (7,8,3) (5,3,3)
D (8,3,-1) (5,0,2)
D (8,3,9) (4,4,3)
D (9,-1,-1) (2,2,4)
D (8,3,-1) (1,2,0)
D (9,-1,-1) (4,2,0)
D (8,3,-1) (1,0,1)
D (3,-1,-1) (1,0,2)
D (6,7,8) (5,0,3)
D (8,3,9) (0,1,4)
D (3,9,-1) (0,2,4)
D (6,7,8) (2,3,5)
D (9,-1,-1) (5,2,5)
D (8,3,-1) (1,2,1)
D (9,-1,-1) (5,5,0)
D (6,-1,-1) (0,0,1)
D (7,-1,-1) (4,2,2)
D (7,8,-1) (5,4,4)
D (6,7,-1) (3,5,3)
C 0 9
C 1 14
C 2 3
C 3 16
C 4 18
C 5 9
C 6 19
C 7 6
C 8 19
C 9 3
C 10 16
C 11 2
C 12 9
C 13 12
C 14 21
C 15 16
C 16 11
C 17 3
C 18 7
C 19 6
C 20 17
C 21 2
C 22 9
C 23 9
C 24 6
C 25 4
C 26 14
C 27 20
C 28 25
C 29 19
C 30 0
C 31 20
C 32 4
C 33 23
C 34 25
C 35 21
C 36 3
C 37 7
C 38 21
C 39 18
C 40 16
C 41 21
C 42 18
C 43 15
C 44 12
C 45 10
C 46 7
C 47 11
C 48 11
C 49 26
C 50 10
C 51 22
C 52 22
C 53 2
C 54 20
C 55 7
C 56 23
C 57 3
C 58 9
C 59 9
C 60 10
C 61 3
C 62 20
C 63 9
C 64 16
C 65 12
C 66 17
C 67 8
C 68 0
C 69 18
C 70 21
C 71 17
C 72 6
C 73 14
C 74 11
C 75 5
C 76 7
C 77 26
C 78 15
C 79 11
C 80 24
C 81 4
C 82 8
C 83 22
C 84 19
C 85 10
C 86 6
C 87 6
C 88 21
C 89 21
C 90 14
C 91 18
C 92 25
C 93 11
C 94 23
C 95 1
C 96 8
C 97 15
C 98 16
C 99 14
C 100 20
C 101 16
C 102 15
C 103 12
C 104 24
C 105 17
C 106 7
C 107 5
C 108 16
C 109 12
C 110 20
C 111 3
C 112 7
C 113 19
C 114 14
C 115 22
C 116 22
C 117 9
C 118 18
C 119 6
C 120 24
C 121 26
C 122 11
C 123 2
C 124 18
C 125 10
C 126 20
C 127 17
C 128 16
C 129 19
C 130 0
C 131 0
C 132 0
C 133 0
C 134 0
C 135 0
C 136 0
C 137 0
C 138 0
C 139 0
C 140 0
C 141 0
C 142 0
C 143 0
C 144 0
C 145 0
C 146 0
C 147 0
C 148 0
C 149 0
C 150 0
C 151 0
C 152 0
C 153 0
C 154 0
C 155 0
C 156 0
C 157 0
C 158 0
C 159 0
C 160 0
C 161 0
C 162 0
C 163 0
C 164 0
C 165 0
C 166 0
C 167 0
C 168 0
C 169 0
C 170 0
C 171 0
C 172 0
C 173 0
C 174 0
C 175 0
C 176 0
C 177 0
C 178 0
C 179 0
C 180 0
C 181 0
C 182 0
C 183 0
C 184 0
C 185 0
C 186 0
C 187 0
C 188 0
C 189 0
C 190 0
C 191 0
C 192 0
C 193 0
C 194 0
C 195 0
C 196 0
C 197 0
C 198 0
C 199 0
C 200 0
C 201 0
C 202 0
C 203 0
C 204 0
C 205 0
C 206 0
C 207 0
C 208 0
C 209 0
C 210 0
C 211 0
C 212 0
C 213 26
C 214 24
C 215 26
C 216 3
C 217 5
C 218 26
C 219 10
C 220 2
C 221 4
C 222 23
C 223 25
C 224 9
C 225 7
C 226 26
C 227 24
C 228 7
C 229 18
C 230 23
C 231 3
C 232 12
C 233 23
C 234 20
C 235 2
C 236 18
C 237 0
C 238 25
C 239 18
C 240 15
C 241 5
C 242 21
C 243 16
C 244 24
C 245 1
C 246 26
C 247 9
C 248 7
C 249 4
C 250 1
C 251 0
C 252 24
C 253 9
C 254 3
C 255 2
C 256 24
C 257 24
C 258 1
C 259 19
C 260 7
C 261 4
C 262 5
C 263 10
C 264 2
C 265 7
C 266 9
C 267 1
C 268 3
C 269 7
I 3 3 11 (5,4,2) (-1,0,0,0)
I 3 3 20 (1,5,2) (-1,0,-1,0)
I 3 3 11 (5,4,2) (0,0,0,0)|(0,0,-1,0)
