D (7,8,3) (4,0,5)
D (9,-1,-1) (2,4,0)
D (7,8,3) (5,3,4)
D (8,3,-1) (5,1,2)
D (8,3,-1) (2,3,1)
D (7,8,3) (4,0,2)
D (6,7,8) (4,2,4)
D (7,8,-1) (1,2,0)
D (8,-1,-1) (3,0,1)
D (8,3,-1) (4,1,1)
D (7,-1,-1) (2,0,1)
D (3,9,-1) (1,0,3)
D (3,-1,-1) (0,0,0)
D (9,-1,-1) (4,2,5)
D (8,3,-1) (1,4,0)
D (9,-1,-1) (2,2,5)
D (8,-1,-1) (4,4,3)
D (3,9,-1) (0,5,3)
D (9,-1,-1) (1,2,3)
D (6,7,-1) (2,4,1)
D (8,-1,-1) (4,1,5)
D (9,-1,-1) (5,1,3)
D (3,-1,-1) (5,4,4)
D (6,7,-1) (0,5,1)
D (8,3,9) (3,1,4)
D (7,8,-1) (1,2,5)
D (7,-1,-1) (3,5,2)
D (8,-1,-1) (5,0,4)
D (8,3,9) (2,3,5)
D (9,-1,-1) (3,2,4)
D (9,-1,-1) (5,2,2)
D (3,-1,-1) (3,4,0)
D (6,-1,-1) (2,0,0)
D (3,-1,-1) (5,5,2)
D (9,-1,-1) (0,4,5)
D (7,8,-1) (2,5,1)
D (8,3,-1) (0,4,0)
C 0 3
C 1 0
C 2 21
C 3 14
C 4 5
C 5 3
C 6 0
C 7 0
C 8 0
C 9 0
C 10 0
C 11 0
C 12 0
C 13 0
C 14 0
C 15 0
C 16 0
C 17 0
C 18 5
C 19 6
C 20 16
C 21 0
C 22 10
C 23 3
C 24 3
C 25 0
C 26 8
C 27 11
C 28 20
C 29 21
C 30 14
C 31 26
C 32 20
C 33 24
C 34 11
C 35 7
C 36 12
C 37 6
C 38 23
C 39 10
C 40 5
C 41 22
C 42 20
C 43 12
C 44 8
C 45 7
C 46 4
C 47 20
C 48 7
C 49 26
C 50 1
C 51 7
C 52 1
C 53 6
C 54 17
C 55 1
C 56 0
C 57 19
C 58 17
C 59 16
C 60 21
C 61 16
C 62 19
C 63 18
C 64 7
C 65 14
C 66 24
C 67 10
C 68 1
C 69 0
C 70 11
C 71 14
C 72 5
C 73 9
C 74 0
C 75 20
C 76 16
C 77 17
C 78 8
C 79 12
C 80 11
C 81 12
C 82 9
C 83 18
C 84 16
C 85 23
C 86 2
C 87 11
C 88 1
C 89 16
C 90 5
C 91 0
C 92 0
C 93 0
C 94 0
C 95 0
C 96 0
C 97 0
C 98 0
C 99 0
C 100 0
C 101 0
C 102 0
C 103 0
C 104 0
C 105 0
C 106 0
C 107 0
C 108 0
C 109 0
C 110 0
C 111 0
C 112 0
C 113 0
C 114 0
C 115 0
C 116 0
C 117 0
C 118 0
C 119 0
C 120 0
C 121 0
C 122 0
C 123 0
C 124 0
C 125 0
C 126 0
C 127 0
C 128 0
C 129 0
C 130 0
C 131 0
C 132 0
C 133 0
C 134 0
C 135 0
C 136 0
C 137 0
C 138 0
C 139 0
C 140 0
C 141 0
C 142 0
C 143 0
C 144 0
C 145 0
C 146 0
C 147 0
C 148 0
C 149 0
C 150 0
C 151 0
C 152 0
C 153 0
C 154 0
C 155 0
C 156 0
C 157 0
C 158 0
C 159 0
C 160 0
C 161 0
C 162 0
C 163 0
C 164 0
C 165 5
C 166 23
C 167 22
C 168 16
C 169 11
C 170 5
C 171 19
C 172 4
C 173 14
C 174 17
C 175 12
C 176 7
C 177 23
C 178 17
C 179 8
C 180 8
C 181 18
C 182 7
C 183 3
C 184 12
C 185 20
C 186 5
C 187 12
C 188 7
C 189 4
C 190 3
C 191 22
C 192 3
C 193 14
C 194 14
C 195 26
C 196 1
C 197 12
C 198 20
C 199 10
C 200 3
C 201 26
C 202 6
C 203 26
C 204 8
C 205 10
C 206 8
C 207 12
C 208 24
C 209 15
C 210 5
C 211 12
C 212 2
C 213 18
C 214 20
C 215 3
C 216 12
C 217 4
C 218 17
C 219 23
C 220 20
C 221 8
C 222 18
C 223 21
C 224 1
C 225 22
C 226 12
C 227 14
C 228 6
C 229 1
C 230 9
C 231 11
C 232 14
C 233 23
C 234 5
C 235 5
C 236 5
C 237 1
C 238 23
C 239 20
C 240 1
C 241 26
C 242 17
C 243 24
C 244 6
C 245 17
C 246 24
C 247 15
C 248 7
C 249 0
C 250 24
C 251 21
C 252 0
C 253 17
C 254 15
C 255 8
C 256 19
C 257 25
C 258 22
C 259 8
C 260 25
C 261 8
C 262 17
C 263 5
C 264 9
C 265 25
C 266 24
C 267 24
C 268 0
C 269 21
I 1 2 1 (5,0,3) (-1,-1,0,0)|(-1,-1,-1,0)
I 0 2 4 (4,2,3) (-1,0,0,0)|(1,0,0,0)|(-1,0,1,0)|(-1,-1,0,0)
