D (6,7,8) (1,5,1)
D (3,9,-1) (0,0,4)
D (9,-1,-1) (2,3,1)
D (7,8,-1) (2,4,3)
D (8,-1,-1) (4,5,1)
D (7,-1,-1) (3,0,4)
D (3,9,-1) (4,1,3)
D (6,7,-1) (5,2,0)
D (6,-1,-1) (1,1,2)
D (8,3,9) (5,5,1)
D (6,-1,-1) (2,2,2)
D (3,9,-1) (2,5,2)
D (7,8,3) (4,5,5)
D (8,-1,-1) (5,3,2)
D (6,-1,-1) (1,3,1)
D (9,-1,-1) (0,2,4)
D (9,-1,-1) (2,4,0)
D (3,9,-1) (1,0,4)
D (7,8,3) (1,2,0)
D (6,7,8) (4,2,1)
D (3,-1,-1) (4,0,3)
D (9,-1,-1) (3,5,2)
D (7,-1,-1) (2,0,0)
D (6,7,-1) (0,2,5)
D (9,-1,-1) (3,4,1)
D (6,7,8) (1,5,3)
D (8,3,-1) (0,1,3)
D (3,-1,-1) (0,0,5)
D (9,-1,-1) (4,1,2)
D (8,-1,-1) (2,3,0)
D (3,9,-1) (4,5,3)
D (7,8,3) (3,4,2)
D (3,-1,-1) (0,2,0)
D (3,9,-1) (3,0,3)
D (7,8,3) (5,0,2)
D (7,8,3) (1,4,2)
D (6,-1,-1) (1,0,5)
D (8,-1,-1) (4,5,2)
D (3,9,-1) (4,0,5)
D (9,-1,-1) (0,2,1)
D (9,-1,-1) (2,1,2)
D (7,8,-1) (5,1,2)
D (9,-1,-1) (0,5,4)
D (3,9,-1) (1,1,5)
D (3,9,-1) (2,5,1)
D (9,-1,-1) (4,4,2)
D (8,-1,-1) (0,5,0)
D (7,8,3) (0,4,4)
D (8,3,-1) (5,3,0)
D (9,-1,-1) (5,5,0)
D (6,7,8) (1,4,3)
D (7,8,3) (3,3,0)
D (9,-1,-1) (1,5,0)
D (9,-1,-1) (3,4,5)
D (6,7,8) (3,3,2)
D (3,-1,-1) (5,2,1)
D (6,7,8) (3,2,4)
D (7,8,3) (0,3,0)
D (9,-1,-1) (3,3,5)
D (3,9,-1) (2,4,1)
D (6,-1,-1) (4,2,0)
D (8,-1,-1) (0,3,4)
D (7,8,-1) (5,0,0)
D (6,7,-1) (2,5,4)
D (7,8,-1) (0,4,0)
D (6,7,8) (4,3,3)
D (8,3,-1) (1,3,4)
D (6,-1,-1) (2,2,1)
D (3,-1,-1) (2,1,3)
D (7,8,3) (2,3,5)
D (9,-1,-1) (0,1,2)
D (8,-1,-1) (2,3,2)
D (9,-1,-1) (1,5,4)
D (3,9,-1) (1,5,5)
D (3,9,-1) (2,0,5)
D (8,3,-1) (1,2,4)
D (3,-1,-1) (4,4,1)
D (6,7,8) (0,0,1)
C 0 7
C 1 15
C 2 21
C 3 1
C 4 19
C 5 16
C 6 10
C 7 3
C 8 20
C 9 17
C 10 21
C 11 16
C 12 2
C 13 5
C 14 25
C 15 4
C 16 15
C 17 21
C 18 8
C 19 2
C 20 11
C 21 8
C 22 12
C 23 20
C 24 14
C 25 14
C 26 2
C 27 17
C 28 5
C 29 20
C 30 0
C 31 0
C 32 0
C 33 0
C 34 9
C 35 24
C 36 16
C 37 20
C 38 14
C 39 3
C 40 10
C 41 25
C 42 12
C 43 0
C 44 4
C 45 17
C 46 4
C 47 22
C 48 25
C 49 3
C 50 8
C 51 9
C 52 21
C 53 18
C 54 26
C 55 15
C 56 26
C 57 21
C 58 20
C 59 5
C 60 12
C 61 6
C 62 2
C 63 26
C 64 21
C 65 8
C 66 17
C 67 20
C 68 20
C 69 9
C 70 2
C 71 17
C 72 3
C 73 3
C 74 14
C 75 2
C 76 9
C 77 4
C 78 23
C 79 20
C 80 8
C 81 1
C 82 25
C 83 2
C 84 5
C 85 4
C 86 7
C 87 18
C 88 4
C 89 14
C 90 11
C 91 8
C 92 5
C 93 8
C 94 15
C 95 20
C 96 8
C 97 2
C 98 8
C 99 23
C 100 6
C 101 3
C 102 4
C 103 3
C 104 25
C 105 18
C 106 19
C 107 5
C 108 21
C 109 4
C 110 9
C 111 4
C 112 7
C 113 14
C 114 8
C 115 4
C 116 2
C 117 2
C 118 2
C 119 20
C 120 0
C 121 1
C 122 22
C 123 6
C 124 26
C 125 20
C 126 23
C 127 10
C 128 5
C 129 24
C 130 17
C 131 3
C 132 6
C 133 8
C 134 5
C 135 12
C 136 17
C 137 3
C 138 1
C 139 7
C 140 22
C 141 3
C 142 24
C 143 9
C 144 4
C 145 25
C 146 1
C 147 7
C 148 21
C 149 0
C 150 9
C 151 11
C 152 25
C 153 18
C 154 11
C 155 6
C 156 2
C 157 26
C 158 11
C 159 25
C 160 15
C 161 8
C 162 22
C 163 19
C 164 19
C 165 6
C 166 8
C 167 4
C 168 26
C 169 26
C 170 3
C 171 23
C 172 12
C 173 2
C 174 1
C 175 4
C 176 19
C 177 9
C 178 8
C 179 16
C 180 19
C 181 4
C 182 26
C 183 6
C 184 26
C 185 12
C 186 1
C 187 21
C 188 12
C 189 10
C 190 20
C 191 14
C 192 21
C 193 25
C 194 20
C 195 11
C 196 18
C 197 24
C 198 26
C 199 12
C 200 9
C 201 7
C 202 18
C 203 10
C 204 18
C 205 17
C 206 5
C 207 21
C 208 18
C 209 24
C 210 4
C 211 23
C 212 16
C 213 20
C 214 7
C 215 25
C 216 17
C 217 1
C 218 18
C 219 25
C 220 23
C 221 10
C 222 11
C 223 2
C 224 26
C 225 9
C 226 3
C 227 8
C 228 23
C 229 18
C 230 6
C 231 9
C 232 23
C 233 12
C 234 5
C 235 9
C 236 6
C 237 22
C 238 6
C 239 6
C 240 24
C 241 14
C 242 5
C 243 8
C 244 21
C 245 17
C 246 3
C 247 19
C 248 1
C 249 21
C 250 4
C 251 26
C 252 23
C 253 23
C 254 22
C 255 14
C 256 4
C 257 14
C 258 1
C 259 10
C 260 11
C 261 0
C 262 15
C 263 15
C 264 19
C 265 24
C 266 21
C 267 14
C 268 24
C 269 12
I 3 1 15 (5,5,3) (0,-1,0,0)|(1,-1,1,0)
I 5 3 19 (3,4,3) (1,0,1,0)|(0,1,-1,0)
I 2 3 19 (4,0,4) (0,1,0,0)
