D (7,8,-1) (3,3,0)
D (7,8,3) (0,2,5)
D (7,8,-1) (5,2,5)
D (7,8,3) (4,1,2)
D (6,-1,-1) (1,2,4)
D (3,-1,-1) (2,1,0)
D (6,7,-1) (3,1,2)
D (7,8,3) (5,1,3)
D (3,-1,-1) (4,1,4)
D (7,8,-1) (1,5,1)
D (9,-1,-1) (1,5,0)
D (6,7,-1) (0,4,5)
D (3,-1,-1) (4,0,4)
D (7,8,-1) (1,4,1)
D (7,-1,-1) (5,1,2)
D (8,3,-1) (0,1,2)
D (7,8,3) (1,5,4)
D (8,3,9) (3,3,2)
D (3,-1,-1) (1,3,3)
D (3,9,-1) (2,5,4)
D (9,-1,-1) (1,3,1)
D (3,-1,-1) (3,2,0)
D (9,-1,-1) (4,4,5)
D (9,-1,-1) (4,1,3)
D (6,7,-1) (0,1,5)
D (9,-1,-1) (2,3,1)
D (3,-1,-1) (5,0,1)
D (7,-1,-1) (5,3,5)
D (6,7,-1) (2,2,4)
D (7,8,-1) (2,4,2)
D (7,8,3) (4,0,5)
D (9,-1,-1) (2,5,2)
D (8,-1,-1) (3,3,1)
D (9,-1,-1) (4,4,2)
D (8,-1,-1) (4,2,1)
D (3,9,-1) (4,4,3)
D (6,-1,-1) (4,3,5)
D (7,-1,-1) (4,0,0)
D (3,9,-1) (3,3,3)
D (7,8,3) (5,4,5)
D (3,9,-1) (2,3,2)
D (3,9,-1) (5,5,3)
D (3,9,-1) (1,0,3)
D (7,8,-1) (1,1,4)
D (6,-1,-1) (2,4,4)
D (7,-1,-1) (3,0,3)
D (7,8,-1) (5,1,0)
D (8,3,-1) (1,1,5)
D (8,3,9) (4,4,4)
D (3,9,-1) (0,0,4)
D (3,9,-1) (1,1,0)
D (6,7,-1) (5,0,5)
D (3,-1,-1) (5,2,4)
D (7,8,3) (3,1,1)
D (9,-1,-1) (5,0,4)
D (3,9,-1) (4,3,2)
D (7,8,-1) (4,3,3)
D (6,7,-1) (4,5,1)
D (3,-1,-1) (2,4,5)
D (7,8,-1) (0,1,1)
D (6,-1,-1) (5,4,1)
D (9,-1,-1) (1,2,2)
D (8,3,9) (5,1,1)
D (6,-1,-1) (0,4,3)
D (8,3,-1) (4,0,3)
D (3,-1,-1) (3,1,3)
D (9,-1,-1) (0,3,1)
D (6,7,8) (4,0,2)
D (7,-1,-1) (3,0,0)
D (7,-1,-1) (3,2,2)
D (8,3,-1) (0,1,0)
D (3,9,-1) (3,2,1)
D (9,-1,-1) (2,0,2)
D (9,-1,-1) (1,3,2)
D (3,9,-1) (1,3,0)
D (8,3,9) (0,5,2)
D (3,-1,-1) (1,2,0)
D (3,9,-1) (2,3,5)
D (3,9,-1) (0,1,4)
D (6,7,8) (3,2,5)
D (7,8,-1) (3,0,1)
D (9,-1,-1) (5,3,3)
D (6,7,-1) (3,5,0)
D (7,8,3) (0,2,0)
D (7,8,-1) (3,4,1)
D (3,9,-1) (2,0,4)
D (6,-1,-1) (0,2,2)
D (3,9,-1) (2,1,4)
D (9,-1,-1) (0,2,3)
D (7,-1,-1) (2,2,3)
D (3,9,-1) (4,3,0)
D (6,-1,-1) (1,4,2)
C 0 19
C 1 23
C 2 0
C 3 0
C 4 0
C 5 0
C 6 0
C 7 0
C 8 0
C 9 0
C 10 0
C 11 0
C 12 0
C 13 0
C 14 9
C 15 23
C 16 3
C 17 23
C 18 2
C 19 21
C 20 22
C 21 10
C 22 4
C 23 24
C 24 21
C 25 21
C 26 2
C 27 21
C 28 16
C 29 9
C 30 22
C 31 25
C 32 24
C 33 24
C 34 2
C 35 6
C 36 6
C 37 26
C 38 14
C 39 18
C 40 19
C 41 21
C 42 4
C 43 0
C 44 15
C 45 7
C 46 17
C 47 22
C 48 18
C 49 14
C 50 19
C 51 8
C 52 14
C 53 20
C 54 5
C 55 15
C 56 7
C 57 8
C 58 25
C 59 2
C 60 6
C 61 20
C 62 11
C 63 19
C 64 5
C 65 1
C 66 2
C 67 4
C 68 3
C 69 22
C 70 10
C 71 20
C 72 1
C 73 17
C 74 15
C 75 4
C 76 8
C 77 20
C 78 23
C 79 26
C 80 19
C 81 5
C 82 2
C 83 3
C 84 9
C 85 26
C 86 16
C 87 14
C 88 16
C 89 10
C 90 3
C 91 2
C 92 20
C 93 24
C 94 3
C 95 9
C 96 9
C 97 16
C 98 1
C 99 20
C 100 21
C 101 20
C 102 3
C 103 21
C 104 12
C 105 23
C 106 26
C 107 15
C 108 6
C 109 26
C 110 17
C 111 17
C 112 9
C 113 12
C 114 20
C 115 19
C 116 11
C 117 16
C 118 20
C 119 18
C 120 6
C 121 12
C 122 15
C 123 2
C 124 5
C 125 17
C 126 1
C 127 9
C 128 7
C 129 0
C 130 16
C 131 20
C 132 23
C 133 15
C 134 3
C 135 0
C 136 7
C 137 20
C 138 9
C 139 15
C 140 12
C 141 1
C 142 4
C 143 12
C 144 4
C 145 3
C 146 14
C 147 5
C 148 24
C 149 7
C 150 9
C 151 19
C 152 17
C 153 6
C 154 17
C 155 21
C 156 6
C 157 15
C 158 0
C 159 24
C 160 3
C 161 20
C 162 1
C 163 9
C 164 2
C 165 17
C 166 12
C 167 15
C 168 0
C 169 4
C 170 19
C 171 10
C 172 21
C 173 24
C 174 19
C 175 0
C 176 15
C 177 10
C 178 10
C 179 6
C 180 25
C 181 14
C 182 23
C 183 25
C 184 16
C 185 12
C 186 16
C 187 17
C 188 26
C 189 9
C 190 26
C 191 7
C 192 8
C 193 6
C 194 1
C 195 16
C 196 6
C 197 5
C 198 17
C 199 5
C 200 25
C 201 10
C 202 6
C 203 9
C 204 2
C 205 9
C 206 1
C 207 18
C 208 26
C 209 24
C 210 19
C 211 9
C 212 3
C 213 25
C 214 22
C 215 23
C 216 0
C 217 18
C 218 6
C 219 23
C 220 24
C 221 6
C 222 25
C 223 22
C 224 14
C 225 21
C 226 7
C 227 25
C 228 14
C 229 3
C 230 18
C 231 8
C 232 8
C 233 5
C 234 20
C 235 14
C 236 10
C 237 17
C 238 8
C 239 12
C 240 26
C 241 6
C 242 0
C 243 0
C 244 0
C 245 0
C 246 0
C 247 0
C 248 0
C 249 0
C 250 0
C 251 0
C 252 0
C 253 0
C 254 0
C 255 0
C 256 0
C 257 0
C 258 0
C 259 0
C 260 0
C 261 0
C 262 0
C 263 0
C 264 9
C 265 24
C 266 24
C 267 4
C 268 17
C 269 24
I 3 1 5 (1,3,3) (1,1,1,0)
I 1 3 11 (3,0,5) (0,1,0,0)
