D (8,3,-1) (1,0,0)
D (6,7,8) (2,3,4)
D (9,-1,-1) (2,5,1)
D (8,-1,-1) (2,4,0)
D (7,8,-1) (2,3,5)
D (9,-1,-1) (0,3,5)
D (3,-1,-1) (3,5,3)
D (8,3,9) (3,1,0)
D (7,8,-1) (4,4,2)
D (6,7,8) (5,4,0)
D (9,-1,-1) (1,0,4)
D (6,7,8) (1,4,0)
D (3,-1,-1) (3,0,5)
D (8,3,9) (1,0,1)
D (3,-1,-1) (5,0,0)
D (3,-1,-1) (4,3,4)
D (8,3,9) (3,3,1)
D (9,-1,-1) (4,5,2)
D (3,-1,-1) (1,0,3)
D (9,-1,-1) (3,4,2)
D (8,3,-1) (3,2,3)
D (7,8,3) (5,5,3)
D (7,-1,-1) (2,2,5)
D (6,7,-1) (4,5,1)
D (6,7,-1) (2,0,0)
D (9,-1,-1) (3,4,4)
D (8,3,9) (2,1,0)
D (3,9,-1) (2,5,2)
D (6,7,8) (4,2,4)
D (8,-1,-1) (0,3,1)
D (9,-1,-1) (0,4,0)
D (8,3,9) (5,3,5)
D (6,7,-1) (2,3,0)
D (6,7,-1) (4,1,0)
D (7,-1,-1) (1,3,4)
D (9,-1,-1) (4,5,5)
D (7,8,3) (3,5,2)
D (9,-1,-1) (0,4,2)
D (6,-1,-1) (4,4,1)
D (8,3,9) (1,2,4)
D (6,-1,-1) (5,5,5)
D (7,8,-1) (2,2,2)
D (9,-1,-1) (3,0,1)
D (7,8,-1) (1,3,2)
D (3,9,-1) (0,0,0)
D (8,-1,-1) (1,4,5)
D (3,9,-1) (0,1,3)
D (7,8,3) (5,5,0)
D (8,-1,-1) (0,1,5)
D (7,8,3) (2,2,4)
D (6,7,8) (4,4,4)
D (3,9,-1) (1,1,2)
D (9,-1,-1) (0,0,2)
D (9,-1,-1) (0,2,2)
D (3,-1,-1) (0,3,0)
D (3,9,-1) (3,3,2)
D (6,-1,-1) (4,2,5)
D (7,-1,-1) (0,1,2)
D (6,-1,-1) (4,3,3)
D (8,3,-1) (5,1,2)
D (3,9,-1) (3,4,1)
D (7,8,3) (3,4,3)
D (9,-1,-1) (1,1,0)
D (8,-1,-1) (0,0,4)
D (7,8,-1) (3,2,4)
D (7,8,3) (1,2,2)
D (3,9,-1) (2,1,3)
D (8,3,9) (4,1,5)
D (9,-1,-1) (5,3,4)
D (8,3,9) (3,3,3)
D (9,-1,-1) (4,1,4)
D (9,-1,-1) (1,5,1)
D (7,8,3) (2,3,3)
D (9,-1,-1) (4,4,3)
D (7,-1,-1) (2,1,2)
D (9,-1,-1) (4,3,2)
D (9,-1,-1) (0,2,1)
D (7,-1,-1) (5,1,0)
D (9,-1,-1) (4,0,0)
D (7,8,-1) (3,0,0)
D (6,-1,-1) (1,0,5)
D (8,-1,-1) (1,3,1)
D (3,9,-1) (0,5,5)
C 0 24
C 1 9
C 2 20
C 3 11
C 4 8
C 5 7
C 6 18
C 7 18
C 8 15
C 9 15
C 10 24
C 11 2
C 12 0
C 13 7
C 14 10
C 15 1
C 16 9
C 17 18
C 18 19
C 19 0
C 20 0
C 21 0
C 22 0
C 23 0
C 24 0
C 25 0
C 26 0
C 27 0
C 28 0
C 29 0
C 30 0
C 31 0
C 32 0
C 33 0
C 34 0
C 35 0
C 36 0
C 37 0
C 38 0
C 39 0
C 40 0
C 41 0
C 42 0
C 43 0
C 44 0
C 45 0
C 46 0
C 47 0
C 48 0
C 49 0
C 50 0
C 51 0
C 52 0
C 53 0
C 54 0
C 55 0
C 56 0
C 57 0
C 58 0
C 59 0
C 60 0
C 61 0
C 62 0
C 63 0
C 64 0
C 65 0
C 66 0
C 67 0
C 68 10
C 69 4
C 70 25
C 71 3
C 72 8
C 73 19
C 74 19
C 75 5
C 76 20
C 77 26
C 78 8
C 79 2
C 80 21
C 81 6
C 82 14
C 83 8
C 84 1
C 85 24
C 86 14
C 87 15
C 88 14
C 89 0
C 90 10
C 91 23
C 92 6
C 93 26
C 94 18
C 95 11
C 96 20
C 97 25
C 98 12
C 99 12
C 100 2
C 101 2
C 102 12
C 103 15
C 104 1
C 105 15
C 106 25
C 107 2
C 108 10
C 109 2
C 110 2
C 111 19
C 112 3
C 113 19
C 114 0
C 115 21
C 116 1
C 117 11
C 118 8
C 119 24
C 120 19
C 121 0
C 122 25
C 123 10
C 124 25
C 125 0
C 126 11
C 127 19
C 128 14
C 129 15
C 130 5
C 131 22
C 132 20
C 133 10
C 134 22
C 135 1
C 136 16
C 137 12
C 138 19
C 139 26
C 140 24
C 141 4
C 142 15
C 143 16
C 144 6
C 145 11
C 146 2
C 147 18
C 148 16
C 149 17
C 150 19
C 151 20
C 152 5
C 153 10
C 154 22
C 155 3
C 156 23
C 157 7
C 158 3
C 159 0
C 160 26
C 161 10
C 162 20
C 163 3
C 164 3
C 165 22
C 166 22
C 167 7
C 168 11
C 169 9
C 170 7
C 171 17
C 172 17
C 173 2
C 174 24
C 175 4
C 176 1
C 177 2
C 178 7
C 179 2
C 180 19
C 181 1
C 182 16
C 183 4
C 184 18
C 185 14
C 186 8
C 187 21
C 188 24
C 189 2
C 190 7
C 191 26
C 192 1
C 193 16
C 194 20
C 195 1
C 196 9
C 197 7
C 198 21
C 199 26
C 200 24
C 201 14
C 202 23
C 203 16
C 204 5
C 205 19
C 206 20
C 207 26
C 208 22
C 209 9
C 210 11
C 211 5
C 212 20
C 213 10
C 214 1
C 215 5
C 216 19
C 217 23
C 218 22
C 219 19
C 220 17
C 221 10
C 222 22
C 223 6
C 224 5
C 225 6
C 226 22
C 227 14
C 228 11
C 229 16
C 230 16
C 231 24
C 232 19
C 233 5
C 234 21
C 235 26
C 236 3
C 237 18
C 238 3
C 239 25
C 240 7
C 241 11
C 242 6
C 243 14
C 244 19
C 245 15
C 246 18
C 247 16
C 248 6
C 249 20
C 250 3
C 251 8
C 252 5
C 253 22
C 254 15
C 255 3
C 256 15
C 257 18
C 258 17
C 259 21
C 260 18
C 261 16
C 262 19
C 263 18
C 264 5
C 265 12
C 266 24
C 267 24
C 268 9
C 269 26
I 0 1 13 (4,3,0) (0,-1,0,0)|(1,0,0,0)
I 5 3 19 (1,5,4) (-1,1,1,0)
I 1 2 15 (1,2,0) (-1,-1,0,0)|(-1,0,0,0)|(-1,1,-1,0)|(-1,1,1,0)
