D (8,3,-1) (5,1,4)
D (8,3,9) (3,4,0)
D (9,-1,-1) (4,3,2)
D (8,-1,-1) (3,1,5)
D (6,7,-1) (3,5,1)
D (6,7,8) (0,2,0)
D (6,-1,-1) (2,4,2)
D (6,7,-1) (1,2,2)
D (9,-1,-1) (4,5,2)
D (7,-1,-1) (3,5,3)
D (6,-1,-1) (2,1,0)
D (9,-1,-1) (2,4,5)
D (7,8,-1) (5,4,1)
D (9,-1,-1) (2,4,0)
D (8,-1,-1) (4,4,2)
D (8,3,-1) (3,1,3)
D (6,7,8) (1,3,2)
D (7,8,3) (1,0,3)
D (9,-1,-1) (5,4,5)
D (6,-1,-1) (1,2,1)
D (7,8,3) (5,3,2)
D (3,9,-1) (0,1,1)
D (6,7,-1) (4,4,3)
D (6,7,8) (0,0,3)
D (8,3,-1) (5,5,0)
D (8,-1,-1) (5,2,4)
D (7,-1,-1) (4,4,5)
D (6,7,-1) (2,5,4)
D (7,8,-1) (0,0,5)
D (7,8,3) (1,0,4)
D (7,8,-1) (2,3,0)
D (8,-1,-1) (5,2,3)
D (6,7,8) (4,1,4)
D (8,3,-1) (3,2,5)
D (7,8,-1) (1,3,5)
D (3,9,-1) (1,2,4)
D (8,3,9) (2,5,1)
D (8,3,9) (1,4,3)
D (7,8,3) (1,3,1)
D (7,8,3) (5,2,0)
D (6,-1,-1) (0,3,0)
D (3,9,-1) (3,0,0)
D (7,8,-1) (2,5,5)
D (6,-1,-1) (5,5,4)
D (8,3,-1) (4,1,3)
D (9,-1,-1) (4,2,1)
C 0 4
C 1 6
C 2 7
C 3 8
C 4 6
C 5 2
C 6 7
C 7 24
C 8 4
C 9 14
C 10 22
C 11 8
C 12 15
C 13 23
C 14 12
C 15 8
C 16 0
C 17 3
C 18 10
C 19 0
C 20 23
C 21 14
C 22 25
C 23 6
C 24 23
C 25 18
C 26 11
C 27 6
C 28 6
C 29 15
C 30 9
C 31 14
C 32 0
C 33 8
C 34 0
C 35 0
C 36 2
C 37 4
C 38 17
C 39 26
C 40 9
C 41 14
C 42 25
C 43 2
C 44 14
C 45 8
C 46 12
C 47 0
C 48 21
C 49 18
C 50 17
C 51 16
C 52 24
C 53 21
C 54 9
C 55 1
C 56 1
C 57 8
C 58 0
C 59 24
C 60 3
C 61 1
C 62 24
C 63 16
C 64 26
C 65 25
C 66 3
C 67 20
C 68 10
C 69 16
C 70 22
C 71 23
C 72 0
C 73 8
C 74 12
C 75 10
C 76 1
C 77 20
C 78 15
C 79 26
C 80 9
C 81 8
C 82 23
C 83 14
C 84 15
C 85 22
C 86 0
C 87 23
C 88 14
C 89 8
C 90 0
C 91 6
C 92 25
C 93 6
C 94 3
C 95 10
C 96 22
C 97 22
C 98 12
C 99 9
C 100 18
C 101 14
C 102 19
C 103 11
C 104 20
C 105 4
C 106 5
C 107 1
C 108 22
C 109 3
C 110 5
C 111 23
C 112 9
C 113 17
C 114 11
C 115 2
C 116 4
C 117 3
C 118 6
C 119 2
C 120 4
C 121 5
C 122 23
C 123 6
C 124 22
C 125 10
C 126 14
C 127 9
C 128 17
C 129 5
C 130 8
C 131 12
C 132 4
C 133 8
C 134 23
C 135 6
C 136 22
C 137 17
C 138 6
C 139 26
C 140 12
C 141 17
C 142 10
C 143 4
C 144 22
C 145 3
C 146 15
C 147 18
C 148 24
C 149 10
C 150 22
C 151 5
C 152 4
C 153 16
C 154 20
C 155 3
C 156 9
C 157 23
C 158 14
C 159 17
C 160 10
C 161 3
C 162 4
C 163 1
C 164 21
C 165 10
C 166 22
C 167 23
C 168 6
C 169 7
C 170 12
C 171 26
C 172 6
C 173 22
C 174 25
C 175 20
C 176 10
C 177 5
C 178 9
C 179 3
C 180 3
C 181 2
C 182 8
C 183 22
C 184 19
C 185 21
C 186 6
C 187 25
C 188 3
C 189 5
C 190 5
C 191 12
C 192 18
C 193 14
C 194 2
C 195 6
C 196 19
C 197 14
C 198 22
C 199 12
C 200 21
C 201 26
C 202 15
C 203 2
C 204 24
C 205 8
C 206 20
C 207 26
C 208 22
C 209 26
C 210 21
C 211 0
C 212 18
C 213 26
C 214 22
C 215 4
C 216 5
C 217 19
C 218 14
C 219 20
C 220 9
C 221 23
C 222 12
C 223 6
C 224 11
C 225 22
C 226 23
C 227 21
C 228 17
C 229 0
C 230 19
C 231 20
C 232 22
C 233 20
C 234 12
C 235 3
C 236 20
C 237 15
C 238 12
C 239 0
C 240 25
C 241 24
C 242 11
C 243 19
C 244 17
C 245 0
C 246 3
C 247 21
C 248 24
C 249 17
C 250 9
C 251 22
C 252 23
C 253 12
C 254 24
C 255 11
C 256 3
C 257 26
C 258 19
C 259 14
C 260 24
C 261 5
C 262 6
C 263 4
C 264 0
C 265 2
C 266 11
C 267 0
C 268 3
C 269 19
I 5 1 17 (2,4,1) (1,-1,0,0)|(-1,1,1,0)|(0,1,1,0)
I 3 2 14 (5,3,0) (-1,0,0,0)|(0,1,1,0)
I 1 1 8 (5,2,4) (0,1,-1,0)
