D (7,8,-1) (3,4,0)
D (3,9,-1) (5,1,0)
D (8,3,9) (0,0,1)
D (8,3,-1) (3,0,1)
D (8,3,9) (5,4,3)
D (3,-1,-1) (0,3,3)
D (8,3,9) (5,0,2)
D (8,-1,-1) (4,2,4)
D (6,7,8) (5,2,0)
D (8,3,9) (3,5,2)
D (7,8,-1) (3,0,4)
D (9,-1,-1) (2,1,4)
D (3,-1,-1) (2,5,1)
D (3,9,-1) (4,3,1)
D (6,7,-1) (1,4,0)
D (3,9,-1) (3,1,1)
D (3,9,-1) (4,4,3)
D (3,9,-1) (0,5,0)
D (6,-1,-1) (0,5,3)
D (6,7,8) (2,0,1)
D (8,3,-1) (1,5,1)
D (7,8,-1) (3,4,5)
D (9,-1,-1) (3,3,1)
D (9,-1,-1) (4,3,4)
D (6,-1,-1) (0,2,3)
D (9,-1,-1) (2,2,4)
D (3,9,-1) (5,2,3)
D (8,-1,-1) (2,0,5)
D (9,-1,-1) (5,0,0)
D (9,-1,-1) (0,3,5)
D (6,7,-1) (5,5,4)
D (6,7,8) (4,4,2)
D (3,9,-1) (3,5,4)
D (3,9,-1) (0,0,2)
D (8,-1,-1) (2,4,5)
D (8,-1,-1) (2,3,2)
D (3,9,-1) (0,1,1)
D (9,-1,-1) (5,2,1)
D (9,-1,-1) (5,4,0)
D (9,-1,-1) (4,1,2)
D (9,-1,-1) (5,5,1)
D (7,-1,-1) (3,4,3)
D (8,-1,-1) (3,3,4)
D (7,8,-1) (4,0,3)
D (8,3,9) (2,1,0)
D (8,3,-1) (2,5,2)
D (6,7,8) (5,5,5)
D (9,-1,-1) (4,5,5)
D (3,-1,-1) (4,5,4)
D (7,8,-1) (1,5,0)
C 0 18
C 1 10
C 2 16
C 3 11
C 4 6
C 5 25
C 6 4
C 7 24
C 8 24
C 9 25
C 10 9
C 11 14
C 12 25
C 13 10
C 14 23
C 15 4
C 16 17
C 17 1
C 18 21
C 19 3
C 20 3
C 21 20
C 22 7
C 23 0
C 24 25
C 25 7
C 26 1
C 27 24
C 28 16
C 29 22
C 30 3
C 31 21
C 32 18
C 33 23
C 34 22
C 35 24
C 36 25
C 37 25
C 38 6
C 39 3
C 40 11
C 41 20
C 42 18
C 43 15
C 44 26
C 45 17
C 46 19
C 47 6
C 48 3
C 49 3
C 50 12
C 51 11
C 52 6
C 53 17
C 54 10
C 55 19
C 56 3
C 57 10
C 58 25
C 59 16
C 60 10
C 61 4
C 62 15
C 63 22
C 64 21
C 65 15
C 66 2
C 67 12
C 68 6
C 69 21
C 70 17
C 71 20
C 72 18
C 73 22
C 74 2
C 75 25
C 76 9
C 77 2
C 78 4
C 79 9
C 80 5
C 81 18
C 82 26
C 83 14
C 84 21
C 85 22
C 86 14
C 87 22
C 88 9
C 89 15
C 90 21
C 91 8
C 92 2
C 93 4
C 94 25
C 95 12
C 96 26
C 97 25
C 98 9
C 99 7
C 100 8
C 101 3
C 102 9
C 103 4
C 104 17
C 105 12
C 106 15
C 107 9
C 108 12
C 109 22
C 110 12
C 111 5
C 112 12
C 113 16
C 114 12
C 115 9
C 116 1
C 117 21
C 118 8
C 119 10
C 120 5
C 121 21
C 122 2
C 123 7
C 124 25
C 125 18
C 126 6
C 127 17
C 128 0
C 129 18
C 130 20
C 131 18
C 132 23
C 133 0
C 134 0
C 135 0
C 136 0
C 137 0
C 138 0
C 139 0
C 140 0
C 141 0
C 142 0
C 143 0
C 144 0
C 145 0
C 146 0
C 147 0
C 148 0
C 149 0
C 150 0
C 151 0
C 152 0
C 153 0
C 154 0
C 155 0
C 156 0
C 157 0
C 158 0
C 159 0
C 160 0
C 161 0
C 162 0
C 163 0
C 164 0
C 165 0
C 166 0
C 167 0
C 168 0
C 169 0
C 170 0
C 171 0
C 172 0
C 173 0
C 174 0
C 175 0
C 176 0
C 177 0
C 178 0
C 179 0
C 180 0
C 181 0
C 182 0
C 183 0
C 184 0
C 185 0
C 186 0
C 187 0
C 188 0
C 189 0
C 190 0
C 191 0
C 192 0
C 193 0
C 194 0
C 195 0
C 196 0
C 197 0
C 198 0
C 199 0
C 200 0
C 201 0
C 202 0
C 203 0
C 204 0
C 205 0
C 206 0
C 207 0
C 208 0
C 209 0
C 210 0
C 211 0
C 212 0
C 213 0
C 214 0
C 215 0
C 216 0
C 217 0
C 218 0
C 219 0
C 220 0
C 221 0
C 222 0
C 223 0
C 224 0
C 225 0
C 226 0
C 227 0
C 228 0
C 229 0
C 230 0
C 231 0
C 232 0
C 233 0
C 234 0
C 235 0
C 236 0
C 237 0
C 238 0
C 239 0
C 240 0
C 241 0
C 242 0
C 243 0
C 244 0
C 245 0
C 246 0
C 247 0
C 248 0
C 249 0
C 250 0
C 251 0
C 252 21
C 253 23
C 254 2
C 255 3
C 256 2
C 257 5
C 258 22
C 259 16
C 260 22
C 261 4
C 262 3
C 263 4
C 264 18
C 265 20
C 266 25
C 267 9
C 268 9
C 269 11
I 1 1 9 (2,2,0) (0,0,1,0)|(0,-1,-1,0)
I 5 1 19 (2,1,1) (0,1,1,0)|(-1,0,0,0)|(1,1,-1,0)|(-1,1,1,0)|(-1,1,1,0)
I 2 3 18 (2,2,4) (0,0,0,0)|(1,0,1,0)
