D (8,-1,-1) (1,5,1)
D (3,9,-1) (2,5,1)
D (8,-1,-1) (2,0,1)
D (6,7,-1) (0,3,0)
D (8,-1,-1) (5,0,0)
D (6,-1,-1) (4,5,2)
D (7,-1,-1) (2,0,4)
D (8,3,9) (5,4,2)
D (7,-1,-1) (0,1,3)
D (3,9,-1) (0,4,4)
D (3,-1,-1) (1,4,5)
D (8,3,-1) (4,5,1)
D (9,-1,-1) (1,3,2)
D (6,7,-1) (1,2,5)
D (6,-1,-1) (3,2,5)
D (9,-1,-1) (2,5,3)
D (3,9,-1) (0,5,2)
D (9,-1,-1) (1,2,2)
D (8,3,9) (2,2,4)
D (8,3,9) (0,4,5)
D (3,9,-1) (1,4,4)
D (9,-1,-1) (5,2,1)
D (8,-1,-1) (1,0,3)
D (8,-1,-1) (5,1,4)
D (6,7,8) (2,4,4)
D (9,-1,-1) (0,3,1)
D (7,8,-1) (3,5,0)
D (9,-1,-1) (5,5,0)
D (8,-1,-1) (0,5,3)
D (7,-1,-1) (5,3,2)
D (6,7,8) (4,5,3)
D (9,-1,-1) (5,3,5)
D (3,-1,-1) (1,5,5)
D (3,-1,-1) (3,1,5)
D (8,-1,-1) (1,1,2)
C 0 10
C 1 11
C 2 15
C 3 20
C 4 26
C 5 17
C 6 24
C 7 14
C 8 14
C 9 2
C 10 20
C 11 0
C 12 16
C 13 1
C 14 1
C 15 19
C 16 9
C 17 3
C 18 4
C 19 20
C 20 11
C 21 22
C 22 23
C 23 17
C 24 11
C 25 23
C 26 18
C 27 3
C 28 6
C 29 23
C 30 14
C 31 8
C 32 20
C 33 10
C 34 2
C 35 5
C 36 14
C 37 12
C 38 2
C 39 10
C 40 21
C 41 21
C 42 1
C 43 2
C 44 25
C 45 1
C 46 11
C 47 26
C 48 3
C 49 6
C 50 20
C 51 10
C 52 8
C 53 12
C 54 3
C 55 18
C 56 8
C 57 0
C 58 15
C 59 22
C 60 24
C 61 3
C 62 5
C 63 9
C 64 26
C 65 14
C 66 26
C 67 21
C 68 23
C 69 14
C 70 0
C 71 11
C 72 1
C 73 11
C 74 8
C 75 25
C 76 7
C 77 15
C 78 1
C 79 17
C 80 7
C 81 23
C 82 0
C 83 2
C 84 18
C 85 5
C 86 20
C 87 5
C 88 5
C 89 1
C 90 14
C 91 11
C 92 16
C 93 12
C 94 25
C 95 18
C 96 23
C 97 26
C 98 18
C 99 19
C 100 25
C 101 9
C 102 25
C 103 8
C 104 9
C 105 12
C 106 25
C 107 4
C 108 8
C 109 8
C 110 16
C 111 3
C 112 17
C 113 16
C 114 16
C 115 2
C 116 16
C 117 3
C 118 8
C 119 22
C 120 10
C 121 21
C 122 1
C 123 2
C 124 6
C 125 16
C 126 18
C 127 4
C 128 11
C 129 8
C 130 21
C 131 12
C 132 11
C 133 14
C 134 8
C 135 24
C 136 23
C 137 2
C 138 25
C 139 4
C 140 2
C 141 6
C 142 3
C 143 1
C 144 7
C 145 24
C 146 10
C 147 2
C 148 23
C 149 1
C 150 18
C 151 10
C 152 9
C 153 3
C 154 25
C 155 14
C 156 24
C 157 24
C 158 22
C 159 26
C 160 8
C 161 14
C 162 20
C 163 12
C 164 17
C 165 18
C 166 3
C 167 12
C 168 22
C 169 10
C 170 7
C 171 10
C 172 9
C 173 22
C 174 26
C 175 2
C 176 11
C 177 17
C 178 18
C 179 7
C 180 15
C 181 26
C 182 15
C 183 6
C 184 7
C 185 26
C 186 10
C 187 26
C 188 16
C 189 15
C 190 6
C 191 8
C 192 20
C 193 1
C 194 1
C 195 21
C 196 9
C 197 5
C 198 18
C 199 14
C 200 24
C 201 10
C 202 12
C 203 4
C 204 6
C 205 5
C 206 18
C 207 21
C 208 10
C 209 10
C 210 10
C 211 26
C 212 24
C 213 8
C 214 9
C 215 8
C 216 6
C 217 22
C 218 17
C 219 5
C 220 16
C 221 22
C 222 26
C 223 18
C 224 11
C 225 20
C 226 1
C 227 22
C 228 6
C 229 0
C 230 11
C 231 3
C 232 16
C 233 9
C 234 9
C 235 14
C 236 5
C 237 19
C 238 15
C 239 14
C 240 20
C 241 4
C 242 2
C 243 7
C 244 24
C 245 5
C 246 3
C 247 15
C 248 8
C 249 14
C 250 17
C 251 10
C 252 3
C 253 5
C 254 24
C 255 10
C 256 12
C 257 11
C 258 11
C 259 1
C 260 9
C 261 24
C 262 20
C 263 17
C 264 21
C 265 2
C 266 21
C 267 23
C 268 19
C 269 21
I 0 2 11 (4,4,4) (-1,0,-1,0)|(0,1,-1,0)
I 0 1 10 (3,4,4) (1,0,-1,0)
I 2 3 6 (0,5,5) (1,1,-1,0)
