D (8,3,-1) (1,1,2)
D (9,-1,-1) (3,3,2)
D (7,8,3) (2,1,3)
D (9,-1,-1) (3,2,4)
D (3,-1,-1) (1,4,4)
D (3,9,-1) (5,5,0)
D (8,3,9) (0,3,2)
D (3,-1,-1) (5,1,3)
D (6,7,8) (0,5,4)
D (6,7,8) (0,2,3)
D (9,-1,-1) (0,2,2)
D (7,8,3) (1,3,3)
D (3,9,-1) (0,4,2)
D (7,8,3) (5,3,2)
D (8,-1,-1) (4,1,3)
D (3,9,-1) (5,2,3)
D (7,8,3) (1,1,5)
D (3,-1,-1) (4,5,0)
D (3,9,-1) (1,2,0)
D (9,-1,-1) (1,0,5)
D (6,7,-1) (0,5,5)
D (9,-1,-1) (2,4,0)
D (6,-1,-1) (4,3,3)
D (7,-1,-1) (4,2,5)
D (8,-1,-1) (5,0,5)
D (7,8,-1) (3,0,0)
D (3,9,-1) (1,0,2)
D (7,8,-1) (5,0,3)
D (7,-1,-1) (1,5,3)
D (8,3,9) (5,2,2)
D (6,7,-1) (2,0,3)
D (8,-1,-1) (1,5,0)
D (6,7,-1) (5,1,2)
D (9,-1,-1) (2,5,2)
D (6,-1,-1) (4,5,5)
D (8,3,-1) (4,1,5)
D (6,7,-1) (4,2,0)
D (7,-1,-1) (3,4,2)
D (8,-1,-1) (4,5,2)
D (9,-1,-1) (0,5,0)
D (8,3,-1) (1,1,4)
D (6,7,-1) (4,0,5)
D (3,9,-1) (5,5,1)
D (3,-1,-1) (5,2,1)
D (6,7,8) (1,1,0)
D (9,-1,-1) (0,3,3)
D (9,-1,-1) (2,5,5)
D (9,-1,-1) (4,3,5)
D (8,3,9) (4,4,5)
D (7,-1,-1) (5,3,5)
D (6,-1,-1) (4,4,4)
C 0 12
C 1 23
C 2 12
C 3 17
C 4 12
C 5 11
C 6 14
C 7 2
C 8 23
C 9 26
C 10 9
C 11 26
C 12 20
C 13 6
C 14 5
C 15 0
C 16 14
C 17 21
C 18 8
C 19 4
C 20 15
C 21 10
C 22 15
C 23 7
C 24 8
C 25 24
C 26 24
C 27 8
C 28 5
C 29 1
C 30 24
C 31 19
C 32 3
C 33 9
C 34 0
C 35 16
C 36 26
C 37 21
C 38 14
C 39 16
C 40 9
C 41 25
C 42 10
C 43 24
C 44 0
C 45 8
C 46 11
C 47 4
C 48 11
C 49 8
C 50 26
C 51 24
C 52 24
C 53 6
C 54 20
C 55 17
C 56 22
C 57 23
C 58 14
C 59 19
C 60 0
C 61 0
C 62 0
C 63 0
C 64 0
C 65 0
C 66 0
C 67 0
C 68 0
C 69 0
C 70 0
C 71 0
C 72 0
C 73 0
C 74 0
C 75 0
C 76 0
C 77 0
C 78 0
C 79 0
C 80 0
C 81 0
C 82 0
C 83 0
C 84 0
C 85 0
C 86 0
C 87 0
C 88 0
C 89 0
C 90 0
C 91 0
C 92 0
C 93 0
C 94 0
C 95 0
C 96 0
C 97 0
C 98 0
C 99 0
C 100 0
C 101 0
C 102 0
C 103 0
C 104 0
C 105 0
C 106 0
C 107 0
C 108 0
C 109 0
C 110 0
C 111 0
C 112 0
C 113 0
C 114 0
C 115 0
C 116 0
C 117 0
C 118 0
C 119 0
C 120 0
C 121 7
C 122 1
C 123 6
C 124 12
C 125 24
C 126 3
C 127 12
C 128 26
C 129 17
C 130 18
C 131 5
C 132 15
C 133 6
C 134 11
C 135 19
C 136 4
C 137 18
C 138 26
C 139 22
C 140 15
C 141 16
C 142 16
C 143 19
C 144 26
C 145 22
C 146 11
C 147 4
C 148 7
C 149 11
C 150 0
C 151 15
C 152 17
C 153 10
C 154 26
C 155 5
C 156 11
C 157 2
C 158 11
C 159 6
C 160 11
C 161 3
C 162 25
C 163 22
C 164 21
C 165 8
C 166 2
C 167 19
C 168 20
C 169 20
C 170 22
C 171 7
C 172 1
C 173 15
C 174 8
C 175 14
C 176 21
C 177 0
C 178 3
C 179 22
C 180 23
C 181 17
C 182 12
C 183 17
C 184 16
C 185 17
C 186 5
C 187 18
C 188 21
C 189 6
C 190 12
C 191 21
C 192 0
C 193 0
C 194 0
C 195 0
C 196 0
C 197 0
C 198 0
C 199 0
C 200 0
C 201 0
C 202 0
C 203 0
C 204 0
C 205 0
C 206 0
C 207 0
C 208 0
C 209 0
C 210 0
C 211 0
C 212 0
C 213 0
C 214 0
C 215 0
C 216 0
C 217 0
C 218 0
C 219 0
C 220 0
C 221 0
C 222 0
C 223 0
C 224 0
C 225 0
C 226 0
C 227 0
C 228 0
C 229 0
C 230 0
C 231 0
C 232 0
C 233 0
C 234 0
C 235 0
C 236 0
C 237 0
C 238 0
C 239 0
C 240 0
C 241 0
C 242 0
C 243 0
C 244 0
C 245 0
C 246 0
C 247 0
C 248 0
C 249 0
C 250 0
C 251 0
C 252 0
C 253 0
C 254 0
C 255 0
C 256 0
C 257 0
C 258 0
C 259 0
C 260 0
C 261 0
C 262 0
C 263 0
C 264 0
C 265 0
C 266 0
C 267 26
C 268 16
C 269 4
I 0 1 9 (0,3,1) (0,-1,0,0)|(1,0,-1,0)|(1,1,-1,0)
I 4 1 6 (5,0,4) (-1,0,1,0)
I 1 2 17 (1,1,2) (0,0,-1,0)|(1,-1,0,0)|(1,0,-1,0)
