D (8,-1,-1) (3,1,5)
D (6,7,-1) (0,1,1)
D (7,8,-1) (1,4,1)
D (6,7,8) (1,2,0)
D (3,9,-1) (1,3,3)
D (6,7,-1) (5,1,2)
D (9,-1,-1) (1,4,0)
D (9,-1,-1) (4,4,3)
D (9,-1,-1) (2,2,0)
D (9,-1,-1) (3,3,5)
D (7,-1,-1) (0,5,0)
D (3,9,-1) (5,5,4)
D (9,-1,-1) (2,5,4)
D (8,-1,-1) (0,1,2)
D (8,3,-1) (2,0,0)
D (9,-1,-1) (3,3,0)
D (9,-1,-1) (0,5,4)
D (7,-1,-1) (4,4,4)
D (7,8,-1) (5,5,2)
D (8,3,9) (4,0,2)
D (3,-1,-1) (1,2,2)
D (7,-1,-1) (5,3,5)
D (3,-1,-1) (0,0,3)
D (8,-1,-1) (5,0,0)
D (6,7,8) (5,3,0)
D (3,9,-1) (3,4,0)
D (6,7,8) (3,5,1)
D (3,9,-1) (5,2,2)
D (7,8,-1) (3,0,4)
D (7,-1,-1) (5,5,5)
D (3,9,-1) (4,3,3)
D (6,7,-1) (3,3,4)
D (3,3,-1) (1,0,3)
D (9,-1,-1) (3,0,0)
D (8,3,-1) (3,2,5)
D (9,-1,-1) (2,3,0)
D (9,-1,-1) (2,0,1)
D (8,-1,-1) (2,0,5)
D (7,8,-1) (0,4,4)
D (9,-1,-1) (4,0,4)
D (3,9,-1) (4,5,2)
D (3,-1,-1) (0,2,1)
D (3,9,-1) (0,4,2)
D (3,9,-1) (3,0,1)
D (9,-1,-1) (0,1,5)
D (8,3,-1) (2,4,3)
D (7,-1,-1) (0,2,3)
D (6,7,-1) (4,0,3)
D (6,7,-1) (2,3,1)
D (9,-1,-1) (4,2,0)
D (7,8,-1) (2,5,2)
D (6,7,-1) (2,2,5)
D (6,-1,-1) (0,0,1)
D (3,9,-1) (4,4,2)
D (8,3,9) (4,0,0)
D (3,9,-1) (1,2,1)
D (7,8,-1) (2,1,0)
D (8,-1,-1) (0,3,4)
D (7,8,-1) (5,4,0)
D (9,-1,-1) (3,4,3)
D (6,-1,-1) (2,0,3)
D (7,8,3) (1,1,0)
D (7,8,3) (0,0,4)
D (8,3,9) (1,5,2)
D (9,-1,-1) (2,5,3)
C 0 1
C 1 21
C 2 6
C 3 26
C 4 0
C 5 0
C 6 0
C 7 0
C 8 0
C 9 0
C 10 0
C 11 0
C 12 0
C 13 0
C 14 0
C 15 0
C 16 0
C 17 0
C 18 0
C 19 25
C 20 19
C 21 23
C 22 7
C 23 19
C 24 22
C 25 11
C 26 12
C 27 12
C 28 23
C 29 20
C 30 5
C 31 1
C 32 1
C 33 17
C 34 4
C 35 23
C 36 19
C 37 3
C 38 23
C 39 26
C 40 7
C 41 12
C 42 1
C 43 15
C 44 4
C 45 8
C 46 26
C 47 10
C 48 12
C 49 10
C 50 26
C 51 1
C 52 24
C 53 0
C 54 6
C 55 5
C 56 0
C 57 12
C 58 5
C 59 19
C 60 0
C 61 0
C 62 24
C 63 17
C 64 11
C 65 4
C 66 26
C 67 8
C 68 17
C 69 25
C 70 19
C 71 7
C 72 23
C 73 11
C 74 24
C 75 22
C 76 22
C 77 9
C 78 16
C 79 18
C 80 5
C 81 5
C 82 23
C 83 20
C 84 10
C 85 11
C 86 6
C 87 18
C 88 16
C 89 21
C 90 1
C 91 8
C 92 22
C 93 8
C 94 15
C 95 4
C 96 26
C 97 6
C 98 5
C 99 11
C 100 24
C 101 0
C 102 18
C 103 14
C 104 11
C 105 18
C 106 8
C 107 24
C 108 5
C 109 23
C 110 16
C 111 5
C 112 23
C 113 7
C 114 11
C 115 5
C 116 2
C 117 9
C 118 4
C 119 22
C 120 8
C 121 25
C 122 22
C 123 0
C 124 0
C 125 0
C 126 0
C 127 0
C 128 0
C 129 0
C 130 0
C 131 0
C 132 0
C 133 0
C 134 0
C 135 0
C 136 0
C 137 0
C 138 0
C 139 0
C 140 0
C 141 0
C 142 0
C 143 0
C 144 0
C 145 0
C 146 0
C 147 0
C 148 0
C 149 0
C 150 0
C 151 0
C 152 0
C 153 0
C 154 0
C 155 0
C 156 0
C 157 0
C 158 1
C 159 10
C 160 19
C 161 10
C 162 7
C 163 0
C 164 0
C 165 0
C 166 0
C 167 0
C 168 0
C 169 0
C 170 0
C 171 0
C 172 0
C 173 0
C 174 0
C 175 0
C 176 0
C 177 0
C 178 0
C 179 0
C 180 0
C 181 0
C 182 0
C 183 0
C 184 0
C 185 0
C 186 0
C 187 0
C 188 0
C 189 0
C 190 0
C 191 0
C 192 0
C 193 0
C 194 0
C 195 0
C 196 0
C 197 22
C 198 3
C 199 14
C 200 20
C 201 24
C 202 2
C 203 4
C 204 3
C 205 8
C 206 12
C 207 14
C 208 10
C 209 3
C 210 26
C 211 12
C 212 23
C 213 20
C 214 21
C 215 23
C 216 2
C 217 25
C 218 15
C 219 15
C 220 20
C 221 3
C 222 10
C 223 22
C 224 17
C 225 22
C 226 19
C 227 12
C 228 16
C 229 9
C 230 15
C 231 25
C 232 6
C 233 0
C 234 26
C 235 26
C 236 10
C 237 11
C 238 0
C 239 24
C 240 20
C 241 21
C 242 5
C 243 1
C 244 2
C 245 8
C 246 21
C 247 6
C 248 17
C 249 24
C 250 23
C 251 14
C 252 19
C 253 7
C 254 25
C 255 12
C 256 24
C 257 8
C 258 10
C 259 24
C 260 10
C 261 3
C 262 15
C 263 19
C 264 0
C 265 15
C 266 14
C 267 23
C 268 7
C 269 14
I 0 2 8 (0,5,3) (1,-1,-1,0)|(-1,0,-1,0)|(-1,-1,-1,0)
I 5 3 18 (0,2,4) (1,1,0,0)|(0,-1,1,0)
I 4 1 9 (2,3,2) (0,1,-1,0)|(1,-1,-1,0)
