D (6,-1,-1) (2,3,1)
D (8,3,9) (5,0,1)
D (3,9,-1) (2,0,4)
D (7,8,3) (1,4,4)
D (6,7,8) (2,4,1)
D (3,9,-1) (0,2,4)
D (9,-1,-1) (2,4,5)
D (3,9,-1) (0,1,3)
D (6,-1,-1) (5,2,1)
D (7,8,-1) (0,5,3)
D (9,-1,-1) (0,4,2)
D (8,3,-1) (5,3,1)
D (7,-1,-1) (0,0,1)
D (8,3,9) (2,3,0)
D (3,-1,-1) (0,1,2)
D (6,7,8) (0,3,3)
D (7,-1,-1) (0,0,5)
D (7,8,3) (4,0,2)
D (7,8,3) (0,5,4)
D (8,3,9) (0,0,4)
D (7,-1,-1) (4,0,4)
D (7,8,-1) (5,2,3)
D (6,7,8) (5,1,3)
D (8,-1,-1) (3,4,1)
D (8,3,9) (2,5,4)
D (3,9,-1) (4,2,4)
D (6,7,-1) (0,3,1)
D (3,9,-1) (1,2,5)
D (9,-1,-1) (3,3,4)
D (8,-1,-1) (3,4,0)
D (6,-1,-1) (3,1,5)
D (7,-1,-1) (0,3,5)
D (3,9,-1) (3,5,3)
D (7,8,3) (3,4,5)
D (6,7,8) (4,5,4)
D (9,-1,-1) (3,5,2)
D (6,-1,-1) (0,2,0)
D (7,-1,-1) (5,3,0)
D (6,-1,-1) (1,5,1)
D (8,3,9) (2,1,2)
D (3,9,-1) (3,1,0)
D (9,-1,-1) (4,0,0)
D (7,8,3) (2,0,3)
D (6,7,8) (4,1,2)
D (8,3,-1) (3,4,2)
D (7,-1,-1) (2,5,1)
D (3,9,-1) (1,0,2)
D (6,7,8) (0,3,4)
D (9,-1,-1) (0,5,1)
D (8,3,-1) (0,5,2)
D (3,9,-1) (1,0,1)
D (7,8,3) (1,1,5)
D (3,-1,-1) (1,1,3)
C 0 10
C 1 2
C 2 7
C 3 12
C 4 11
C 5 20
C 6 5
C 7 0
C 8 9
C 9 4
C 10 26
C 11 24
C 12 25
C 13 20
C 14 11
C 15 4
C 16 1
C 17 6
C 18 5
C 19 22
C 20 7
C 21 3
C 22 2
C 23 22
C 24 25
C 25 8
C 26 20
C 27 9
C 28 10
C 29 16
C 30 15
C 31 9
C 32 1
C 33 3
C 34 15
C 35 0
C 36 21
C 37 15
C 38 21
C 39 1
C 40 24
C 41 19
C 42 18
C 43 21
C 44 21
C 45 2
C 46 16
C 47 11
C 48 12
C 49 25
C 50 3
C 51 14
C 52 1
C 53 26
C 54 22
C 55 0
C 56 20
C 57 20
C 58 0
C 59 1
C 60 12
C 61 19
C 62 8
C 63 16
C 64 26
C 65 12
C 66 24
C 67 21
C 68 20
C 69 20
C 70 14
C 71 22
C 72 4
C 73 26
C 74 4
C 75 20
C 76 22
C 77 9
C 78 15
C 79 10
C 80 12
C 81 0
C 82 5
C 83 22
C 84 25
C 85 11
C 86 26
C 87 24
C 88 0
C 89 6
C 90 16
C 91 17
C 92 24
C 93 14
C 94 10
C 95 15
C 96 6
C 97 1
C 98 9
C 99 17
C 100 5
C 101 6
C 102 3
C 103 15
C 104 2
C 105 8
C 106 11
C 107 7
C 108 24
C 109 23
C 110 12
C 111 2
C 112 15
C 113 26
C 114 0
C 115 17
C 116 15
C 117 3
C 118 9
C 119 21
C 120 25
C 121 3
C 122 12
C 123 0
C 124 4
C 125 6
C 126 9
C 127 22
C 128 1
C 129 21
C 130 14
C 131 5
C 132 9
C 133 10
C 134 24
C 135 12
C 136 10
C 137 12
C 138 4
C 139 15
C 140 26
C 141 5
C 142 26
C 143 7
C 144 5
C 145 12
C 146 1
C 147 3
C 148 22
C 149 20
C 150 22
C 151 14
C 152 4
C 153 25
C 154 17
C 155 2
C 156 4
C 157 0
C 158 0
C 159 0
C 160 0
C 161 0
C 162 0
C 163 0
C 164 0
C 165 0
C 166 0
C 167 0
C 168 0
C 169 0
C 170 0
C 171 0
C 172 0
C 173 0
C 174 0
C 175 0
C 176 0
C 177 0
C 178 0
C 179 0
C 180 0
C 181 0
C 182 0
C 183 0
C 184 0
C 185 0
C 186 0
C 187 0
C 188 0
C 189 0
C 190 0
C 191 0
C 192 0
C 193 0
C 194 0
C 195 0
C 196 0
C 197 0
C 198 0
C 199 0
C 200 0
C 201 0
C 202 0
C 203 0
C 204 0
C 205 0
C 206 0
C 207 0
C 208 0
C 209 0
C 210 0
C 211 0
C 212 0
C 213 0
C 214 0
C 215 0
C 216 0
C 217 0
C 218 0
C 219 0
C 220 0
C 221 0
C 222 0
C 223 0
C 224 0
C 225 0
C 226 0
C 227 0
C 228 0
C 229 0
C 230 0
C 231 0
C 232 0
C 233 0
C 234 0
C 235 0
C 236 0
C 237 0
C 238 0
C 239 0
C 240 0
C 241 0
C 242 0
C 243 0
C 244 0
C 245 0
C 246 0
C 247 0
C 248 0
C 249 0
C 250 0
C 251 0
C 252 0
C 253 0
C 254 0
C 255 0
C 256 0
C 257 0
C 258 0
C 259 0
C 260 0
C 261 0
C 262 25
C 263 21
C 264 6
C 265 14
C 266 15
C 267 2
C 268 10
C 269 19
I 0 3 18 (1,4,3) (1,-1,-1,0)
I 0 1 17 (3,5,4) (-1,1,1,0)|(0,0,0,0)
I 0 1 14 (3,0,2) (1,1,0,0)|(1,0,-1,0)|(1,1,1,0)
