D (6,-1,-1) (1,2,0)
D (9,-1,-1) (2,2,4)
D (3,-1,-1) (1,0,1)
D (6,7,8) (5,1,1)
D (7,8,3) (5,0,0)
D (6,7,8) (1,4,5)
D (8,-1,-1) (0,4,5)
D (3,9,-1) (2,0,5)
D (7,8,-1) (2,5,2)
D (7,8,-1) (1,3,5)
D (6,7,8) (2,0,0)
D (6,-1,-1) (5,2,3)
D (8,3,-1) (5,0,4)
D (6,7,-1) (3,1,0)
D (6,7,8) (1,3,4)
D (8,3,9) (3,4,1)
D (9,-1,-1) (5,1,5)
D (7,8,-1) (3,4,4)
D (3,9,-1) (3,1,1)
D (9,-1,-1) (4,3,0)
D (3,-1,-1) (4,0,2)
D (9,-1,-1) (5,4,2)
D (7,8,-1) (1,4,2)
D (6,7,8) (0,2,3)
D (8,-1,-1) (0,2,2)
D (8,-1,-1) (4,3,2)
D (8,-1,-1) (4,4,0)
D (7,8,-1) (2,2,0)
D (6,7,-1) (3,5,0)
D (7,8,3) (2,3,3)
D (6,7,8) (1,5,3)
D (6,7,-1) (1,0,4)
D (6,-1,-1) (5,4,0)
D (8,3,9) (3,3,0)
D (7,8,3) (2,4,3)
D (8,3,9) (5,2,2)
D (3,9,-1) (5,3,1)
D (9,-1,-1) (0,4,4)
D (9,-1,-1) (0,1,4)
D (3,-1,-1) (0,5,2)
D (9,-1,-1) (5,2,4)
D (7,8,-1) (3,4,5)
D (7,-1,-1) (2,1,4)
C 0 2
C 1 12
C 2 14
C 3 9
C 4 20
C 5 9
C 6 18
C 7 25
C 8 6
C 9 17
C 10 2
C 11 24
C 12 20
C 13 0
C 14 7
C 15 20
C 16 14
C 17 2
C 18 7
C 19 9
C 20 4
C 21 6
C 22 24
C 23 21
C 24 15
C 25 0
C 26 4
C 27 21
C 28 23
C 29 17
C 30 5
C 31 23
C 32 2
C 33 14
C 34 25
C 35 3
C 36 15
C 37 6
C 38 8
C 39 18
C 40 20
C 41 20
C 42 6
C 43 6
C 44 25
C 45 0
C 46 8
C 47 4
C 48 10
C 49 12
C 50 16
C 51 6
C 52 22
C 53 21
C 54 8
C 55 8
C 56 26
C 57 12
C 58 17
C 59 16
C 60 24
C 61 6
C 62 3
C 63 12
C 64 26
C 65 26
C 66 8
C 67 20
C 68 19
C 69 1
C 70 12
C 71 8
C 72 19
C 73 23
C 74 19
C 75 24
C 76 7
C 77 6
C 78 2
C 79 8
C 80 18
C 81 22
C 82 25
C 83 11
C 84 2
C 85 19
C 86 3
C 87 23
C 88 17
C 89 24
C 90 25
C 91 25
C 92 15
C 93 10
C 94 12
C 95 0
C 96 3
C 97 7
C 98 23
C 99 3
C 100 4
C 101 7
C 102 7
C 103 5
C 104 5
C 105 15
C 106 16
C 107 18
C 108 21
C 109 9
C 110 12
C 111 19
C 112 15
C 113 15
C 114 22
C 115 7
C 116 0
C 117 0
C 118 0
C 119 0
C 120 0
C 121 0
C 122 0
C 123 0
C 124 0
C 125 0
C 126 0
C 127 0
C 128 0
C 129 0
C 130 0
C 131 0
C 132 0
C 133 0
C 134 0
C 135 0
C 136 0
C 137 0
C 138 0
C 139 0
C 140 0
C 141 0
C 142 0
C 143 0
C 144 0
C 145 0
C 146 0
C 147 0
C 148 0
C 149 0
C 150 0
C 151 0
C 152 0
C 153 0
C 154 0
C 155 0
C 156 0
C 157 0
C 158 0
C 159 0
C 160 0
C 161 0
C 162 0
C 163 0
C 164 0
C 165 0
C 166 0
C 167 0
C 168 1
C 169 21
C 170 4
C 171 3
C 172 21
C 173 16
C 174 3
C 175 3
C 176 19
C 177 16
C 178 14
C 179 1
C 180 21
C 181 26
C 182 25
C 183 19
C 184 20
C 185 5
C 186 7
C 187 17
C 188 12
C 189 26
C 190 14
C 191 12
C 192 25
C 193 24
C 194 25
C 195 5
C 196 8
C 197 21
C 198 19
C 199 3
C 200 23
C 201 4
C 202 6
C 203 22
C 204 20
C 205 9
C 206 9
C 207 8
C 208 8
C 209 12
C 210 19
C 211 0
C 212 25
C 213 0
C 214 0
C 215 0
C 216 7
C 217 8
C 218 7
C 219 8
C 220 7
C 221 1
C 222 15
C 223 2
C 224 9
C 225 16
C 226 23
C 227 1
C 228 5
C 229 23
C 230 4
C 231 12
C 232 3
C 233 0
C 234 11
C 235 21
C 236 14
C 237 8
C 238 18
C 239 19
C 240 8
C 241 11
C 242 24
C 243 6
C 244 11
C 245 21
C 246 17
C 247 14
C 248 5
C 249 24
C 250 12
C 251 23
C 252 10
C 253 18
C 254 23
C 255 8
C 256 12
C 257 7
C 258 12
C 259 8
C 260 23
C 261 11
C 262 3
C 263 16
C 264 7
C 265 8
C 266 10
C 267 23
C 268 5
C 269 1
I 1 1 6 (3,5,1) (0,0,1,0)
I 2 1 16 (1,1,0) (-1,1,0,0)
I 0 3 20 (2,4,2) (-1,0,-1,0)|(1,-1,1,0)
