D (7,-1,-1) (2,3,1)
D (6,7,8) (0,2,5)
D (8,3,9) (1,4,0)
D (6,7,-1) (2,0,1)
D (3,9,-1) (2,0,4)
D (9,-1,-1) (3,0,1)
D (6,-1,-1) (4,0,5)
D (6,7,8) (1,0,3)
D (3,-1,-1) (4,4,0)
D (9,-1,-1) (0,3,2)
D (3,-1,-1) (5,3,4)
D (8,-1,-1) (1,4,1)
D (3,-1,-1) (3,5,3)
D (9,-1,-1) (0,5,2)
D (9,-1,-1) (2,2,0)
D (7,8,-1) (1,1,5)
D (3,9,-1) (1,5,1)
D (9,-1,-1) (3,2,2)
D (3,9,-1) (0,0,5)
D (9,-1,-1) (5,4,0)
D (6,7,8) (4,2,5)
D (9,-1,-1) (1,0,5)
D (8,3,9) (1,1,2)
D (9,-1,-1) (1,5,3)
D (8,-1,-1) (2,3,5)
D (7,-1,-1) (0,0,2)
D (7,8,-1) (3,3,5)
D (7,-1,-1) (1,5,0)
D (6,-1,-1) (1,2,1)
D (7,8,-1) (5,1,5)
D (7,-1,-1) (5,3,1)
D (9,-1,-1) (0,1,1)
D (6,7,-1) (2,2,4)
D (9,-1,-1) (0,5,4)
C 0 5
C 1 5
C 2 24
C 3 0
C 4 8
C 5 18
C 6 26
C 7 9
C 8 12
C 9 21
C 10 23
C 11 3
C 12 26
C 13 11
C 14 23
C 15 23
C 16 12
C 17 24
C 18 17
C 19 22
C 20 23
C 21 19
C 22 9
C 23 5
C 24 11
C 25 16
C 26 1
C 27 24
C 28 24
C 29 7
C 30 7
C 31 25
C 32 25
C 33 14
C 34 7
C 35 22
C 36 4
C 37 4
C 38 9
C 39 4
C 40 24
C 41 6
C 42 14
C 43 16
C 44 11
C 45 18
C 46 9
C 47 3
C 48 6
C 49 24
C 50 19
C 51 10
C 52 19
C 53 7
C 54 21
C 55 24
C 56 10
C 57 2
C 58 9
C 59 8
C 60 1
C 61 19
C 62 1
C 63 2
C 64 24
C 65 14
C 66 15
C 67 25
C 68 14
C 69 2
C 70 8
C 71 25
C 72 17
C 73 15
C 74 21
C 75 4
C 76 20
C 77 14
C 78 17
C 79 17
C 80 16
C 81 7
C 82 0
C 83 16
C 84 22
C 85 17
C 86 3
C 87 10
C 88 3
C 89 7
C 90 25
C 91 22
C 92 9
C 93 25
C 94 7
C 95 15
C 96 3
C 97 18
C 98 3
C 99 1
C 100 23
C 101 17
C 102 5
C 103 9
C 104 5
C 105 16
C 106 16
C 107 14
C 108 26
C 109 9
C 110 24
C 111 26
C 112 18
C 113 21
C 114 7
C 115 2
C 116 14
C 117 22
C 118 15
C 119 1
C 120 23
C 121 21
C 122 14
C 123 20
C 124 16
C 125 10
C 126 9
C 127 18
C 128 7
C 129 23
C 130 2
C 131 5
C 132 11
C 133 2
C 134 20
C 135 6
C 136 0
C 137 9
C 138 0
C 139 10
C 140 7
C 141 4
C 142 10
C 143 8
C 144 2
C 145 14
C 146 6
C 147 11
C 148 24
C 149 5
C 150 23
C 151 25
C 152 12
C 153 17
C 154 18
C 155 7
C 156 16
C 157 9
C 158 15
C 159 6
C 160 14
C 161 0
C 162 19
C 163 11
C 164 25
C 165 5
C 166 24
C 167 6
C 168 19
C 169 3
C 170 24
C 171 19
C 172 22
C 173 15
C 174 6
C 175 24
C 176 8
C 177 26
C 178 6
C 179 5
C 180 23
C 181 10
C 182 11
C 183 9
C 184 25
C 185 7
C 186 17
C 187 1
C 188 25
C 189 1
C 190 15
C 191 12
C 192 14
C 193 12
C 194 10
C 195 21
C 196 24
C 197 3
C 198 1
C 199 18
C 200 0
C 201 0
C 202 0
C 203 0
C 204 0
C 205 0
C 206 0
C 207 0
C 208 0
C 209 0
C 210 0
C 211 0
C 212 0
C 213 0
C 214 0
C 215 0
C 216 0
C 217 0
C 218 0
C 219 0
C 220 0
C 221 0
C 222 0
C 223 0
C 224 0
C 225 0
C 226 0
C 227 0
C 228 0
C 229 0
C 230 10
C 231 25
C 232 12
C 233 4
C 234 8
C 235 18
C 236 15
C 237 25
C 238 16
C 239 26
C 240 0
C 241 16
C 242 25
C 243 4
C 244 0
C 245 15
C 246 2
C 247 20
C 248 4
C 249 5
C 250 9
C 251 18
C 252 4
C 253 22
C 254 16
C 255 18
C 256 25
C 257 19
C 258 25
C 259 4
C 260 20
C 261 6
C 262 5
C 263 26
C 264 1
C 265 21
C 266 24
C 267 11
C 268 0
C 269 24
I 2 2 7 (1,5,3) (0,0,-1,0)
I 1 1 7 (1,0,0) (-1,0,-1,0)|(0,1,0,0)
I 0 1 14 (0,0,3) (0,1,1,0)|(1,1,0,0)|(0,1,1,0)
