D (7,8,3) (1,5,1)
D (7,8,3) (3,3,3)
D (7,8,3) (1,3,4)
D (3,9,-1) (2,2,1)
D (9,-1,-1) (1,0,3)
D (3,9,-1) (3,4,5)
D (6,7,8) (1,3,2)
D (9,-1,-1) (2,5,3)
D (3,-1,-1) (0,4,1)
D (6,7,-1) (2,1,2)
D (3,9,-1) (1,2,3)
D (6,7,-1) (0,0,4)
D (7,8,3) (0,0,1)
D (8,-1,-1) (4,2,2)
D (8,3,9) (3,5,0)
D (8,3,9) (3,1,1)
D (3,9,-1) (4,5,0)
D (9,-1,-1) (4,5,3)
D (9,-1,-1) (2,2,3)
D (9,-1,-1) (0,2,1)
D (7,8,3) (1,1,2)
D (9,-1,-1) (1,0,4)
D (7,8,3) (5,2,3)
D (6,-1,-1) (4,0,1)
D (9,-1,-1) (2,2,2)
D (9,-1,-1) (3,4,2)
D (6,7,-1) (2,1,0)
D (3,9,-1) (2,0,0)
D (9,-1,-1) (5,2,4)
D (3,9,-1) (4,3,4)
D (9,-1,-1) (5,1,4)
D (6,7,-1) (4,0,4)
D (8,3,9) (3,5,3)
D (8,3,9) (5,5,1)
D (6,7,8) (5,5,2)
D (6,-1,-1) (3,4,0)
D (8,3,9) (4,0,3)
D (6,-1,-1) (1,5,5)
D (6,7,8) (0,5,0)
D (9,-1,-1) (5,0,5)
D (8,3,9) (5,0,4)
D (8,-1,-1) (0,3,0)
D (7,-1,-1) (1,3,5)
D (9,-1,-1) (0,3,4)
D (6,7,8) (2,5,5)
D (3,9,-1) (0,1,1)
D (6,7,-1) (3,1,3)
D (8,3,9) (4,3,0)
D (3,9,-1) (1,0,2)
D (8,3,-1) (3,3,2)
D (6,7,8) (1,4,3)
D (8,3,9) (4,4,3)
D (7,8,-1) (0,0,3)
D (3,9,-1) (2,5,4)
D (7,-1,-1) (3,3,0)
D (7,8,-1) (2,3,4)
D (6,7,-1) (0,2,5)
D (3,9,-1) (4,1,4)
D (8,3,-1) (4,3,1)
D (7,8,-1) (4,1,5)
D (9,-1,-1) (2,2,5)
D (9,-1,-1) (1,4,0)
D (9,-1,-1) (5,0,1)
D (7,8,3) (3,1,4)
D (6,7,-1) (5,2,2)
D (9,-1,-1) (4,4,5)
D (8,-1,-1) (2,1,4)
D (3,9,-1) (1,1,5)
D (6,7,-1) (0,5,5)
D (6,-1,-1) (1,3,1)
D (8,3,9) (0,4,3)
D (8,3,9) (0,0,2)
D (7,8,3) (4,4,1)
C 0 24
C 1 22
C 2 18
C 3 0
C 4 20
C 5 22
C 6 10
C 7 22
C 8 18
C 9 19
C 10 5
C 11 4
C 12 20
C 13 9
C 14 10
C 15 7
C 16 14
C 17 15
C 18 24
C 19 11
C 20 11
C 21 0
C 22 14
C 23 1
C 24 23
C 25 8
C 26 24
C 27 18
C 28 17
C 29 4
C 30 1
C 31 15
C 32 18
C 33 12
C 34 1
C 35 26
C 36 15
C 37 21
C 38 11
C 39 12
C 40 10
C 41 10
C 42 26
C 43 15
C 44 20
C 45 22
C 46 21
C 47 19
C 48 0
C 49 18
C 50 10
C 51 14
C 52 12
C 53 16
C 54 7
C 55 12
C 56 9
C 57 10
C 58 12
C 59 9
C 60 22
C 61 16
C 62 19
C 63 0
C 64 23
C 65 2
C 66 18
C 67 22
C 68 8
C 69 0
C 70 25
C 71 12
C 72 7
C 73 11
C 74 17
C 75 9
C 76 5
C 77 20
C 78 2
C 79 24
C 80 5
C 81 11
C 82 0
C 83 21
C 84 7
C 85 6
C 86 15
C 87 16
C 88 21
C 89 6
C 90 9
C 91 18
C 92 21
C 93 16
C 94 1
C 95 26
C 96 26
C 97 25
C 98 1
C 99 17
C 100 2
C 101 9
C 102 25
C 103 6
C 104 24
C 105 26
C 106 25
C 107 18
C 108 14
C 109 17
C 110 24
C 111 20
C 112 12
C 113 26
C 114 6
C 115 0
C 116 18
C 117 0
C 118 0
C 119 0
C 120 0
C 121 0
C 122 0
C 123 0
C 124 0
C 125 0
C 126 0
C 127 0
C 128 0
C 129 0
C 130 0
C 131 0
C 132 0
C 133 0
C 134 0
C 135 0
C 136 0
C 137 0
C 138 0
C 139 0
C 140 0
C 141 0
C 142 0
C 143 0
C 144 0
C 145 0
C 146 0
C 147 0
C 148 0
C 149 7
C 150 16
C 151 0
C 152 0
C 153 0
C 154 0
C 155 0
C 156 0
C 157 0
C 158 0
C 159 0
C 160 0
C 161 0
C 162 0
C 163 0
C 164 0
C 165 0
C 166 0
C 167 0
C 168 0
C 169 0
C 170 0
C 171 0
C 172 0
C 173 0
C 174 0
C 175 0
C 176 0
C 177 0
C 178 0
C 179 0
C 180 0
C 181 0
C 182 0
C 183 0
C 184 0
C 185 0
C 186 0
C 187 0
C 188 0
C 189 0
C 190 0
C 191 0
C 192 0
C 193 0
C 194 0
C 195 0
C 196 0
C 197 0
C 198 0
C 199 0
C 200 0
C 201 0
C 202 0
C 203 0
C 204 0
C 205 0
C 206 0
C 207 0
C 208 0
C 209 0
C 210 0
C 211 0
C 212 0
C 213 0
C 214 0
C 215 0
C 216 0
C 217 0
C 218 0
C 219 0
C 220 4
C 221 4
C 222 1
C 223 2
C 224 10
C 225 11
C 226 12
C 227 10
C 228 18
C 229 4
C 230 23
C 231 9
C 232 6
C 233 11
C 234 18
C 235 23
C 236 1
C 237 22
C 238 1
C 239 1
C 240 5
C 241 25
C 242 26
C 243 22
C 244 2
C 245 14
C 246 11
C 247 6
C 248 26
C 249 21
C 250 20
C 251 1
C 252 0
C 253 16
C 254 4
C 255 3
C 256 12
C 257 19
C 258 7
C 259 21
C 260 7
C 261 22
C 262 11
C 263 6
C 264 20
C 265 6
C 266 23
C 267 6
C 268 18
C 269 7
I 4 1 7 (3,0,4) (0,1,-1,0)|(1,-1,0,0)
I 1 2 19 (2,3,5) (0,1,0,0)
I 1 2 10 (5,4,2) (0,0,1,0)
