D (8,3,9) (2,5,0)
D (8,3,9) (1,2,2)
D (3,9,-1) (4,2,1)
D (3,9,-1) (1,2,4)
D (6,7,8) (3,3,4)
D (6,7,8) (2,4,1)
D (7,-1,-1) (5,5,4)
D (7,8,-1) (4,4,5)
D (6,-1,-1) (0,2,5)
D (8,3,9) (3,0,0)
D (6,7,-1) (0,1,4)
D (3,-1,-1) (4,3,4)
D (8,3,-1) (3,2,4)
D (7,8,-1) (0,3,5)
D (8,-1,-1) (5,3,4)
D (6,-1,-1) (4,0,2)
D (9,-1,-1) (4,5,0)
D (7,8,3) (5,0,1)
D (7,8,-1) (3,4,2)
D (7,8,3) (2,0,4)
D (9,-1,-1) (3,1,5)
D (9,-1,-1) (4,4,1)
D (9,-1,-1) (0,0,5)
D (7,8,-1) (3,0,4)
D (3,-1,-1) (4,4,4)
D (7,8,-1) (1,0,2)
D (7,8,3) (4,4,3)
D (9,-1,-1) (0,2,1)
D (3,-1,-1) (4,2,2)
D (6,-1,-1) (4,2,4)
D (9,-1,-1) (2,5,3)
D (6,7,8) (2,5,1)
D (6,7,8) (0,5,5)
D (6,7,8) (0,2,0)
D (3,9,-1) (3,2,2)
D (8,3,9) (4,0,0)
D (3,9,-1) (3,4,5)
D (6,-1,-1) (5,4,3)
D (7,-1,-1) (3,3,3)
C 0 4
C 1 2
C 2 8
C 3 17
C 4 23
C 5 24
C 6 23
C 7 15
C 8 14
C 9 6
C 10 19
C 11 10
C 12 24
C 13 21
C 14 6
C 15 2
C 16 7
C 17 8
C 18 12
C 19 15
C 20 8
C 21 2
C 22 5
C 23 22
C 24 23
C 25 12
C 26 18
C 27 25
C 28 10
C 29 18
C 30 18
C 31 12
C 32 4
C 33 16
C 34 7
C 35 1
C 36 2
C 37 3
C 38 18
C 39 21
C 40 3
C 41 5
C 42 8
C 43 22
C 44 11
C 45 9
C 46 3
C 47 6
C 48 19
C 49 15
C 50 16
C 51 15
C 52 5
C 53 23
C 54 9
C 55 23
C 56 9
C 57 22
C 58 15
C 59 21
C 60 0
C 61 19
C 62 2
C 63 16
C 64 21
C 65 11
C 66 10
C 67 25
C 68 8
C 69 8
C 70 3
C 71 23
C 72 4
C 73 12
C 74 12
C 75 5
C 76 16
C 77 14
C 78 18
C 79 16
C 80 23
C 81 12
C 82 20
C 83 19
C 84 19
C 85 0
C 86 10
C 87 25
C 88 21
C 89 12
C 90 19
C 91 0
C 92 8
C 93 17
C 94 17
C 95 11
C 96 24
C 97 18
C 98 5
C 99 11
C 100 18
C 101 18
C 102 10
C 103 20
C 104 4
C 105 0
C 106 7
C 107 7
C 108 20
C 109 20
C 110 18
C 111 17
C 112 1
C 113 17
C 114 7
C 115 3
C 116 22
C 117 8
C 118 3
C 119 19
C 120 11
C 121 12
C 122 8
C 123 0
C 124 15
C 125 26
C 126 1
C 127 24
C 128 16
C 129 16
C 130 0
C 131 0
C 132 0
C 133 0
C 134 0
C 135 0
C 136 0
C 137 0
C 138 0
C 139 0
C 140 0
C 141 0
C 142 0
C 143 0
C 144 0
C 145 0
C 146 0
C 147 0
C 148 0
C 149 0
C 150 0
C 151 0
C 152 0
C 153 0
C 154 0
C 155 0
C 156 0
C 157 0
C 158 0
C 159 0
C 160 0
C 161 0
C 162 0
C 163 0
C 164 0
C 165 0
C 166 0
C 167 0
C 168 0
C 169 0
C 170 0
C 171 0
C 172 0
C 173 0
C 174 0
C 175 0
C 176 0
C 177 0
C 178 0
C 179 0
C 180 0
C 181 0
C 182 0
C 183 0
C 184 0
C 185 0
C 186 0
C 187 0
C 188 0
C 189 0
C 190 0
C 191 0
C 192 0
C 193 0
C 194 0
C 195 0
C 196 0
C 197 0
C 198 0
C 199 0
C 200 0
C 201 0
C 202 0
C 203 0
C 204 0
C 205 0
C 206 0
C 207 0
C 208 0
C 209 0
C 210 0
C 211 0
C 212 0
C 213 0
C 214 0
C 215 25
C 216 4
C 217 3
C 218 8
C 219 22
C 220 24
C 221 0
C 222 0
C 223 22
C 224 23
C 225 14
C 226 16
C 227 5
C 228 12
C 229 2
C 230 2
C 231 8
C 232 16
C 233 7
C 234 10
C 235 18
C 236 6
C 237 16
C 238 6
C 239 18
C 240 11
C 241 20
C 242 7
C 243 21
C 244 3
C 245 24
C 246 21
C 247 22
C 248 23
C 249 23
C 250 17
C 251 23
C 252 21
C 253 12
C 254 14
C 255 22
C 256 24
C 257 26
C 258 19
C 259 26
C 260 20
C 261 6
C 262 0
C 263 16
C 264 12
C 265 10
C 266 5
C 267 20
C 268 1
C 269 15
I 3 3 10 (5,3,1) (-1,0,-1,0)
I 0 2 7 (3,5,4) (0,-1,0,0)|(1,1,-1,0)
I 5 3 19 (1,5,1) (0,0,0,0)
