D (6,7,-1) (2,3,4)
D (6,7,-1) (0,1,3)
D (9,-1,-1) (2,5,2)
D (7,8,-1) (0,0,3)
D (8,3,9) (0,0,4)
D (8,-1,-1) (2,3,2)
D (8,-1,-1) (2,2,2)
D (8,-1,-1) (3,5,3)
D (6,-1,-1) (1,3,3)
D (3,9,-1) (5,5,2)
D (7,8,-1) (4,4,5)
D (7,-1,-1) (0,3,4)
D (9,-1,-1) (2,2,0)
D (9,-1,-1) (2,3,0)
D (3,9,-1) (2,4,0)
D (7,8,3) (1,5,1)
D (3,-1,-1) (2,2,1)
D (6,-1,-1) (1,1,3)
D (7,-1,-1) (2,3,5)
D (6,7,8) (2,5,4)
D (6,7,-1) (5,0,4)
D (7,8,-1) (3,1,3)
D (7,-1,-1) (2,4,3)
D (3,9,-1) (4,4,1)
D (8,3,9) (0,3,3)
D (7,8,3) (5,2,1)
D (9,-1,-1) (1,0,1)
D (3,9,-1) (4,4,0)
D (3,-1,-1) (3,3,3)
D (7,8,-1) (3,1,1)
D (8,3,9) (4,5,1)
D (8,3,9) (2,2,4)
D (8,3,9) (0,3,0)
D (9,-1,-1) (2,5,3)
D (9,-1,-1) (0,4,4)
D (8,-1,-1) (2,1,3)
D (7,8,-1) (1,0,4)
D (9,-1,-1) (5,4,5)
D (9,-1,-1) (1,5,2)
D (6,7,8) (2,0,1)
D (3,-1,-1) (2,0,2)
D (8,3,-1) (1,4,4)
D (7,8,3) (2,1,0)
D (8,-1,-1) (1,2,2)
D (3,-1,-1) (2,2,5)
D (3,-1,-1) (4,0,0)
D (8,3,9) (0,5,0)
D (6,-1,-1) (0,2,0)
D (3,9,-1) (2,5,0)
D (8,3,9) (5,4,4)
D (7,8,-1) (5,1,2)
D (6,7,8) (4,5,0)
D (6,7,8) (3,1,2)
D (9,-1,-1) (2,4,2)
D (7,8,-1) (3,4,2)
D (9,-1,-1) (4,5,3)
D (3,9,-1) (5,3,2)
D (7,-1,-1) (5,2,2)
D (6,-1,-1) (1,3,2)
D (3,9,-1) (0,0,2)
D (9,-1,-1) (5,5,4)
D (6,-1,-1) (2,4,5)
C 0 23
C 1 4
C 2 22
C 3 22
C 4 3
C 5 22
C 6 21
C 7 8
C 8 2
C 9 24
C 10 25
C 11 15
C 12 3
C 13 21
C 14 17
C 15 26
C 16 8
C 17 23
C 18 7
C 19 2
C 20 9
C 21 0
C 22 5
C 23 19
C 24 11
C 25 0
C 26 23
C 27 5
C 28 1
C 29 14
C 30 0
C 31 3
C 32 4
C 33 9
C 34 12
C 35 24
C 36 11
C 37 15
C 38 10
C 39 7
C 40 2
C 41 26
C 42 17
C 43 15
C 44 3
C 45 2
C 46 4
C 47 2
C 48 24
C 49 2
C 50 0
C 51 0
C 52 0
C 53 0
C 54 0
C 55 0
C 56 0
C 57 0
C 58 0
C 59 0
C 60 0
C 61 0
C 62 0
C 63 0
C 64 0
C 65 0
C 66 0
C 67 0
C 68 0
C 69 0
C 70 0
C 71 0
C 72 0
C 73 0
C 74 0
C 75 0
C 76 0
C 77 0
C 78 0
C 79 0
C 80 0
C 81 0
C 82 0
C 83 0
C 84 0
C 85 0
C 86 0
C 87 0
C 88 0
C 89 0
C 90 0
C 91 0
C 92 0
C 93 0
C 94 0
C 95 0
C 96 0
C 97 0
C 98 0
C 99 0
C 100 0
C 101 0
C 102 0
C 103 0
C 104 0
C 105 0
C 106 0
C 107 0
C 108 2
C 109 0
C 110 3
C 111 15
C 112 5
C 113 7
C 114 9
C 115 3
C 116 15
C 117 11
C 118 1
C 119 11
C 120 26
C 121 11
C 122 3
C 123 26
C 124 1
C 125 1
C 126 18
C 127 8
C 128 6
C 129 21
C 130 4
C 131 18
C 132 24
C 133 23
C 134 12
C 135 3
C 136 4
C 137 22
C 138 26
C 139 21
C 140 2
C 141 15
C 142 16
C 143 16
C 144 26
C 145 10
C 146 14
C 147 24
C 148 0
C 149 26
C 150 19
C 151 16
C 152 20
C 153 1
C 154 7
C 155 11
C 156 9
C 157 14
C 158 21
C 159 4
C 160 14
C 161 8
C 162 26
C 163 23
C 164 21
C 165 12
C 166 1
C 167 15
C 168 0
C 169 14
C 170 24
C 171 3
C 172 24
C 173 21
C 174 26
C 175 22
C 176 12
C 177 8
C 178 9
C 179 12
C 180 26
C 181 23
C 182 15
C 183 14
C 184 20
C 185 26
C 186 15
C 187 18
C 188 1
C 189 4
C 190 4
C 191 4
C 192 19
C 193 15
C 194 16
C 195 10
C 196 17
C 197 12
C 198 8
C 199 14
C 200 1
C 201 21
C 202 6
C 203 15
C 204 15
C 205 20
C 206 20
C 207 19
C 208 15
C 209 23
C 210 18
C 211 20
C 212 0
C 213 0
C 214 1
C 215 4
C 216 2
C 217 6
C 218 12
C 219 21
C 220 11
C 221 4
C 222 6
C 223 14
C 224 12
C 225 6
C 226 17
C 227 20
C 228 22
C 229 18
C 230 19
C 231 26
C 232 20
C 233 23
C 234 15
C 235 26
C 236 14
C 237 14
C 238 5
C 239 14
C 240 8
C 241 23
C 242 14
C 243 5
C 244 7
C 245 8
C 246 16
C 247 0
C 248 16
C 249 12
C 250 23
C 251 3
C 252 14
C 253 3
C 254 6
C 255 3
C 256 8
C 257 18
C 258 11
C 259 11
C 260 16
C 261 26
C 262 17
C 263 15
C 264 21
C 265 10
C 266 7
C 267 25
C 268 20
C 269 20
I 0 1 10 (3,1,0) (1,1,0,0)|(0,1,0,0)|(-1,1,0,0)
I 5 2 14 (4,5,2) (-1,0,1,0)
I 0 3 1 (2,0,1) (0,1,1,0)
