D (7,8,3) (4,1,2)
D (9,-1,-1) (2,3,3)
D (3,9,-1) (4,2,2)
D (8,-1,-1) (5,3,2)
D (9,-1,-1) (0,1,0)
D (8,3,9) (5,4,0)
D (8,3,9) (0,1,1)
D (9,-1,-1) (4,2,0)
D (7,8,3) (4,5,4)
D (9,-1,-1) (5,3,3)
D (8,3,9) (1,0,4)
D (7,8,3) (0,5,1)
D (6,-1,-1) (5,5,2)
D (6,7,8) (5,4,1)
D (9,-1,-1) (5,0,0)
D (7,-1,-1) (2,3,4)
D (9,-1,-1) (1,5,3)
D (7,-1,-1) (1,2,4)
D (6,-1,-1) (5,0,5)
D (9,-1,-1) (4,4,3)
D (3,9,-1) (0,5,5)
D (7,8,-1) (4,3,1)
D (3,9,-1) (1,5,1)
D (9,-1,-1) (3,0,0)
D (7,8,-1) (0,4,1)
D (8,3,9) (0,4,2)
D (7,-1,-1) (3,5,3)
D (9,-1,-1) (1,2,2)
D (8,-1,-1) (3,0,1)
D (8,3,9) (1,1,0)
D (6,-1,-1) (4,4,4)
D (8,3,-1) (4,0,0)
D (7,8,3) (2,1,0)
D (9,-1,-1) (1,1,5)
D (6,7,8) (1,2,5)
D (7,-1,-1) (4,4,5)
D (6,-1,-1) (2,0,3)
D (9,-1,-1) (2,4,0)
D (8,3,-1) (2,1,4)
D (8,3,9) (4,5,3)
D (7,8,3) (0,2,4)
D (8,3,-1) (5,1,1)
D (3,-1,-1) (4,3,3)
D (6,7,8) (0,1,4)
D (6,7,8) (4,5,2)
D (6,7,8) (0,2,3)
D (3,9,-1) (5,2,1)
C 0 8
C 1 11
C 2 23
C 3 0
C 4 0
C 5 18
C 6 1
C 7 17
C 8 7
C 9 6
C 10 12
C 11 3
C 12 8
C 13 19
C 14 24
C 15 6
C 16 18
C 17 20
C 18 14
C 19 0
C 20 23
C 21 16
C 22 25
C 23 7
C 24 15
C 25 17
C 26 14
C 27 5
C 28 25
C 29 18
C 30 17
C 31 25
C 32 10
C 33 1
C 34 3
C 35 5
C 36 18
C 37 16
C 38 10
C 39 25
C 40 19
C 41 10
C 42 21
C 43 11
C 44 26
C 45 0
C 46 14
C 47 8
C 48 25
C 49 9
C 50 0
C 51 24
C 52 7
C 53 0
C 54 4
C 55 4
C 56 9
C 57 4
C 58 0
C 59 14
C 60 6
C 61 5
C 62 11
C 63 21
C 64 20
C 65 18
C 66 4
C 67 24
C 68 7
C 69 22
C 70 4
C 71 20
C 72 15
C 73 18
C 74 15
C 75 7
C 76 14
C 77 0
C 78 12
C 79 17
C 80 14
C 81 2
C 82 26
C 83 22
C 84 16
C 85 12
C 86 6
C 87 6
C 88 26
C 89 4
C 90 4
C 91 0
C 92 15
C 93 9
C 94 23
C 95 19
C 96 4
C 97 17
C 98 7
C 99 19
C 100 21
C 101 24
C 102 9
C 103 9
C 104 11
C 105 5
C 106 26
C 107 9
C 108 17
C 109 16
C 110 7
C 111 23
C 112 6
C 113 22
C 114 2
C 115 20
C 116 10
C 117 15
C 118 22
C 119 1
C 120 19
C 121 5
C 122 16
C 123 14
C 124 14
C 125 15
C 126 7
C 127 21
C 128 7
C 129 24
C 130 22
C 131 19
C 132 22
C 133 5
C 134 16
C 135 0
C 136 11
C 137 14
C 138 10
C 139 3
C 140 19
C 141 9
C 142 7
C 143 9
C 144 16
C 145 3
C 146 9
C 147 10
C 148 9
C 149 8
C 150 7
C 151 1
C 152 19
C 153 6
C 154 10
C 155 10
C 156 18
C 157 5
C 158 22
C 159 17
C 160 9
C 161 21
C 162 1
C 163 16
C 164 21
C 165 22
C 166 6
C 167 23
C 168 7
C 169 15
C 170 0
C 171 0
C 172 8
C 173 6
C 174 20
C 175 1
C 176 12
C 177 24
C 178 5
C 179 19
C 180 16
C 181 0
C 182 10
C 183 16
C 184 1
C 185 7
C 186 22
C 187 7
C 188 7
C 189 17
C 190 18
C 191 16
C 192 1
C 193 18
C 194 19
C 195 12
C 196 21
C 197 11
C 198 12
C 199 11
C 200 19
C 201 20
C 202 0
C 203 11
C 204 10
C 205 25
C 206 2
C 207 7
C 208 11
C 209 7
C 210 17
C 211 15
C 212 21
C 213 9
C 214 19
C 215 16
C 216 15
C 217 6
C 218 3
C 219 17
C 220 14
C 221 21
C 222 3
C 223 23
C 224 14
C 225 24
C 226 4
C 227 7
C 228 4
C 229 2
C 230 11
C 231 0
C 232 8
C 233 9
C 234 22
C 235 0
C 236 22
C 237 12
C 238 10
C 239 18
C 240 12
C 241 6
C 242 20
C 243 24
C 244 7
C 245 10
C 246 18
C 247 4
C 248 19
C 249 14
C 250 0
C 251 11
C 252 16
C 253 1
C 254 5
C 255 18
C 256 0
C 257 4
C 258 20
C 259 7
C 260 14
C 261 8
C 262 23
C 263 15
C 264 16
C 265 18
C 266 1
C 267 1
C 268 5
C 269 20
I 1 1 10 (1,2,1) (-1,1,1,0)|(-1,1,1,0)
I 1 1 18 (4,3,5) (-1,-1,0,0)|(-1,1,0,0)|(0,-1,-1,0)
I 0 2 8 (1,1,1) (0,1,0,0)
