D (7,8,3) (1,2,2)
D (6,7,-1) (3,1,4)
D (8,3,-1) (4,0,3)
D (6,7,-1) (0,5,5)
D (6,7,-1) (2,1,0)
D (3,9,-1) (2,2,1)
D (6,7,8) (4,2,0)
D (3,9,-1) (5,2,5)
D (7,-1,-1) (0,3,4)
D (3,-1,-1) (5,4,4)
D (7,8,-1) (2,4,1)
D (3,9,-1) (5,5,0)
D (3,9,-1) (0,4,5)
D (7,-1,-1) (3,3,1)
D (6,-1,-1) (3,3,3)
D (7,8,3) (0,2,0)
D (9,-1,-1) (1,0,5)
D (7,-1,-1) (0,1,3)
D (7,8,3) (0,0,2)
D (9,-1,-1) (3,4,0)
D (7,-1,-1) (1,5,5)
D (6,7,-1) (2,1,2)
D (6,-1,-1) (2,0,3)
D (6,7,8) (0,0,0)
D (9,-1,-1) (2,0,2)
D (8,3,-1) (5,0,1)
D (9,-1,-1) (2,4,4)
D (8,3,9) (4,1,3)
D (8,-1,-1) (2,0,0)
D (8,-1,-1) (4,4,5)
D (8,3,-1) (5,4,0)
D (7,8,-1) (5,1,1)
D (9,-1,-1) (3,3,0)
D (6,-1,-1) (2,5,5)
D (8,3,-1) (1,1,5)
D (6,7,8) (3,4,2)
D (3,-1,-1) (2,3,5)
D (9,-1,-1) (1,2,3)
D (8,3,-1) (3,4,4)
D (6,-1,-1) (3,0,5)
D (9,-1,-1) (2,4,3)
D (6,7,-1) (5,2,1)
D (7,8,3) (5,3,5)
D (8,3,-1) (5,4,2)
D (9,-1,-1) (0,3,5)
D (8,3,9) (5,0,5)
C 0 6
C 1 15
C 2 20
C 3 7
C 4 0
C 5 17
C 6 4
C 7 11
C 8 11
C 9 7
C 10 2
C 11 23
C 12 0
C 13 5
C 14 3
C 15 7
C 16 25
C 17 0
C 18 22
C 19 4
C 20 0
C 21 10
C 22 12
C 23 18
C 24 8
C 25 17
C 26 8
C 27 24
C 28 12
C 29 22
C 30 5
C 31 4
C 32 18
C 33 18
C 34 20
C 35 17
C 36 7
C 37 16
C 38 16
C 39 0
C 40 5
C 41 9
C 42 22
C 43 2
C 44 4
C 45 14
C 46 24
C 47 12
C 48 11
C 49 4
C 50 5
C 51 7
C 52 3
C 53 2
C 54 19
C 55 21
C 56 7
C 57 25
C 58 20
C 59 0
C 60 0
C 61 0
C 62 0
C 63 0
C 64 0
C 65 0
C 66 0
C 67 0
C 68 1
C 69 19
C 70 3
C 71 5
C 72 25
C 73 15
C 74 19
C 75 22
C 76 19
C 77 1
C 78 12
C 79 7
C 80 19
C 81 20
C 82 23
C 83 19
C 84 16
C 85 21
C 86 20
C 87 10
C 88 20
C 89 17
C 90 5
C 91 9
C 92 21
C 93 19
C 94 2
C 95 24
C 96 17
C 97 14
C 98 17
C 99 15
C 100 10
C 101 3
C 102 25
C 103 3
C 104 20
C 105 16
C 106 23
C 107 6
C 108 1
C 109 7
C 110 5
C 111 0
C 112 11
C 113 21
C 114 21
C 115 14
C 116 11
C 117 23
C 118 5
C 119 5
C 120 5
C 121 26
C 122 15
C 123 0
C 124 5
C 125 12
C 126 23
C 127 19
C 128 9
C 129 22
C 130 3
C 131 4
C 132 18
C 133 0
C 134 14
C 135 0
C 136 0
C 137 0
C 138 0
C 139 0
C 140 0
C 141 0
C 142 0
C 143 0
C 144 0
C 145 0
C 146 0
C 147 0
C 148 0
C 149 0
C 150 0
C 151 0
C 152 0
C 153 0
C 154 0
C 155 0
C 156 0
C 157 0
C 158 0
C 159 0
C 160 0
C 161 0
C 162 0
C 163 0
C 164 0
C 165 0
C 166 0
C 167 0
C 168 0
C 169 0
C 170 0
C 171 0
C 172 0
C 173 0
C 174 0
C 175 0
C 176 0
C 177 0
C 178 0
C 179 0
C 180 0
C 181 0
C 182 0
C 183 0
C 184 0
C 185 0
C 186 0
C 187 0
C 188 0
C 189 0
C 190 0
C 191 0
C 192 0
C 193 0
C 194 0
C 195 0
C 196 0
C 197 0
C 198 0
C 199 0
C 200 0
C 201 0
C 202 0
C 203 0
C 204 0
C 205 0
C 206 0
C 207 0
C 208 12
C 209 25
C 210 24
C 211 10
C 212 0
C 213 0
C 214 0
C 215 0
C 216 0
C 217 0
C 218 0
C 219 0
C 220 0
C 221 0
C 222 0
C 223 0
C 224 0
C 225 0
C 226 0
C 227 0
C 228 0
C 229 0
C 230 0
C 231 0
C 232 0
C 233 0
C 234 0
C 235 0
C 236 0
C 237 0
C 238 0
C 239 0
C 240 0
C 241 0
C 242 0
C 243 0
C 244 0
C 245 0
C 246 0
C 247 0
C 248 0
C 249 0
C 250 0
C 251 0
C 252 0
C 253 0
C 254 0
C 255 0
C 256 0
C 257 0
C 258 0
C 259 0
C 260 17
C 261 11
C 262 23
C 263 14
C 264 2
C 265 16
C 266 5
C 267 2
C 268 15
C 269 12
I 0 2 2 (4,0,5) (-1,1,0,0)|(1,-1,-1,0)
I 2 2 5 (0,1,2) (0,1,1,0)
I 1 2 20 (5,3,0) (0,-1,-1,0)
