D (8,3,-1) (5,2,0)
D (8,-1,-1) (2,3,0)
D (3,9,-1) (2,1,2)
D (8,3,9) (4,1,2)
D (3,9,-1) (4,4,0)
D (3,-1,-1) (3,0,4)
D (8,3,9) (1,4,2)
D (8,3,-1) (0,3,3)
D (9,-1,-1) (3,1,4)
D (6,7,-1) (4,0,1)
D (9,-1,-1) (5,2,4)
D (7,-1,-1) (5,1,4)
D (9,-1,-1) (2,2,5)
D (8,-1,-1) (3,3,3)
D (9,-1,-1) (0,3,4)
D (7,8,-1) (4,3,4)
D (8,3,9) (5,1,5)
D (8,3,9) (4,3,5)
D (6,7,-1) (3,1,0)
D (7,8,-1) (4,3,3)
D (7,-1,-1) (5,3,3)
D (9,-1,-1) (0,2,2)
D (6,7,8) (2,4,1)
D (9,-1,-1) (4,5,3)
D (6,7,8) (0,3,0)
D (9,-1,-1) (3,0,0)
D (3,9,-1) (0,2,4)
D (9,-1,-1) (1,2,5)
D (6,7,8) (4,4,1)
D (9,-1,-1) (1,3,4)
D (7,8,3) (1,0,1)
D (8,-1,-1) (3,2,4)
D (7,8,-1) (4,5,2)
D (6,7,8) (2,1,1)
D (8,-1,-1) (3,5,3)
D (3,9,-1) (2,3,2)
D (7,8,-1) (3,1,1)
D (3,-1,-1) (3,4,2)
D (8,3,-1) (4,1,0)
D (6,-1,-1) (5,0,2)
D (6,-1,-1) (1,2,4)
D (9,-1,-1) (3,0,2)
D (7,8,3) (2,4,2)
D (9,-1,-1) (4,2,5)
D (6,7,-1) (0,1,3)
D (9,-1,-1) (5,1,0)
D (7,8,-1) (1,1,5)
D (7,8,-1) (4,5,0)
D (8,3,-1) (0,5,1)
D (9,-1,-1) (2,3,1)
D (7,-1,-1) (5,3,4)
D (8,-1,-1) (3,1,5)
D (3,-1,-1) (4,0,5)
D (9,-1,-1) (1,4,3)
D (8,3,-1) (4,1,1)
D (9,-1,-1) (0,1,4)
C 0 22
C 1 5
C 2 10
C 3 1
C 4 1
C 5 11
C 6 12
C 7 24
C 8 21
C 9 23
C 10 21
C 11 21
C 12 5
C 13 18
C 14 25
C 15 25
C 16 2
C 17 22
C 18 16
C 19 7
C 20 19
C 21 6
C 22 17
C 23 15
C 24 11
C 25 20
C 26 1
C 27 0
C 28 20
C 29 24
C 30 21
C 31 7
C 32 18
C 33 14
C 34 21
C 35 2
C 36 4
C 37 16
C 38 4
C 39 22
C 40 2
C 41 25
C 42 1
C 43 5
C 44 2
C 45 16
C 46 5
C 47 26
C 48 2
C 49 3
C 50 1
C 51 23
C 52 17
C 53 0
C 54 11
C 55 20
C 56 12
C 57 2
C 58 24
C 59 4
C 60 20
C 61 7
C 62 14
C 63 4
C 64 7
C 65 19
C 66 12
C 67 21
C 68 22
C 69 8
C 70 2
C 71 21
C 72 10
C 73 2
C 74 26
C 75 4
C 76 20
C 77 23
C 78 7
C 79 11
C 80 9
C 81 26
C 82 16
C 83 9
C 84 19
C 85 2
C 86 15
C 87 16
C 88 23
C 89 6
C 90 5
C 91 4
C 92 8
C 93 3
C 94 20
C 95 4
C 96 15
C 97 6
C 98 8
C 99 6
C 100 21
C 101 12
C 102 3
C 103 24
C 104 21
C 105 0
C 106 5
C 107 23
C 108 19
C 109 9
C 110 17
C 111 8
C 112 5
C 113 25
C 114 12
C 115 21
C 116 11
C 117 8
C 118 3
C 119 2
C 120 5
C 121 12
C 122 24
C 123 25
C 124 4
C 125 9
C 126 21
C 127 9
C 128 3
C 129 11
C 130 1
C 131 3
C 132 7
C 133 19
C 134 9
C 135 17
C 136 20
C 137 15
C 138 25
C 139 7
C 140 0
C 141 2
C 142 14
C 143 6
C 144 18
C 145 19
C 146 5
C 147 26
C 148 20
C 149 3
C 150 25
C 151 5
C 152 11
C 153 6
C 154 20
C 155 26
C 156 21
C 157 0
C 158 5
C 159 8
C 160 23
C 161 14
C 162 4
C 163 11
C 164 18
C 165 22
C 166 20
C 167 2
C 168 7
C 169 22
C 170 17
C 171 6
C 172 9
C 173 21
C 174 23
C 175 21
C 176 26
C 177 4
C 178 6
C 179 11
C 180 18
C 181 12
C 182 7
C 183 8
C 184 23
C 185 2
C 186 21
C 187 22
C 188 7
C 189 1
C 190 2
C 191 18
C 192 20
C 193 2
C 194 14
C 195 21
C 196 18
C 197 5
C 198 11
C 199 7
C 200 25
C 201 10
C 202 19
C 203 26
C 204 14
C 205 21
C 206 11
C 207 5
C 208 16
C 209 2
C 210 1
C 211 8
C 212 22
C 213 25
C 214 12
C 215 1
C 216 0
C 217 0
C 218 0
C 219 0
C 220 0
C 221 0
C 222 0
C 223 0
C 224 0
C 225 0
C 226 0
C 227 2
C 228 16
C 229 25
C 230 20
C 231 1
C 232 10
C 233 20
C 234 3
C 235 21
C 236 18
C 237 16
C 238 8
C 239 26
C 240 8
C 241 25
C 242 25
C 243 2
C 244 16
C 245 23
C 246 10
C 247 14
C 248 16
C 249 21
C 250 26
C 251 18
C 252 19
C 253 11
C 254 25
C 255 20
C 256 12
C 257 8
C 258 14
C 259 15
C 260 8
C 261 16
C 262 0
C 263 10
C 264 0
C 265 6
C 266 10
C 267 9
C 268 4
C 269 14
I 1 2 3 (4,5,4) (0,1,0,0)|(1,1,0,0)|(0,1,0,0)|(1,1,-1,0)
I 1 1 11 (1,1,1) (1,0,0,0)
I 0 2 12 (1,5,2) (1,0,1,0)|(-1,-1,0,0)|(0,1,0,0)
