D (3,9,-1) (1,2,2)
D (3,9,-1) (3,0,4)
D (7,-1,-1) (1,1,0)
D (9,-1,-1) (3,5,1)
D (6,7,8) (2,2,5)
D (8,-1,-1) (0,5,0)
D (8,3,9) (4,5,1)
D (3,-1,-1) (0,2,5)
D (9,-1,-1) (2,0,4)
D (7,8,3) (3,4,1)
D (6,7,-1) (3,3,0)
D (6,-1,-1) (5,4,5)
D (3,9,-1) (5,1,1)
D (7,8,-1) (5,5,5)
D (8,3,-1) (1,5,1)
D (6,-1,-1) (3,4,0)
D (8,3,9) (2,2,0)
D (8,3,9) (0,3,2)
D (8,3,-1) (0,0,4)
D (7,-1,-1) (3,2,1)
D (3,-1,-1) (1,0,0)
D (7,8,-1) (2,5,5)
D (7,8,3) (0,2,3)
D (3,9,-1) (4,5,2)
D (7,-1,-1) (3,5,3)
D (7,8,-1) (2,3,0)
D (8,3,9) (5,5,3)
D (3,9,-1) (5,0,1)
D (8,-1,-1) (1,5,4)
D (8,3,9) (4,0,4)
D (8,3,-1) (2,2,1)
D (7,8,3) (0,1,2)
D (7,8,-1) (4,5,3)
D (7,-1,-1) (1,1,1)
C 0 18
C 1 22
C 2 18
C 3 14
C 4 24
C 5 8
C 6 14
C 7 16
C 8 12
C 9 8
C 10 21
C 11 8
C 12 0
C 13 8
C 14 24
C 15 4
C 16 26
C 17 12
C 18 19
C 19 4
C 20 7
C 21 9
C 22 15
C 23 4
C 24 14
C 25 17
C 26 17
C 27 2
C 28 7
C 29 11
C 30 14
C 31 17
C 32 26
C 33 14
C 34 14
C 35 22
C 36 26
C 37 24
C 38 14
C 39 0
C 40 25
C 41 21
C 42 1
C 43 9
C 44 15
C 45 9
C 46 2
C 47 25
C 48 0
C 49 7
C 50 12
C 51 26
C 52 0
C 53 0
C 54 0
C 55 0
C 56 0
C 57 0
C 58 7
C 59 5
C 60 10
C 61 7
C 62 6
C 63 25
C 64 15
C 65 18
C 66 22
C 67 5
C 68 9
C 69 16
C 70 11
C 71 7
C 72 3
C 73 17
C 74 23
C 75 25
C 76 1
C 77 24
C 78 10
C 79 6
C 80 8
C 81 4
C 82 7
C 83 23
C 84 19
C 85 17
C 86 10
C 87 3
C 88 17
C 89 2
C 90 9
C 91 9
C 92 10
C 93 16
C 94 5
C 95 10
C 96 26
C 97 24
C 98 19
C 99 10
C 100 20
C 101 21
C 102 12
C 103 22
C 104 7
C 105 23
C 106 26
C 107 21
C 108 14
C 109 11
C 110 21
C 111 20
C 112 2
C 113 16
C 114 2
C 115 21
C 116 10
C 117 25
C 118 8
C 119 16
C 120 26
C 121 8
C 122 5
C 123 9
C 124 1
C 125 20
C 126 3
C 127 6
C 128 23
C 129 17
C 130 3
C 131 12
C 132 5
C 133 25
C 134 8
C 135 14
C 136 24
C 137 12
C 138 15
C 139 22
C 140 6
C 141 20
C 142 3
C 143 4
C 144 26
C 145 25
C 146 22
C 147 8
C 148 15
C 149 14
C 150 22
C 151 2
C 152 5
C 153 2
C 154 0
C 155 2
C 156 9
C 157 3
C 158 15
C 159 15
C 160 8
C 161 1
C 162 17
C 163 1
C 164 14
C 165 15
C 166 26
C 167 24
C 168 20
C 169 14
C 170 23
C 171 1
C 172 2
C 173 16
C 174 9
C 175 25
C 176 21
C 177 3
C 178 9
C 179 14
C 180 18
C 181 16
C 182 20
C 183 15
C 184 6
C 185 26
C 186 1
C 187 14
C 188 15
C 189 2
C 190 20
C 191 19
C 192 21
C 193 2
C 194 1
C 195 12
C 196 1
C 197 26
C 198 11
C 199 22
C 200 0
C 201 24
C 202 14
C 203 26
C 204 14
C 205 26
C 206 19
C 207 10
C 208 5
C 209 6
C 210 20
C 211 25
C 212 9
C 213 25
C 214 21
C 215 18
C 216 2
C 217 14
C 218 4
C 219 9
C 220 6
C 221 1
C 222 19
C 223 6
C 224 1
C 225 25
C 226 4
C 227 23
C 228 15
C 229 8
C 230 11
C 231 0
C 232 20
C 233 4
C 234 6
C 235 2
C 236 12
C 237 17
C 238 16
C 239 17
C 240 8
C 241 3
C 242 14
C 243 26
C 244 25
C 245 12
C 246 18
C 247 18
C 248 19
C 249 1
C 250 9
C 251 21
C 252 14
C 253 22
C 254 23
C 255 14
C 256 3
C 257 1
C 258 2
C 259 14
C 260 16
C 261 5
C 262 9
C 263 0
C 264 15
C 265 19
C 266 22
C 267 11
C 268 4
C 269 18
I 0 2 2 (2,4,5) (-1,0,-1,0)|(1,-1,1,0)|(1,-1,0,0)
I 5 2 6 (1,3,2) (-1,1,1,0)
I 3 2 17 (3,3,3) (1,-1,0,0)
