D (9,-1,-1) (3,4,1)
D (7,8,3) (1,5,5)
D (7,-1,-1) (5,2,3)
D (7,8,-1) (2,1,2)
D (9,-1,-1) (4,0,1)
D (3,-1,-1) (0,0,1)
D (7,8,3) (2,4,5)
D (8,-1,-1) (4,1,3)
D (7,-1,-1) (0,5,3)
D (7,8,-1) (4,2,4)
D (9,-1,-1) (1,2,1)
D (7,-1,-1) (5,2,1)
D (9,-1,-1) (3,1,0)
D (8,3,9) (2,5,0)
D (7,-1,-1) (5,3,4)
D (8,3,9) (1,3,5)
D (9,-1,-1) (0,2,1)
D (9,-1,-1) (2,5,2)
D (6,7,8) (3,5,4)
D (6,-1,-1) (2,0,0)
D (8,3,-1) (3,1,1)
D (7,8,3) (1,0,2)
D (6,7,8) (5,3,2)
D (6,7,-1) (5,0,3)
D (8,3,9) (1,1,3)
D (3,9,-1) (3,4,0)
D (9,-1,-1) (2,5,3)
D (8,3,-1) (0,1,0)
D (9,-1,-1) (4,2,5)
D (6,7,8) (2,4,2)
D (7,8,3) (4,2,0)
D (7,-1,-1) (1,0,0)
D (9,-1,-1) (2,2,0)
D (6,7,-1) (4,1,1)
D (8,3,-1) (2,4,0)
D (6,-1,-1) (0,0,4)
D (3,-1,-1) (0,5,4)
D (3,-1,-1) (2,1,3)
D (3,9,-1) (1,2,0)
D (6,7,-1) (5,4,2)
D (8,3,9) (0,5,5)
D (7,8,3) (5,3,0)
D (8,-1,-1) (1,4,3)
D (9,-1,-1) (3,5,5)
D (9,-1,-1) (3,3,1)
D (3,9,-1) (5,1,3)
D (7,8,3) (5,1,1)
D (7,8,-1) (1,4,0)
D (8,3,9) (3,1,4)
D (8,-1,-1) (4,5,5)
D (6,-1,-1) (3,2,0)
D (8,3,9) (4,5,0)
D (9,-1,-1) (3,2,3)
D (7,8,3) (2,3,5)
D (6,7,8) (4,3,1)
D (6,-1,-1) (5,2,4)
D (6,7,-1) (5,1,2)
D (8,3,9) (0,2,0)
D (9,-1,-1) (2,2,2)
D (8,-1,-1) (3,2,5)
D (6,7,-1) (2,4,3)
D (3,-1,-1) (5,4,5)
D (8,3,-1) (3,1,5)
C 0 7
C 1 21
C 2 1
C 3 1
C 4 19
C 5 1
C 6 21
C 7 17
C 8 17
C 9 18
C 10 1
C 11 18
C 12 18
C 13 2
C 14 3
C 15 8
C 16 5
C 17 22
C 18 24
C 19 0
C 20 0
C 21 7
C 22 3
C 23 10
C 24 0
C 25 17
C 26 24
C 27 16
C 28 21
C 29 5
C 30 3
C 31 0
C 32 21
C 33 1
C 34 24
C 35 3
C 36 25
C 37 6
C 38 4
C 39 16
C 40 10
C 41 3
C 42 6
C 43 25
C 44 19
C 45 12
C 46 0
C 47 6
C 48 11
C 49 14
C 50 3
C 51 16
C 52 2
C 53 6
C 54 26
C 55 18
C 56 11
C 57 9
C 58 4
C 59 19
C 60 9
C 61 20
C 62 3
C 63 10
C 64 16
C 65 21
C 66 21
C 67 9
C 68 6
C 69 14
C 70 12
C 71 16
C 72 23
C 73 15
C 74 17
C 75 11
C 76 5
C 77 21
C 78 24
C 79 24
C 80 4
C 81 22
C 82 0
C 83 11
C 84 18
C 85 9
C 86 18
C 87 3
C 88 6
C 89 3
C 90 15
C 91 8
C 92 12
C 93 5
C 94 22
C 95 23
C 96 7
C 97 16
C 98 26
C 99 2
C 100 23
C 101 14
C 102 14
C 103 14
C 104 3
C 105 16
C 106 10
C 107 2
C 108 8
C 109 25
C 110 0
C 111 24
C 112 3
C 113 5
C 114 2
C 115 10
C 116 20
C 117 4
C 118 0
C 119 6
C 120 2
C 121 19
C 122 3
C 123 5
C 124 19
C 125 9
C 126 25
C 127 18
C 128 25
C 129 8
C 130 11
C 131 17
C 132 15
C 133 0
C 134 1
C 135 14
C 136 1
C 137 19
C 138 16
C 139 25
C 140 20
C 141 6
C 142 3
C 143 21
C 144 0
C 145 4
C 146 22
C 147 6
C 148 24
C 149 12
C 150 7
C 151 9
C 152 7
C 153 5
C 154 19
C 155 26
C 156 10
C 157 15
C 158 17
C 159 18
C 160 20
C 161 15
C 162 10
C 163 11
C 164 14
C 165 11
C 166 20
C 167 4
C 168 0
C 169 6
C 170 6
C 171 3
C 172 11
C 173 5
C 174 21
C 175 24
C 176 1
C 177 26
C 178 4
C 179 26
C 180 17
C 181 14
C 182 4
C 183 3
C 184 17
C 185 21
C 186 19
C 187 8
C 188 1
C 189 4
C 190 2
C 191 5
C 192 21
C 193 9
C 194 4
C 195 2
C 196 15
C 197 18
C 198 10
C 199 11
C 200 8
C 201 18
C 202 8
C 203 5
C 204 15
C 205 11
C 206 14
C 207 2
C 208 18
C 209 20
C 210 14
C 211 19
C 212 23
C 213 8
C 214 1
C 215 0
C 216 2
C 217 21
C 218 8
C 219 8
C 220 25
C 221 20
C 222 16
C 223 0
C 224 1
C 225 20
C 226 0
C 227 22
C 228 7
C 229 14
C 230 9
C 231 9
C 232 4
C 233 5
C 234 18
C 235 10
C 236 4
C 237 17
C 238 7
C 239 3
C 240 15
C 241 8
C 242 25
C 243 3
C 244 22
C 245 3
C 246 26
C 247 20
C 248 3
C 249 22
C 250 24
C 251 4
C 252 23
C 253 5
C 254 8
C 255 26
C 256 18
C 257 2
C 258 11
C 259 0
C 260 17
C 261 4
C 262 19
C 263 11
C 264 3
C 265 18
C 266 2
C 267 15
C 268 12
C 269 20
I 5 2 8 (5,5,4) (-1,0,-1,0)|(1,-1,1,0)|(0,1,0,0)|(0,-1,0,0)|(0,1,-1,0)
I 5 2 9 (4,4,0) (0,0,1,0)
I 3 3 11 (1,4,0) (-1,1,0,0)|(1,0,1,0)|(-1,0,1,0)
