D (7,-1,-1) (0,4,1)
D (3,9,-1) (0,1,3)
D (7,8,-1) (3,4,4)
D (6,7,-1) (1,0,2)
D (9,-1,-1) (1,3,1)
D (8,3,-1) (2,0,1)
D (6,7,-1) (1,0,0)
D (3,9,-1) (5,5,1)
D (3,9,-1) (2,2,1)
D (3,-1,-1) (1,5,5)
D (6,7,8) (0,0,5)
D (8,-1,-1) (4,3,2)
D (7,8,-1) (5,2,2)
D (9,-1,-1) (4,5,2)
D (7,-1,-1) (1,0,4)
D (3,-1,-1) (2,1,2)
D (6,-1,-1) (2,3,3)
D (6,7,-1) (2,5,1)
D (8,3,9) (3,4,2)
D (8,3,9) (0,0,3)
D (7,-1,-1) (1,4,2)
D (7,8,-1) (2,2,0)
D (7,8,-1) (2,1,3)
D (7,8,3) (1,2,2)
D (7,8,-1) (0,1,4)
D (6,-1,-1) (2,5,4)
D (6,7,-1) (2,4,4)
D (8,-1,-1) (4,1,3)
D (6,7,8) (5,4,3)
D (6,-1,-1) (2,1,0)
D (8,3,-1) (4,3,3)
D (8,-1,-1) (0,5,5)
D (7,-1,-1) (5,1,3)
D (8,3,-1) (1,2,0)
D (3,9,-1) (3,5,3)
D (3,9,-1) (3,5,5)
D (6,7,-1) (0,4,0)
D (8,3,9) (2,3,5)
D (6,7,8) (1,4,1)
D (7,8,-1) (4,1,2)
D (8,-1,-1) (4,1,4)
D (6,7,-1) (2,1,4)
D (3,-1,-1) (1,5,2)
D (3,-1,-1) (3,1,3)
D (8,3,9) (4,2,2)
C 0 9
C 1 12
C 2 16
C 3 14
C 4 7
C 5 18
C 6 0
C 7 16
C 8 7
C 9 26
C 10 7
C 11 26
C 12 20
C 13 20
C 14 7
C 15 24
C 16 7
C 17 5
C 18 22
C 19 5
C 20 14
C 21 12
C 22 12
C 23 1
C 24 3
C 25 14
C 26 1
C 27 12
C 28 15
C 29 24
C 30 19
C 31 7
C 32 20
C 33 11
C 34 18
C 35 5
C 36 5
C 37 22
C 38 10
C 39 1
C 40 4
C 41 19
C 42 25
C 43 19
C 44 10
C 45 10
C 46 18
C 47 2
C 48 23
C 49 21
C 50 25
C 51 15
C 52 22
C 53 3
C 54 3
C 55 15
C 56 16
C 57 10
C 58 4
C 59 9
C 60 10
C 61 16
C 62 22
C 63 23
C 64 18
C 65 22
C 66 10
C 67 9
C 68 3
C 69 16
C 70 23
C 71 21
C 72 19
C 73 25
C 74 15
C 75 10
C 76 3
C 77 8
C 78 22
C 79 15
C 80 11
C 81 23
C 82 1
C 83 23
C 84 20
C 85 4
C 86 1
C 87 23
C 88 18
C 89 26
C 90 9
C 91 26
C 92 2
C 93 26
C 94 24
C 95 24
C 96 24
C 97 11
C 98 7
C 99 8
C 100 11
C 101 1
C 102 1
C 103 17
C 104 23
C 105 23
C 106 24
C 107 24
C 108 5
C 109 9
C 110 20
C 111 15
C 112 10
C 113 25
C 114 26
C 115 18
C 116 11
C 117 20
C 118 16
C 119 12
C 120 0
C 121 10
C 122 11
C 123 22
C 124 6
C 125 18
C 126 23
C 127 7
C 128 5
C 129 2
C 130 19
C 131 7
C 132 23
C 133 7
C 134 14
C 135 9
C 136 21
C 137 15
C 138 6
C 139 19
C 140 20
C 141 23
C 142 16
C 143 17
C 144 16
C 145 1
C 146 14
C 147 25
C 148 2
C 149 7
C 150 12
C 151 24
C 152 0
C 153 25
C 154 3
C 155 23
C 156 2
C 157 19
C 158 16
C 159 19
C 160 10
C 161 22
C 162 12
C 163 19
C 164 18
C 165 20
C 166 20
C 167 12
C 168 9
C 169 5
C 170 4
C 171 22
C 172 6
C 173 20
C 174 21
C 175 17
C 176 19
C 177 24
C 178 4
C 179 0
C 180 17
C 181 22
C 182 17
C 183 17
C 184 14
C 185 5
C 186 26
C 187 7
C 188 1
C 189 9
C 190 17
C 191 7
C 192 11
C 193 17
C 194 21
C 195 0
C 196 2
C 197 26
C 198 8
C 199 19
C 200 0
C 201 25
C 202 7
C 203 15
C 204 23
C 205 21
C 206 22
C 207 23
C 208 14
C 209 21
C 210 25
C 211 25
C 212 3
C 213 25
C 214 7
C 215 2
C 216 14
C 217 20
C 218 15
C 219 1
C 220 2
C 221 24
C 222 24
C 223 0
C 224 2
C 225 20
C 226 6
C 227 12
C 228 4
C 229 25
C 230 14
C 231 10
C 232 4
C 233 17
C 234 3
C 235 19
C 236 26
C 237 18
C 238 8
C 239 25
C 240 20
C 241 6
C 242 25
C 243 1
C 244 9
C 245 20
C 246 19
C 247 7
C 248 9
C 249 5
C 250 8
C 251 10
C 252 20
C 253 24
C 254 14
C 255 5
C 256 24
C 257 9
C 258 12
C 259 8
C 260 19
C 261 22
C 262 20
C 263 23
C 264 0
C 265 20
C 266 1
C 267 20
C 268 0
C 269 21
I 0 2 5 (2,5,2) (0,0,1,0)
I 4 3 1 (4,5,4) (0,-1,-1,0)|(-1,0,0,0)|(1,-1,-1,0)|(1,1,1,0)
