D (9,-1,-1) (1,4,2)
D (9,-1,-1) (2,5,5)
D (8,3,-1) (1,0,5)
D (3,9,-1) (4,3,4)
D (3,9,-1) (4,2,5)
D (7,8,3) (1,5,1)
D (6,-1,-1) (0,4,3)
D (8,3,9) (4,3,0)
D (6,7,-1) (4,1,1)
D (9,-1,-1) (3,1,1)
D (9,-1,-1) (0,5,2)
D (7,-1,-1) (0,0,3)
D (7,-1,-1) (5,5,2)
D (8,3,9) (4,4,5)
D (8,3,-1) (1,3,1)
D (8,3,9) (5,0,1)
D (7,8,-1) (0,3,0)
D (6,-1,-1) (4,2,1)
D (8,3,-1) (5,2,1)
D (3,-1,-1) (3,0,4)
D (7,-1,-1) (5,3,3)
D (6,7,-1) (5,4,1)
D (3,9,-1) (5,5,0)
D (8,3,9) (5,0,0)
D (9,-1,-1) (4,3,2)
D (3,-1,-1) (3,3,5)
D (3,-1,-1) (5,1,0)
D (7,-1,-1) (0,5,3)
D (6,7,-1) (3,5,4)
D (6,7,8) (5,5,3)
D (9,-1,-1) (2,5,0)
D (9,-1,-1) (1,2,0)
D (9,-1,-1) (1,1,3)
D (3,-1,-1) (2,2,2)
D (8,-1,-1) (1,2,3)
D (7,8,-1) (0,0,2)
D (3,-1,-1) (0,1,3)
D (9,-1,-1) (4,0,0)
D (3,9,-1) (3,4,5)
D (3,-1,-1) (4,1,0)
D (7,8,3) (0,3,5)
D (3,9,-1) (2,2,4)
D (6,-1,-1) (3,2,2)
D (6,-1,-1) (5,3,5)
D (3,9,-1) (2,0,3)
D (9,-1,-1) (5,0,3)
D (6,7,8) (2,3,3)
C 0 8
C 1 8
C 2 0
C 3 12
C 4 26
C 5 14
C 6 20
C 7 20
C 8 2
C 9 6
C 10 12
C 11 18
C 12 3
C 13 16
C 14 23
C 15 26
C 16 17
C 17 0
C 18 5
C 19 14
C 20 18
C 21 14
C 22 9
C 23 4
C 24 10
C 25 0
C 26 7
C 27 22
C 28 16
C 29 10
C 30 10
C 31 4
C 32 11
C 33 24
C 34 21
C 35 11
C 36 5
C 37 10
C 38 6
C 39 9
C 40 23
C 41 17
C 42 2
C 43 0
C 44 0
C 45 0
C 46 0
C 47 0
C 48 0
C 49 0
C 50 0
C 51 0
C 52 0
C 53 0
C 54 0
C 55 0
C 56 0
C 57 0
C 58 0
C 59 0
C 60 11
C 61 1
C 62 19
C 63 0
C 64 4
C 65 8
C 66 6
C 67 24
C 68 12
C 69 21
C 70 0
C 71 0
C 72 0
C 73 0
C 74 0
C 75 0
C 76 0
C 77 0
C 78 0
C 79 0
C 80 0
C 81 0
C 82 0
C 83 0
C 84 0
C 85 12
C 86 23
C 87 7
C 88 11
C 89 2
C 90 22
C 91 19
C 92 1
C 93 23
C 94 11
C 95 22
C 96 17
C 97 17
C 98 14
C 99 23
C 100 6
C 101 6
C 102 23
C 103 20
C 104 8
C 105 26
C 106 15
C 107 25
C 108 23
C 109 17
C 110 22
C 111 9
C 112 7
C 113 2
C 114 26
C 115 23
C 116 26
C 117 17
C 118 16
C 119 10
C 120 12
C 121 18
C 122 7
C 123 21
C 124 17
C 125 12
C 126 14
C 127 8
C 128 8
C 129 14
C 130 4
C 131 4
C 132 26
C 133 23
C 134 6
C 135 18
C 136 24
C 137 17
C 138 7
C 139 24
C 140 22
C 141 23
C 142 2
C 143 16
C 144 10
C 145 24
C 146 5
C 147 19
C 148 2
C 149 8
C 150 12
C 151 19
C 152 5
C 153 26
C 154 5
C 155 19
C 156 20
C 157 6
C 158 24
C 159 12
C 160 3
C 161 3
C 162 17
C 163 18
C 164 21
C 165 10
C 166 18
C 167 4
C 168 15
C 169 15
C 170 16
C 171 0
C 172 0
C 173 0
C 174 0
C 175 0
C 176 0
C 177 0
C 178 0
C 179 0
C 180 0
C 181 0
C 182 0
C 183 0
C 184 0
C 185 0
C 186 0
C 187 0
C 188 0
C 189 0
C 190 0
C 191 0
C 192 0
C 193 0
C 194 0
C 195 0
C 196 0
C 197 0
C 198 0
C 199 0
C 200 0
C 201 0
C 202 0
C 203 0
C 204 0
C 205 0
C 206 0
C 207 0
C 208 0
C 209 0
C 210 0
C 211 0
C 212 0
C 213 0
C 214 0
C 215 0
C 216 0
C 217 0
C 218 0
C 219 0
C 220 0
C 221 0
C 222 0
C 223 0
C 224 0
C 225 0
C 226 0
C 227 0
C 228 0
C 229 0
C 230 0
C 231 0
C 232 0
C 233 0
C 234 0
C 235 0
C 236 0
C 237 0
C 238 0
C 239 0
C 240 0
C 241 1
C 242 10
C 243 5
C 244 23
C 245 3
C 246 22
C 247 4
C 248 8
C 249 25
C 250 3
C 251 3
C 252 8
C 253 6
C 254 26
C 255 10
C 256 18
C 257 25
C 258 1
C 259 20
C 260 19
C 261 5
C 262 14
C 263 7
C 264 24
C 265 19
C 266 7
C 267 22
C 268 26
C 269 12
I 4 1 1 (3,2,0) (-1,-1,1,0)
I 1 3 12 (1,3,2) (1,-1,-1,0)
I 0 1 7 (1,4,0) (1,-1,1,0)
