D (6,7,8) (0,1,1)
D (7,8,3) (4,2,1)
D (7,8,3) (1,3,5)
D (7,-1,-1) (3,2,4)
D (6,-1,-1) (3,0,3)
D (7,8,3) (0,3,1)
D (3,9,-1) (0,3,4)
D (6,-1,-1) (2,4,5)
D (3,9,-1) (0,1,5)
D (6,7,8) (2,3,4)
D (9,-1,-1) (1,4,1)
D (9,-1,-1) (1,0,0)
D (3,9,-1) (0,4,5)
D (3,-1,-1) (5,5,4)
D (8,-1,-1) (4,1,2)
D (8,-1,-1) (0,5,0)
D (3,9,-1) (1,2,5)
D (3,-1,-1) (5,3,3)
D (3,-1,-1) (5,0,0)
D (6,7,-1) (5,2,3)
D (6,7,-1) (0,1,3)
D (8,-1,-1) (2,5,4)
D (7,8,3) (0,4,4)
D (7,-1,-1) (5,4,1)
D (9,-1,-1) (1,2,3)
D (3,-1,-1) (2,3,3)
D (8,3,9) (2,3,0)
D (9,-1,-1) (3,1,1)
D (6,-1,-1) (4,4,0)
D (7,-1,-1) (5,4,4)
D (8,3,9) (0,5,4)
D (6,7,8) (4,1,3)
D (8,-1,-1) (3,3,2)
D (3,-1,-1) (3,1,5)
D (3,-1,-1) (5,2,2)
D (7,-1,-1) (0,1,0)
D (9,-1,-1) (2,0,1)
D (3,-1,-1) (1,2,4)
D (9,-1,-1) (5,5,0)
D (9,-1,-1) (2,4,2)
C 0 9
C 1 12
C 2 9
C 3 9
C 4 24
C 5 11
C 6 16
C 7 20
C 8 4
C 9 7
C 10 0
C 11 25
C 12 25
C 13 17
C 14 0
C 15 0
C 16 0
C 17 0
C 18 0
C 19 0
C 20 0
C 21 0
C 22 0
C 23 0
C 24 0
C 25 0
C 26 0
C 27 0
C 28 0
C 29 0
C 30 0
C 31 0
C 32 0
C 33 0
C 34 0
C 35 0
C 36 0
C 37 0
C 38 0
C 39 0
C 40 0
C 41 0
C 42 0
C 43 0
C 44 0
C 45 0
C 46 0
C 47 0
C 48 0
C 49 0
C 50 0
C 51 0
C 52 0
C 53 0
C 54 0
C 55 0
C 56 0
C 57 0
C 58 0
C 59 0
C 60 0
C 61 0
C 62 0
C 63 0
C 64 0
C 65 0
C 66 0
C 67 0
C 68 0
C 69 0
C 70 0
C 71 0
C 72 0
C 73 0
C 74 14
C 75 25
C 76 6
C 77 20
C 78 18
C 79 0
C 80 10
C 81 12
C 82 6
C 83 9
C 84 10
C 85 18
C 86 26
C 87 10
C 88 4
C 89 12
C 90 11
C 91 0
C 92 1
C 93 0
C 94 18
C 95 20
C 96 6
C 97 21
C 98 24
C 99 0
C 100 1
C 101 4
C 102 9
C 103 24
C 104 8
C 105 7
C 106 7
C 107 9
C 108 2
C 109 22
C 110 17
C 111 8
C 112 14
C 113 6
C 114 22
C 115 7
C 116 7
C 117 9
C 118 22
C 119 26
C 120 11
C 121 11
C 122 6
C 123 1
C 124 22
C 125 3
C 126 23
C 127 24
C 128 0
C 129 19
C 130 6
C 131 17
C 132 25
C 133 16
C 134 3
C 135 8
C 136 25
C 137 26
C 138 21
C 139 1
C 140 17
C 141 5
C 142 18
C 143 21
C 144 8
C 145 1
C 146 4
C 147 0
C 148 23
C 149 22
C 150 11
C 151 7
C 152 15
C 153 1
C 154 26
C 155 5
C 156 1
C 157 21
C 158 14
C 159 24
C 160 7
C 161 21
C 162 5
C 163 19
C 164 22
C 165 18
C 166 5
C 167 22
C 168 9
C 169 16
C 170 7
C 171 14
C 172 19
C 173 16
C 174 22
C 175 23
C 176 22
C 177 7
C 178 0
C 179 10
C 180 10
C 181 22
C 182 17
C 183 22
C 184 24
C 185 8
C 186 23
C 187 17
C 188 0
C 189 23
C 190 2
C 191 15
C 192 2
C 193 15
C 194 21
C 195 17
C 196 2
C 197 24
C 198 5
C 199 24
C 200 12
C 201 22
C 202 18
C 203 16
C 204 5
C 205 22
C 206 2
C 207 9
C 208 20
C 209 23
C 210 20
C 211 26
C 212 6
C 213 2
C 214 22
C 215 10
C 216 22
C 217 17
C 218 25
C 219 10
C 220 4
C 221 24
C 222 22
C 223 11
C 224 5
C 225 11
C 226 24
C 227 6
C 228 17
C 229 8
C 230 12
C 231 4
C 232 14
C 233 0
C 234 22
C 235 5
C 236 7
C 237 11
C 238 15
C 239 21
C 240 12
C 241 10
C 242 19
C 243 15
C 244 21
C 245 2
C 246 19
C 247 16
C 248 20
C 249 12
C 250 23
C 251 3
C 252 16
C 253 20
C 254 26
C 255 1
C 256 0
C 257 9
C 258 11
C 259 18
C 260 25
C 261 14
C 262 3
C 263 19
C 264 17
C 265 16
C 266 25
C 267 22
C 268 10
C 269 7
I 5 2 13 (4,4,2) (-1,-1,1,0)|(0,0,1,0)
I 3 1 2 (2,2,4) (0,0,-1,0)
I 1 3 17 (1,1,3) (1,1,0,0)
