D (8,3,9) (4,0,5)
D (7,8,-1) (2,2,3)
D (7,-1,-1) (3,2,2)
D (6,-1,-1) (4,1,3)
D (3,9,-1) (0,0,1)
D (7,-1,-1) (4,0,3)
D (8,3,-1) (3,5,0)
D (9,-1,-1) (2,2,0)
D (6,7,8) (3,3,4)
D (9,-1,-1) (0,1,1)
D (7,8,3) (1,3,3)
D (8,3,-1) (5,3,4)
D (7,-1,-1) (1,0,1)
D (3,-1,-1) (1,4,4)
D (7,8,-1) (0,5,2)
D (7,8,-1) (5,0,5)
D (9,-1,-1) (1,4,0)
D (8,3,-1) (4,2,4)
D (3,9,-1) (0,3,5)
D (7,-1,-1) (3,3,5)
D (3,-1,-1) (2,0,1)
D (7,8,-1) (1,2,4)
D (3,9,-1) (1,5,4)
D (8,-1,-1) (0,0,4)
D (7,8,3) (4,5,2)
D (9,-1,-1) (1,1,4)
D (7,8,3) (3,4,5)
D (7,8,3) (3,4,4)
D (8,-1,-1) (0,2,0)
D (3,9,-1) (0,4,5)
D (9,-1,-1) (5,4,1)
D (3,9,-1) (2,1,1)
D (6,7,-1) (2,5,2)
D (3,9,-1) (3,4,1)
D (6,-1,-1) (4,3,1)
D (8,3,9) (5,2,3)
D (9,-1,-1) (4,5,5)
D (3,9,-1) (3,5,1)
D (9,-1,-1) (5,1,3)
D (3,9,-1) (3,2,3)
D (6,7,8) (4,2,0)
D (9,-1,-1) (5,2,0)
D (9,-1,-1) (4,4,3)
D (9,-1,-1) (5,1,1)
D (6,7,8) (2,3,5)
D (3,9,-1) (0,1,0)
D (9,-1,-1) (1,2,3)
D (7,-1,-1) (1,0,5)
D (7,8,3) (5,5,5)
D (7,-1,-1) (5,5,0)
D (9,-1,-1) (0,0,3)
D (9,-1,-1) (2,0,3)
D (6,7,8) (1,2,5)
D (3,9,-1) (1,5,5)
D (6,-1,-1) (3,5,2)
D (9,-1,-1) (4,1,2)
D (7,8,-1) (3,3,3)
D (7,-1,-1) (0,2,4)
D (3,-1,-1) (1,5,2)
D (7,8,3) (3,4,0)
D (6,-1,-1) (5,3,0)
D (7,8,-1) (4,0,0)
D (8,3,9) (3,4,2)
D (6,7,-1) (3,3,2)
D (6,7,8) (1,0,0)
C 0 8
C 1 15
C 2 11
C 3 1
C 4 20
C 5 0
C 6 23
C 7 0
C 8 11
C 9 0
C 10 3
C 11 24
C 12 21
C 13 5
C 14 22
C 15 3
C 16 4
C 17 0
C 18 9
C 19 18
C 20 11
C 21 25
C 22 18
C 23 24
C 24 1
C 25 17
C 26 1
C 27 26
C 28 11
C 29 5
C 30 18
C 31 22
C 32 16
C 33 24
C 34 1
C 35 8
C 36 0
C 37 9
C 38 25
C 39 2
C 40 6
C 41 9
C 42 7
C 43 21
C 44 9
C 45 5
C 46 24
C 47 17
C 48 9
C 49 26
C 50 14
C 51 24
C 52 11
C 53 4
C 54 14
C 55 19
C 56 17
C 57 1
C 58 23
C 59 18
C 60 2
C 61 10
C 62 22
C 63 2
C 64 3
C 65 16
C 66 16
C 67 0
C 68 0
C 69 0
C 70 0
C 71 0
C 72 0
C 73 0
C 74 0
C 75 0
C 76 0
C 77 0
C 78 0
C 79 0
C 80 0
C 81 0
C 82 0
C 83 0
C 84 0
C 85 0
C 86 0
C 87 0
C 88 0
C 89 0
C 90 0
C 91 0
C 92 0
C 93 0
C 94 0
C 95 0
C 96 0
C 97 0
C 98 0
C 99 0
C 100 0
C 101 0
C 102 0
C 103 0
C 104 0
C 105 0
C 106 15
C 107 19
C 108 24
C 109 1
C 110 21
C 111 9
C 112 7
C 113 26
C 114 11
C 115 22
C 116 14
C 117 3
C 118 11
C 119 8
C 120 1
C 121 4
C 122 9
C 123 11
C 124 4
C 125 18
C 126 20
C 127 14
C 128 18
C 129 6
C 130 14
C 131 6
C 132 23
C 133 14
C 134 1
C 135 9
C 136 17
C 137 14
C 138 19
C 139 1
C 140 4
C 141 5
C 142 0
C 143 14
C 144 20
C 145 18
C 146 19
C 147 4
C 148 4
C 149 11
C 150 14
C 151 18
C 152 12
C 153 14
C 154 23
C 155 3
C 156 7
C 157 26
C 158 11
C 159 20
C 160 5
C 161 16
C 162 22
C 163 18
C 164 1
C 165 16
C 166 24
C 167 7
C 168 1
C 169 26
C 170 25
C 171 4
C 172 15
C 173 11
C 174 5
C 175 6
C 176 19
C 177 7
C 178 1
C 179 14
C 180 0
C 181 2
C 182 12
C 183 7
C 184 11
C 185 26
C 186 6
C 187 19
C 188 22
C 189 6
C 190 25
C 191 21
C 192 2
C 193 24
C 194 5
C 195 17
C 196 24
C 197 14
C 198 0
C 199 0
C 200 0
C 201 0
C 202 0
C 203 0
C 204 9
C 205 10
C 206 9
C 207 11
C 208 12
C 209 18
C 210 18
C 211 11
C 212 2
C 213 23
C 214 8
C 215 10
C 216 9
C 217 20
C 218 23
C 219 3
C 220 8
C 221 19
C 222 23
C 223 9
C 224 4
C 225 0
C 226 11
C 227 21
C 228 7
C 229 26
C 230 25
C 231 22
C 232 8
C 233 4
C 234 16
C 235 12
C 236 19
C 237 15
C 238 19
C 239 10
C 240 16
C 241 15
C 242 15
C 243 19
C 244 0
C 245 15
C 246 25
C 247 12
C 248 2
C 249 22
C 250 8
C 251 21
C 252 17
C 253 1
C 254 0
C 255 12
C 256 10
C 257 11
C 258 5
C 259 12
C 260 1
C 261 9
C 262 1
C 263 1
C 264 3
C 265 16
C 266 9
C 267 12
C 268 6
C 269 1
I 4 1 1 (2,1,5) (0,0,-1,0)|(1,0,-1,0)|(-1,0,0,0)
I 0 2 4 (1,3,1) (0,-1,0,0)|(0,-1,-1,0)
I 4 2 6 (0,4,1) (1,0,1,0)
