D (9,-1,-1) (5,4,4)
D (7,-1,-1) (3,5,5)
D (7,-1,-1) (5,5,4)
D (7,8,-1) (0,2,2)
D (6,-1,-1) (5,3,0)
D (9,-1,-1) (4,5,2)
D (3,9,-1) (0,0,1)
D (7,8,-1) (1,0,2)
D (8,3,-1) (0,0,5)
D (6,-1,-1) (5,1,5)
D (6,7,-1) (5,4,5)
D (3,9,-1) (3,3,3)
D (6,-1,-1) (4,1,0)
D (9,-1,-1) (2,3,4)
D (8,3,-1) (2,1,5)
D (3,9,-1) (4,3,2)
D (7,-1,-1) (4,1,1)
D (8,3,9) (3,5,3)
D (7,8,-1) (3,0,2)
D (9,-1,-1) (0,2,5)
D (9,-1,-1) (3,1,2)
D (6,7,-1) (1,5,5)
D (8,-1,-1) (0,1,0)
D (7,8,3) (1,0,3)
D (6,7,8) (5,4,1)
D (8,3,9) (4,1,2)
D (8,3,9) (0,3,2)
D (6,7,-1) (3,3,2)
D (6,-1,-1) (4,3,3)
D (6,-1,-1) (0,2,3)
D (8,3,9) (5,2,1)
D (7,-1,-1) (1,5,4)
D (7,8,-1) (4,4,0)
D (8,3,9) (2,4,3)
D (6,-1,-1) (0,3,1)
D (8,3,9) (2,0,0)
D (7,8,3) (1,0,1)
D (9,-1,-1) (0,3,0)
D (6,7,-1) (3,1,5)
D (3,9,-1) (5,2,0)
C 0 22
C 1 26
C 2 16
C 3 19
C 4 20
C 5 12
C 6 24
C 7 23
C 8 0
C 9 20
C 10 2
C 11 23
C 12 14
C 13 18
C 14 20
C 15 20
C 16 11
C 17 4
C 18 7
C 19 3
C 20 6
C 21 6
C 22 20
C 23 7
C 24 2
C 25 8
C 26 11
C 27 22
C 28 0
C 29 0
C 30 0
C 31 0
C 32 0
C 33 0
C 34 0
C 35 7
C 36 3
C 37 22
C 38 3
C 39 3
C 40 9
C 41 3
C 42 23
C 43 14
C 44 5
C 45 4
C 46 2
C 47 4
C 48 14
C 49 21
C 50 14
C 51 2
C 52 14
C 53 20
C 54 19
C 55 25
C 56 19
C 57 23
C 58 14
C 59 23
C 60 20
C 61 19
C 62 4
C 63 15
C 64 0
C 65 14
C 66 24
C 67 17
C 68 9
C 69 15
C 70 6
C 71 16
C 72 26
C 73 20
C 74 19
C 75 17
C 76 9
C 77 1
C 78 18
C 79 15
C 80 4
C 81 20
C 82 19
C 83 7
C 84 26
C 85 20
C 86 11
C 87 18
C 88 22
C 89 7
C 90 1
C 91 16
C 92 19
C 93 5
C 94 8
C 95 4
C 96 23
C 97 25
C 98 12
C 99 9
C 100 4
C 101 7
C 102 25
C 103 9
C 104 8
C 105 2
C 106 7
C 107 5
C 108 7
C 109 23
C 110 26
C 111 12
C 112 25
C 113 21
C 114 11
C 115 2
C 116 8
C 117 7
C 118 5
C 119 14
C 120 14
C 121 26
C 122 17
C 123 11
C 124 0
C 125 23
C 126 25
C 127 16
C 128 9
C 129 7
C 130 9
C 131 17
C 132 22
C 133 16
C 134 6
C 135 17
C 136 12
C 137 22
C 138 24
C 139 22
C 140 22
C 141 8
C 142 20
C 143 8
C 144 11
C 145 8
C 146 25
C 147 2
C 148 17
C 149 2
C 150 2
C 151 0
C 152 12
C 153 26
C 154 5
C 155 0
C 156 20
C 157 9
C 158 15
C 159 9
C 160 12
C 161 0
C 162 18
C 163 18
C 164 16
C 165 18
C 166 0
C 167 0
C 168 0
C 169 0
C 170 0
C 171 0
C 172 0
C 173 0
C 174 0
C 175 0
C 176 0
C 177 0
C 178 25
C 179 8
C 180 9
C 181 15
C 182 0
C 183 0
C 184 0
C 185 0
C 186 0
C 187 0
C 188 0
C 189 24
C 190 10
C 191 23
C 192 17
C 193 7
C 194 15
C 195 9
C 196 23
C 197 26
C 198 18
C 199 4
C 200 19
C 201 10
C 202 17
C 203 9
C 204 9
C 205 15
C 206 18
C 207 16
C 208 8
C 209 3
C 210 24
C 211 15
C 212 16
C 213 0
C 214 7
C 215 21
C 216 4
C 217 11
C 218 25
C 219 2
C 220 8
C 221 5
C 222 21
C 223 7
C 224 14
C 225 5
C 226 22
C 227 2
C 228 6
C 229 6
C 230 11
C 231 4
C 232 21
C 233 20
C 234 22
C 235 16
C 236 23
C 237 23
C 238 2
C 239 23
C 240 26
C 241 21
C 242 14
C 243 23
C 244 2
C 245 23
C 246 9
C 247 9
C 248 3
C 249 2
C 250 3
C 251 25
C 252 4
C 253 21
C 254 16
C 255 20
C 256 10
C 257 20
C 258 20
C 259 18
C 260 6
C 261 8
C 262 4
C 263 17
C 264 0
C 265 7
C 266 9
C 267 5
C 268 7
C 269 6
I 3 3 11 (3,2,3) (1,0,-1,0)
I 2 3 9 (0,5,5) (1,-1,-1,0)
I 0 1 18 (5,4,2) (-1,0,-1,0)|(1,0,1,0)
