D (7,8,-1) (3,1,5)
D (7,8,3) (0,4,2)
D (7,8,3) (4,5,0)
D (3,9,-1) (0,2,2)
D (9,-1,-1) (4,3,4)
D (7,8,-1) (2,5,4)
D (9,-1,-1) (5,1,3)
D (3,9,-1) (0,1,1)
D (8,3,-1) (5,3,3)
D (9,-1,-1) (3,0,1)
D (3,9,-1) (4,3,0)
D (9,-1,-1) (2,3,0)
D (7,-1,-1) (1,3,1)
D (6,7,8) (3,1,1)
D (6,-1,-1) (5,4,5)
D (7,-1,-1) (5,2,5)
D (8,3,-1) (1,0,4)
D (8,-1,-1) (4,1,0)
D (9,-1,-1) (4,1,2)
D (6,7,8) (0,5,1)
D (8,3,9) (2,2,5)
D (6,7,-1) (4,4,5)
D (9,-1,-1) (4,3,5)
D (8,3,-1) (2,0,5)
D (6,-1,-1) (1,1,2)
D (9,-1,-1) (2,4,4)
D (3,9,-1) (5,4,0)
D (3,9,-1) (4,4,2)
D (3,9,-1) (5,1,4)
D (6,7,-1) (2,3,4)
D (8,3,-1) (4,3,1)
D (3,-1,-1) (3,0,4)
D (7,8,-1) (4,0,5)
D (8,-1,-1) (0,1,4)
D (3,9,-1) (5,5,0)
D (7,8,-1) (0,1,0)
D (6,7,8) (3,3,4)
D (3,-1,-1) (0,4,4)
D (9,-1,-1) (0,2,5)
D (6,-1,-1) (1,4,5)
D (6,7,-1) (5,0,2)
D (7,8,-1) (1,1,3)
D (8,3,9) (1,5,2)
D (9,-1,-1) (0,1,5)
C 0 5
C 1 18
C 2 10
C 3 10
C 4 18
C 5 8
C 6 7
C 7 14
C 8 18
C 9 4
C 10 21
C 11 4
C 12 23
C 13 5
C 14 25
C 15 26
C 16 17
C 17 15
C 18 1
C 19 21
C 20 16
C 21 6
C 22 10
C 23 2
C 24 3
C 25 15
C 26 6
C 27 24
C 28 20
C 29 12
C 30 5
C 31 24
C 32 15
C 33 3
C 34 15
C 35 7
C 36 26
C 37 23
C 38 8
C 39 10
C 40 2
C 41 0
C 42 24
C 43 4
C 44 24
C 45 9
C 46 12
C 47 1
C 48 24
C 49 24
C 50 9
C 51 21
C 52 24
C 53 20
C 54 5
C 55 21
C 56 2
C 57 6
C 58 14
C 59 20
C 60 4
C 61 11
C 62 5
C 63 23
C 64 14
C 65 24
C 66 23
C 67 11
C 68 14
C 69 21
C 70 0
C 71 26
C 72 16
C 73 1
C 74 16
C 75 11
C 76 3
C 77 2
C 78 12
C 79 25
C 80 0
C 81 22
C 82 6
C 83 9
C 84 23
C 85 10
C 86 7
C 87 12
C 88 12
C 89 4
C 90 7
C 91 26
C 92 11
C 93 21
C 94 12
C 95 22
C 96 15
C 97 5
C 98 11
C 99 16
C 100 20
C 101 2
C 102 3
C 103 20
C 104 3
C 105 15
C 106 26
C 107 23
C 108 24
C 109 18
C 110 19
C 111 5
C 112 1
C 113 15
C 114 7
C 115 19
C 116 16
C 117 23
C 118 20
C 119 10
C 120 10
C 121 8
C 122 10
C 123 0
C 124 0
C 125 0
C 126 0
C 127 0
C 128 0
C 129 0
C 130 0
C 131 0
C 132 0
C 133 0
C 134 0
C 135 0
C 136 0
C 137 0
C 138 0
C 139 0
C 140 0
C 141 0
C 142 0
C 143 0
C 144 0
C 145 0
C 146 0
C 147 0
C 148 0
C 149 0
C 150 0
C 151 0
C 152 0
C 153 0
C 154 0
C 155 0
C 156 0
C 157 0
C 158 0
C 159 0
C 160 0
C 161 8
C 162 8
C 163 24
C 164 25
C 165 17
C 166 11
C 167 26
C 168 24
C 169 1
C 170 24
C 171 16
C 172 20
C 173 1
C 174 17
C 175 0
C 176 8
C 177 10
C 178 6
C 179 8
C 180 22
C 181 22
C 182 5
C 183 17
C 184 10
C 185 7
C 186 21
C 187 17
C 188 7
C 189 9
C 190 7
C 191 12
C 192 22
C 193 5
C 194 0
C 195 26
C 196 1
C 197 25
C 198 8
C 199 23
C 200 1
C 201 9
C 202 17
C 203 24
C 204 18
C 205 11
C 206 4
C 207 20
C 208 15
C 209 4
C 210 24
C 211 10
C 212 23
C 213 26
C 214 3
C 215 9
C 216 25
C 217 17
C 218 6
C 219 22
C 220 15
C 221 1
C 222 19
C 223 8
C 224 23
C 225 5
C 226 7
C 227 23
C 228 10
C 229 24
C 230 6
C 231 15
C 232 4
C 233 17
C 234 2
C 235 7
C 236 3
C 237 16
C 238 5
C 239 25
C 240 21
C 241 3
C 242 21
C 243 23
C 244 11
C 245 19
C 246 22
C 247 18
C 248 22
C 249 19
C 250 25
C 251 12
C 252 21
C 253 2
C 254 19
C 255 9
C 256 24
C 257 25
C 258 25
C 259 4
C 260 11
C 261 21
C 262 12
C 263 7
C 264 16
C 265 19
C 266 21
C 267 21
C 268 4
C 269 23
I 2 1 3 (1,0,2) (1,0,0,0)|(-1,1,1,0)|(-1,-1,-1,0)|(0,-1,-1,0)|(0,1,0,0)
I 0 2 1 (2,0,4) (0,1,0,0)|(0,1,1,0)|(-1,-1,-1,0)
I 4 2 19 (2,2,4) (1,0,1,0)
