D (8,3,9) (0,4,3)
D (8,-1,-1) (1,0,1)
D (6,-1,-1) (3,0,0)
D (9,-1,-1) (1,4,0)
D (8,3,-1) (0,3,4)
D (7,-1,-1) (5,0,2)
D (3,-1,-1) (1,2,2)
D (8,3,-1) (1,5,5)
D (7,8,-1) (1,3,3)
D (3,9,-1) (0,4,4)
D (6,-1,-1) (1,4,1)
D (8,3,9) (5,2,5)
D (3,9,-1) (0,3,0)
D (9,-1,-1) (3,5,4)
D (6,7,-1) (0,3,1)
D (8,-1,-1) (0,4,5)
D (9,-1,-1) (3,0,3)
D (8,3,-1) (1,3,2)
D (3,9,-1) (1,1,2)
D (7,8,-1) (1,2,5)
D (7,8,-1) (5,0,1)
D (3,-1,-1) (3,1,4)
D (7,-1,-1) (4,4,2)
D (6,7,-1) (3,5,5)
D (8,-1,-1) (4,5,4)
D (9,-1,-1) (3,0,4)
D (8,3,-1) (3,4,2)
D (9,-1,-1) (3,1,3)
D (8,-1,-1) (0,2,5)
D (8,-1,-1) (4,4,3)
D (8,3,-1) (5,4,4)
D (6,7,-1) (5,4,3)
D (6,7,-1) (0,0,1)
D (7,8,-1) (1,3,0)
D (7,-1,-1) (4,1,0)
D (8,-1,-1) (2,4,5)
D (6,-1,-1) (0,1,3)
D (7,8,3) (2,1,3)
D (8,3,9) (4,5,0)
D (7,8,-1) (0,5,0)
D (6,-1,-1) (4,0,3)
D (7,-1,-1) (1,1,4)
D (6,-1,-1) (2,3,3)
C 0 5
C 1 26
C 2 15
C 3 26
C 4 9
C 5 18
C 6 17
C 7 8
C 8 17
C 9 6
C 10 16
C 11 15
C 12 16
C 13 15
C 14 16
C 15 20
C 16 24
C 17 5
C 18 19
C 19 25
C 20 9
C 21 3
C 22 7
C 23 25
C 24 7
C 25 24
C 26 24
C 27 5
C 28 20
C 29 18
C 30 17
C 31 11
C 32 5
C 33 15
C 34 19
C 35 12
C 36 4
C 37 0
C 38 6
C 39 22
C 40 4
C 41 23
C 42 8
C 43 22
C 44 12
C 45 1
C 46 21
C 47 3
C 48 5
C 49 21
C 50 10
C 51 3
C 52 25
C 53 15
C 54 4
C 55 6
C 56 25
C 57 24
C 58 15
C 59 11
C 60 2
C 61 11
C 62 23
C 63 25
C 64 16
C 65 15
C 66 20
C 67 21
C 68 8
C 69 26
C 70 25
C 71 23
C 72 22
C 73 3
C 74 8
C 75 15
C 76 21
C 77 2
C 78 22
C 79 22
C 80 20
C 81 26
C 82 10
C 83 15
C 84 7
C 85 14
C 86 25
C 87 22
C 88 16
C 89 8
C 90 0
C 91 12
C 92 15
C 93 0
C 94 17
C 95 6
C 96 16
C 97 12
C 98 17
C 99 6
C 100 7
C 101 24
C 102 20
C 103 16
C 104 24
C 105 15
C 106 10
C 107 0
C 108 0
C 109 0
C 110 0
C 111 0
C 112 0
C 113 0
C 114 0
C 115 0
C 116 0
C 117 0
C 118 0
C 119 0
C 120 0
C 121 0
C 122 0
C 123 0
C 124 0
C 125 0
C 126 0
C 127 0
C 128 0
C 129 0
C 130 0
C 131 0
C 132 0
C 133 0
C 134 0
C 135 0
C 136 0
C 137 0
C 138 0
C 139 0
C 140 0
C 141 0
C 142 0
C 143 0
C 144 0
C 145 0
C 146 0
C 147 0
C 148 0
C 149 0
C 150 0
C 151 0
C 152 0
C 153 0
C 154 0
C 155 0
C 156 0
C 157 0
C 158 0
C 159 0
C 160 0
C 161 0
C 162 0
C 163 0
C 164 0
C 165 0
C 166 0
C 167 0
C 168 0
C 169 0
C 170 0
C 171 0
C 172 0
C 173 0
C 174 0
C 175 0
C 176 0
C 177 0
C 178 0
C 179 0
C 180 0
C 181 0
C 182 0
C 183 0
C 184 0
C 185 0
C 186 0
C 187 0
C 188 0
C 189 0
C 190 0
C 191 0
C 192 0
C 193 0
C 194 0
C 195 0
C 196 0
C 197 0
C 198 0
C 199 0
C 200 0
C 201 0
C 202 0
C 203 0
C 204 0
C 205 0
C 206 0
C 207 0
C 208 0
C 209 0
C 210 0
C 211 0
C 212 0
C 213 0
C 214 0
C 215 0
C 216 0
C 217 0
C 218 0
C 219 0
C 220 0
C 221 0
C 222 0
C 223 0
C 224 0
C 225 0
C 226 0
C 227 0
C 228 0
C 229 0
C 230 0
C 231 0
C 232 0
C 233 0
C 234 0
C 235 0
C 236 0
C 237 0
C 238 0
C 239 0
C 240 0
C 241 0
C 242 11
C 243 12
C 244 22
C 245 12
C 246 2
C 247 14
C 248 3
C 249 18
C 250 2
C 251 5
C 252 2
C 253 5
C 254 14
C 255 6
C 256 4
C 257 12
C 258 14
C 259 3
C 260 12
C 261 17
C 262 15
C 263 22
C 264 24
C 265 16
C 266 14
C 267 23
C 268 7
C 269 24
I 3 2 13 (0,4,1) (-1,-1,1,0)|(0,1,1,0)|(-1,-1,0,0)
I 2 1 15 (3,2,3) (1,1,-1,0)
I 0 3 13 (0,5,1) (0,-1,0,0)|(0,1,1,0)
