D (3,9,-1) (2,3,2)
D (7,8,3) (2,2,1)
D (7,8,3) (5,2,2)
D (3,9,-1) (0,0,1)
D (8,3,9) (4,4,0)
D (6,7,8) (2,4,3)
D (6,-1,-1) (3,3,1)
D (6,7,8) (4,2,4)
D (8,3,9) (1,1,3)
D (8,3,9) (0,0,2)
D (6,-1,-1) (4,3,0)
D (7,8,-1) (1,0,1)
D (8,-1,-1) (5,2,3)
D (3,9,-1) (2,0,4)
D (7,8,3) (0,1,0)
D (6,7,8) (3,2,5)
D (8,-1,-1) (2,3,5)
D (3,9,-1) (0,4,3)
D (9,-1,-1) (5,3,1)
D (3,9,-1) (3,0,4)
D (6,7,8) (1,3,4)
D (9,-1,-1) (2,0,3)
D (7,8,3) (3,0,1)
D (6,-1,-1) (4,5,5)
D (8,-1,-1) (5,3,5)
D (3,-1,-1) (0,5,5)
D (6,-1,-1) (1,3,1)
D (9,-1,-1) (3,3,5)
D (6,7,8) (4,3,1)
D (7,8,-1) (1,3,2)
D (8,3,-1) (4,4,2)
D (7,8,-1) (0,2,2)
D (9,-1,-1) (2,4,4)
C 0 16
C 1 8
C 2 15
C 3 21
C 4 15
C 5 21
C 6 11
C 7 22
C 8 24
C 9 7
C 10 24
C 11 7
C 12 18
C 13 16
C 14 26
C 15 9
C 16 10
C 17 1
C 18 8
C 19 26
C 20 3
C 21 2
C 22 15
C 23 17
C 24 19
C 25 23
C 26 16
C 27 0
C 28 16
C 29 12
C 30 25
C 31 21
C 32 25
C 33 1
C 34 25
C 35 20
C 36 8
C 37 10
C 38 9
C 39 21
C 40 9
C 41 7
C 42 25
C 43 11
C 44 19
C 45 6
C 46 3
C 47 24
C 48 4
C 49 25
C 50 19
C 51 8
C 52 24
C 53 17
C 54 21
C 55 22
C 56 24
C 57 16
C 58 16
C 59 10
C 60 26
C 61 12
C 62 17
C 63 9
C 64 22
C 65 12
C 66 2
C 67 4
C 68 25
C 69 22
C 70 17
C 71 0
C 72 1
C 73 4
C 74 5
C 75 6
C 76 6
C 77 12
C 78 10
C 79 25
C 80 3
C 81 8
C 82 14
C 83 16
C 84 7
C 85 21
C 86 9
C 87 17
C 88 17
C 89 7
C 90 10
C 91 11
C 92 6
C 93 0
C 94 0
C 95 0
C 96 0
C 97 0
C 98 0
C 99 0
C 100 0
C 101 0
C 102 0
C 103 0
C 104 0
C 105 0
C 106 0
C 107 0
C 108 0
C 109 0
C 110 0
C 111 0
C 112 0
C 113 0
C 114 0
C 115 0
C 116 0
C 117 0
C 118 0
C 119 0
C 120 0
C 121 0
C 122 0
C 123 0
C 124 0
C 125 0
C 126 0
C 127 0
C 128 0
C 129 0
C 130 0
C 131 0
C 132 0
C 133 0
C 134 0
C 135 0
C 136 0
C 137 0
C 138 0
C 139 0
C 140 0
C 141 0
C 142 0
C 143 0
C 144 0
C 145 0
C 146 0
C 147 0
C 148 0
C 149 0
C 150 0
C 151 0
C 152 0
C 153 0
C 154 0
C 155 0
C 156 0
C 157 0
C 158 0
C 159 0
C 160 0
C 161 0
C 162 0
C 163 0
C 164 0
C 165 0
C 166 0
C 167 0
C 168 0
C 169 0
C 170 0
C 171 0
C 172 4
C 173 2
C 174 19
C 175 25
C 176 21
C 177 2
C 178 6
C 179 1
C 180 6
C 181 19
C 182 14
C 183 25
C 184 15
C 185 9
C 186 20
C 187 22
C 188 8
C 189 22
C 190 11
C 191 22
C 192 1
C 193 18
C 194 22
C 195 10
C 196 9
C 197 23
C 198 25
C 199 9
C 200 15
C 201 24
C 202 10
C 203 11
C 204 21
C 205 15
C 206 16
C 207 15
C 208 18
C 209 23
C 210 23
C 211 2
C 212 10
C 213 17
C 214 24
C 215 5
C 216 5
C 217 12
C 218 14
C 219 18
C 220 9
C 221 16
C 222 3
C 223 19
C 224 22
C 225 21
C 226 26
C 227 11
C 228 22
C 229 0
C 230 9
C 231 1
C 232 20
C 233 10
C 234 21
C 235 10
C 236 3
C 237 14
C 238 25
C 239 20
C 240 15
C 241 18
C 242 24
C 243 11
C 244 12
C 245 19
C 246 11
C 247 10
C 248 21
C 249 10
C 250 5
C 251 5
C 252 12
C 253 16
C 254 24
C 255 16
C 256 10
C 257 9
C 258 21
C 259 20
C 260 15
C 261 8
C 262 24
C 263 5
C 264 0
C 265 3
C 266 20
C 267 24
C 268 25
C 269 18
I 4 3 19 (2,5,1) (1,1,1,0)|(0,0,1,0)|(0,1,1,0)
I 1 2 4 (4,3,4) (-1,1,-1,0)|(1,1,1,0)|(1,0,-1,0)
I 0 1 10 (5,4,1) (-1,0,0,0)|(1,1,1,0)|(-1,-1,-1,0)
