D (8,3,-1) (1,5,2)
D (3,-1,-1) (4,0,4)
D (7,8,-1) (2,4,5)
D (9,-1,-1) (1,1,5)
D (7,8,3) (4,2,4)
D (3,-1,-1) (5,4,1)
D (8,3,9) (3,5,5)
D (3,9,-1) (2,0,4)
D (3,9,-1) (0,5,5)
D (3,9,-1) (2,1,4)
D (7,-1,-1) (5,3,2)
D (3,9,-1) (4,1,3)
D (7,-1,-1) (2,2,3)
D (7,8,-1) (4,3,2)
D (6,7,8) (3,1,2)
D (6,7,-1) (2,4,0)
D (9,-1,-1) (2,5,1)
D (8,3,9) (1,2,0)
D (8,3,-1) (4,4,4)
D (6,7,-1) (1,3,2)
D (8,3,9) (0,0,2)
D (6,7,8) (5,0,3)
D (9,-1,-1) (3,2,4)
D (3,9,-1) (4,5,5)
D (8,-1,-1) (4,0,5)
D (3,9,-1) (1,2,2)
D (3,-1,-1) (3,5,2)
D (6,7,8) (5,2,4)
D (7,-1,-1) (1,0,0)
D (7,8,-1) (5,4,4)
D (8,-1,-1) (1,4,5)
D (7,-1,-1) (0,4,2)
D (9,-1,-1) (0,3,0)
D (9,-1,-1) (0,0,0)
D (9,-1,-1) (1,3,1)
D (6,7,8) (1,4,0)
D (8,3,9) (5,1,2)
D (9,-1,-1) (1,5,1)
D (8,3,9) (4,2,2)
D (7,8,-1) (4,1,1)
D (7,8,-1) (1,5,3)
D (8,3,9) (3,2,3)
D (7,8,3) (0,1,0)
D (3,9,-1) (2,4,1)
D (8,3,9) (3,0,4)
D (9,-1,-1) (5,2,0)
C 0 19
C 1 22
C 2 4
C 3 18
C 4 1
C 5 25
C 6 17
C 7 11
C 8 14
C 9 11
C 10 19
C 11 9
C 12 9
C 13 22
C 14 10
C 15 6
C 16 9
C 17 3
C 18 2
C 19 5
C 20 1
C 21 15
C 22 21
C 23 16
C 24 0
C 25 18
C 26 20
C 27 17
C 28 24
C 29 9
C 30 0
C 31 1
C 32 18
C 33 21
C 34 2
C 35 6
C 36 6
C 37 23
C 38 21
C 39 9
C 40 20
C 41 11
C 42 22
C 43 26
C 44 26
C 45 0
C 46 16
C 47 2
C 48 9
C 49 2
C 50 16
C 51 12
C 52 9
C 53 22
C 54 6
C 55 1
C 56 22
C 57 16
C 58 24
C 59 14
C 60 3
C 61 25
C 62 6
C 63 14
C 64 3
C 65 9
C 66 1
C 67 0
C 68 8
C 69 1
C 70 16
C 71 20
C 72 4
C 73 18
C 74 23
C 75 15
C 76 18
C 77 19
C 78 9
C 79 17
C 80 1
C 81 16
C 82 15
C 83 4
C 84 21
C 85 11
C 86 11
C 87 14
C 88 20
C 89 8
C 90 26
C 91 22
C 92 18
C 93 10
C 94 11
C 95 22
C 96 8
C 97 26
C 98 16
C 99 16
C 100 6
C 101 0
C 102 10
C 103 19
C 104 1
C 105 18
C 106 21
C 107 26
C 108 9
C 109 19
C 110 24
C 111 21
C 112 6
C 113 5
C 114 12
C 115 17
C 116 10
C 117 25
C 118 18
C 119 3
C 120 5
C 121 14
C 122 1
C 123 8
C 124 8
C 125 10
C 126 7
C 127 24
C 128 10
C 129 22
C 130 3
C 131 14
C 132 5
C 133 23
C 134 7
C 135 6
C 136 22
C 137 26
C 138 15
C 139 2
C 140 25
C 141 9
C 142 22
C 143 10
C 144 21
C 145 16
C 146 26
C 147 9
C 148 0
C 149 0
C 150 26
C 151 5
C 152 21
C 153 17
C 154 6
C 155 7
C 156 11
C 157 3
C 158 1
C 159 7
C 160 8
C 161 1
C 162 10
C 163 4
C 164 2
C 165 19
C 166 3
C 167 15
C 168 2
C 169 17
C 170 2
C 171 12
C 172 11
C 173 19
C 174 6
C 175 11
C 176 7
C 177 23
C 178 14
C 179 8
C 180 19
C 181 22
C 182 4
C 183 8
C 184 6
C 185 12
C 186 2
C 187 3
C 188 22
C 189 11
C 190 17
C 191 2
C 192 17
C 193 14
C 194 14
C 195 18
C 196 26
C 197 16
C 198 0
C 199 0
C 200 0
C 201 0
C 202 0
C 203 0
C 204 0
C 205 0
C 206 0
C 207 0
C 208 0
C 209 0
C 210 0
C 211 0
C 212 0
C 213 0
C 214 0
C 215 0
C 216 0
C 217 0
C 218 0
C 219 0
C 220 0
C 221 0
C 222 0
C 223 0
C 224 0
C 225 0
C 226 0
C 227 0
C 228 0
C 229 0
C 230 0
C 231 0
C 232 0
C 233 0
C 234 0
C 235 0
C 236 0
C 237 0
C 238 0
C 239 0
C 240 0
C 241 0
C 242 0
C 243 0
C 244 0
C 245 0
C 246 0
C 247 0
C 248 0
C 249 0
C 250 0
C 251 0
C 252 0
C 253 0
C 254 0
C 255 0
C 256 0
C 257 0
C 258 0
C 259 0
C 260 0
C 261 0
C 262 15
C 263 8
C 264 18
C 265 4
C 266 22
C 267 21
C 268 24
C 269 7
I 5 1 4 (0,0,1) (-1,-1,1,0)
I 0 1 18 (4,5,0) (-1,-1,0,0)|(1,1,0,0)
I 0 3 20 (0,2,2) (0,0,1,0)|(0,-1,-1,0)|(-1,0,1,0)
