D (9,-1,-1) (3,0,0)
D (8,3,-1) (2,1,3)
D (3,-1,-1) (1,4,4)
D (9,-1,-1) (2,0,1)
D (6,7,-1) (5,5,1)
D (7,8,-1) (1,1,2)
D (6,7,8) (5,3,4)
D (8,3,9) (0,0,4)
D (6,-1,-1) (2,1,0)
D (7,-1,-1) (1,0,1)
D (9,-1,-1) (4,1,5)
D (3,-1,-1) (4,0,3)
D (9,-1,-1) (1,1,0)
D (8,-1,-1) (0,2,4)
D (7,8,-1) (4,3,5)
D (6,7,-1) (1,5,5)
D (7,8,3) (4,1,3)
D (7,8,3) (1,4,5)
D (3,9,-1) (2,1,5)
D (3,9,-1) (2,2,3)
D (3,9,-1) (1,3,5)
D (6,7,8) (5,1,1)
D (6,3,-1) (0,5,4)
D (9,-1,-1) (4,0,4)
D (6,7,8) (3,3,4)
D (9,-1,-1) (2,1,1)
D (9,-1,-1) (1,4,3)
D (8,-1,-1) (1,3,4)
D (3,9,-1) (4,5,1)
D (3,9,-1) (2,5,5)
D (8,-1,-1) (4,4,3)
D (6,7,8) (4,1,0)
D (8,3,-1) (3,2,3)
D (9,-1,-1) (4,5,4)
D (6,7,-1) (3,4,1)
D (3,9,-1) (1,4,1)
D (9,-1,-1) (3,0,3)
D (3,9,-1) (0,2,2)
D (7,8,-1) (2,4,4)
D (9,-1,-1) (3,4,5)
D (8,3,-1) (3,4,0)
D (8,3,-1) (3,1,2)
D (3,9,-1) (2,5,4)
D (7,8,-1) (3,2,5)
D (6,7,8) (1,1,5)
D (7,8,-1) (2,3,3)
D (9,-1,-1) (3,2,2)
D (7,8,3) (2,5,0)
D (8,3,-1) (5,5,5)
D (3,9,-1) (2,5,1)
D (8,3,9) (4,0,0)
D (6,7,8) (5,2,1)
D (8,3,-1) (1,0,4)
D (9,-1,-1) (0,5,5)
C 0 20
C 1 10
C 2 24
C 3 24
C 4 19
C 5 15
C 6 17
C 7 3
C 8 22
C 9 23
C 10 26
C 11 20
C 12 24
C 13 8
C 14 21
C 15 2
C 16 11
C 17 2
C 18 22
C 19 8
C 20 18
C 21 3
C 22 10
C 23 12
C 24 19
C 25 5
C 26 9
C 27 15
C 28 0
C 29 0
C 30 0
C 31 0
C 32 0
C 33 0
C 34 0
C 35 0
C 36 0
C 37 0
C 38 0
C 39 0
C 40 0
C 41 0
C 42 0
C 43 0
C 44 0
C 45 0
C 46 0
C 47 0
C 48 0
C 49 0
C 50 0
C 51 6
C 52 1
C 53 14
C 54 23
C 55 16
C 56 12
C 57 23
C 58 25
C 59 25
C 60 1
C 61 3
C 62 5
C 63 22
C 64 4
C 65 8
C 66 8
C 67 23
C 68 8
C 69 12
C 70 17
C 71 12
C 72 25
C 73 10
C 74 10
C 75 7
C 76 21
C 77 24
C 78 4
C 79 20
C 80 21
C 81 11
C 82 8
C 83 1
C 84 10
C 85 5
C 86 7
C 87 22
C 88 1
C 89 12
C 90 4
C 91 4
C 92 23
C 93 17
C 94 9
C 95 14
C 96 8
C 97 14
C 98 9
C 99 9
C 100 11
C 101 12
C 102 6
C 103 7
C 104 18
C 105 23
C 106 7
C 107 4
C 108 8
C 109 25
C 110 17
C 111 23
C 112 17
C 113 8
C 114 7
C 115 19
C 116 17
C 117 21
C 118 15
C 119 11
C 120 22
C 121 11
C 122 12
C 123 14
C 124 25
C 125 4
C 126 1
C 127 5
C 128 15
C 129 9
C 130 17
C 131 26
C 132 21
C 133 5
C 134 10
C 135 15
C 136 20
C 137 8
C 138 14
C 139 18
C 140 26
C 141 6
C 142 25
C 143 16
C 144 22
C 145 1
C 146 21
C 147 0
C 148 11
C 149 23
C 150 16
C 151 17
C 152 11
C 153 22
C 154 6
C 155 8
C 156 14
C 157 22
C 158 8
C 159 15
C 160 1
C 161 18
C 162 25
C 163 18
C 164 3
C 165 8
C 166 23
C 167 9
C 168 2
C 169 21
C 170 4
C 171 21
C 172 3
C 173 15
C 174 19
C 175 11
C 176 2
C 177 11
C 178 14
C 179 1
C 180 20
C 181 26
C 182 16
C 183 16
C 184 15
C 185 1
C 186 9
C 187 7
C 188 11
C 189 14
C 190 22
C 191 6
C 192 22
C 193 23
C 194 21
C 195 22
C 196 11
C 197 6
C 198 23
C 199 12
C 200 2
C 201 7
C 202 6
C 203 24
C 204 0
C 205 0
C 206 0
C 207 0
C 208 0
C 209 0
C 210 0
C 211 0
C 212 0
C 213 0
C 214 0
C 215 0
C 216 0
C 217 0
C 218 0
C 219 0
C 220 0
C 221 0
C 222 0
C 223 0
C 224 0
C 225 0
C 226 0
C 227 0
C 228 0
C 229 0
C 230 0
C 231 0
C 232 0
C 233 16
C 234 10
C 235 12
C 236 10
C 237 5
C 238 18
C 239 26
C 240 15
C 241 16
C 242 7
C 243 11
C 244 17
C 245 6
C 246 1
C 247 9
C 248 2
C 249 22
C 250 15
C 251 20
C 252 8
C 253 11
C 254 11
C 255 3
C 256 11
C 257 7
C 258 0
C 259 10
C 260 8
C 261 14
C 262 5
C 263 16
C 264 15
C 265 19
C 266 22
C 267 4
C 268 12
C 269 14
I 0 2 18 (2,3,4) (0,0,0,0)|(1,-1,0,0)
I 1 2 3 (3,3,5) (0,0,0,0)
I 4 3 20 (4,0,2) (0,-1,-1,0)|(1,1,0,0)
