D (9,-1,-1) (4,0,3)
D (8,3,-1) (1,1,2)
D (7,8,-1) (1,3,2)
D (7,-1,-1) (4,3,3)
D (6,-1,-1) (3,5,5)
D (6,-1,-1) (1,3,1)
D (8,3,-1) (2,5,2)
D (8,-1,-1) (5,0,4)
D (8,3,-1) (4,4,5)
D (6,7,8) (2,2,0)
D (3,-1,-1) (5,4,0)
D (9,-1,-1) (0,1,5)
D (9,-1,-1) (5,5,2)
D (6,-1,-1) (4,3,0)
D (9,-1,-1) (3,1,1)
D (9,-1,-1) (3,4,1)
D (6,7,8) (1,2,3)
D (7,8,3) (1,0,2)
D (6,7,8) (2,1,4)
D (8,3,-1) (4,2,0)
D (7,-1,-1) (3,5,0)
D (7,8,3) (2,0,5)
D (9,-1,-1) (5,1,3)
D (6,-1,-1) (4,2,3)
D (3,9,-1) (3,4,5)
D (9,-1,-1) (4,3,2)
D (6,7,8) (0,2,5)
D (3,-1,-1) (2,3,0)
D (8,3,9) (1,2,2)
D (7,8,3) (0,4,5)
D (6,7,-1) (1,5,5)
D (9,-1,-1) (0,0,0)
D (8,3,-1) (5,4,5)
D (9,-1,-1) (1,0,3)
D (9,-1,-1) (0,1,2)
D (6,-1,-1) (0,5,5)
D (3,-1,-1) (1,3,5)
D (7,-1,-1) (2,5,5)
D (9,-1,-1) (5,3,1)
D (6,7,8) (4,5,3)
D (8,-1,-1) (0,4,3)
D (8,3,-1) (5,2,0)
D (6,7,8) (3,2,4)
D (9,-1,-1) (3,0,5)
D (9,-1,-1) (0,5,0)
D (6,7,-1) (5,0,0)
D (7,8,3) (5,1,4)
D (8,3,9) (4,4,1)
D (8,3,9) (4,5,0)
D (8,3,9) (3,2,2)
D (3,9,-1) (0,0,1)
D (7,8,-1) (3,0,3)
D (9,-1,-1) (0,4,4)
D (7,8,-1) (3,4,4)
D (8,3,9) (3,4,2)
D (9,-1,-1) (2,4,2)
D (3,9,-1) (1,3,0)
D (7,8,-1) (5,2,3)
D (8,-1,-1) (2,3,5)
D (7,8,3) (1,4,4)
D (3,9,-1) (3,3,3)
D (7,8,3) (2,2,5)
D (6,-1,-1) (2,5,0)
D (7,8,3) (1,4,3)
D (6,-1,-1) (5,0,3)
D (9,-1,-1) (4,4,3)
D (3,9,-1) (4,3,4)
D (9,-1,-1) (2,1,3)
D (8,3,9) (2,0,3)
D (9,-1,-1) (2,5,4)
D (7,8,-1) (0,1,3)
D (7,8,3) (3,2,5)
D (3,9,-1) (5,0,1)
D (6,-1,-1) (0,5,3)
D (3,9,-1) (1,1,5)
D (9,-1,-1) (3,4,3)
D (6,7,-1) (1,0,1)
D (7,8,3) (0,2,0)
C 0 26
C 1 20
C 2 0
C 3 1
C 4 8
C 5 22
C 6 10
C 7 12
C 8 7
C 9 8
C 10 2
C 11 2
C 12 19
C 13 19
C 14 2
C 15 16
C 16 6
C 17 3
C 18 0
C 19 20
C 20 9
C 21 19
C 22 10
C 23 1
C 24 21
C 25 2
C 26 1
C 27 5
C 28 23
C 29 15
C 30 7
C 31 11
C 32 4
C 33 4
C 34 6
C 35 14
C 36 16
C 37 8
C 38 11
C 39 19
C 40 2
C 41 3
C 42 25
C 43 1
C 44 2
C 45 24
C 46 11
C 47 19
C 48 18
C 49 7
C 50 15
C 51 21
C 52 26
C 53 18
C 54 1
C 55 9
C 56 24
C 57 26
C 58 21
C 59 17
C 60 5
C 61 17
C 62 6
C 63 16
C 64 19
C 65 1
C 66 16
C 67 6
C 68 3
C 69 20
C 70 10
C 71 25
C 72 5
C 73 19
C 74 10
C 75 22
C 76 0
C 77 8
C 78 21
C 79 9
C 80 9
C 81 10
C 82 19
C 83 4
C 84 8
C 85 25
C 86 12
C 87 0
C 88 15
C 89 24
C 90 5
C 91 26
C 92 8
C 93 23
C 94 11
C 95 6
C 96 22
C 97 11
C 98 21
C 99 1
C 100 12
C 101 11
C 102 1
C 103 18
C 104 8
C 105 22
C 106 8
C 107 20
C 108 10
C 109 22
C 110 1
C 111 25
C 112 9
C 113 12
C 114 14
C 115 8
C 116 21
C 117 21
C 118 21
C 119 11
C 120 10
C 121 10
C 122 15
C 123 14
C 124 7
C 125 9
C 126 25
C 127 17
C 128 12
C 129 16
C 130 11
C 131 16
C 132 14
C 133 26
C 134 14
C 135 3
C 136 18
C 137 21
C 138 17
C 139 23
C 140 24
C 141 23
C 142 26
C 143 10
C 144 18
C 145 5
C 146 1
C 147 21
C 148 6
C 149 16
C 150 0
C 151 19
C 152 10
C 153 5
C 154 7
C 155 3
C 156 2
C 157 18
C 158 19
C 159 20
C 160 3
C 161 25
C 162 1
C 163 21
C 164 25
C 165 7
C 166 4
C 167 14
C 168 1
C 169 22
C 170 20
C 171 18
C 172 2
C 173 6
C 174 5
C 175 6
C 176 9
C 177 11
C 178 26
C 179 18
C 180 9
C 181 3
C 182 21
C 183 15
C 184 21
C 185 5
C 186 2
C 187 3
C 188 24
C 189 12
C 190 0
C 191 10
C 192 9
C 193 6
C 194 3
C 195 20
C 196 18
C 197 21
C 198 0
C 199 19
C 200 20
C 201 9
C 202 18
C 203 17
C 204 16
C 205 25
C 206 11
C 207 2
C 208 21
C 209 12
C 210 23
C 211 19
C 212 19
C 213 8
C 214 4
C 215 24
C 216 25
C 217 24
C 218 22
C 219 6
C 220 7
C 221 3
C 222 11
C 223 21
C 224 7
C 225 12
C 226 24
C 227 1
C 228 8
C 229 3
C 230 9
C 231 4
C 232 18
C 233 6
C 234 9
C 235 26
C 236 20
C 237 8
C 238 15
C 239 7
C 240 26
C 241 15
C 242 7
C 243 4
C 244 15
C 245 0
C 246 5
C 247 2
C 248 20
C 249 21
C 250 11
C 251 19
C 252 5
C 253 25
C 254 6
C 255 12
C 256 17
C 257 15
C 258 10
C 259 6
C 260 24
C 261 24
C 262 6
C 263 18
C 264 16
C 265 12
C 266 2
C 267 22
C 268 5
C 269 11
I 4 2 6 (3,1,1) (1,0,0,0)|(0,-1,1,0)|(1,1,1,0)|(-1,1,1,0)
I 3 2 8 (0,4,4) (-1,1,1,0)|(0,-1,-1,0)|(0,0,0,0)|(0,-1,-1,0)|(-1,0,-1,0)
I 0 3 10 (0,3,3) (0,-1,1,0)|(-1,0,1,0)|(1,-1,1,0)|(-1,-1,-1,0)|(0,1,0,0)
I 3 3 15 (0,3,0) (-1,0,0,0)
