D (3,9,-1) (4,1,4)
D (7,-1,-1) (3,2,1)
D (3,-1,-1) (0,2,3)
D (7,8,3) (1,0,1)
D (9,-1,-1) (2,3,0)
D (6,7,8) (5,4,0)
D (6,7,-1) (0,5,3)
D (8,3,-1) (5,2,4)
D (6,7,-1) (2,4,5)
D (3,9,-1) (5,5,4)
D (3,9,-1) (3,0,3)
D (9,-1,-1) (2,2,3)
D (3,9,-1) (0,0,2)
D (6,-1,-1) (5,5,5)
D (9,-1,-1) (1,4,1)
D (3,9,-1) (0,4,2)
D (3,9,-1) (4,3,1)
D (6,-1,-1) (5,3,3)
D (3,9,-1) (3,0,0)
D (6,7,-1) (3,4,5)
D (8,3,-1) (4,5,1)
D (3,9,-1) (3,3,5)
D (9,-1,-1) (2,0,0)
D (8,3,9) (3,0,1)
D (8,3,-1) (1,0,5)
D (7,-1,-1) (2,4,0)
D (9,-1,-1) (3,4,3)
D (7,-1,-1) (4,1,5)
D (7,8,3) (3,1,0)
D (6,-1,-1) (3,5,1)
D (7,8,-1) (4,2,3)
D (6,-1,-1) (4,0,5)
D (7,8,3) (0,2,1)
D (7,-1,-1) (1,3,0)
D (3,-1,-1) (1,2,5)
D (3,-1,-1) (1,3,5)
D (9,-1,-1) (4,1,2)
D (9,-1,-1) (1,4,3)
D (9,-1,-1) (3,1,1)
D (9,-1,-1) (5,2,0)
D (3,9,-1) (2,2,1)
D (9,-1,-1) (0,4,5)
D (9,-1,-1) (3,2,5)
D (6,7,-1) (4,3,5)
D (8,3,-1) (2,3,5)
D (8,3,-1) (3,1,2)
D (9,-1,-1) (2,5,3)
D (9,-1,-1) (5,0,2)
D (8,3,-1) (5,2,3)
D (8,3,9) (0,3,3)
D (7,-1,-1) (0,1,0)
D (7,8,-1) (1,5,0)
D (7,8,3) (2,3,2)
D (8,3,9) (5,1,3)
D (8,3,9) (1,1,4)
D (6,-1,-1) (3,3,0)
D (8,-1,-1) (3,2,4)
D (6,7,8) (3,2,2)
D (9,-1,-1) (0,5,1)
D (6,7,-1) (2,1,3)
D (8,-1,-1) (3,5,2)
D (6,-1,-1) (3,4,4)
D (3,9,-1) (4,4,1)
D (8,3,-1) (0,5,0)
C 0 1
C 1 5
C 2 16
C 3 22
C 4 25
C 5 3
C 6 9
C 7 18
C 8 21
C 9 1
C 10 21
C 11 8
C 12 9
C 13 18
C 14 0
C 15 24
C 16 1
C 17 20
C 18 19
C 19 1
C 20 19
C 21 20
C 22 18
C 23 0
C 24 16
C 25 17
C 26 10
C 27 15
C 28 16
C 29 25
C 30 9
C 31 20
C 32 4
C 33 15
C 34 24
C 35 23
C 36 7
C 37 20
C 38 9
C 39 14
C 40 21
C 41 10
C 42 4
C 43 19
C 44 12
C 45 16
C 46 5
C 47 23
C 48 21
C 49 15
C 50 20
C 51 24
C 52 9
C 53 5
C 54 10
C 55 15
C 56 5
C 57 10
C 58 7
C 59 6
C 60 3
C 61 10
C 62 22
C 63 3
C 64 14
C 65 21
C 66 19
C 67 0
C 68 19
C 69 19
C 70 9
C 71 3
C 72 26
C 73 23
C 74 11
C 75 12
C 76 6
C 77 21
C 78 19
C 79 3
C 80 7
C 81 11
C 82 15
C 83 24
C 84 26
C 85 17
C 86 14
C 87 10
C 88 22
C 89 23
C 90 24
C 91 8
C 92 0
C 93 0
C 94 0
C 95 0
C 96 0
C 97 0
C 98 0
C 99 0
C 100 0
C 101 0
C 102 0
C 103 0
C 104 0
C 105 0
C 106 0
C 107 0
C 108 0
C 109 0
C 110 0
C 111 0
C 112 0
C 113 0
C 114 0
C 115 0
C 116 0
C 117 0
C 118 0
C 119 0
C 120 0
C 121 0
C 122 0
C 123 0
C 124 0
C 125 0
C 126 0
C 127 0
C 128 0
C 129 0
C 130 0
C 131 0
C 132 0
C 133 0
C 134 0
C 135 0
C 136 0
C 137 0
C 138 0
C 139 0
C 140 0
C 141 0
C 142 0
C 143 0
C 144 0
C 145 0
C 146 0
C 147 0
C 148 0
C 149 0
C 150 0
C 151 0
C 152 0
C 153 0
C 154 6
C 155 4
C 156 8
C 157 5
C 158 6
C 159 14
C 160 23
C 161 23
C 162 21
C 163 9
C 164 24
C 165 16
C 166 25
C 167 3
C 168 3
C 169 14
C 170 22
C 171 2
C 172 17
C 173 11
C 174 8
C 175 6
C 176 25
C 177 0
C 178 5
C 179 1
C 180 2
C 181 0
C 182 12
C 183 3
C 184 7
C 185 23
C 186 26
C 187 2
C 188 17
C 189 0
C 190 7
C 191 2
C 192 4
C 193 14
C 194 3
C 195 17
C 196 2
C 197 3
C 198 18
C 199 0
C 200 0
C 201 15
C 202 2
C 203 5
C 204 2
C 205 19
C 206 6
C 207 11
C 208 22
C 209 21
C 210 10
C 211 5
C 212 8
C 213 6
C 214 10
C 215 18
C 216 19
C 217 1
C 218 11
C 219 16
C 220 10
C 221 24
C 222 17
C 223 18
C 224 2
C 225 11
C 226 6
C 227 1
C 228 11
C 229 0
C 230 0
C 231 0
C 232 0
C 233 0
C 234 0
C 235 0
C 236 0
C 237 0
C 238 0
C 239 0
C 240 0
C 241 0
C 242 0
C 243 0
C 244 0
C 245 0
C 246 0
C 247 0
C 248 0
C 249 0
C 250 0
C 251 0
C 252 0
C 253 4
C 254 17
C 255 9
C 256 7
C 257 8
C 258 25
C 259 11
C 260 11
C 261 22
C 262 12
C 263 7
C 264 16
C 265 0
C 266 7
C 267 3
C 268 20
C 269 19
I 2 2 12 (3,4,3) (1,1,-1,0)
I 0 2 18 (2,3,4) (0,1,0,0)|(-1,0,0,0)
I 3 3 2 (1,5,3) (1,1,1,0)
