D (8,3,9) (2,2,3)
D (6,-1,-1) (1,4,3)
D (8,3,-1) (4,3,0)
D (6,7,8) (4,5,2)
D (7,-1,-1) (4,0,2)
D (7,-1,-1) (2,4,1)
D (9,-1,-1) (5,0,0)
D (3,9,-1) (3,1,0)
D (3,-1,-1) (3,5,5)
D (8,3,9) (5,5,0)
D (7,-1,-1) (0,0,1)
D (6,-1,-1) (3,3,5)
D (8,-1,-1) (0,5,1)
D (3,9,-1) (5,3,2)
D (6,7,8) (2,0,1)
D (6,7,-1) (1,2,3)
D (8,3,-1) (1,3,0)
D (3,9,-1) (3,3,1)
D (7,-1,-1) (4,2,3)
D (7,-1,-1) (0,0,3)
D (3,-1,-1) (2,3,3)
D (9,-1,-1) (5,4,3)
D (7,8,3) (1,3,5)
D (9,-1,-1) (5,1,0)
D (9,-1,-1) (5,4,0)
D (8,3,9) (2,5,3)
D (6,7,8) (2,4,0)
D (3,-1,-1) (4,2,4)
D (7,8,-1) (2,5,0)
D (6,7,8) (1,5,2)
D (6,-1,-1) (5,2,3)
D (7,8,3) (3,0,3)
D (6,7,8) (4,4,1)
D (7,8,3) (2,3,4)
D (9,-1,-1) (3,5,1)
D (7,8,3) (5,1,4)
D (7,-1,-1) (5,5,4)
D (6,7,-1) (2,1,1)
D (9,-1,-1) (5,3,4)
D (3,-1,-1) (1,2,5)
D (8,-1,-1) (5,3,0)
D (7,8,3) (5,4,5)
C 0 14
C 1 5
C 2 9
C 3 10
C 4 26
C 5 16
C 6 18
C 7 14
C 8 21
C 9 2
C 10 1
C 11 20
C 12 15
C 13 14
C 14 11
C 15 9
C 16 20
C 17 11
C 18 8
C 19 2
C 20 10
C 21 12
C 22 5
C 23 15
C 24 4
C 25 10
C 26 19
C 27 16
C 28 20
C 29 15
C 30 8
C 31 4
C 32 17
C 33 4
C 34 2
C 35 23
C 36 9
C 37 6
C 38 1
C 39 3
C 40 8
C 41 21
C 42 7
C 43 23
C 44 17
C 45 22
C 46 16
C 47 7
C 48 2
C 49 20
C 50 22
C 51 19
C 52 24
C 53 21
C 54 5
C 55 18
C 56 6
C 57 18
C 58 11
C 59 2
C 60 23
C 61 4
C 62 21
C 63 10
C 64 26
C 65 0
C 66 20
C 67 9
C 68 0
C 69 1
C 70 14
C 71 20
C 72 14
C 73 23
C 74 0
C 75 2
C 76 26
C 77 16
C 78 24
C 79 10
C 80 11
C 81 19
C 82 12
C 83 7
C 84 0
C 85 3
C 86 15
C 87 20
C 88 12
C 89 22
C 90 1
C 91 10
C 92 20
C 93 10
C 94 0
C 95 15
C 96 6
C 97 16
C 98 14
C 99 19
C 100 4
C 101 15
C 102 1
C 103 6
C 104 17
C 105 18
C 106 14
C 107 26
C 108 21
C 109 19
C 110 24
C 111 15
C 112 10
C 113 10
C 114 6
C 115 1
C 116 3
C 117 0
C 118 15
C 119 2
C 120 20
C 121 22
C 122 24
C 123 24
C 124 9
C 125 25
C 126 11
C 127 21
C 128 22
C 129 10
C 130 22
C 131 14
C 132 3
C 133 7
C 134 15
C 135 19
C 136 22
C 137 18
C 138 16
C 139 5
C 140 1
C 141 8
C 142 20
C 143 25
C 144 11
C 145 19
C 146 5
C 147 1
C 148 3
C 149 9
C 150 3
C 151 22
C 152 26
C 153 17
C 154 18
C 155 19
C 156 3
C 157 2
C 158 3
C 159 2
C 160 3
C 161 17
C 162 8
C 163 16
C 164 16
C 165 0
C 166 20
C 167 21
C 168 16
C 169 1
C 170 8
C 171 6
C 172 26
C 173 20
C 174 6
C 175 18
C 176 14
C 177 25
C 178 11
C 179 3
C 180 20
C 181 18
C 182 14
C 183 20
C 184 19
C 185 26
C 186 17
C 187 0
C 188 12
C 189 15
C 190 2
C 191 5
C 192 18
C 193 2
C 194 2
C 195 19
C 196 22
C 197 22
C 198 6
C 199 18
C 200 7
C 201 26
C 202 15
C 203 9
C 204 18
C 205 1
C 206 16
C 207 17
C 208 7
C 209 5
C 210 21
C 211 1
C 212 5
C 213 9
C 214 23
C 215 4
C 216 25
C 217 12
C 218 24
C 219 5
C 220 11
C 221 26
C 222 5
C 223 6
C 224 21
C 225 6
C 226 23
C 227 7
C 228 3
C 229 20
C 230 5
C 231 15
C 232 6
C 233 3
C 234 2
C 235 18
C 236 19
C 237 9
C 238 22
C 239 24
C 240 10
C 241 9
C 242 20
C 243 3
C 244 17
C 245 10
C 246 26
C 247 2
C 248 1
C 249 23
C 250 7
C 251 8
C 252 22
C 253 12
C 254 26
C 255 17
C 256 14
C 257 21
C 258 26
C 259 0
C 260 6
C 261 17
C 262 10
C 263 12
C 264 12
C 265 9
C 266 0
C 267 8
C 268 10
C 269 17
I 0 1 4 (3,3,0) (0,1,1,0)|(0,-1,-1,0)|(1,0,-1,0)|(0,-1,-1,0)|(-1,1,0,0)
I 2 3 5 (2,3,2) (-1,1,-1,0)|(0,1,0,0)|(0,0,1,0)|(-1,0,1,0)
