D (9,-1,-1) (3,4,2)
D (6,-1,-1) (5,5,4)
D (3,-1,-1) (0,1,0)
D (9,-1,-1) (1,2,1)
D (6,7,-1) (1,4,1)
D (7,8,-1) (3,5,3)
D (7,-1,-1) (1,3,4)
D (8,-1,-1) (2,0,0)
D (3,9,-1) (4,5,1)
D (3,-1,-1) (2,5,0)
D (6,7,-1) (4,0,1)
D (6,7,-1) (0,3,3)
D (3,9,-1) (5,3,2)
D (3,-1,-1) (3,3,4)
D (7,8,-1) (4,5,0)
D (6,7,8) (3,2,3)
D (7,-1,-1) (3,0,5)
D (6,7,-1) (2,1,2)
D (7,-1,-1) (5,3,1)
D (8,3,-1) (4,3,3)
D (6,7,8) (2,4,3)
D (6,7,8) (3,2,4)
D (8,-1,-1) (1,3,5)
D (9,-1,-1) (0,4,2)
D (7,8,3) (2,1,4)
D (6,7,8) (1,3,2)
D (9,-1,-1) (3,5,2)
D (9,-1,-1) (5,2,2)
D (6,-1,-1) (3,5,4)
D (8,3,-1) (0,0,4)
D (6,7,8) (5,0,5)
D (3,9,-1) (0,3,1)
D (9,-1,-1) (3,5,5)
D (8,-1,-1) (0,0,3)
D (7,-1,-1) (2,0,4)
D (6,7,-1) (4,0,0)
D (7,8,3) (3,5,0)
D (6,7,-1) (0,1,4)
D (9,-1,-1) (0,4,5)
D (8,-1,-1) (1,4,2)
D (8,3,9) (3,2,2)
D (8,3,9) (5,1,5)
D (3,9,-1) (0,3,5)
D (3,-1,-1) (1,5,1)
D (7,-1,-1) (2,3,4)
D (8,3,9) (2,2,4)
D (3,9,-1) (0,1,2)
D (7,8,3) (0,2,2)
D (7,8,-1) (4,0,5)
D (9,-1,-1) (4,1,4)
D (6,7,-1) (3,0,2)
D (6,7,8) (3,4,1)
D (8,3,-1) (0,2,3)
D (8,-1,-1) (0,3,4)
D (3,-1,-1) (4,4,2)
D (8,3,9) (5,1,2)
D (9,-1,-1) (1,4,5)
D (8,-1,-1) (2,1,1)
D (8,3,-1) (0,5,5)
D (3,9,-1) (4,5,2)
D (6,-1,-1) (5,2,0)
D (8,3,-1) (5,5,1)
D (6,-1,-1) (5,0,3)
D (7,8,-1) (3,0,0)
D (7,-1,-1) (3,4,3)
D (8,-1,-1) (3,1,5)
D (6,7,-1) (5,0,4)
C 0 4
C 1 21
C 2 4
C 3 4
C 4 23
C 5 15
C 6 15
C 7 18
C 8 7
C 9 21
C 10 20
C 11 5
C 12 16
C 13 8
C 14 23
C 15 3
C 16 24
C 17 26
C 18 14
C 19 17
C 20 7
C 21 25
C 22 16
C 23 22
C 24 19
C 25 16
C 26 5
C 27 25
C 28 18
C 29 20
C 30 15
C 31 8
C 32 26
C 33 19
C 34 19
C 35 14
C 36 21
C 37 16
C 38 22
C 39 24
C 40 16
C 41 7
C 42 20
C 43 6
C 44 20
C 45 12
C 46 4
C 47 18
C 48 9
C 49 24
C 50 8
C 51 22
C 52 1
C 53 6
C 54 1
C 55 14
C 56 10
C 57 6
C 58 0
C 59 11
C 60 5
C 61 10
C 62 8
C 63 25
C 64 16
C 65 16
C 66 24
C 67 5
C 68 23
C 69 26
C 70 5
C 71 4
C 72 6
C 73 11
C 74 23
C 75 17
C 76 12
C 77 21
C 78 18
C 79 9
C 80 15
C 81 6
C 82 3
C 83 14
C 84 15
C 85 26
C 86 23
C 87 25
C 88 15
C 89 2
C 90 9
C 91 4
C 92 16
C 93 3
C 94 20
C 95 8
C 96 26
C 97 3
C 98 19
C 99 11
C 100 2
C 101 26
C 102 7
C 103 19
C 104 17
C 105 26
C 106 6
C 107 26
C 108 0
C 109 0
C 110 8
C 111 20
C 112 19
C 113 20
C 114 9
C 115 5
C 116 20
C 117 22
C 118 7
C 119 20
C 120 8
C 121 18
C 122 26
C 123 0
C 124 2
C 125 8
C 126 3
C 127 9
C 128 10
C 129 18
C 130 5
C 131 22
C 132 12
C 133 16
C 134 9
C 135 24
C 136 20
C 137 0
C 138 7
C 139 21
C 140 23
C 141 18
C 142 26
C 143 18
C 144 26
C 145 7
C 146 0
C 147 1
C 148 22
C 149 26
C 150 17
C 151 18
C 152 12
C 153 22
C 154 20
C 155 20
C 156 23
C 157 24
C 158 4
C 159 12
C 160 2
C 161 18
C 162 22
C 163 11
C 164 22
C 165 20
C 166 6
C 167 16
C 168 24
C 169 19
C 170 5
C 171 10
C 172 18
C 173 20
C 174 6
C 175 5
C 176 22
C 177 11
C 178 9
C 179 2
C 180 21
C 181 2
C 182 9
C 183 22
C 184 3
C 185 14
C 186 5
C 187 9
C 188 1
C 189 5
C 190 19
C 191 17
C 192 15
C 193 3
C 194 22
C 195 1
C 196 10
C 197 21
C 198 18
C 199 1
C 200 9
C 201 4
C 202 7
C 203 9
C 204 7
C 205 7
C 206 17
C 207 2
C 208 4
C 209 25
C 210 4
C 211 16
C 212 19
C 213 20
C 214 3
C 215 16
C 216 10
C 217 15
C 218 11
C 219 6
C 220 26
C 221 14
C 222 6
C 223 11
C 224 23
C 225 15
C 226 8
C 227 23
C 228 8
C 229 2
C 230 15
C 231 10
C 232 11
C 233 2
C 234 14
C 235 18
C 236 17
C 237 26
C 238 19
C 239 22
C 240 12
C 241 19
C 242 5
C 243 2
C 244 8
C 245 4
C 246 17
C 247 7
C 248 6
C 249 12
C 250 26
C 251 12
C 252 22
C 253 0
C 254 1
C 255 22
C 256 11
C 257 2
C 258 14
C 259 21
C 260 15
C 261 4
C 262 22
C 263 0
C 264 8
C 265 16
C 266 24
C 267 11
C 268 24
C 269 3
I 1 3 9 (4,3,1) (0,-1,0,0)|(0,-1,0,0)
I 1 2 1 (3,2,1) (0,0,-1,0)
I 5 1 7 (5,5,4) (1,-1,0,0)|(0,-1,0,0)|(1,1,-1,0)|(-1,-1,0,0)
