D (8,-1,-1) (3,1,4)
D (8,3,-1) (5,3,4)
D (8,3,9) (5,4,1)
D (9,-1,-1) (0,4,3)
D (3,-1,-1) (0,1,0)
D (6,7,-1) (5,3,0)
D (7,-1,-1) (2,5,1)
D (7,8,-1) (0,2,1)
D (8,-1,-1) (1,4,2)
D (7,8,-1) (2,3,1)
D (6,7,-1) (1,5,4)
D (7,-1,-1) (1,4,3)
D (8,3,-1) (0,4,1)
D (8,-1,-1) (2,1,4)
D (7,8,3) (2,5,2)
D (3,9,-1) (3,0,3)
D (6,7,-1) (3,2,1)
D (6,7,8) (5,4,3)
D (3,-1,-1) (4,5,1)
D (6,7,-1) (3,3,2)
D (8,3,-1) (4,4,3)
D (7,8,3) (0,1,5)
D (9,-1,-1) (5,2,5)
D (7,8,3) (5,5,2)
D (9,-1,-1) (1,0,3)
D (3,9,-1) (5,3,1)
D (6,-1,-1) (4,2,3)
D (8,3,9) (5,5,5)
D (8,-1,-1) (4,4,2)
D (6,7,-1) (0,5,5)
D (8,3,-1) (3,4,4)
D (3,9,-1) (4,3,0)
D (9,-1,-1) (1,0,5)
D (9,-1,-1) (0,5,0)
D (8,3,-1) (1,0,0)
D (9,-1,-1) (2,4,1)
D (8,-1,-1) (5,1,0)
D (7,-1,-1) (1,2,2)
D (3,9,-1) (5,5,0)
D (6,7,8) (0,2,0)
D (6,7,-1) (0,3,5)
D (3,-1,-1) (0,4,4)
D (7,8,3) (4,4,1)
D (3,-1,-1) (1,5,0)
D (7,8,3) (0,3,4)
D (8,-1,-1) (2,2,3)
D (8,3,9) (5,5,1)
D (3,9,-1) (3,5,2)
D (8,3,-1) (2,5,4)
D (8,-1,-1) (0,4,5)
D (6,-1,-1) (0,3,1)
D (7,8,3) (2,4,4)
D (6,7,-1) (2,3,0)
D (7,-1,-1) (2,0,5)
D (6,7,8) (3,2,4)
D (3,9,-1) (3,3,4)
D (3,9,-1) (4,4,4)
D (3,9,-1) (0,5,3)
D (9,-1,-1) (5,1,5)
D (7,8,-1) (5,1,4)
D (6,7,8) (5,0,4)
D (6,7,8) (0,1,2)
D (6,7,8) (2,4,3)
D (3,9,-1) (0,2,4)
C 0 20
C 1 2
C 2 4
C 3 24
C 4 5
C 5 20
C 6 4
C 7 5
C 8 6
C 9 18
C 10 5
C 11 16
C 12 3
C 13 24
C 14 4
C 15 10
C 16 24
C 17 10
C 18 12
C 19 0
C 20 9
C 21 18
C 22 11
C 23 7
C 24 25
C 25 14
C 26 2
C 27 9
C 28 17
C 29 0
C 30 16
C 31 16
C 32 7
C 33 14
C 34 23
C 35 22
C 36 17
C 37 21
C 38 1
C 39 5
C 40 4
C 41 0
C 42 0
C 43 19
C 44 26
C 45 7
C 46 9
C 47 11
C 48 17
C 49 4
C 50 20
C 51 17
C 52 16
C 53 0
C 54 25
C 55 24
C 56 25
C 57 3
C 58 16
C 59 21
C 60 0
C 61 10
C 62 4
C 63 5
C 64 10
C 65 3
C 66 8
C 67 0
C 68 6
C 69 2
C 70 11
C 71 15
C 72 26
C 73 19
C 74 0
C 75 1
C 76 20
C 77 17
C 78 6
C 79 16
C 80 18
C 81 0
C 82 25
C 83 20
C 84 19
C 85 0
C 86 23
C 87 12
C 88 4
C 89 14
C 90 8
C 91 20
C 92 24
C 93 0
C 94 3
C 95 26
C 96 11
C 97 3
C 98 23
C 99 6
C 100 8
C 101 19
C 102 7
C 103 17
C 104 9
C 105 26
C 106 12
C 107 24
C 108 17
C 109 25
C 110 4
C 111 21
C 112 9
C 113 24
C 114 12
C 115 7
C 116 0
C 117 22
C 118 18
C 119 1
C 120 14
C 121 5
C 122 7
C 123 6
C 124 15
C 125 0
C 126 0
C 127 0
C 128 0
C 129 0
C 130 0
C 131 0
C 132 0
C 133 0
C 134 0
C 135 0
C 136 0
C 137 0
C 138 0
C 139 0
C 140 0
C 141 0
C 142 0
C 143 0
C 144 0
C 145 0
C 146 0
C 147 0
C 148 0
C 149 0
C 150 0
C 151 0
C 152 0
C 153 0
C 154 0
C 155 0
C 156 0
C 157 0
C 158 0
C 159 0
C 160 0
C 161 0
C 162 0
C 163 0
C 164 0
C 165 0
C 166 0
C 167 0
C 168 0
C 169 0
C 170 0
C 171 0
C 172 0
C 173 0
C 174 0
C 175 0
C 176 0
C 177 0
C 178 0
C 179 0
C 180 0
C 181 0
C 182 0
C 183 0
C 184 0
C 185 0
C 186 0
C 187 15
C 188 14
C 189 3
C 190 0
C 191 25
C 192 4
C 193 4
C 194 21
C 195 3
C 196 23
C 197 24
C 198 18
C 199 0
C 200 15
C 201 10
C 202 21
C 203 12
C 204 26
C 205 24
C 206 9
C 207 23
C 208 2
C 209 7
C 210 5
C 211 26
C 212 15
C 213 1
C 214 2
C 215 11
C 216 4
C 217 3
C 218 21
C 219 20
C 220 5
C 221 8
C 222 23
C 223 9
C 224 15
C 225 6
C 226 19
C 227 22
C 228 3
C 229 10
C 230 26
C 231 18
C 232 18
C 233 2
C 234 2
C 235 23
C 236 1
C 237 18
C 238 2
C 239 9
C 240 14
C 241 25
C 242 25
C 243 17
C 244 25
C 245 14
C 246 25
C 247 2
C 248 21
C 249 23
C 250 7
C 251 21
C 252 9
C 253 16
C 254 3
C 255 9
C 256 4
C 257 24
C 258 16
C 259 5
C 260 6
C 261 15
C 262 16
C 263 8
C 264 0
C 265 24
C 266 0
C 267 16
C 268 17
C 269 11
I 0 1 9 (4,0,2) (-1,1,-1,0)|(1,0,-1,0)|(0,-1,0,0)|(-1,-1,1,0)|(0,-1,0,0)
I 3 2 20 (3,2,2) (1,1,-1,0)|(0,1,0,0)
I 1 2 10 (3,2,3) (0,-1,-1,0)|(1,1,1,0)|(0,0,-1,0)|(-1,0,1,0)
