D (7,8,-1) (3,0,3)
D (7,8,-1) (0,1,5)
D (6,7,-1) (4,3,4)
D (3,9,-1) (0,4,4)
D (8,3,-1) (3,0,2)
D (3,9,-1) (0,4,0)
D (7,8,3) (3,1,5)
D (3,9,-1) (3,1,1)
D (7,-1,-1) (0,5,1)
D (7,-1,-1) (3,5,0)
D (9,-1,-1) (2,0,4)
D (7,8,-1) (0,0,5)
D (8,3,9) (2,0,1)
D (7,-1,-1) (2,2,4)
D (7,-1,-1) (0,5,4)
D (6,-1,-1) (3,5,1)
D (3,9,-1) (5,1,5)
D (9,-1,-1) (5,1,3)
D (3,9,-1) (5,0,4)
D (6,-1,-1) (5,5,1)
D (6,7,8) (1,2,4)
D (8,-1,-1) (3,4,2)
D (6,7,-1) (2,1,2)
D (6,7,-1) (3,4,1)
D (8,3,-1) (4,2,5)
D (7,-1,-1) (1,0,1)
D (7,8,-1) (1,4,0)
D (9,-1,-1) (4,4,1)
D (3,9,-1) (5,5,5)
D (6,7,-1) (5,5,0)
D (8,3,9) (1,1,1)
D (3,9,-1) (3,2,0)
D (7,8,-1) (0,0,0)
D (7,8,3) (1,3,0)
D (3,-1,-1) (0,1,4)
D (7,-1,-1) (5,2,4)
D (8,3,9) (0,1,1)
C 0 16
C 1 5
C 2 7
C 3 19
C 4 14
C 5 4
C 6 15
C 7 5
C 8 2
C 9 6
C 10 8
C 11 1
C 12 23
C 13 7
C 14 3
C 15 11
C 16 1
C 17 8
C 18 14
C 19 9
C 20 5
C 21 26
C 22 10
C 23 6
C 24 3
C 25 7
C 26 25
C 27 19
C 28 18
C 29 18
C 30 24
C 31 17
C 32 16
C 33 17
C 34 15
C 35 8
C 36 25
C 37 4
C 38 9
C 39 9
C 40 10
C 41 16
C 42 25
C 43 24
C 44 17
C 45 21
C 46 24
C 47 1
C 48 8
C 49 1
C 50 12
C 51 5
C 52 26
C 53 19
C 54 6
C 55 1
C 56 14
C 57 7
C 58 18
C 59 0
C 60 4
C 61 22
C 62 25
C 63 0
C 64 26
C 65 0
C 66 19
C 67 0
C 68 20
C 69 26
C 70 11
C 71 2
C 72 22
C 73 24
C 74 10
C 75 7
C 76 26
C 77 12
C 78 24
C 79 11
C 80 14
C 81 20
C 82 18
C 83 0
C 84 12
C 85 25
C 86 2
C 87 8
C 88 5
C 89 16
C 90 2
C 91 22
C 92 24
C 93 22
C 94 21
C 95 12
C 96 19
C 97 3
C 98 2
C 99 1
C 100 11
C 101 2
C 102 15
C 103 16
C 104 12
C 105 20
C 106 25
C 107 20
C 108 22
C 109 7
C 110 5
C 111 8
C 112 7
C 113 2
C 114 7
C 115 10
C 116 7
C 117 2
C 118 16
C 119 23
C 120 0
C 121 11
C 122 12
C 123 25
C 124 1
C 125 1
C 126 2
C 127 1
C 128 8
C 129 22
C 130 21
C 131 17
C 132 16
C 133 24
C 134 3
C 135 20
C 136 14
C 137 0
C 138 24
C 139 16
C 140 11
C 141 10
C 142 22
C 143 7
C 144 25
C 145 2
C 146 7
C 147 19
C 148 26
C 149 16
C 150 17
C 151 11
C 152 23
C 153 18
C 154 4
C 155 21
C 156 4
C 157 17
C 158 21
C 159 17
C 160 18
C 161 25
C 162 21
C 163 2
C 164 19
C 165 20
C 166 0
C 167 25
C 168 21
C 169 14
C 170 23
C 171 6
C 172 19
C 173 25
C 174 3
C 175 22
C 176 9
C 177 2
C 178 15
C 179 2
C 180 9
C 181 14
C 182 3
C 183 16
C 184 3
C 185 21
C 186 17
C 187 3
C 188 25
C 189 20
C 190 2
C 191 4
C 192 12
C 193 17
C 194 22
C 195 21
C 196 7
C 197 1
C 198 1
C 199 20
C 200 26
C 201 6
C 202 1
C 203 1
C 204 11
C 205 0
C 206 6
C 207 4
C 208 2
C 209 7
C 210 18
C 211 2
C 212 26
C 213 9
C 214 23
C 215 16
C 216 2
C 217 19
C 218 1
C 219 12
C 220 15
C 221 19
C 222 12
C 223 8
C 224 11
C 225 2
C 226 7
C 227 26
C 228 0
C 229 7
C 230 23
C 231 6
C 232 7
C 233 5
C 234 17
C 235 17
C 236 0
C 237 0
C 238 0
C 239 0
C 240 0
C 241 0
C 242 0
C 243 0
C 244 0
C 245 0
C 246 0
C 247 0
C 248 0
C 249 0
C 250 0
C 251 0
C 252 0
C 253 0
C 254 0
C 255 0
C 256 0
C 257 0
C 258 0
C 259 0
C 260 0
C 261 0
C 262 0
C 263 0
C 264 0
C 265 0
C 266 0
C 267 3
C 268 4
C 269 14
I 1 1 4 (4,1,0) (0,1,1,0)|(-1,0,1,0)|(0,1,1,0)|(1,-1,0,0)
I 3 3 14 (2,0,5) (1,-1,1,0)
I 4 3 10 (2,1,2) (0,0,0,0)|(0,0,-1,0)
