D (8,-1,-1) (0,5,2)
D (6,7,-1) (5,4,2)
D (9,-1,-1) (0,4,5)
D (9,-1,-1) (3,4,5)
D (7,8,3) (4,5,5)
D (7,8,-1) (3,0,3)
D (8,-1,-1) (1,0,1)
D (9,-1,-1) (1,1,1)
D (7,-1,-1) (2,1,1)
D (9,-1,-1) (1,4,4)
D (8,3,9) (5,3,4)
D (3,-1,-1) (5,0,1)
D (6,-1,-1) (1,0,4)
D (3,9,-1) (3,2,5)
D (6,7,8) (2,2,3)
D (6,7,8) (4,3,4)
D (8,-1,-1) (5,1,0)
D (6,-1,-1) (4,3,0)
D (8,-1,-1) (4,5,0)
D (3,9,-1) (2,0,4)
D (8,3,-1) (0,1,4)
D (8,3,9) (0,3,2)
D (9,-1,-1) (0,4,0)
D (8,3,-1) (4,4,0)
D (3,-1,-1) (5,0,3)
D (7,-1,-1) (5,3,1)
D (7,-1,-1) (0,0,5)
D (7,8,3) (5,5,4)
D (8,3,9) (3,2,4)
D (3,9,-1) (4,1,3)
D (7,8,3) (4,2,5)
D (9,-1,-1) (3,0,5)
D (6,7,8) (3,5,3)
D (9,-1,-1) (0,5,1)
D (8,3,9) (5,4,5)
D (8,-1,-1) (0,3,4)
D (7,8,-1) (4,1,2)
D (7,8,3) (2,3,1)
D (6,7,8) (2,4,3)
D (9,-1,-1) (1,3,2)
D (3,-1,-1) (1,1,0)
D (9,-1,-1) (1,3,1)
D (7,8,3) (2,1,0)
D (3,9,-1) (2,0,1)
D (7,-1,-1) (1,4,3)
D (6,7,-1) (1,5,3)
D (6,-1,-1) (1,2,0)
D (6,7,-1) (4,5,2)
D (8,-1,-1) (4,2,4)
C 0 9
C 1 26
C 2 17
C 3 21
C 4 21
C 5 16
C 6 8
C 7 19
C 8 20
C 9 24
C 10 26
C 11 3
C 12 7
C 13 20
C 14 18
C 15 10
C 16 8
C 17 21
C 18 1
C 19 14
C 20 9
C 21 11
C 22 19
C 23 7
C 24 23
C 25 1
C 26 9
C 27 24
C 28 4
C 29 1
C 30 10
C 31 2
C 32 1
C 33 11
C 34 2
C 35 7
C 36 12
C 37 12
C 38 5
C 39 1
C 40 2
C 41 10
C 42 22
C 43 16
C 44 8
C 45 25
C 46 24
C 47 25
C 48 5
C 49 20
C 50 23
C 51 8
C 52 14
C 53 22
C 54 14
C 55 23
C 56 10
C 57 25
C 58 15
C 59 10
C 60 11
C 61 12
C 62 8
C 63 12
C 64 25
C 65 7
C 66 22
C 67 1
C 68 3
C 69 4
C 70 16
C 71 26
C 72 26
C 73 18
C 74 2
C 75 19
C 76 23
C 77 0
C 78 25
C 79 7
C 80 0
C 81 15
C 82 25
C 83 8
C 84 19
C 85 3
C 86 18
C 87 15
C 88 3
C 89 24
C 90 9
C 91 17
C 92 10
C 93 12
C 94 7
C 95 24
C 96 22
C 97 18
C 98 21
C 99 23
C 100 20
C 101 9
C 102 16
C 103 1
C 104 3
C 105 25
C 106 18
C 107 20
C 108 8
C 109 19
C 110 21
C 111 24
C 112 7
C 113 12
C 114 14
C 115 10
C 116 17
C 117 4
C 118 16
C 119 9
C 120 24
C 121 1
C 122 19
C 123 1
C 124 18
C 125 6
C 126 7
C 127 6
C 128 1
C 129 10
C 130 4
C 131 9
C 132 9
C 133 24
C 134 7
C 135 10
C 136 25
C 137 23
C 138 15
C 139 6
C 140 0
C 141 10
C 142 4
C 143 10
C 144 19
C 145 5
C 146 6
C 147 24
C 148 0
C 149 2
C 150 16
C 151 1
C 152 10
C 153 12
C 154 4
C 155 19
C 156 14
C 157 22
C 158 23
C 159 0
C 160 15
C 161 14
C 162 15
C 163 15
C 164 7
C 165 17
C 166 8
C 167 25
C 168 19
C 169 25
C 170 1
C 171 21
C 172 26
C 173 3
C 174 14
C 175 21
C 176 21
C 177 4
C 178 5
C 179 18
C 180 1
C 181 4
C 182 8
C 183 22
C 184 9
C 185 16
C 186 25
C 187 15
C 188 4
C 189 26
C 190 6
C 191 11
C 192 24
C 193 14
C 194 0
C 195 4
C 196 1
C 197 18
C 198 10
C 199 24
C 200 14
C 201 25
C 202 3
C 203 8
C 204 9
C 205 21
C 206 19
C 207 9
C 208 25
C 209 22
C 210 7
C 211 21
C 212 19
C 213 25
C 214 16
C 215 17
C 216 20
C 217 4
C 218 3
C 219 26
C 220 10
C 221 17
C 222 7
C 223 10
C 224 24
C 225 22
C 226 20
C 227 17
C 228 19
C 229 19
C 230 10
C 231 17
C 232 2
C 233 3
C 234 17
C 235 9
C 236 25
C 237 10
C 238 9
C 239 22
C 240 20
C 241 1
C 242 7
C 243 20
C 244 7
C 245 3
C 246 0
C 247 2
C 248 5
C 249 21
C 250 11
C 251 20
C 252 4
C 253 11
C 254 9
C 255 22
C 256 21
C 257 10
C 258 1
C 259 14
C 260 15
C 261 18
C 262 7
C 263 8
C 264 1
C 265 12
C 266 16
C 267 11
C 268 25
C 269 11
I 5 2 13 (5,4,2) (-1,-1,1,0)|(-1,1,1,0)|(1,1,1,0)
I 4 3 12 (3,1,0) (1,-1,1,0)
I 0 3 16 (0,2,2) (1,0,1,0)|(1,1,0,0)|(0,-1,-1,0)
I 4 1 19 (1,4,3) (1,0,0,0)|(-1,0,0,0)|(-1,0,1,0)|(1,-1,1,0)
