D (3,-1,-1) (5,3,4)
D (7,8,3) (1,0,0)
D (8,3,-1) (1,1,0)
D (8,3,-1) (4,4,3)
D (9,-1,-1) (5,4,5)
D (8,3,9) (5,2,5)
D (8,-1,-1) (4,2,2)
D (9,-1,-1) (4,0,2)
D (6,-1,-1) (5,1,1)
D (9,-1,-1) (3,1,5)
D (8,3,-1) (2,2,0)
D (3,-1,-1) (2,0,4)
D (9,-1,-1) (4,3,2)
D (8,3,-1) (0,4,5)
D (6,7,-1) (1,4,3)
D (7,8,3) (4,0,1)
D (8,-1,-1) (2,3,3)
D (6,7,8) (1,2,1)
D (7,8,3) (0,1,5)
D (7,8,-1) (4,0,5)
D (6,-1,-1) (3,0,3)
D (8,3,-1) (5,1,0)
D (9,-1,-1) (5,1,4)
D (6,7,-1) (5,3,5)
D (6,7,-1) (4,1,3)
D (7,8,-1) (1,0,3)
D (3,9,-1) (1,3,4)
D (7,-1,-1) (0,0,3)
D (8,3,-1) (4,5,4)
D (3,-1,-1) (5,5,1)
D (7,8,3) (2,1,2)
D (7,8,-1) (0,3,0)
D (8,-1,-1) (4,4,1)
D (8,3,-1) (2,5,4)
D (8,-1,-1) (5,5,0)
D (6,7,-1) (0,3,2)
D (9,-1,-1) (0,5,2)
D (8,3,-1) (2,5,1)
D (7,-1,-1) (0,2,0)
D (7,8,-1) (0,1,0)
D (9,-1,-1) (0,1,1)
D (6,-1,-1) (2,2,3)
D (7,8,3) (2,4,5)
D (6,-1,-1) (2,5,5)
D (6,7,-1) (4,1,2)
D (9,-1,-1) (2,1,3)
D (7,8,-1) (5,2,1)
D (3,9,-1) (0,4,3)
D (7,8,3) (3,0,4)
D (8,3,9) (1,3,0)
D (3,-1,-1) (3,4,1)
D (9,-1,-1) (1,1,1)
D (6,7,-1) (4,4,5)
D (3,9,-1) (2,0,5)
C 0 24
C 1 16
C 2 8
C 3 1
C 4 18
C 5 3
C 6 11
C 7 20
C 8 10
C 9 10
C 10 6
C 11 20
C 12 14
C 13 0
C 14 18
C 15 6
C 16 10
C 17 21
C 18 17
C 19 17
C 20 7
C 21 1
C 22 21
C 23 8
C 24 11
C 25 2
C 26 3
C 27 12
C 28 6
C 29 12
C 30 26
C 31 15
C 32 3
C 33 0
C 34 9
C 35 16
C 36 14
C 37 21
C 38 2
C 39 8
C 40 7
C 41 3
C 42 3
C 43 9
C 44 21
C 45 16
C 46 6
C 47 22
C 48 16
C 49 4
C 50 17
C 51 21
C 52 14
C 53 4
C 54 1
C 55 4
C 56 22
C 57 20
C 58 5
C 59 23
C 60 20
C 61 12
C 62 21
C 63 22
C 64 10
C 65 11
C 66 26
C 67 2
C 68 25
C 69 21
C 70 26
C 71 15
C 72 19
C 73 8
C 74 18
C 75 8
C 76 20
C 77 3
C 78 20
C 79 0
C 80 4
C 81 18
C 82 9
C 83 26
C 84 17
C 85 20
C 86 17
C 87 20
C 88 7
C 89 3
C 90 3
C 91 20
C 92 7
C 93 23
C 94 2
C 95 12
C 96 19
C 97 12
C 98 10
C 99 25
C 100 21
C 101 9
C 102 23
C 103 9
C 104 22
C 105 11
C 106 7
C 107 23
C 108 10
C 109 4
C 110 3
C 111 14
C 112 5
C 113 25
C 114 3
C 115 21
C 116 3
C 117 20
C 118 15
C 119 7
C 120 2
C 121 11
C 122 8
C 123 8
C 124 9
C 125 11
C 126 11
C 127 12
C 128 7
C 129 9
C 130 6
C 131 8
C 132 19
C 133 18
C 134 15
C 135 7
C 136 16
C 137 14
C 138 16
C 139 17
C 140 2
C 141 9
C 142 4
C 143 22
C 144 0
C 145 17
C 146 24
C 147 3
C 148 6
C 149 1
C 150 6
C 151 2
C 152 6
C 153 0
C 154 0
C 155 0
C 156 0
C 157 0
C 158 0
C 159 0
C 160 0
C 161 0
C 162 0
C 163 0
C 164 0
C 165 0
C 166 0
C 167 0
C 168 0
C 169 23
C 170 12
C 171 0
C 172 23
C 173 22
C 174 15
C 175 5
C 176 11
C 177 7
C 178 7
C 179 18
C 180 21
C 181 14
C 182 24
C 183 3
C 184 24
C 185 21
C 186 7
C 187 26
C 188 21
C 189 19
C 190 10
C 191 0
C 192 23
C 193 19
C 194 9
C 195 8
C 196 23
C 197 11
C 198 12
C 199 6
C 200 0
C 201 2
C 202 19
C 203 16
C 204 8
C 205 12
C 206 16
C 207 11
C 208 12
C 209 25
C 210 11
C 211 10
C 212 1
C 213 6
C 214 23
C 215 15
C 216 2
C 217 18
C 218 20
C 219 3
C 220 17
C 221 11
C 222 8
C 223 12
C 224 19
C 225 22
C 226 1
C 227 4
C 228 0
C 229 17
C 230 4
C 231 0
C 232 23
C 233 23
C 234 5
C 235 15
C 236 1
C 237 19
C 238 12
C 239 8
C 240 24
C 241 19
C 242 16
C 243 20
C 244 14
C 245 18
C 246 11
C 247 21
C 248 3
C 249 2
C 250 17
C 251 3
C 252 3
C 253 4
C 254 26
C 255 0
C 256 15
C 257 19
C 258 1
C 259 14
C 260 20
C 261 22
C 262 7
C 263 11
C 264 0
C 265 26
C 266 17
C 267 9
C 268 23
C 269 23
I 0 3 12 (4,0,4) (-1,1,-1,0)|(1,-1,1,0)
I 5 3 10 (5,4,4) (1,-1,0,0)
I 5 1 19 (2,0,0) (-1,-1,-1,0)
