D (9,-1,-1) (4,0,3)
D (3,9,-1) (2,3,3)
D (8,3,9) (4,3,4)
D (9,-1,-1) (2,3,1)
D (9,-1,-1) (3,0,3)
D (6,-1,-1) (1,0,3)
D (8,-1,-1) (4,4,0)
D (7,8,-1) (5,5,1)
D (9,-1,-1) (4,0,2)
D (9,-1,-1) (0,1,4)
D (8,3,9) (0,5,0)
D (8,-1,-1) (1,3,1)
D (9,-1,-1) (0,0,2)
D (3,9,-1) (0,0,0)
D (8,-1,-1) (0,0,5)
D (8,-1,-1) (3,1,2)
D (6,7,8) (3,3,1)
D (3,-1,-1) (1,4,0)
D (8,3,9) (3,2,0)
D (8,3,-1) (1,2,5)
D (6,7,8) (3,3,5)
D (7,8,-1) (1,0,2)
D (7,8,3) (1,4,2)
D (8,3,9) (3,2,2)
D (9,-1,-1) (1,2,2)
D (6,7,8) (4,3,5)
D (7,8,-1) (4,0,1)
D (8,3,-1) (1,5,3)
D (7,8,-1) (5,0,4)
D (8,3,9) (5,4,1)
D (6,7,-1) (1,0,5)
D (3,9,-1) (5,4,0)
D (3,-1,-1) (0,3,0)
D (6,7,8) (2,3,4)
D (9,-1,-1) (2,0,2)
D (8,-1,-1) (2,2,5)
D (7,8,3) (5,0,3)
D (7,8,3) (5,3,5)
D (7,8,-1) (1,1,3)
D (8,3,9) (0,4,3)
D (6,-1,-1) (4,5,5)
D (7,8,-1) (0,0,3)
D (6,7,8) (1,4,1)
D (6,7,-1) (1,3,0)
D (3,9,-1) (4,5,3)
D (9,-1,-1) (2,4,3)
D (6,-1,-1) (1,2,3)
D (6,-1,-1) (4,4,3)
D (3,9,-1) (1,4,5)
D (6,7,8) (3,5,5)
D (6,7,-1) (4,0,4)
D (8,-1,-1) (2,5,1)
D (8,3,9) (3,1,3)
D (9,-1,-1) (5,4,4)
D (9,-1,-1) (3,0,0)
D (7,-1,-1) (0,2,4)
D (8,3,9) (5,1,0)
D (7,-1,-1) (0,1,3)
D (6,7,-1) (2,3,0)
D (9,-1,-1) (5,2,1)
D (3,9,-1) (4,3,2)
D (6,7,8) (4,3,3)
D (8,-1,-1) (0,3,1)
D (3,-1,-1) (2,0,5)
D (7,8,3) (1,0,1)
D (7,8,3) (3,4,0)
D (6,-1,-1) (5,2,3)
D (3,9,-1) (5,4,3)
D (3,9,-1) (2,4,1)
D (8,3,-1) (4,2,0)
D (3,-1,-1) (2,1,5)
D (9,-1,-1) (4,5,2)
D (7,-1,-1) (1,4,4)
D (7,-1,-1) (1,5,5)
D (9,-1,-1) (2,1,0)
D (6,-1,-1) (0,1,1)
D (6,7,8) (5,2,2)
D (9,-1,-1) (2,0,0)
D (7,8,3) (1,2,1)
D (6,7,8) (3,2,5)
C 0 26
C 1 25
C 2 16
C 3 11
C 4 7
C 5 7
C 6 3
C 7 12
C 8 2
C 9 24
C 10 11
C 11 18
C 12 7
C 13 10
C 14 1
C 15 19
C 16 8
C 17 23
C 18 19
C 19 0
C 20 21
C 21 5
C 22 2
C 23 2
C 24 14
C 25 1
C 26 24
C 27 24
C 28 10
C 29 17
C 30 3
C 31 16
C 32 25
C 33 10
C 34 12
C 35 21
C 36 21
C 37 24
C 38 4
C 39 5
C 40 6
C 41 22
C 42 1
C 43 23
C 44 24
C 45 6
C 46 15
C 47 2
C 48 8
C 49 6
C 50 9
C 51 4
C 52 19
C 53 6
C 54 8
C 55 16
C 56 14
C 57 26
C 58 10
C 59 23
C 60 12
C 61 11
C 62 5
C 63 14
C 64 11
C 65 17
C 66 4
C 67 1
C 68 2
C 69 23
C 70 5
C 71 0
C 72 3
C 73 17
C 74 6
C 75 24
C 76 18
C 77 14
C 78 16
C 79 17
C 80 22
C 81 21
C 82 20
C 83 21
C 84 16
C 85 6
C 86 18
C 87 4
C 88 9
C 89 19
C 90 10
C 91 22
C 92 23
C 93 6
C 94 18
C 95 5
C 96 9
C 97 0
C 98 11
C 99 25
C 100 0
C 101 2
C 102 18
C 103 5
C 104 21
C 105 24
C 106 8
C 107 15
C 108 23
C 109 3
C 110 21
C 111 9
C 112 1
C 113 7
C 114 3
C 115 16
C 116 11
C 117 18
C 118 17
C 119 11
C 120 6
C 121 19
C 122 21
C 123 12
C 124 2
C 125 6
C 126 23
C 127 14
C 128 21
C 129 11
C 130 2
C 131 14
C 132 5
C 133 7
C 134 3
C 135 4
C 136 9
C 137 10
C 138 24
C 139 7
C 140 21
C 141 16
C 142 19
C 143 11
C 144 23
C 145 26
C 146 23
C 147 3
C 148 3
C 149 25
C 150 3
C 151 12
C 152 9
C 153 25
C 154 4
C 155 3
C 156 16
C 157 26
C 158 21
C 159 22
C 160 12
C 161 10
C 162 11
C 163 19
C 164 5
C 165 1
C 166 26
C 167 18
C 168 26
C 169 9
C 170 10
C 171 12
C 172 22
C 173 19
C 174 2
C 175 5
C 176 0
C 177 11
C 178 6
C 179 5
C 180 18
C 181 24
C 182 6
C 183 0
C 184 17
C 185 21
C 186 0
C 187 4
C 188 19
C 189 15
C 190 12
C 191 23
C 192 21
C 193 15
C 194 19
C 195 18
C 196 23
C 197 20
C 198 23
C 199 14
C 200 8
C 201 5
C 202 19
C 203 24
C 204 7
C 205 3
C 206 6
C 207 18
C 208 8
C 209 19
C 210 21
C 211 26
C 212 7
C 213 17
C 214 7
C 215 14
C 216 19
C 217 5
C 218 25
C 219 17
C 220 25
C 221 24
C 222 3
C 223 18
C 224 6
C 225 23
C 226 20
C 227 1
C 228 15
C 229 15
C 230 8
C 231 18
C 232 2
C 233 7
C 234 16
C 235 12
C 236 3
C 237 11
C 238 16
C 239 4
C 240 20
C 241 1
C 242 7
C 243 26
C 244 11
C 245 10
C 246 3
C 247 10
C 248 15
C 249 23
C 250 14
C 251 24
C 252 11
C 253 0
C 254 6
C 255 24
C 256 9
C 257 18
C 258 17
C 259 12
C 260 14
C 261 10
C 262 24
C 263 10
C 264 23
C 265 24
C 266 4
C 267 18
C 268 16
C 269 0
I 5 2 12 (4,0,5) (0,0,0,0)|(1,1,-1,0)|(-1,1,-1,0)|(1,-1,-1,0)|(1,0,0,0)
I 1 1 9 (4,1,4) (1,-1,1,0)|(-1,-1,0,0)
I 4 3 3 (2,2,4) (1,-1,0,0)|(0,1,-1,0)
