D (3,9,-1) (5,4,4)
D (9,-1,-1) (2,1,2)
D (9,-1,-1) (1,0,2)
D (6,7,-1) (2,1,0)
D (3,-1,-1) (0,0,4)
D (3,-1,-1) (4,4,5)
D (9,-1,-1) (1,0,5)
D (7,8,-1) (4,1,0)
D (6,7,8) (3,0,4)
D (7,-1,-1) (5,1,1)
D (3,-1,-1) (4,0,0)
D (3,9,-1) (0,5,5)
D (7,-1,-1) (5,3,3)
D (8,3,-1) (0,4,0)
D (8,3,-1) (3,0,5)
D (6,7,8) (4,5,1)
D (6,7,-1) (2,4,0)
D (8,3,9) (5,0,0)
D (8,3,9) (5,2,5)
D (3,9,-1) (1,0,1)
D (7,8,-1) (5,4,2)
D (9,-1,-1) (0,5,2)
D (8,3,-1) (3,1,2)
D (3,-1,-1) (1,3,1)
D (9,-1,-1) (1,4,5)
D (8,-1,-1) (4,2,0)
D (6,7,8) (2,0,2)
D (6,7,-1) (3,3,5)
D (8,3,-1) (1,4,3)
D (6,7,8) (3,3,4)
D (8,3,-1) (3,3,0)
D (7,8,-1) (1,1,1)
D (6,-1,-1) (1,2,2)
D (9,-1,-1) (0,3,1)
D (3,-1,-1) (1,3,4)
D (3,9,-1) (2,2,1)
D (6,7,-1) (4,4,3)
D (3,9,-1) (2,5,3)
D (8,-1,-1) (2,3,4)
D (8,3,9) (3,4,3)
D (8,3,-1) (4,1,3)
D (3,9,-1) (4,0,5)
D (6,-1,-1) (0,0,1)
D (8,3,9) (3,5,0)
D (7,8,-1) (1,1,4)
D (8,3,9) (3,3,2)
D (3,9,-1) (5,1,5)
D (7,8,3) (3,1,5)
D (8,3,-1) (1,4,4)
C 0 12
C 1 9
C 2 16
C 3 16
C 4 9
C 5 18
C 6 3
C 7 16
C 8 3
C 9 15
C 10 9
C 11 12
C 12 10
C 13 9
C 14 7
C 15 17
C 16 25
C 17 5
C 18 17
C 19 11
C 20 6
C 21 4
C 22 0
C 23 24
C 24 11
C 25 20
C 26 19
C 27 22
C 28 23
C 29 15
C 30 6
C 31 8
C 32 12
C 33 23
C 34 3
C 35 20
C 36 11
C 37 2
C 38 3
C 39 26
C 40 9
C 41 12
C 42 12
C 43 1
C 44 8
C 45 8
C 46 21
C 47 1
C 48 12
C 49 20
C 50 10
C 51 1
C 52 26
C 53 26
C 54 25
C 55 10
C 56 11
C 57 7
C 58 12
C 59 2
C 60 18
C 61 10
C 62 3
C 63 10
C 64 20
C 65 16
C 66 8
C 67 12
C 68 22
C 69 26
C 70 12
C 71 26
C 72 12
C 73 22
C 74 20
C 75 16
C 76 20
C 77 16
C 78 25
C 79 14
C 80 16
C 81 0
C 82 0
C 83 19
C 84 19
C 85 8
C 86 12
C 87 6
C 88 23
C 89 22
C 90 15
C 91 25
C 92 22
C 93 17
C 94 4
C 95 18
C 96 20
C 97 16
C 98 19
C 99 7
C 100 11
C 101 0
C 102 4
C 103 15
C 104 4
C 105 5
C 106 17
C 107 23
C 108 7
C 109 21
C 110 12
C 111 5
C 112 0
C 113 0
C 114 23
C 115 7
C 116 2
C 117 6
C 118 0
C 119 21
C 120 4
C 121 6
C 122 25
C 123 7
C 124 18
C 125 3
C 126 1
C 127 3
C 128 6
C 129 11
C 130 2
C 131 26
C 132 15
C 133 5
C 134 5
C 135 6
C 136 16
C 137 25
C 138 5
C 139 14
C 140 9
C 141 15
C 142 5
C 143 0
C 144 0
C 145 0
C 146 0
C 147 0
C 148 0
C 149 0
C 150 0
C 151 0
C 152 0
C 153 0
C 154 0
C 155 0
C 156 0
C 157 0
C 158 0
C 159 0
C 160 0
C 161 0
C 162 0
C 163 0
C 164 0
C 165 0
C 166 0
C 167 0
C 168 0
C 169 0
C 170 10
C 171 6
C 172 11
C 173 16
C 174 1
C 175 15
C 176 9
C 177 11
C 178 17
C 179 11
C 180 20
C 181 11
C 182 25
C 183 2
C 184 20
C 185 18
C 186 11
C 187 19
C 188 16
C 189 14
C 190 21
C 191 6
C 192 4
C 193 17
C 194 26
C 195 18
C 196 24
C 197 7
C 198 0
C 199 6
C 200 21
C 201 23
C 202 5
C 203 24
C 204 0
C 205 16
C 206 18
C 207 3
C 208 16
C 209 17
C 210 18
C 211 17
C 212 21
C 213 26
C 214 20
C 215 2
C 216 0
C 217 25
C 218 26
C 219 19
C 220 9
C 221 0
C 222 5
C 223 3
C 224 15
C 225 26
C 226 14
C 227 6
C 228 8
C 229 22
C 230 3
C 231 21
C 232 21
C 233 21
C 234 14
C 235 25
C 236 25
C 237 17
C 238 5
C 239 16
C 240 22
C 241 17
C 242 26
C 243 0
C 244 19
C 245 0
C 246 24
C 247 7
C 248 16
C 249 10
C 250 2
C 251 1
C 252 7
C 253 25
C 254 8
C 255 5
C 256 7
C 257 15
C 258 4
C 259 4
C 260 10
C 261 0
C 262 0
C 263 14
C 264 10
C 265 4
C 266 4
C 267 22
C 268 7
C 269 3
I 0 2 7 (1,5,3) (1,-1,1,0)|(-1,-1,0,0)
I 5 2 20 (1,4,5) (1,1,-1,0)
I 3 3 19 (1,2,3) (0,1,0,0)
