D (7,-1,-1) (1,4,0)
D (7,-1,-1) (5,4,3)
D (8,3,9) (2,3,3)
D (9,-1,-1) (2,0,3)
D (7,8,-1) (5,2,0)
D (3,-1,-1) (3,2,3)
D (7,8,-1) (3,0,0)
D (7,-1,-1) (1,4,2)
D (6,-1,-1) (4,1,0)
D (3,9,-1) (3,4,0)
D (9,-1,-1) (0,3,1)
D (8,3,9) (3,5,3)
D (6,7,-1) (0,2,1)
D (7,-1,-1) (3,0,1)
D (9,-1,-1) (4,4,5)
D (8,3,-1) (4,1,3)
D (9,-1,-1) (3,5,1)
D (7,8,3) (3,5,2)
D (9,-1,-1) (1,0,4)
D (3,9,-1) (0,2,2)
D (6,-1,-1) (4,0,3)
D (6,7,-1) (0,2,5)
D (6,-1,-1) (2,2,3)
D (9,-1,-1) (5,3,0)
D (7,8,3) (0,2,4)
D (3,9,-1) (4,0,1)
D (9,-1,-1) (2,3,4)
D (6,7,8) (2,2,0)
D (3,9,-1) (1,4,5)
D (9,-1,-1) (3,4,2)
D (6,-1,-1) (0,1,3)
D (7,8,3) (2,3,2)
D (6,-1,-1) (2,0,1)
C 0 3
C 1 12
C 2 11
C 3 11
C 4 7
C 5 11
C 6 25
C 7 8
C 8 19
C 9 16
C 10 17
C 11 26
C 12 10
C 13 3
C 14 8
C 15 7
C 16 11
C 17 11
C 18 0
C 19 0
C 20 0
C 21 0
C 22 0
C 23 0
C 24 0
C 25 0
C 26 0
C 27 0
C 28 0
C 29 0
C 30 0
C 31 0
C 32 0
C 33 0
C 34 0
C 35 0
C 36 0
C 37 0
C 38 0
C 39 0
C 40 0
C 41 0
C 42 0
C 43 0
C 44 0
C 45 0
C 46 0
C 47 0
C 48 0
C 49 0
C 50 0
C 51 0
C 52 0
C 53 0
C 54 0
C 55 0
C 56 0
C 57 0
C 58 0
C 59 0
C 60 0
C 61 0
C 62 0
C 63 0
C 64 0
C 65 0
C 66 0
C 67 0
C 68 0
C 69 0
C 70 0
C 71 0
C 72 0
C 73 0
C 74 0
C 75 0
C 76 0
C 77 0
C 78 0
C 79 0
C 80 0
C 81 0
C 82 0
C 83 0
C 84 0
C 85 0
C 86 0
C 87 0
C 88 0
C 89 0
C 90 0
C 91 0
C 92 0
C 93 0
C 94 0
C 95 0
C 96 0
C 97 0
C 98 0
C 99 0
C 100 0
C 101 0
C 102 0
C 103 0
C 104 0
C 105 0
C 106 0
C 107 0
C 108 0
C 109 0
C 110 0
C 111 0
C 112 0
C 113 0
C 114 0
C 115 0
C 116 0
C 117 0
C 118 0
C 119 0
C 120 0
C 121 0
C 122 0
C 123 0
C 124 0
C 125 0
C 126 0
C 127 0
C 128 0
C 129 0
C 130 0
C 131 0
C 132 0
C 133 0
C 134 0
C 135 0
C 136 0
C 137 0
C 138 0
C 139 0
C 140 0
C 141 0
C 142 0
C 143 0
C 144 0
C 145 0
C 146 0
C 147 0
C 148 19
C 149 4
C 150 16
C 151 23
C 152 9
C 153 1
C 154 4
C 155 11
C 156 10
C 157 21
C 158 25
C 159 18
C 160 19
C 161 0
C 162 14
C 163 24
C 164 12
C 165 25
C 166 6
C 167 14
C 168 19
C 169 15
C 170 18
C 171 20
C 172 10
C 173 22
C 174 19
C 175 1
C 176 22
C 177 19
C 178 6
C 179 15
C 180 16
C 181 3
C 182 5
C 183 7
C 184 10
C 185 16
C 186 10
C 187 16
C 188 8
C 189 21
C 190 9
C 191 8
C 192 14
C 193 2
C 194 17
C 195 18
C 196 20
C 197 8
C 198 24
C 199 8
C 200 11
C 201 10
C 202 12
C 203 26
C 204 0
C 205 22
C 206 21
C 207 6
C 208 10
C 209 5
C 210 25
C 211 8
C 212 25
C 213 23
C 214 1
C 215 16
C 216 6
C 217 19
C 218 19
C 219 14
C 220 9
C 221 6
C 222 8
C 223 17
C 224 9
C 225 1
C 226 21
C 227 14
C 228 16
C 229 7
C 230 21
C 231 1
C 232 12
C 233 16
C 234 23
C 235 15
C 236 0
C 237 22
C 238 16
C 239 10
C 240 2
C 241 2
C 242 22
C 243 8
C 244 20
C 245 2
C 246 8
C 247 14
C 248 12
C 249 24
C 250 10
C 251 23
C 252 8
C 253 3
C 254 11
C 255 7
C 256 10
C 257 5
C 258 26
C 259 24
C 260 5
C 261 19
C 262 11
C 263 4
C 264 18
C 265 1
C 266 18
C 267 1
C 268 2
C 269 21
I 1 1 12 (5,2,1) (0,1,0,0)|(0,0,0,0)|(-1,0,-1,0)|(0,0,1,0)|(1,1,-1,0)
I 3 1 16 (2,3,0) (-1,-1,0,0)
I 4 1 10 (4,0,2) (-1,1,-1,0)
