D (9,-1,-1) (1,3,1)
D (6,7,8) (4,3,0)
D (9,-1,-1) (2,3,4)
D (3,9,-1) (2,2,2)
D (9,-1,-1) (2,2,3)
D (8,-1,-1) (4,5,4)
D (3,-1,-1) (3,1,1)
D (9,-1,-1) (4,2,5)
D (8,-1,-1) (3,0,4)
D (3,9,-1) (3,0,3)
D (9,-1,-1) (0,2,4)
D (6,-1,-1) (4,4,3)
D (7,8,-1) (1,5,2)
D (8,3,-1) (1,3,0)
D (6,7,8) (1,4,5)
D (9,-1,-1) (5,4,1)
D (7,-1,-1) (3,3,4)
D (8,-1,-1) (1,1,4)
D (6,-1,-1) (0,4,2)
D (6,7,-1) (1,4,2)
D (6,7,-1) (0,2,5)
D (8,-1,-1) (4,1,5)
D (8,3,9) (0,0,1)
D (3,-1,-1) (0,3,4)
D (7,8,3) (3,2,4)
D (6,7,-1) (2,4,2)
D (6,-1,-1) (0,3,0)
D (8,3,-1) (1,5,4)
D (6,7,8) (2,3,3)
D (3,-1,-1) (5,5,1)
D (9,-1,-1) (1,0,2)
D (6,-1,-1) (0,4,3)
D (3,-1,-1) (3,2,3)
D (3,-1,-1) (1,3,3)
D (8,-1,-1) (5,0,0)
D (9,-1,-1) (4,3,1)
D (8,3,9) (2,1,0)
D (3,-1,-1) (4,1,3)
D (6,7,8) (5,1,5)
D (8,-1,-1) (3,4,1)
D (6,-1,-1) (5,2,3)
D (7,8,-1) (4,0,4)
D (9,-1,-1) (2,5,1)
D (8,3,-1) (2,3,0)
D (9,-1,-1) (4,2,1)
D (9,-1,-1) (4,1,1)
C 0 21
C 1 5
C 2 25
C 3 21
C 4 11
C 5 10
C 6 2
C 7 19
C 8 26
C 9 6
C 10 24
C 11 8
C 12 14
C 13 16
C 14 23
C 15 11
C 16 17
C 17 21
C 18 8
C 19 1
C 20 19
C 21 4
C 22 1
C 23 16
C 24 14
C 25 17
C 26 8
C 27 19
C 28 7
C 29 26
C 30 7
C 31 17
C 32 2
C 33 6
C 34 16
C 35 7
C 36 25
C 37 3
C 38 1
C 39 6
C 40 18
C 41 22
C 42 21
C 43 12
C 44 19
C 45 0
C 46 11
C 47 20
C 48 7
C 49 6
C 50 9
C 51 15
C 52 8
C 53 0
C 54 0
C 55 19
C 56 19
C 57 12
C 58 8
C 59 19
C 60 25
C 61 17
C 62 1
C 63 20
C 64 6
C 65 2
C 66 8
C 67 25
C 68 7
C 69 12
C 70 5
C 71 15
C 72 5
C 73 7
C 74 2
C 75 24
C 76 19
C 77 2
C 78 14
C 79 14
C 80 21
C 81 19
C 82 12
C 83 10
C 84 7
C 85 15
C 86 24
C 87 7
C 88 18
C 89 26
C 90 4
C 91 1
C 92 8
C 93 11
C 94 14
C 95 24
C 96 21
C 97 16
C 98 24
C 99 24
C 100 25
C 101 8
C 102 8
C 103 22
C 104 2
C 105 4
C 106 21
C 107 6
C 108 18
C 109 26
C 110 7
C 111 26
C 112 22
C 113 22
C 114 0
C 115 0
C 116 0
C 117 0
C 118 0
C 119 0
C 120 0
C 121 0
C 122 0
C 123 0
C 124 0
C 125 0
C 126 0
C 127 20
C 128 5
C 129 17
C 130 11
C 131 11
C 132 11
C 133 14
C 134 23
C 135 18
C 136 11
C 137 23
C 138 20
C 139 26
C 140 15
C 141 22
C 142 17
C 143 17
C 144 4
C 145 21
C 146 23
C 147 15
C 148 20
C 149 8
C 150 1
C 151 19
C 152 9
C 153 26
C 154 0
C 155 19
C 156 6
C 157 15
C 158 23
C 159 14
C 160 11
C 161 10
C 162 14
C 163 18
C 164 11
C 165 7
C 166 9
C 167 16
C 168 17
C 169 22
C 170 24
C 171 19
C 172 2
C 173 0
C 174 25
C 175 10
C 176 16
C 177 15
C 178 26
C 179 9
C 180 18
C 181 15
C 182 9
C 183 0
C 184 1
C 185 1
C 186 10
C 187 23
C 188 2
C 189 5
C 190 22
C 191 2
C 192 3
C 193 8
C 194 1
C 195 20
C 196 4
C 197 16
C 198 2
C 199 14
C 200 22
C 201 20
C 202 10
C 203 4
C 204 6
C 205 20
C 206 3
C 207 22
C 208 15
C 209 15
C 210 8
C 211 18
C 212 0
C 213 10
C 214 1
C 215 21
C 216 3
C 217 18
C 218 25
C 219 14
C 220 22
C 221 1
C 222 11
C 223 19
C 224 24
C 225 1
C 226 23
C 227 23
C 228 3
C 229 20
C 230 3
C 231 19
C 232 5
C 233 10
C 234 17
C 235 26
C 236 14
C 237 7
C 238 3
C 239 2
C 240 17
C 241 19
C 242 11
C 243 5
C 244 20
C 245 23
C 246 24
C 247 5
C 248 8
C 249 17
C 250 0
C 251 24
C 252 8
C 253 26
C 254 26
C 255 0
C 256 1
C 257 14
C 258 6
C 259 2
C 260 17
C 261 6
C 262 0
C 263 24
C 264 23
C 265 21
C 266 22
C 267 25
C 268 16
C 269 18
I 2 2 18 (3,1,2) (0,0,1,0)|(0,-1,-1,0)
I 1 1 9 (2,3,1) (0,0,1,0)
I 1 2 13 (1,5,2) (0,0,1,0)|(0,-1,1,0)
