D (9,-1,-1) (1,5,3)
D (6,7,8) (4,3,5)
D (9,-1,-1) (2,3,0)
D (8,-1,-1) (2,3,3)
D (7,-1,-1) (1,5,0)
D (3,-1,-1) (2,1,1)
D (6,7,8) (3,1,5)
D (3,9,-1) (1,1,4)
D (8,-1,-1) (3,0,1)
D (6,7,-1) (4,4,5)
D (8,-1,-1) (0,3,1)
D (6,-1,-1) (4,0,5)
D (7,-1,-1) (5,4,1)
D (8,3,-1) (0,4,0)
D (6,7,8) (2,5,0)
D (6,7,-1) (3,1,3)
D (7,-1,-1) (0,3,0)
D (7,-1,-1) (2,4,5)
D (3,9,-1) (0,4,5)
D (8,3,-1) (4,2,5)
D (6,7,-1) (0,5,3)
D (9,-1,-1) (4,5,1)
D (3,9,-1) (2,5,3)
D (9,-1,-1) (2,3,1)
D (6,-1,-1) (5,5,2)
D (9,-1,-1) (2,1,3)
D (9,-1,-1) (3,0,5)
D (7,8,-1) (2,5,5)
D (6,7,8) (3,4,5)
D (8,3,-1) (0,0,3)
D (3,9,-1) (3,0,3)
D (3,-1,-1) (5,5,3)
D (9,-1,-1) (4,5,2)
D (3,9,-1) (0,4,1)
D (8,3,9) (5,3,4)
D (7,8,-1) (1,0,2)
D (8,-1,-1) (1,2,0)
D (6,-1,-1) (4,5,4)
C 0 5
C 1 8
C 2 14
C 3 5
C 4 12
C 5 18
C 6 21
C 7 0
C 8 2
C 9 0
C 10 7
C 11 26
C 12 22
C 13 6
C 14 20
C 15 18
C 16 14
C 17 16
C 18 10
C 19 12
C 20 8
C 21 24
C 22 15
C 23 12
C 24 15
C 25 7
C 26 24
C 27 24
C 28 8
C 29 8
C 30 5
C 31 11
C 32 2
C 33 6
C 34 0
C 35 12
C 36 3
C 37 10
C 38 21
C 39 24
C 40 25
C 41 11
C 42 9
C 43 25
C 44 12
C 45 26
C 46 4
C 47 8
C 48 9
C 49 19
C 50 22
C 51 9
C 52 19
C 53 23
C 54 26
C 55 6
C 56 5
C 57 3
C 58 24
C 59 1
C 60 14
C 61 16
C 62 17
C 63 17
C 64 14
C 65 0
C 66 0
C 67 0
C 68 0
C 69 0
C 70 0
C 71 0
C 72 0
C 73 0
C 74 0
C 75 0
C 76 0
C 77 0
C 78 0
C 79 0
C 80 0
C 81 0
C 82 0
C 83 0
C 84 0
C 85 0
C 86 0
C 87 0
C 88 0
C 89 14
C 90 20
C 91 0
C 92 26
C 93 9
C 94 3
C 95 10
C 96 4
C 97 6
C 98 18
C 99 8
C 100 7
C 101 17
C 102 25
C 103 14
C 104 20
C 105 9
C 106 19
C 107 21
C 108 16
C 109 15
C 110 16
C 111 3
C 112 9
C 113 22
C 114 16
C 115 19
C 116 26
C 117 2
C 118 25
C 119 12
C 120 20
C 121 9
C 122 1
C 123 5
C 124 15
C 125 0
C 126 0
C 127 0
C 128 0
C 129 0
C 130 0
C 131 0
C 132 0
C 133 0
C 134 0
C 135 0
C 136 0
C 137 0
C 138 0
C 139 0
C 140 0
C 141 0
C 142 0
C 143 0
C 144 0
C 145 0
C 146 0
C 147 0
C 148 0
C 149 0
C 150 0
C 151 0
C 152 0
C 153 0
C 154 0
C 155 0
C 156 0
C 157 0
C 158 0
C 159 0
C 160 0
C 161 0
C 162 0
C 163 0
C 164 0
C 165 0
C 166 0
C 167 0
C 168 0
C 169 0
C 170 0
C 171 0
C 172 0
C 173 0
C 174 0
C 175 0
C 176 0
C 177 0
C 178 0
C 179 0
C 180 0
C 181 0
C 182 0
C 183 0
C 184 0
C 185 0
C 186 0
C 187 0
C 188 0
C 189 0
C 190 0
C 191 0
C 192 0
C 193 0
C 194 0
C 195 0
C 196 0
C 197 0
C 198 0
C 199 0
C 200 0
C 201 0
C 202 0
C 203 0
C 204 0
C 205 0
C 206 0
C 207 0
C 208 0
C 209 0
C 210 0
C 211 0
C 212 0
C 213 0
C 214 0
C 215 0
C 216 0
C 217 0
C 218 0
C 219 0
C 220 0
C 221 0
C 222 0
C 223 0
C 224 0
C 225 0
C 226 0
C 227 0
C 228 0
C 229 0
C 230 0
C 231 0
C 232 0
C 233 0
C 234 0
C 235 0
C 236 0
C 237 0
C 238 0
C 239 0
C 240 0
C 241 0
C 242 0
C 243 0
C 244 0
C 245 0
C 246 26
C 247 8
C 248 3
C 249 1
C 250 8
C 251 16
C 252 3
C 253 10
C 254 0
C 255 4
C 256 12
C 257 19
C 258 20
C 259 9
C 260 11
C 261 5
C 262 11
C 263 14
C 264 7
C 265 1
C 266 7
C 267 14
C 268 18
C 269 5
I 2 1 7 (2,3,3) (1,0,-1,0)
I 1 2 15 (2,3,2) (0,1,1,0)|(1,0,0,0)|(-1,0,0,0)
