D (7,-1,-1) (5,1,2)
D (6,7,-1) (5,3,5)
D (3,9,-1) (5,3,3)
D (3,9,-1) (3,4,1)
D (6,-1,-1) (4,0,3)
D (7,8,-1) (3,1,3)
D (6,-1,-1) (2,1,4)
D (8,-1,-1) (2,4,0)
D (9,-1,-1) (2,4,1)
D (6,7,-1) (0,1,4)
D (3,9,-1) (0,3,4)
D (9,-1,-1) (4,5,3)
D (3,9,-1) (1,2,4)
D (9,-1,-1) (3,5,3)
D (3,-1,-1) (3,2,0)
D (8,3,9) (3,5,1)
D (6,7,8) (4,0,1)
D (6,7,8) (5,5,3)
D (9,-1,-1) (5,5,5)
D (9,-1,-1) (4,5,0)
D (9,-1,-1) (1,5,1)
D (6,7,8) (3,1,5)
D (8,3,9) (3,3,2)
D (7,8,-1) (3,0,5)
D (9,-1,-1) (3,0,3)
D (6,-1,-1) (2,0,0)
D (6,7,-1) (0,1,3)
D (6,-1,-1) (0,3,0)
D (8,3,-1) (2,5,4)
D (6,7,-1) (0,0,3)
D (6,-1,-1) (3,4,2)
D (9,-1,-1) (0,4,3)
D (9,-1,-1) (5,3,0)
D (9,-1,-1) (0,0,4)
D (3,9,-1) (0,3,2)
D (3,9,-1) (5,5,1)
D (7,8,-1) (1,4,2)
D (3,9,-1) (3,3,3)
D (8,-1,-1) (1,5,5)
D (7,8,3) (4,1,3)
D (6,7,8) (5,1,5)
D (8,3,-1) (3,2,2)
D (8,3,9) (1,5,4)
D (9,-1,-1) (2,1,1)
D (8,3,-1) (3,1,1)
D (9,-1,-1) (0,0,0)
D (9,-1,-1) (5,3,1)
D (8,3,-1) (4,4,0)
D (7,8,-1) (5,1,0)
C 0 18
C 1 26
C 2 20
C 3 11
C 4 11
C 5 19
C 6 1
C 7 20
C 8 12
C 9 25
C 10 11
C 11 25
C 12 10
C 13 22
C 14 11
C 15 24
C 16 19
C 17 5
C 18 11
C 19 24
C 20 5
C 21 6
C 22 10
C 23 4
C 24 6
C 25 19
C 26 5
C 27 26
C 28 20
C 29 22
C 30 17
C 31 18
C 32 23
C 33 9
C 34 15
C 35 0
C 36 14
C 37 3
C 38 0
C 39 18
C 40 19
C 41 25
C 42 6
C 43 10
C 44 16
C 45 21
C 46 24
C 47 4
C 48 18
C 49 26
C 50 26
C 51 1
C 52 5
C 53 25
C 54 3
C 55 10
C 56 20
C 57 24
C 58 3
C 59 16
C 60 18
C 61 4
C 62 25
C 63 19
C 64 10
C 65 17
C 66 9
C 67 12
C 68 26
C 69 5
C 70 26
C 71 8
C 72 17
C 73 26
C 74 17
C 75 8
C 76 5
C 77 6
C 78 18
C 79 17
C 80 7
C 81 5
C 82 15
C 83 7
C 84 0
C 85 5
C 86 11
C 87 20
C 88 26
C 89 7
C 90 11
C 91 2
C 92 1
C 93 16
C 94 23
C 95 22
C 96 20
C 97 7
C 98 7
C 99 6
C 100 11
C 101 1
C 102 5
C 103 24
C 104 5
C 105 20
C 106 4
C 107 7
C 108 20
C 109 21
C 110 12
C 111 21
C 112 14
C 113 10
C 114 23
C 115 2
C 116 7
C 117 3
C 118 0
C 119 0
C 120 0
C 121 0
C 122 0
C 123 0
C 124 0
C 125 0
C 126 0
C 127 0
C 128 0
C 129 0
C 130 0
C 131 0
C 132 0
C 133 0
C 134 0
C 135 0
C 136 0
C 137 0
C 138 0
C 139 0
C 140 0
C 141 0
C 142 0
C 143 0
C 144 0
C 145 0
C 146 0
C 147 0
C 148 0
C 149 0
C 150 0
C 151 0
C 152 0
C 153 0
C 154 0
C 155 0
C 156 0
C 157 0
C 158 0
C 159 0
C 160 0
C 161 0
C 162 0
C 163 0
C 164 0
C 165 0
C 166 0
C 167 0
C 168 0
C 169 0
C 170 0
C 171 0
C 172 0
C 173 0
C 174 0
C 175 0
C 176 0
C 177 0
C 178 0
C 179 0
C 180 0
C 181 0
C 182 14
C 183 21
C 184 24
C 185 16
C 186 1
C 187 22
C 188 1
C 189 17
C 190 18
C 191 25
C 192 2
C 193 21
C 194 22
C 195 10
C 196 9
C 197 14
C 198 8
C 199 11
C 200 0
C 201 8
C 202 7
C 203 22
C 204 15
C 205 11
C 206 19
C 207 8
C 208 20
C 209 7
C 210 1
C 211 16
C 212 19
C 213 4
C 214 10
C 215 22
C 216 18
C 217 6
C 218 4
C 219 2
C 220 17
C 221 0
C 222 22
C 223 1
C 224 4
C 225 19
C 226 1
C 227 22
C 228 15
C 229 6
C 230 11
C 231 8
C 232 17
C 233 24
C 234 3
C 235 9
C 236 16
C 237 1
C 238 7
C 239 26
C 240 14
C 241 20
C 242 16
C 243 12
C 244 15
C 245 9
C 246 15
C 247 9
C 248 17
C 249 23
C 250 11
C 251 24
C 252 5
C 253 5
C 254 4
C 255 2
C 256 6
C 257 10
C 258 23
C 259 2
C 260 6
C 261 26
C 262 16
C 263 5
C 264 1
C 265 4
C 266 19
C 267 12
C 268 2
C 269 12
I 0 1 17 (4,2,3) (-1,-1,1,0)|(1,-1,1,0)|(0,-1,1,0)|(-1,-1,-1,0)
I 0 3 18 (5,4,4) (-1,-1,0,0)|(1,1,-1,0)|(-1,-1,-1,0)
