D (7,-1,-1) (3,0,4)
D (3,9,-1) (1,0,3)
D (7,8,-1) (0,5,1)
D (7,8,-1) (5,5,2)
D (9,-1,-1) (0,2,1)
D (3,9,-1) (5,1,5)
D (9,-1,-1) (0,5,4)
D (6,7,-1) (5,0,1)
D (6,-1,-1) (4,0,1)
D (9,-1,-1) (0,0,4)
D (9,-1,-1) (1,0,0)
D (7,8,3) (2,4,4)
D (8,3,9) (0,1,5)
D (8,3,9) (2,3,4)
D (6,7,-1) (0,4,2)
D (9,-1,-1) (5,3,2)
D (7,8,-1) (2,4,0)
D (8,3,9) (1,5,5)
D (7,8,3) (0,1,1)
D (6,-1,-1) (0,0,5)
D (8,3,-1) (4,2,4)
D (8,-1,-1) (4,0,3)
D (9,-1,-1) (1,5,2)
D (6,-1,-1) (2,0,5)
D (6,-1,-1) (3,0,1)
D (3,-1,-1) (5,4,4)
D (3,9,-1) (4,4,4)
D (6,7,8) (3,3,1)
D (8,-1,-1) (3,3,0)
D (7,8,-1) (5,5,5)
D (3,-1,-1) (0,3,1)
D (8,3,9) (1,2,1)
D (9,-1,-1) (1,3,4)
D (3,9,-1) (4,3,3)
D (9,-1,-1) (2,4,1)
D (8,3,9) (1,2,3)
C 0 16
C 1 9
C 2 14
C 3 23
C 4 25
C 5 22
C 6 12
C 7 12
C 8 21
C 9 2
C 10 14
C 11 2
C 12 10
C 13 11
C 14 22
C 15 21
C 16 24
C 17 19
C 18 12
C 19 6
C 20 26
C 21 26
C 22 10
C 23 2
C 24 14
C 25 12
C 26 21
C 27 17
C 28 0
C 29 19
C 30 24
C 31 1
C 32 17
C 33 16
C 34 0
C 35 0
C 36 0
C 37 0
C 38 0
C 39 0
C 40 0
C 41 0
C 42 0
C 43 0
C 44 0
C 45 0
C 46 0
C 47 0
C 48 0
C 49 0
C 50 0
C 51 0
C 52 0
C 53 0
C 54 0
C 55 0
C 56 0
C 57 0
C 58 0
C 59 0
C 60 0
C 61 0
C 62 0
C 63 0
C 64 0
C 65 0
C 66 0
C 67 0
C 68 0
C 69 0
C 70 0
C 71 0
C 72 0
C 73 0
C 74 0
C 75 0
C 76 0
C 77 0
C 78 0
C 79 0
C 80 0
C 81 0
C 82 0
C 83 0
C 84 0
C 85 0
C 86 0
C 87 0
C 88 0
C 89 0
C 90 0
C 91 0
C 92 0
C 93 0
C 94 0
C 95 0
C 96 0
C 97 0
C 98 0
C 99 0
C 100 0
C 101 0
C 102 0
C 103 0
C 104 0
C 105 0
C 106 0
C 107 0
C 108 0
C 109 0
C 110 0
C 111 0
C 112 0
C 113 0
C 114 0
C 115 0
C 116 0
C 117 0
C 118 0
C 119 0
C 120 0
C 121 12
C 122 8
C 123 12
C 124 5
C 125 19
C 126 4
C 127 0
C 128 4
C 129 1
C 130 9
C 131 21
C 132 26
C 133 24
C 134 9
C 135 1
C 136 19
C 137 20
C 138 3
C 139 10
C 140 8
C 141 9
C 142 2
C 143 15
C 144 12
C 145 12
C 146 0
C 147 10
C 148 6
C 149 5
C 150 4
C 151 16
C 152 11
C 153 0
C 154 12
C 155 23
C 156 23
C 157 25
C 158 15
C 159 25
C 160 21
C 161 26
C 162 8
C 163 2
C 164 17
C 165 7
C 166 18
C 167 16
C 168 26
C 169 1
C 170 9
C 171 9
C 172 24
C 173 15
C 174 3
C 175 15
C 176 24
C 177 24
C 178 20
C 179 22
C 180 5
C 181 10
C 182 12
C 183 6
C 184 10
C 185 4
C 186 1
C 187 2
C 188 5
C 189 5
C 190 22
C 191 25
C 192 17
C 193 22
C 194 0
C 195 18
C 196 24
C 197 0
C 198 26
C 199 24
C 200 14
C 201 1
C 202 21
C 203 22
C 204 18
C 205 19
C 206 1
C 207 1
C 208 2
C 209 7
C 210 14
C 211 17
C 212 23
C 213 20
C 214 8
C 215 19
C 216 11
C 217 15
C 218 18
C 219 3
C 220 16
C 221 24
C 222 17
C 223 0
C 224 0
C 225 18
C 226 14
C 227 25
C 228 19
C 229 5
C 230 20
C 231 19
C 232 18
C 233 19
C 234 4
C 235 23
C 236 10
C 237 6
C 238 6
C 239 20
C 240 2
C 241 21
C 242 12
C 243 20
C 244 11
C 245 20
C 246 2
C 247 25
C 248 26
C 249 24
C 250 11
C 251 6
C 252 5
C 253 12
C 254 8
C 255 7
C 256 16
C 257 8
C 258 22
C 259 12
C 260 22
C 261 21
C 262 6
C 263 8
C 264 15
C 265 0
C 266 25
C 267 0
C 268 20
C 269 26
I 2 3 6 (3,4,0) (0,1,1,0)|(0,0,0,0)
I 4 2 6 (1,0,4) (-1,0,0,0)|(1,1,0,0)
I 0 2 13 (1,0,2) (1,0,-1,0)|(0,0,-1,0)
