D (9,-1,-1) (0,5,0)
D (7,-1,-1) (4,3,1)
D (9,-1,-1) (2,0,0)
D (9,-1,-1) (3,4,3)
D (3,9,-1) (4,0,3)
D (9,-1,-1) (2,2,1)
D (8,3,-1) (4,0,1)
D (7,-1,-1) (4,2,0)
D (9,-1,-1) (2,0,3)
D (3,9,-1) (2,1,3)
D (6,7,-1) (3,3,3)
D (6,7,8) (1,4,4)
D (7,8,3) (2,3,0)
D (7,-1,-1) (1,3,1)
D (6,7,8) (2,3,1)
D (3,9,-1) (3,0,2)
D (6,7,-1) (0,4,3)
D (9,-1,-1) (2,2,0)
D (9,-1,-1) (0,1,1)
D (9,-1,-1) (2,5,4)
D (9,-1,-1) (0,2,0)
D (3,9,-1) (4,3,5)
D (8,-1,-1) (5,2,0)
D (6,-1,-1) (1,1,5)
D (3,9,-1) (0,1,2)
D (6,7,8) (2,4,3)
D (3,9,-1) (4,5,3)
D (3,9,-1) (1,2,1)
D (6,7,-1) (1,0,0)
D (8,3,9) (0,3,4)
D (7,8,-1) (5,3,1)
D (8,3,-1) (3,2,1)
D (6,7,8) (5,1,0)
D (6,7,8) (5,1,3)
D (6,7,-1) (2,4,0)
D (8,3,9) (1,2,2)
D (3,9,-1) (3,5,2)
D (6,7,8) (0,3,3)
D (7,-1,-1) (4,1,3)
D (9,-1,-1) (1,2,0)
D (9,-1,-1) (1,3,0)
D (8,3,9) (5,4,5)
C 0 9
C 1 5
C 2 6
C 3 23
C 4 14
C 5 19
C 6 2
C 7 3
C 8 3
C 9 2
C 10 9
C 11 1
C 12 0
C 13 0
C 14 4
C 15 6
C 16 5
C 17 14
C 18 26
C 19 21
C 20 0
C 21 24
C 22 17
C 23 21
C 24 17
C 25 15
C 26 11
C 27 4
C 28 9
C 29 8
C 30 1
C 31 16
C 32 1
C 33 22
C 34 15
C 35 20
C 36 15
C 37 14
C 38 19
C 39 7
C 40 12
C 41 6
C 42 24
C 43 6
C 44 23
C 45 3
C 46 26
C 47 11
C 48 12
C 49 18
C 50 15
C 51 11
C 52 18
C 53 10
C 54 25
C 55 19
C 56 12
C 57 8
C 58 26
C 59 15
C 60 2
C 61 2
C 62 7
C 63 4
C 64 9
C 65 18
C 66 24
C 67 3
C 68 11
C 69 16
C 70 3
C 71 24
C 72 25
C 73 16
C 74 15
C 75 10
C 76 25
C 77 3
C 78 16
C 79 22
C 80 17
C 81 2
C 82 17
C 83 7
C 84 14
C 85 19
C 86 26
C 87 15
C 88 26
C 89 24
C 90 1
C 91 26
C 92 23
C 93 26
C 94 7
C 95 20
C 96 23
C 97 3
C 98 18
C 99 25
C 100 7
C 101 19
C 102 17
C 103 22
C 104 22
C 105 0
C 106 0
C 107 0
C 108 0
C 109 0
C 110 0
C 111 0
C 112 0
C 113 0
C 114 0
C 115 0
C 116 0
C 117 0
C 118 0
C 119 0
C 120 0
C 121 0
C 122 0
C 123 0
C 124 0
C 125 0
C 126 0
C 127 0
C 128 0
C 129 0
C 130 0
C 131 0
C 132 0
C 133 0
C 134 0
C 135 0
C 136 11
C 137 1
C 138 15
C 139 3
C 140 14
C 141 6
C 142 0
C 143 22
C 144 26
C 145 3
C 146 14
C 147 23
C 148 14
C 149 22
C 150 9
C 151 6
C 152 9
C 153 8
C 154 14
C 155 20
C 156 10
C 157 18
C 158 25
C 159 8
C 160 1
C 161 20
C 162 16
C 163 21
C 164 11
C 165 23
C 166 11
C 167 19
C 168 10
C 169 12
C 170 20
C 171 2
C 172 15
C 173 16
C 174 7
C 175 17
C 176 1
C 177 19
C 178 26
C 179 7
C 180 3
C 181 19
C 182 9
C 183 5
C 184 12
C 185 22
C 186 10
C 187 3
C 188 23
C 189 11
C 190 15
C 191 20
C 192 7
C 193 23
C 194 16
C 195 25
C 196 0
C 197 6
C 198 21
C 199 21
C 200 5
C 201 3
C 202 14
C 203 20
C 204 11
C 205 26
C 206 14
C 207 7
C 208 1
C 209 11
C 210 25
C 211 2
C 212 12
C 213 14
C 214 10
C 215 21
C 216 12
C 217 15
C 218 7
C 219 1
C 220 3
C 221 2
C 222 11
C 223 12
C 224 12
C 225 10
C 226 2
C 227 5
C 228 15
C 229 14
C 230 14
C 231 11
C 232 4
C 233 15
C 234 21
C 235 18
C 236 23
C 237 9
C 238 3
C 239 9
C 240 15
C 241 25
C 242 1
C 243 2
C 244 14
C 245 8
C 246 7
C 247 11
C 248 23
C 249 3
C 250 18
C 251 0
C 252 1
C 253 22
C 254 24
C 255 1
C 256 24
C 257 21
C 258 19
C 259 24
C 260 21
C 261 12
C 262 11
C 263 10
C 264 24
C 265 17
C 266 11
C 267 23
C 268 26
C 269 17
I 4 2 5 (4,0,5) (-1,1,-1,0)
I 2 1 17 (5,3,4) (-1,-1,0,0)|(0,1,0,0)
I 4 1 14 (2,3,5) (1,1,0,0)|(1,0,1,0)
