D (3,9,-1) (2,2,4)
D (6,-1,-1) (5,5,1)
D (9,-1,-1) (2,1,5)
D (3,9,-1) (0,2,4)
D (6,7,-1) (5,0,3)
D (9,-1,-1) (3,2,5)
D (6,-1,-1) (4,2,3)
D (6,7,8) (0,1,1)
D (7,8,-1) (2,5,4)
D (3,9,-1) (4,3,3)
D (3,9,-1) (5,2,1)
D (6,-1,-1) (3,5,3)
D (9,-1,-1) (0,3,2)
D (6,7,-1) (1,0,4)
D (9,-1,-1) (5,4,1)
D (8,-1,-1) (1,1,5)
D (7,8,3) (5,5,5)
D (6,7,8) (4,4,1)
D (3,9,-1) (2,5,1)
D (8,3,9) (1,2,3)
D (8,-1,-1) (3,4,5)
D (6,7,8) (4,1,4)
D (3,-1,-1) (3,1,0)
D (3,-1,-1) (0,3,4)
D (6,7,8) (3,3,4)
D (8,-1,-1) (1,3,1)
D (6,-1,-1) (5,2,0)
D (3,9,-1) (5,3,5)
D (3,9,-1) (0,1,4)
D (7,8,3) (0,2,3)
D (7,8,-1) (1,5,0)
D (7,-1,-1) (1,4,1)
D (7,8,-1) (4,3,0)
D (7,-1,-1) (3,5,2)
D (3,9,-1) (4,1,3)
D (3,9,-1) (5,4,4)
D (7,-1,-1) (5,0,2)
D (9,-1,-1) (3,0,3)
D (7,-1,-1) (1,0,2)
D (6,-1,-1) (5,4,3)
D (9,-1,-1) (2,0,1)
D (8,3,9) (5,4,5)
D (6,7,8) (2,3,4)
D (9,-1,-1) (1,2,4)
D (6,7,8) (3,5,4)
D (9,-1,-1) (5,0,5)
D (9,-1,-1) (3,5,0)
D (9,-1,-1) (4,5,0)
D (3,9,-1) (5,3,0)
D (9,-1,-1) (4,3,2)
D (3,9,-1) (5,1,5)
D (8,-1,-1) (1,3,2)
D (7,8,-1) (2,0,0)
D (6,-1,-1) (1,1,3)
D (8,-1,-1) (2,5,3)
D (9,-1,-1) (1,5,4)
D (8,-1,-1) (4,0,0)
D (6,7,8) (3,4,2)
C 0 20
C 1 16
C 2 6
C 3 0
C 4 21
C 5 16
C 6 2
C 7 12
C 8 25
C 9 26
C 10 18
C 11 16
C 12 7
C 13 15
C 14 10
C 15 9
C 16 3
C 17 2
C 18 6
C 19 23
C 20 5
C 21 12
C 22 0
C 23 5
C 24 23
C 25 9
C 26 5
C 27 2
C 28 6
C 29 18
C 30 11
C 31 26
C 32 0
C 33 14
C 34 22
C 35 4
C 36 3
C 37 5
C 38 16
C 39 10
C 40 2
C 41 22
C 42 10
C 43 19
C 44 17
C 45 15
C 46 15
C 47 9
C 48 12
C 49 4
C 50 4
C 51 17
C 52 9
C 53 24
C 54 22
C 55 17
C 56 5
C 57 0
C 58 0
C 59 0
C 60 0
C 61 0
C 62 0
C 63 0
C 64 0
C 65 0
C 66 0
C 67 0
C 68 0
C 69 18
C 70 9
C 71 22
C 72 21
C 73 9
C 74 0
C 75 24
C 76 12
C 77 18
C 78 19
C 79 2
C 80 5
C 81 25
C 82 24
C 83 9
C 84 5
C 85 6
C 86 19
C 87 23
C 88 12
C 89 7
C 90 0
C 91 23
C 92 26
C 93 18
C 94 18
C 95 20
C 96 6
C 97 1
C 98 2
C 99 4
C 100 15
C 101 19
C 102 8
C 103 24
C 104 15
C 105 11
C 106 12
C 107 16
C 108 5
C 109 21
C 110 23
C 111 25
C 112 15
C 113 8
C 114 1
C 115 8
C 116 24
C 117 23
C 118 2
C 119 14
C 120 8
C 121 25
C 122 14
C 123 10
C 124 0
C 125 14
C 126 6
C 127 6
C 128 15
C 129 7
C 130 12
C 131 23
C 132 4
C 133 14
C 134 5
C 135 15
C 136 14
C 137 25
C 138 5
C 139 26
C 140 7
C 141 8
C 142 11
C 143 10
C 144 12
C 145 23
C 146 25
C 147 20
C 148 1
C 149 22
C 150 24
C 151 5
C 152 12
C 153 17
C 154 23
C 155 14
C 156 9
C 157 5
C 158 4
C 159 8
C 160 25
C 161 17
C 162 12
C 163 1
C 164 4
C 165 16
C 166 0
C 167 14
C 168 24
C 169 15
C 170 3
C 171 24
C 172 0
C 173 8
C 174 21
C 175 6
C 176 18
C 177 18
C 178 25
C 179 4
C 180 4
C 181 6
C 182 25
C 183 16
C 184 4
C 185 6
C 186 18
C 187 24
C 188 2
C 189 24
C 190 2
C 191 2
C 192 3
C 193 0
C 194 25
C 195 19
C 196 17
C 197 11
C 198 3
C 199 11
C 200 15
C 201 6
C 202 6
C 203 9
C 204 12
C 205 5
C 206 26
C 207 21
C 208 3
C 209 0
C 210 8
C 211 8
C 212 14
C 213 15
C 214 24
C 215 1
C 216 2
C 217 24
C 218 20
C 219 7
C 220 21
C 221 4
C 222 22
C 223 9
C 224 6
C 225 9
C 226 25
C 227 1
C 228 9
C 229 15
C 230 19
C 231 24
C 232 10
C 233 4
C 234 4
C 235 16
C 236 3
C 237 25
C 238 6
C 239 2
C 240 7
C 241 16
C 242 9
C 243 21
C 244 8
C 245 0
C 246 25
C 247 11
C 248 9
C 249 26
C 250 4
C 251 24
C 252 9
C 253 9
C 254 16
C 255 18
C 256 10
C 257 0
C 258 12
C 259 26
C 260 16
C 261 25
C 262 1
C 263 6
C 264 7
C 265 1
C 266 9
C 267 9
C 268 26
C 269 22
I 2 2 19 (0,2,1) (0,-1,0,0)
I 0 2 8 (1,2,1) (1,0,0,0)
I 4 3 16 (3,5,4) (0,1,1,0)
