D (3,9,-1) (0,1,3)
D (3,9,-1) (2,3,4)
D (3,-1,-1) (1,1,2)
D (3,9,-1) (3,4,3)
D (8,3,9) (5,5,4)
D (8,3,9) (4,3,3)
D (9,-1,-1) (5,3,0)
D (3,9,-1) (2,4,2)
D (8,3,9) (3,5,2)
D (3,9,-1) (5,3,5)
D (6,-1,-1) (5,3,2)
D (9,-1,-1) (3,0,1)
D (3,-1,-1) (3,5,5)
D (3,9,-1) (5,3,1)
D (7,-1,-1) (0,3,1)
D (3,9,-1) (3,5,1)
D (6,7,-1) (2,4,4)
D (8,-1,-1) (5,3,4)
D (6,-1,-1) (0,0,2)
D (8,3,9) (1,3,3)
D (3,9,-1) (4,2,4)
D (8,3,9) (5,1,4)
D (9,-1,-1) (1,0,4)
D (6,-1,-1) (4,2,0)
D (6,7,8) (0,4,2)
D (8,-1,-1) (0,4,5)
D (8,3,9) (1,2,5)
D (6,7,8) (4,2,5)
D (8,3,-1) (0,3,3)
D (3,9,-1) (2,5,4)
D (3,9,-1) (1,2,3)
D (7,8,3) (4,5,5)
C 0 22
C 1 14
C 2 22
C 3 7
C 4 11
C 5 17
C 6 20
C 7 0
C 8 0
C 9 0
C 10 0
C 11 0
C 12 0
C 13 0
C 14 0
C 15 0
C 16 0
C 17 0
C 18 0
C 19 0
C 20 11
C 21 4
C 22 16
C 23 25
C 24 3
C 25 7
C 26 6
C 27 19
C 28 14
C 29 14
C 30 25
C 31 11
C 32 7
C 33 24
C 34 26
C 35 1
C 36 1
C 37 4
C 38 4
C 39 2
C 40 21
C 41 1
C 42 23
C 43 21
C 44 9
C 45 9
C 46 14
C 47 16
C 48 2
C 49 25
C 50 6
C 51 2
C 52 19
C 53 8
C 54 17
C 55 26
C 56 11
C 57 22
C 58 16
C 59 6
C 60 16
C 61 15
C 62 22
C 63 2
C 64 24
C 65 1
C 66 0
C 67 11
C 68 19
C 69 8
C 70 25
C 71 20
C 72 4
C 73 0
C 74 0
C 75 0
C 76 0
C 77 0
C 78 0
C 79 22
C 80 0
C 81 0
C 82 0
C 83 0
C 84 0
C 85 0
C 86 0
C 87 0
C 88 0
C 89 0
C 90 0
C 91 0
C 92 0
C 93 0
C 94 0
C 95 0
C 96 0
C 97 0
C 98 0
C 99 0
C 100 0
C 101 0
C 102 0
C 103 0
C 104 0
C 105 0
C 106 0
C 107 0
C 108 0
C 109 0
C 110 0
C 111 0
C 112 0
C 113 0
C 114 0
C 115 0
C 116 0
C 117 0
C 118 0
C 119 0
C 120 0
C 121 0
C 122 0
C 123 0
C 124 0
C 125 0
C 126 0
C 127 0
C 128 0
C 129 0
C 130 0
C 131 0
C 132 0
C 133 0
C 134 0
C 135 25
C 136 17
C 137 4
C 138 1
C 139 16
C 140 1
C 141 2
C 142 4
C 143 25
C 144 9
C 145 9
C 146 5
C 147 2
C 148 20
C 149 2
C 150 1
C 151 25
C 152 7
C 153 10
C 154 14
C 155 11
C 156 2
C 157 7
C 158 5
C 159 20
C 160 0
C 161 15
C 162 9
C 163 10
C 164 21
C 165 23
C 166 11
C 167 9
C 168 9
C 169 5
C 170 21
C 171 3
C 172 19
C 173 9
C 174 15
C 175 22
C 176 1
C 177 8
C 178 0
C 179 19
C 180 23
C 181 1
C 182 11
C 183 12
C 184 8
C 185 14
C 186 19
C 187 6
C 188 21
C 189 23
C 190 11
C 191 14
C 192 26
C 193 24
C 194 15
C 195 20
C 196 11
C 197 22
C 198 4
C 199 11
C 200 19
C 201 12
C 202 4
C 203 2
C 204 17
C 205 1
C 206 21
C 207 15
C 208 2
C 209 26
C 210 8
C 211 21
C 212 6
C 213 21
C 214 17
C 215 9
C 216 19
C 217 14
C 218 7
C 219 25
C 220 9
C 221 14
C 222 15
C 223 26
C 224 19
C 225 15
C 226 1
C 227 22
C 228 15
C 229 24
C 230 12
C 231 19
C 232 15
C 233 20
C 234 16
C 235 12
C 236 16
C 237 20
C 238 23
C 239 20
C 240 2
C 241 3
C 242 20
C 243 0
C 244 9
C 245 5
C 246 25
C 247 10
C 248 20
C 249 8
C 250 11
C 251 16
C 252 25
C 253 8
C 254 22
C 255 5
C 256 3
C 257 24
C 258 5
C 259 16
C 260 17
C 261 5
C 262 26
C 263 6
C 264 5
C 265 14
C 266 16
C 267 4
C 268 18
C 269 15
I 3 1 18 (2,0,0) (0,1,1,0)|(1,1,-1,0)|(1,1,-1,0)|(-1,0,0,0)|(-1,-1,0,0)
I 1 3 15 (2,2,3) (0,0,-1,0)|(-1,1,1,0)
I 5 2 2 (5,0,2) (1,1,-1,0)
