D (9,-1,-1) (1,0,1)
D (9,-1,-1) (0,0,4)
D (9,-1,-1) (1,4,3)
D (7,8,-1) (2,5,3)
D (9,-1,-1) (2,0,5)
D (7,8,-1) (4,0,3)
D (6,7,8) (5,0,4)
D (6,7,-1) (3,4,5)
D (9,-1,-1) (1,0,2)
D (3,-1,-1) (3,1,1)
D (7,8,3) (3,2,4)
D (8,3,-1) (3,4,4)
D (3,-1,-1) (0,0,2)
D (8,3,9) (2,4,4)
D (9,-1,-1) (1,0,5)
D (7,-1,-1) (0,3,2)
D (9,-1,-1) (1,5,3)
D (9,-1,-1) (1,1,0)
D (6,-1,-1) (1,2,4)
D (7,8,3) (0,2,1)
D (9,-1,-1) (4,1,4)
D (9,-1,-1) (0,4,3)
D (8,3,9) (1,1,5)
D (3,9,-1) (3,1,5)
D (9,-1,-1) (2,3,2)
D (6,7,-1) (4,1,3)
D (8,3,9) (1,4,5)
D (8,-1,-1) (0,4,1)
D (9,-1,-1) (2,5,0)
D (9,-1,-1) (2,5,5)
D (6,-1,-1) (4,0,4)
D (9,-1,-1) (1,1,1)
D (6,-1,-1) (2,0,0)
D (6,7,8) (0,5,2)
D (8,3,-1) (4,5,1)
D (9,-1,-1) (3,1,3)
D (7,8,3) (4,2,5)
D (6,7,8) (3,3,1)
D (7,8,3) (1,2,0)
D (8,-1,-1) (2,3,0)
D (6,7,8) (3,1,4)
D (6,7,8) (0,3,5)
D (6,-1,-1) (0,3,1)
D (6,7,8) (3,1,0)
D (6,7,8) (5,1,3)
D (6,7,-1) (0,5,5)
D (3,9,-1) (3,0,3)
D (9,-1,-1) (2,3,3)
D (3,9,-1) (1,5,5)
D (9,-1,-1) (5,4,4)
D (8,-1,-1) (3,5,1)
D (8,3,-1) (2,1,1)
D (7,8,3) (3,0,2)
D (6,7,-1) (2,4,3)
D (9,-1,-1) (2,0,1)
D (8,-1,-1) (4,3,0)
D (9,-1,-1) (2,2,1)
D (6,-1,-1) (3,3,4)
D (9,-1,-1) (5,0,3)
D (3,-1,-1) (5,0,1)
D (6,7,8) (4,1,1)
D (3,9,-1) (0,1,3)
D (9,-1,-1) (3,0,0)
D (6,-1,-1) (4,1,5)
D (7,8,-1) (1,1,3)
D (8,-1,-1) (0,5,4)
D (9,-1,-1) (0,1,5)
D (9,-1,-1) (4,4,5)
D (7,8,-1) (5,5,2)
D (6,-1,-1) (4,3,5)
D (9,-1,-1) (5,3,3)
D (3,9,-1) (5,5,3)
D (9,-1,-1) (5,1,1)
D (3,9,-1) (3,5,3)
D (7,8,-1) (0,2,3)
D (3,-1,-1) (4,4,4)
D (7,8,3) (5,4,2)
D (8,3,-1) (5,1,2)
D (6,7,8) (1,4,2)
D (9,-1,-1) (2,4,5)
D (6,-1,-1) (1,4,1)
D (3,-1,-1) (2,3,1)
C 0 6
C 1 18
C 2 18
C 3 16
C 4 6
C 5 6
C 6 9
C 7 10
C 8 3
C 9 5
C 10 12
C 11 12
C 12 19
C 13 4
C 14 21
C 15 0
C 16 0
C 17 9
C 18 14
C 19 23
C 20 23
C 21 9
C 22 18
C 23 12
C 24 20
C 25 12
C 26 22
C 27 5
C 28 25
C 29 25
C 30 24
C 31 18
C 32 19
C 33 6
C 34 15
C 35 2
C 36 0
C 37 7
C 38 0
C 39 8
C 40 17
C 41 4
C 42 5
C 43 2
C 44 1
C 45 10
C 46 22
C 47 10
C 48 20
C 49 6
C 50 12
C 51 4
C 52 25
C 53 20
C 54 12
C 55 20
C 56 23
C 57 17
C 58 4
C 59 11
C 60 25
C 61 22
C 62 20
C 63 2
C 64 11
C 65 22
C 66 19
C 67 12
C 68 1
C 69 25
C 70 12
C 71 8
C 72 15
C 73 16
C 74 24
C 75 7
C 76 25
C 77 9
C 78 22
C 79 6
C 80 1
C 81 7
C 82 14
C 83 9
C 84 3
C 85 4
C 86 19
C 87 15
C 88 14
C 89 5
C 90 17
C 91 20
C 92 1
C 93 17
C 94 5
C 95 6
C 96 8
C 97 16
C 98 23
C 99 17
C 100 19
C 101 0
C 102 26
C 103 22
C 104 3
C 105 8
C 106 9
C 107 26
C 108 21
C 109 17
C 110 3
C 111 4
C 112 24
C 113 11
C 114 14
C 115 8
C 116 23
C 117 3
C 118 11
C 119 1
C 120 5
C 121 5
C 122 11
C 123 9
C 124 26
C 125 5
C 126 6
C 127 8
C 128 8
C 129 8
C 130 7
C 131 3
C 132 20
C 133 25
C 134 10
C 135 7
C 136 3
C 137 22
C 138 9
C 139 23
C 140 18
C 141 0
C 142 10
C 143 12
C 144 24
C 145 25
C 146 11
C 147 0
C 148 16
C 149 1
C 150 21
C 151 26
C 152 1
C 153 24
C 154 7
C 155 8
C 156 1
C 157 14
C 158 16
C 159 1
C 160 14
C 161 20
C 162 24
C 163 17
C 164 25
C 165 4
C 166 12
C 167 22
C 168 8
C 169 2
C 170 7
C 171 18
C 172 23
C 173 7
C 174 25
C 175 10
C 176 3
C 177 20
C 178 0
C 179 1
C 180 8
C 181 4
C 182 15
C 183 25
C 184 0
C 185 7
C 186 0
C 187 16
C 188 16
C 189 12
C 190 11
C 191 0
C 192 3
C 193 23
C 194 26
C 195 22
C 196 0
C 197 0
C 198 0
C 199 0
C 200 0
C 201 0
C 202 0
C 203 0
C 204 0
C 205 0
C 206 0
C 207 0
C 208 0
C 209 0
C 210 0
C 211 0
C 212 0
C 213 0
C 214 0
C 215 0
C 216 0
C 217 0
C 218 0
C 219 0
C 220 0
C 221 0
C 222 0
C 223 0
C 224 0
C 225 0
C 226 0
C 227 0
C 228 0
C 229 0
C 230 0
C 231 0
C 232 0
C 233 0
C 234 0
C 235 0
C 236 0
C 237 0
C 238 0
C 239 0
C 240 0
C 241 2
C 242 3
C 243 16
C 244 5
C 245 17
C 246 4
C 247 6
C 248 4
C 249 4
C 250 9
C 251 21
C 252 26
C 253 15
C 254 0
C 255 4
C 256 25
C 257 3
C 258 14
C 259 24
C 260 4
C 261 3
C 262 22
C 263 9
C 264 17
C 265 8
C 266 18
C 267 24
C 268 10
C 269 6
I 0 2 8 (3,2,5) (0,1,0,0)
I 3 1 10 (1,3,5) (-1,0,1,0)|(0,0,0,0)|(-1,0,-1,0)
