D (8,3,9) (0,0,1)
D (9,-1,-1) (4,1,4)
D (9,-1,-1) (1,0,2)
D (8,3,-1) (1,4,2)
D (6,7,-1) (5,3,1)
D (8,3,-1) (3,1,5)
D (3,9,-1) (1,5,3)
D (3,9,-1) (0,4,4)
D (6,7,-1) (0,2,3)
D (8,3,-1) (2,1,1)
D (3,-1,-1) (5,1,1)
D (6,-1,-1) (5,1,0)
D (7,8,3) (2,4,0)
D (8,3,-1) (0,4,1)
D (7,8,3) (5,0,4)
D (6,7,8) (3,5,3)
D (6,7,8) (4,1,5)
D (8,-1,-1) (0,2,4)
D (9,-1,-1) (4,3,1)
D (8,3,9) (0,3,5)
D (6,-1,-1) (4,3,0)
D (7,8,3) (5,2,5)
D (7,-1,-1) (0,4,5)
D (9,-1,-1) (4,4,2)
D (9,-1,-1) (1,5,5)
D (3,-1,-1) (2,2,0)
D (3,9,-1) (0,5,3)
D (3,9,-1) (2,2,3)
D (6,-1,-1) (3,0,1)
D (3,9,-1) (0,0,0)
D (9,-1,-1) (4,5,2)
D (6,7,8) (0,5,0)
D (7,8,3) (0,5,1)
D (3,9,-1) (4,1,2)
D (7,8,3) (5,4,4)
D (8,3,9) (4,3,2)
D (6,7,-1) (5,3,2)
D (6,7,8) (0,4,2)
D (6,-1,-1) (5,5,2)
D (8,3,9) (4,0,5)
C 0 18
C 1 22
C 2 4
C 3 7
C 4 11
C 5 17
C 6 3
C 7 2
C 8 23
C 9 3
C 10 17
C 11 24
C 12 20
C 13 22
C 14 3
C 15 2
C 16 1
C 17 10
C 18 9
C 19 8
C 20 14
C 21 14
C 22 0
C 23 12
C 24 9
C 25 9
C 26 23
C 27 18
C 28 15
C 29 24
C 30 19
C 31 3
C 32 15
C 33 19
C 34 15
C 35 14
C 36 3
C 37 18
C 38 15
C 39 9
C 40 0
C 41 9
C 42 21
C 43 0
C 44 20
C 45 3
C 46 1
C 47 3
C 48 14
C 49 0
C 50 0
C 51 0
C 52 0
C 53 0
C 54 0
C 55 0
C 56 0
C 57 0
C 58 0
C 59 0
C 60 0
C 61 0
C 62 0
C 63 0
C 64 0
C 65 0
C 66 0
C 67 0
C 68 0
C 69 0
C 70 0
C 71 0
C 72 0
C 73 0
C 74 0
C 75 0
C 76 0
C 77 0
C 78 0
C 79 0
C 80 16
C 81 9
C 82 15
C 83 7
C 84 11
C 85 21
C 86 5
C 87 5
C 88 25
C 89 3
C 90 4
C 91 15
C 92 22
C 93 0
C 94 12
C 95 21
C 96 0
C 97 14
C 98 11
C 99 12
C 100 1
C 101 0
C 102 17
C 103 16
C 104 4
C 105 0
C 106 0
C 107 0
C 108 0
C 109 0
C 110 0
C 111 0
C 112 0
C 113 0
C 114 0
C 115 0
C 116 0
C 117 0
C 118 0
C 119 0
C 120 0
C 121 0
C 122 0
C 123 0
C 124 0
C 125 0
C 126 0
C 127 0
C 128 0
C 129 0
C 130 0
C 131 0
C 132 0
C 133 0
C 134 0
C 135 0
C 136 0
C 137 0
C 138 0
C 139 0
C 140 0
C 141 0
C 142 0
C 143 0
C 144 0
C 145 0
C 146 0
C 147 0
C 148 0
C 149 0
C 150 0
C 151 0
C 152 0
C 153 0
C 154 0
C 155 0
C 156 0
C 157 0
C 158 0
C 159 0
C 160 0
C 161 0
C 162 0
C 163 3
C 164 20
C 165 8
C 166 15
C 167 10
C 168 18
C 169 14
C 170 25
C 171 20
C 172 15
C 173 9
C 174 14
C 175 24
C 176 21
C 177 19
C 178 7
C 179 24
C 180 15
C 181 0
C 182 12
C 183 11
C 184 26
C 185 20
C 186 7
C 187 2
C 188 16
C 189 10
C 190 21
C 191 22
C 192 20
C 193 19
C 194 6
C 195 5
C 196 21
C 197 10
C 198 21
C 199 23
C 200 26
C 201 0
C 202 0
C 203 0
C 204 0
C 205 0
C 206 0
C 207 0
C 208 0
C 209 0
C 210 0
C 211 0
C 212 0
C 213 0
C 214 0
C 215 0
C 216 0
C 217 3
C 218 6
C 219 22
C 220 2
C 221 0
C 222 1
C 223 17
C 224 9
C 225 26
C 226 15
C 227 1
C 228 3
C 229 11
C 230 25
C 231 11
C 232 12
C 233 2
C 234 18
C 235 17
C 236 26
C 237 17
C 238 24
C 239 2
C 240 24
C 241 0
C 242 7
C 243 15
C 244 11
C 245 18
C 246 10
C 247 21
C 248 24
C 249 12
C 250 9
C 251 7
C 252 17
C 253 8
C 254 26
C 255 7
C 256 21
C 257 12
C 258 15
C 259 1
C 260 16
C 261 22
C 262 15
C 263 26
C 264 10
C 265 20
C 266 14
C 267 20
C 268 19
C 269 24
I 3 3 10 (2,5,5) (1,0,-1,0)
I 5 2 12 (4,4,2) (1,1,-1,0)
I 1 1 20 (4,4,5) (0,0,-1,0)|(1,1,0,0)|(1,1,0,0)|(-1,0,1,0)
