D (6,-1,-1) (0,4,1)
D (8,3,9) (5,2,1)
D (8,3,9) (3,3,0)
D (3,9,-1) (1,5,5)
D (9,-1,-1) (5,3,1)
D (8,-1,-1) (4,5,3)
D (7,8,3) (5,2,4)
D (3,9,-1) (5,0,1)
D (6,7,-1) (4,3,5)
D (6,7,8) (2,2,4)
D (6,7,-1) (4,0,4)
D (9,-1,-1) (5,1,1)
D (8,3,9) (4,0,3)
D (8,3,9) (2,2,3)
D (6,7,8) (2,1,2)
D (6,-1,-1) (1,3,0)
D (9,-1,-1) (5,5,3)
D (6,-1,-1) (3,5,5)
D (6,7,-1) (5,3,4)
D (8,-1,-1) (1,4,4)
D (3,-1,-1) (1,1,2)
D (9,-1,-1) (3,0,1)
D (6,-1,-1) (0,0,2)
D (3,9,-1) (3,1,1)
D (3,-1,-1) (5,1,0)
D (6,7,-1) (5,2,5)
D (7,8,-1) (4,2,4)
D (7,8,3) (5,4,1)
D (9,-1,-1) (0,2,4)
D (7,-1,-1) (1,2,4)
D (6,-1,-1) (0,5,2)
D (7,-1,-1) (4,5,1)
C 0 11
C 1 16
C 2 26
C 3 7
C 4 7
C 5 9
C 6 26
C 7 26
C 8 20
C 9 5
C 10 2
C 11 1
C 12 17
C 13 5
C 14 4
C 15 22
C 16 7
C 17 10
C 18 7
C 19 8
C 20 8
C 21 2
C 22 19
C 23 10
C 24 25
C 25 17
C 26 0
C 27 0
C 28 23
C 29 14
C 30 10
C 31 12
C 32 23
C 33 4
C 34 6
C 35 12
C 36 1
C 37 2
C 38 23
C 39 14
C 40 17
C 41 17
C 42 10
C 43 5
C 44 7
C 45 15
C 46 5
C 47 14
C 48 8
C 49 5
C 50 1
C 51 16
C 52 25
C 53 22
C 54 11
C 55 11
C 56 21
C 57 21
C 58 23
C 59 1
C 60 21
C 61 19
C 62 26
C 63 1
C 64 8
C 65 26
C 66 0
C 67 0
C 68 0
C 69 0
C 70 0
C 71 0
C 72 0
C 73 0
C 74 0
C 75 0
C 76 0
C 77 0
C 78 0
C 79 0
C 80 0
C 81 0
C 82 0
C 83 0
C 84 0
C 85 0
C 86 0
C 87 0
C 88 0
C 89 0
C 90 0
C 91 0
C 92 0
C 93 0
C 94 0
C 95 0
C 96 0
C 97 0
C 98 0
C 99 0
C 100 0
C 101 0
C 102 0
C 103 0
C 104 0
C 105 0
C 106 0
C 107 0
C 108 0
C 109 0
C 110 0
C 111 0
C 112 0
C 113 0
C 114 0
C 115 0
C 116 0
C 117 0
C 118 0
C 119 0
C 120 0
C 121 0
C 122 0
C 123 0
C 124 0
C 125 0
C 126 0
C 127 0
C 128 0
C 129 0
C 130 0
C 131 0
C 132 0
C 133 0
C 134 0
C 135 0
C 136 0
C 137 0
C 138 0
C 139 0
C 140 0
C 141 0
C 142 0
C 143 0
C 144 0
C 145 0
C 146 0
C 147 0
C 148 0
C 149 0
C 150 0
C 151 0
C 152 0
C 153 0
C 154 0
C 155 0
C 156 0
C 157 0
C 158 0
C 159 0
C 160 0
C 161 11
C 162 2
C 163 12
C 164 17
C 165 7
C 166 0
C 167 1
C 168 6
C 169 16
C 170 24
C 171 9
C 172 3
C 173 12
C 174 9
C 175 5
C 176 22
C 177 8
C 178 6
C 179 6
C 180 25
C 181 11
C 182 17
C 183 9
C 184 7
C 185 18
C 186 2
C 187 10
C 188 11
C 189 5
C 190 16
C 191 22
C 192 11
C 193 1
C 194 21
C 195 22
C 196 2
C 197 7
C 198 10
C 199 3
C 200 12
C 201 20
C 202 14
C 203 20
C 204 18
C 205 6
C 206 25
C 207 23
C 208 24
C 209 22
C 210 1
C 211 24
C 212 7
C 213 0
C 214 11
C 215 0
C 216 6
C 217 20
C 218 6
C 219 9
C 220 3
C 221 25
C 222 6
C 223 24
C 224 10
C 225 12
C 226 15
C 227 0
C 228 0
C 229 0
C 230 0
C 231 0
C 232 0
C 233 0
C 234 0
C 235 0
C 236 0
C 237 0
C 238 0
C 239 0
C 240 0
C 241 0
C 242 0
C 243 0
C 244 0
C 245 0
C 246 0
C 247 0
C 248 0
C 249 23
C 250 17
C 251 9
C 252 21
C 253 22
C 254 11
C 255 26
C 256 25
C 257 2
C 258 22
C 259 26
C 260 23
C 261 12
C 262 8
C 263 19
C 264 6
C 265 16
C 266 17
C 267 19
C 268 6
C 269 10
I 2 2 9 (3,1,2) (-1,0,0,0)
I 1 2 9 (0,1,0) (1,0,0,0)|(1,0,1,0)|(1,-1,-1,0)
I 5 1 18 (2,2,4) (0,1,0,0)|(-1,1,-1,0)|(-1,-1,1,0)
