D (9,-1,-1) (4,4,5)
D (9,-1,-1) (5,5,5)
D (6,7,8) (0,2,4)
D (3,9,-1) (4,0,1)
D (3,9,-1) (5,5,0)
D (9,-1,-1) (2,3,3)
D (6,7,-1) (1,4,2)
D (9,-1,-1) (5,5,1)
D (6,7,-1) (2,4,0)
D (3,9,-1) (4,2,1)
D (7,8,3) (3,2,4)
D (6,7,8) (1,2,1)
D (7,8,3) (0,5,1)
D (7,8,3) (0,4,0)
D (7,8,-1) (3,0,0)
D (3,-1,-1) (5,3,2)
D (9,-1,-1) (3,4,3)
D (8,3,-1) (1,2,3)
D (9,-1,-1) (2,2,1)
D (9,-1,-1) (5,3,3)
D (8,3,-1) (2,3,1)
D (9,-1,-1) (0,3,4)
D (6,7,8) (0,2,1)
D (8,3,-1) (3,0,2)
D (3,9,-1) (1,1,2)
D (3,9,-1) (5,1,5)
D (3,9,-1) (2,1,0)
D (9,-1,-1) (3,4,1)
D (7,-1,-1) (1,3,1)
D (9,-1,-1) (2,3,0)
D (6,7,8) (2,4,2)
D (9,-1,-1) (4,3,3)
D (3,9,-1) (5,4,2)
D (6,7,8) (4,1,3)
D (6,7,8) (4,0,0)
D (7,8,3) (1,1,0)
C 0 3
C 1 17
C 2 3
C 3 2
C 4 22
C 5 0
C 6 3
C 7 5
C 8 7
C 9 24
C 10 19
C 11 16
C 12 14
C 13 9
C 14 23
C 15 24
C 16 8
C 17 19
C 18 0
C 19 17
C 20 26
C 21 11
C 22 10
C 23 12
C 24 25
C 25 11
C 26 3
C 27 8
C 28 12
C 29 17
C 30 3
C 31 0
C 32 23
C 33 25
C 34 11
C 35 8
C 36 0
C 37 2
C 38 2
C 39 17
C 40 17
C 41 22
C 42 22
C 43 2
C 44 25
C 45 4
C 46 25
C 47 23
C 48 2
C 49 25
C 50 2
C 51 5
C 52 8
C 53 22
C 54 0
C 55 1
C 56 0
C 57 26
C 58 11
C 59 22
C 60 6
C 61 23
C 62 16
C 63 0
C 64 26
C 65 20
C 66 9
C 67 0
C 68 21
C 69 2
C 70 25
C 71 20
C 72 21
C 73 4
C 74 18
C 75 24
C 76 19
C 77 21
C 78 22
C 79 20
C 80 7
C 81 5
C 82 5
C 83 23
C 84 9
C 85 26
C 86 12
C 87 26
C 88 24
C 89 3
C 90 25
C 91 22
C 92 22
C 93 5
C 94 3
C 95 16
C 96 22
C 97 7
C 98 22
C 99 3
C 100 14
C 101 5
C 102 25
C 103 23
C 104 18
C 105 17
C 106 17
C 107 6
C 108 20
C 109 4
C 110 5
C 111 6
C 112 18
C 113 19
C 114 9
C 115 23
C 116 9
C 117 19
C 118 16
C 119 21
C 120 26
C 121 1
C 122 26
C 123 22
C 124 25
C 125 9
C 126 17
C 127 9
C 128 18
C 129 20
C 130 1
C 131 21
C 132 24
C 133 22
C 134 3
C 135 3
C 136 0
C 137 23
C 138 16
C 139 3
C 140 24
C 141 22
C 142 5
C 143 23
C 144 6
C 145 25
C 146 1
C 147 23
C 148 9
C 149 24
C 150 6
C 151 20
C 152 5
C 153 16
C 154 9
C 155 1
C 156 12
C 157 17
C 158 14
C 159 22
C 160 5
C 161 14
C 162 26
C 163 6
C 164 17
C 165 24
C 166 25
C 167 5
C 168 3
C 169 23
C 170 21
C 171 4
C 172 4
C 173 14
C 174 7
C 175 6
C 176 6
C 177 9
C 178 9
C 179 24
C 180 14
C 181 6
C 182 4
C 183 11
C 184 25
C 185 23
C 186 15
C 187 0
C 188 17
C 189 8
C 190 24
C 191 21
C 192 2
C 193 8
C 194 22
C 195 20
C 196 17
C 197 3
C 198 25
C 199 5
C 200 23
C 201 23
C 202 12
C 203 5
C 204 1
C 205 22
C 206 25
C 207 17
C 208 9
C 209 24
C 210 8
C 211 18
C 212 8
C 213 9
C 214 23
C 215 6
C 216 4
C 217 11
C 218 8
C 219 14
C 220 1
C 221 3
C 222 8
C 223 6
C 224 25
C 225 2
C 226 19
C 227 11
C 228 11
C 229 10
C 230 19
C 231 12
C 232 5
C 233 23
C 234 7
C 235 2
C 236 7
C 237 2
C 238 1
C 239 0
C 240 8
C 241 26
C 242 12
C 243 24
C 244 15
C 245 5
C 246 15
C 247 23
C 248 23
C 249 26
C 250 25
C 251 24
C 252 8
C 253 26
C 254 2
C 255 3
C 256 15
C 257 3
C 258 26
C 259 9
C 260 5
C 261 8
C 262 23
C 263 23
C 264 26
C 265 16
C 266 7
C 267 2
C 268 22
C 269 6
I 0 3 18 (4,2,0) (0,-1,0,0)|(-1,-1,-1,0)|(0,-1,-1,0)
I 3 1 19 (3,1,3) (1,0,0,0)
I 2 3 20 (3,5,2) (1,1,0,0)|(-1,0,0,0)|(-1,1,-1,0)
