D (8,-1,-1) (0,1,2)
D (3,-1,-1) (1,0,2)
D (7,8,3) (0,1,1)
D (3,9,-1) (5,3,0)
D (8,3,9) (5,1,1)
D (3,9,-1) (0,3,1)
D (8,3,9) (0,4,5)
D (9,-1,-1) (4,5,5)
D (3,9,-1) (5,5,1)
D (6,-1,-1) (1,1,1)
D (8,3,9) (1,4,1)
D (7,-1,-1) (4,1,5)
D (7,8,3) (4,2,3)
D (8,3,-1) (0,4,3)
D (8,3,9) (0,1,0)
D (7,8,-1) (3,5,4)
D (3,-1,-1) (2,4,2)
D (3,-1,-1) (2,0,5)
D (7,-1,-1) (5,2,0)
D (9,-1,-1) (0,5,0)
D (7,-1,-1) (4,1,4)
D (9,-1,-1) (5,1,0)
D (7,8,-1) (3,2,4)
D (7,8,-1) (4,4,0)
D (6,7,-1) (2,5,3)
D (8,3,9) (0,0,2)
D (7,-1,-1) (1,4,0)
D (3,9,-1) (2,0,4)
D (7,-1,-1) (3,3,1)
D (3,9,-1) (4,0,0)
D (6,-1,-1) (5,0,2)
D (7,8,-1) (4,3,1)
D (8,-1,-1) (4,3,5)
C 0 10
C 1 25
C 2 4
C 3 26
C 4 9
C 5 14
C 6 4
C 7 22
C 8 26
C 9 25
C 10 9
C 11 2
C 12 18
C 13 22
C 14 12
C 15 0
C 16 24
C 17 0
C 18 14
C 19 20
C 20 17
C 21 10
C 22 12
C 23 26
C 24 22
C 25 0
C 26 15
C 27 10
C 28 14
C 29 18
C 30 0
C 31 21
C 32 3
C 33 21
C 34 11
C 35 19
C 36 15
C 37 8
C 38 11
C 39 10
C 40 2
C 41 10
C 42 2
C 43 16
C 44 5
C 45 21
C 46 9
C 47 2
C 48 14
C 49 20
C 50 16
C 51 21
C 52 2
C 53 26
C 54 25
C 55 6
C 56 7
C 57 18
C 58 4
C 59 16
C 60 14
C 61 2
C 62 16
C 63 14
C 64 8
C 65 0
C 66 0
C 67 0
C 68 0
C 69 0
C 70 1
C 71 20
C 72 5
C 73 5
C 74 25
C 75 10
C 76 2
C 77 19
C 78 17
C 79 22
C 80 21
C 81 5
C 82 9
C 83 9
C 84 5
C 85 16
C 86 22
C 87 22
C 88 18
C 89 0
C 90 16
C 91 22
C 92 8
C 93 17
C 94 2
C 95 22
C 96 5
C 97 2
C 98 12
C 99 23
C 100 10
C 101 5
C 102 26
C 103 22
C 104 20
C 105 14
C 106 15
C 107 5
C 108 23
C 109 4
C 110 18
C 111 0
C 112 7
C 113 26
C 114 16
C 115 24
C 116 0
C 117 12
C 118 5
C 119 1
C 120 17
C 121 24
C 122 24
C 123 4
C 124 1
C 125 8
C 126 24
C 127 17
C 128 15
C 129 18
C 130 18
C 131 0
C 132 11
C 133 4
C 134 0
C 135 0
C 136 0
C 137 0
C 138 0
C 139 0
C 140 0
C 141 0
C 142 0
C 143 0
C 144 0
C 145 0
C 146 0
C 147 0
C 148 0
C 149 0
C 150 0
C 151 0
C 152 0
C 153 0
C 154 0
C 155 0
C 156 0
C 157 0
C 158 0
C 159 0
C 160 0
C 161 0
C 162 0
C 163 0
C 164 0
C 165 0
C 166 0
C 167 0
C 168 0
C 169 0
C 170 0
C 171 0
C 172 0
C 173 0
C 174 0
C 175 0
C 176 0
C 177 0
C 178 0
C 179 0
C 180 0
C 181 0
C 182 0
C 183 0
C 184 0
C 185 0
C 186 0
C 187 0
C 188 0
C 189 0
C 190 0
C 191 0
C 192 0
C 193 0
C 194 0
C 195 0
C 196 0
C 197 0
C 198 0
C 199 0
C 200 0
C 201 0
C 202 0
C 203 0
C 204 0
C 205 0
C 206 0
C 207 0
C 208 0
C 209 0
C 210 0
C 211 0
C 212 0
C 213 0
C 214 0
C 215 0
C 216 0
C 217 0
C 218 0
C 219 0
C 220 0
C 221 0
C 222 0
C 223 0
C 224 0
C 225 0
C 226 0
C 227 0
C 228 0
C 229 0
C 230 0
C 231 0
C 232 0
C 233 0
C 234 0
C 235 0
C 236 0
C 237 0
C 238 0
C 239 0
C 240 0
C 241 0
C 242 0
C 243 0
C 244 0
C 245 0
C 246 0
C 247 0
C 248 0
C 249 0
C 250 0
C 251 0
C 252 0
C 253 0
C 254 0
C 255 0
C 256 0
C 257 0
C 258 0
C 259 0
C 260 0
C 261 0
C 262 0
C 263 0
C 264 0
C 265 0
C 266 0
C 267 0
C 268 0
C 269 14
I 1 1 14 (0,5,3) (1,0,0,0)
I 3 3 11 (1,5,4) (0,-1,1,0)
I 2 2 15 (4,1,1) (1,-1,-1,0)
