D (9,-1,-1) (1,3,2)
D (9,-1,-1) (1,4,5)
D (6,-1,-1) (2,5,3)
D (9,-1,-1) (3,3,3)
D (9,-1,-1) (5,1,0)
D (9,-1,-1) (3,0,0)
D (8,3,-1) (0,0,3)
D (6,7,8) (0,0,4)
D (6,7,-1) (0,0,1)
D (6,7,8) (1,0,4)
D (9,-1,-1) (1,2,3)
D (7,8,3) (4,2,1)
D (3,9,-1) (0,2,0)
D (6,-1,-1) (4,3,2)
D (6,-1,-1) (0,5,4)
D (9,-1,-1) (5,3,3)
D (3,9,-1) (0,5,0)
D (3,-1,-1) (5,3,1)
D (3,9,-1) (4,4,2)
D (6,7,-1) (4,5,5)
D (6,-1,-1) (3,3,0)
D (7,8,3) (0,4,3)
D (3,9,-1) (2,1,1)
D (8,-1,-1) (0,3,2)
D (6,7,8) (5,4,4)
D (3,9,-1) (5,3,2)
D (7,8,-1) (0,1,2)
D (3,9,-1) (5,1,5)
D (7,8,3) (4,3,1)
D (3,9,-1) (3,5,3)
D (8,3,9) (4,1,1)
D (7,8,-1) (2,5,2)
D (6,7,8) (5,1,1)
D (3,9,-1) (4,2,0)
D (6,7,8) (3,5,0)
D (9,-1,-1) (0,1,4)
D (9,-1,-1) (3,1,5)
D (3,9,-1) (3,5,5)
D (7,-1,-1) (0,2,5)
D (6,7,8) (5,2,5)
D (9,-1,-1) (2,3,3)
D (6,7,-1) (2,4,1)
D (3,-1,-1) (2,5,1)
D (9,-1,-1) (5,2,4)
D (3,-1,-1) (2,0,1)
D (8,-1,-1) (2,3,2)
D (6,-1,-1) (4,3,5)
D (9,-1,-1) (4,1,3)
D (8,-1,-1) (3,1,1)
D (6,-1,-1) (2,5,4)
D (3,9,-1) (1,2,0)
D (7,8,3) (1,5,2)
D (8,3,-1) (2,4,4)
D (7,-1,-1) (0,4,5)
D (8,3,-1) (2,1,4)
D (3,9,-1) (4,5,4)
D (6,7,8) (4,0,3)
D (7,8,3) (2,2,3)
D (9,-1,-1) (3,1,4)
D (6,-1,-1) (0,2,2)
D (6,7,8) (2,0,2)
D (8,3,9) (5,1,3)
D (6,-1,-1) (3,0,5)
D (8,3,-1) (1,0,5)
D (8,3,9) (5,4,5)
D (9,-1,-1) (3,2,5)
D (9,-1,-1) (1,0,1)
D (7,8,3) (2,2,1)
D (9,-1,-1) (4,3,0)
D (8,-1,-1) (5,2,3)
D (7,-1,-1) (4,0,4)
D (9,-1,-1) (2,4,0)
D (3,-1,-1) (1,4,4)
D (3,9,-1) (3,4,4)
D (8,3,-1) (1,2,1)
D (6,-1,-1) (2,0,0)
D (6,7,8) (3,0,4)
D (6,7,-1) (1,3,5)
D (6,7,8) (0,2,4)
D (8,-1,-1) (2,2,4)
D (3,9,-1) (3,2,3)
C 0 4
C 1 16
C 2 3
C 3 25
C 4 24
C 5 9
C 6 20
C 7 17
C 8 22
C 9 4
C 10 14
C 11 3
C 12 15
C 13 23
C 14 18
C 15 19
C 16 4
C 17 5
C 18 5
C 19 21
C 20 10
C 21 15
C 22 18
C 23 26
C 24 14
C 25 18
C 26 2
C 27 25
C 28 12
C 29 18
C 30 24
C 31 4
C 32 20
C 33 25
C 34 25
C 35 4
C 36 3
C 37 12
C 38 6
C 39 0
C 40 22
C 41 20
C 42 24
C 43 23
C 44 21
C 45 11
C 46 16
C 47 24
C 48 3
C 49 4
C 50 10
C 51 19
C 52 21
C 53 4
C 54 17
C 55 7
C 56 15
C 57 11
C 58 3
C 59 4
C 60 6
C 61 26
C 62 5
C 63 5
C 64 17
C 65 19
C 66 1
C 67 2
C 68 18
C 69 0
C 70 25
C 71 0
C 72 26
C 73 25
C 74 1
C 75 17
C 76 19
C 77 1
C 78 16
C 79 7
C 80 26
C 81 16
C 82 9
C 83 1
C 84 7
C 85 21
C 86 7
C 87 2
C 88 15
C 89 17
C 90 21
C 91 5
C 92 4
C 93 25
C 94 25
C 95 4
C 96 15
C 97 15
C 98 24
C 99 1
C 100 21
C 101 26
C 102 25
C 103 5
C 104 3
C 105 10
C 106 14
C 107 23
C 108 20
C 109 26
C 110 2
C 111 21
C 112 16
C 113 25
C 114 2
C 115 20
C 116 16
C 117 6
C 118 4
C 119 1
C 120 20
C 121 12
C 122 24
C 123 20
C 124 15
C 125 19
C 126 10
C 127 2
C 128 11
C 129 14
C 130 5
C 131 7
C 132 8
C 133 19
C 134 14
C 135 14
C 136 14
C 137 16
C 138 14
C 139 4
C 140 15
C 141 10
C 142 5
C 143 7
C 144 20
C 145 16
C 146 11
C 147 24
C 148 12
C 149 25
C 150 6
C 151 3
C 152 14
C 153 19
C 154 8
C 155 7
C 156 8
C 157 23
C 158 10
C 159 6
C 160 3
C 161 23
C 162 0
C 163 5
C 164 19
C 165 3
C 166 24
C 167 18
C 168 23
C 169 17
C 170 16
C 171 12
C 172 20
C 173 23
C 174 24
C 175 16
C 176 9
C 177 8
C 178 2
C 179 15
C 180 1
C 181 8
C 182 2
C 183 21
C 184 6
C 185 6
C 186 8
C 187 26
C 188 19
C 189 19
C 190 3
C 191 15
C 192 0
C 193 5
C 194 18
C 195 18
C 196 25
C 197 3
C 198 17
C 199 11
C 200 10
C 201 18
C 202 11
C 203 10
C 204 26
C 205 14
C 206 3
C 207 0
C 208 10
C 209 20
C 210 6
C 211 23
C 212 15
C 213 10
C 214 2
C 215 11
C 216 18
C 217 26
C 218 16
C 219 26
C 220 2
C 221 14
C 222 11
C 223 19
C 224 6
C 225 0
C 226 8
C 227 14
C 228 15
C 229 14
C 230 19
C 231 14
C 232 3
C 233 2
C 234 6
C 235 21
C 236 8
C 237 24
C 238 17
C 239 26
C 240 4
C 241 23
C 242 9
C 243 3
C 244 4
C 245 7
C 246 11
C 247 5
C 248 16
C 249 25
C 250 10
C 251 15
C 252 8
C 253 14
C 254 1
C 255 8
C 256 19
C 257 5
C 258 10
C 259 18
C 260 16
C 261 14
C 262 11
C 263 11
C 264 1
C 265 11
C 266 20
C 267 14
C 268 0
C 269 12
I 0 1 9 (4,2,3) (0,1,0,0)|(1,1,0,0)|(-1,0,-1,0)|(-1,0,-1,0)|(0,0,0,0)
I 0 2 3 (4,0,0) (0,0,-1,0)|(-1,0,1,0)
I 3 1 9 (5,1,5) (1,1,1,0)|(-1,1,1,0)|(1,0,0,0)
I 4 3 6 (3,1,5) (0,0,-1,0)|(0,-1,-1,0)|(1,1,-1,0)
