D (8,3,9) (2,3,4)
D (7,8,3) (3,4,3)
D (9,-1,-1) (5,1,2)
D (9,-1,-1) (4,5,3)
D (8,-1,-1) (5,3,1)
D (6,7,8) (2,0,1)
D (8,3,-1) (5,2,1)
D (6,7,8) (3,3,3)
D (9,-1,-1) (5,4,3)
D (3,-1,-1) (3,1,0)
D (3,9,-1) (3,2,5)
D (9,-1,-1) (4,0,2)
D (6,7,-1) (3,5,5)
D (6,7,-1) (2,3,2)
D (8,3,-1) (5,5,5)
D (6,7,-1) (2,1,3)
D (8,-1,-1) (2,3,0)
D (6,-1,-1) (5,4,0)
D (3,9,-1) (0,0,5)
D (6,7,-1) (2,0,2)
D (8,3,9) (0,2,5)
D (3,-1,-1) (5,4,1)
D (7,8,-1) (4,3,0)
D (6,7,8) (3,1,1)
D (8,3,9) (4,1,3)
D (9,-1,-1) (1,0,1)
D (9,-1,-1) (0,5,3)
D (9,-1,-1) (1,3,0)
D (7,-1,-1) (3,3,4)
D (3,9,-1) (4,4,3)
D (7,8,3) (2,3,1)
D (9,-1,-1) (4,0,1)
D (3,9,-1) (4,0,3)
D (7,8,3) (5,1,3)
D (6,-1,-1) (4,1,2)
D (9,-1,-1) (2,5,1)
D (6,7,8) (5,3,3)
D (6,7,8) (1,1,2)
D (3,9,-1) (5,5,3)
D (8,3,-1) (3,5,3)
D (9,-1,-1) (4,2,3)
D (8,-1,-1) (4,0,5)
D (9,-1,-1) (4,5,4)
D (7,8,-1) (4,0,0)
D (3,9,-1) (2,5,0)
D (8,3,-1) (3,1,5)
D (6,7,-1) (4,1,4)
C 0 8
C 1 21
C 2 6
C 3 14
C 4 17
C 5 15
C 6 19
C 7 26
C 8 3
C 9 25
C 10 24
C 11 0
C 12 15
C 13 14
C 14 23
C 15 1
C 16 22
C 17 5
C 18 15
C 19 15
C 20 5
C 21 26
C 22 25
C 23 19
C 24 14
C 25 20
C 26 17
C 27 18
C 28 20
C 29 25
C 30 24
C 31 3
C 32 18
C 33 10
C 34 1
C 35 24
C 36 8
C 37 1
C 38 0
C 39 11
C 40 21
C 41 26
C 42 24
C 43 11
C 44 19
C 45 26
C 46 15
C 47 1
C 48 5
C 49 1
C 50 23
C 51 9
C 52 21
C 53 19
C 54 22
C 55 15
C 56 0
C 57 9
C 58 10
C 59 4
C 60 12
C 61 8
C 62 26
C 63 17
C 64 15
C 65 19
C 66 0
C 67 7
C 68 22
C 69 14
C 70 2
C 71 7
C 72 18
C 73 5
C 74 15
C 75 21
C 76 7
C 77 16
C 78 2
C 79 5
C 80 10
C 81 9
C 82 8
C 83 23
C 84 4
C 85 3
C 86 7
C 87 2
C 88 9
C 89 19
C 90 11
C 91 0
C 92 0
C 93 0
C 94 0
C 95 0
C 96 0
C 97 0
C 98 15
C 99 24
C 100 20
C 101 2
C 102 2
C 103 21
C 104 3
C 105 2
C 106 3
C 107 18
C 108 12
C 109 1
C 110 21
C 111 25
C 112 14
C 113 20
C 114 18
C 115 8
C 116 20
C 117 20
C 118 6
C 119 3
C 120 15
C 121 0
C 122 5
C 123 20
C 124 25
C 125 16
C 126 2
C 127 0
C 128 25
C 129 26
C 130 1
C 131 14
C 132 19
C 133 14
C 134 18
C 135 19
C 136 17
C 137 21
C 138 7
C 139 8
C 140 22
C 141 2
C 142 4
C 143 14
C 144 10
C 145 22
C 146 0
C 147 11
C 148 22
C 149 8
C 150 9
C 151 24
C 152 15
C 153 20
C 154 4
C 155 11
C 156 7
C 157 20
C 158 1
C 159 11
C 160 14
C 161 7
C 162 25
C 163 16
C 164 21
C 165 15
C 166 17
C 167 9
C 168 6
C 169 16
C 170 8
C 171 16
C 172 9
C 173 24
C 174 8
C 175 10
C 176 17
C 177 18
C 178 14
C 179 12
C 180 26
C 181 8
C 182 2
C 183 10
C 184 14
C 185 23
C 186 19
C 187 24
C 188 17
C 189 16
C 190 21
C 191 12
C 192 2
C 193 9
C 194 26
C 195 12
C 196 22
C 197 21
C 198 22
C 199 7
C 200 17
C 201 9
C 202 14
C 203 0
C 204 26
C 205 0
C 206 9
C 207 10
C 208 24
C 209 10
C 210 0
C 211 25
C 212 1
C 213 18
C 214 1
C 215 1
C 216 16
C 217 8
C 218 18
C 219 15
C 220 4
C 221 0
C 222 6
C 223 24
C 224 26
C 225 20
C 226 14
C 227 1
C 228 16
C 229 18
C 230 5
C 231 21
C 232 9
C 233 18
C 234 26
C 235 22
C 236 17
C 237 20
C 238 18
C 239 2
C 240 1
C 241 11
C 242 7
C 243 26
C 244 0
C 245 26
C 246 21
C 247 3
C 248 21
C 249 20
C 250 12
C 251 1
C 252 0
C 253 6
C 254 11
C 255 1
C 256 19
C 257 18
C 258 14
C 259 11
C 260 6
C 261 0
C 262 14
C 263 16
C 264 0
C 265 8
C 266 0
C 267 24
C 268 21
C 269 8
I 0 1 10 (0,5,4) (1,-1,-1,0)|(0,0,0,0)|(-1,0,1,0)
I 2 2 17 (5,3,3) (1,0,1,0)|(0,-1,1,0)|(0,-1,1,0)
I 4 3 3 (4,1,2) (0,1,-1,0)
