D (9,-1,-1) (4,0,5)
D (6,7,8) (5,5,0)
D (8,3,-1) (3,3,5)
D (3,9,-1) (1,0,1)
D (8,3,-1) (4,1,3)
D (7,-1,-1) (5,5,2)
D (3,-1,-1) (4,4,4)
D (9,-1,-1) (2,3,0)
D (9,-1,-1) (0,4,1)
D (6,7,8) (4,4,1)
D (3,-1,-1) (3,2,2)
D (3,9,-1) (4,0,3)
D (8,3,-1) (3,0,4)
D (7,8,3) (3,1,1)
D (9,-1,-1) (1,1,1)
D (8,3,9) (5,2,1)
D (3,9,-1) (3,5,2)
D (3,-1,-1) (2,0,1)
D (3,9,-1) (4,2,1)
D (7,8,-1) (2,4,3)
D (3,9,-1) (4,0,0)
D (9,-1,-1) (0,1,4)
D (8,3,9) (2,5,2)
D (8,3,9) (2,4,4)
D (9,-1,-1) (0,2,4)
D (9,-1,-1) (1,1,2)
D (6,-1,-1) (2,5,4)
D (6,-1,-1) (1,2,1)
D (6,7,8) (0,0,4)
D (3,9,-1) (2,3,3)
D (6,-1,-1) (3,2,1)
D (3,9,-1) (5,4,0)
D (6,7,8) (0,3,3)
D (9,-1,-1) (1,3,5)
D (9,-1,-1) (0,4,3)
D (7,8,3) (0,3,4)
D (7,8,3) (2,1,4)
D (6,7,8) (0,5,0)
D (7,-1,-1) (2,2,1)
D (3,9,-1) (5,4,2)
D (3,-1,-1) (3,3,3)
D (7,8,3) (5,3,0)
D (3,-1,-1) (0,3,2)
D (9,-1,-1) (4,1,4)
D (9,-1,-1) (0,5,5)
D (7,-1,-1) (1,2,0)
D (6,7,8) (4,2,3)
D (7,8,3) (2,2,4)
D (7,-1,-1) (5,4,4)
D (9,-1,-1) (0,0,3)
D (3,9,-1) (3,1,4)
D (8,3,-1) (3,0,0)
D (8,3,-1) (0,0,0)
D (3,9,-1) (4,0,4)
D (8,3,9) (0,3,0)
D (7,8,3) (1,3,3)
D (9,-1,-1) (1,0,5)
D (8,-1,-1) (1,1,5)
D (6,-1,-1) (2,1,2)
D (9,-1,-1) (1,2,2)
D (3,-1,-1) (3,0,5)
D (9,-1,-1) (2,4,1)
D (9,-1,-1) (4,3,1)
D (9,-1,-1) (0,1,1)
D (7,8,-1) (5,3,5)
D (7,8,-1) (2,5,3)
D (8,-1,-1) (4,2,4)
D (8,3,9) (1,1,0)
D (6,7,-1) (3,5,0)
C 0 21
C 1 2
C 2 5
C 3 14
C 4 25
C 5 10
C 6 22
C 7 9
C 8 24
C 9 16
C 10 26
C 11 0
C 12 21
C 13 23
C 14 5
C 15 11
C 16 7
C 17 21
C 18 1
C 19 16
C 20 23
C 21 19
C 22 3
C 23 19
C 24 9
C 25 4
C 26 18
C 27 16
C 28 17
C 29 7
C 30 15
C 31 24
C 32 16
C 33 23
C 34 21
C 35 1
C 36 12
C 37 14
C 38 14
C 39 8
C 40 7
C 41 16
C 42 10
C 43 20
C 44 0
C 45 3
C 46 5
C 47 14
C 48 6
C 49 18
C 50 17
C 51 2
C 52 14
C 53 11
C 54 20
C 55 11
C 56 18
C 57 16
C 58 21
C 59 10
C 60 23
C 61 18
C 62 24
C 63 14
C 64 0
C 65 14
C 66 15
C 67 1
C 68 26
C 69 14
C 70 25
C 71 1
C 72 11
C 73 22
C 74 26
C 75 26
C 76 14
C 77 14
C 78 5
C 79 22
C 80 5
C 81 23
C 82 10
C 83 24
C 84 14
C 85 6
C 86 1
C 87 21
C 88 8
C 89 3
C 90 25
C 91 21
C 92 17
C 93 22
C 94 11
C 95 5
C 96 16
C 97 10
C 98 10
C 99 0
C 100 7
C 101 9
C 102 20
C 103 5
C 104 25
C 105 12
C 106 14
C 107 1
C 108 25
C 109 9
C 110 24
C 111 26
C 112 2
C 113 17
C 114 1
C 115 3
C 116 8
C 117 20
C 118 7
C 119 11
C 120 17
C 121 9
C 122 26
C 123 12
C 124 21
C 125 7
C 126 3
C 127 20
C 128 21
C 129 23
C 130 14
C 131 16
C 132 18
C 133 18
C 134 12
C 135 4
C 136 4
C 137 16
C 138 6
C 139 1
C 140 24
C 141 1
C 142 21
C 143 4
C 144 21
C 145 5
C 146 9
C 147 25
C 148 20
C 149 6
C 150 8
C 151 1
C 152 8
C 153 15
C 154 17
C 155 6
C 156 11
C 157 7
C 158 24
C 159 17
C 160 25
C 161 25
C 162 0
C 163 25
C 164 18
C 165 20
C 166 21
C 167 1
C 168 3
C 169 12
C 170 4
C 171 6
C 172 20
C 173 22
C 174 26
C 175 4
C 176 6
C 177 0
C 178 16
C 179 25
C 180 11
C 181 9
C 182 15
C 183 3
C 184 8
C 185 15
C 186 8
C 187 3
C 188 12
C 189 26
C 190 12
C 191 1
C 192 3
C 193 4
C 194 8
C 195 11
C 196 20
C 197 17
C 198 14
C 199 0
C 200 22
C 201 0
C 202 7
C 203 22
C 204 18
C 205 10
C 206 12
C 207 0
C 208 2
C 209 22
C 210 3
C 211 9
C 212 14
C 213 20
C 214 0
C 215 16
C 216 16
C 217 16
C 218 22
C 219 5
C 220 25
C 221 19
C 222 20
C 223 10
C 224 11
C 225 25
C 226 12
C 227 8
C 228 2
C 229 9
C 230 11
C 231 20
C 232 5
C 233 20
C 234 5
C 235 11
C 236 4
C 237 23
C 238 17
C 239 18
C 240 18
C 241 19
C 242 5
C 243 7
C 244 2
C 245 4
C 246 11
C 247 9
C 248 11
C 249 17
C 250 8
C 251 12
C 252 20
C 253 7
C 254 16
C 255 6
C 256 19
C 257 15
C 258 12
C 259 4
C 260 3
C 261 12
C 262 5
C 263 2
C 264 20
C 265 21
C 266 19
C 267 21
C 268 24
C 269 4
I 2 2 7 (1,1,0) (-1,-1,1,0)|(0,1,1,0)|(1,-1,-1,0)
I 1 2 1 (4,3,5) (0,0,-1,0)
I 5 3 14 (5,5,5) (1,-1,1,0)|(0,0,0,0)|(1,1,1,0)
I 2 3 20 (4,3,3) (0,-1,0,0)|(0,0,-1,0)|(-1,1,0,0)|(0,1,1,0)
