D (6,-1,-1) (5,5,3)
D (3,-1,-1) (0,4,3)
D (3,9,-1) (2,4,5)
D (9,-1,-1) (5,2,2)
D (7,8,3) (2,5,1)
D (3,9,-1) (4,5,4)
D (6,-1,-1) (0,4,2)
D (7,8,3) (1,1,2)
D (8,3,-1) (3,0,4)
D (8,3,-1) (2,3,3)
D (9,-1,-1) (3,2,4)
D (8,3,9) (2,5,3)
D (8,-1,-1) (2,2,1)
D (8,-1,-1) (0,3,4)
D (7,-1,-1) (3,3,1)
D (9,-1,-1) (1,4,2)
D (8,-1,-1) (4,2,2)
D (6,7,-1) (4,5,5)
D (7,8,3) (2,5,0)
D (8,-1,-1) (5,5,5)
D (9,-1,-1) (1,3,3)
D (8,-1,-1) (0,5,5)
D (8,3,-1) (1,2,0)
D (9,-1,-1) (3,0,2)
D (9,-1,-1) (4,5,0)
D (7,-1,-1) (4,2,0)
D (6,7,-1) (1,2,2)
D (8,3,-1) (0,2,2)
D (3,9,-1) (0,2,1)
D (6,7,-1) (2,2,0)
D (9,-1,-1) (1,4,4)
D (9,-1,-1) (0,5,2)
D (7,8,3) (5,1,5)
D (6,7,-1) (4,3,0)
D (3,9,-1) (2,4,4)
D (9,-1,-1) (1,2,1)
D (7,8,3) (3,3,3)
D (7,8,-1) (4,0,0)
D (3,9,-1) (3,5,3)
D (7,8,3) (1,1,1)
D (3,9,-1) (0,1,1)
D (9,-1,-1) (4,1,2)
D (9,-1,-1) (4,4,0)
D (8,3,-1) (1,4,3)
D (3,9,-1) (0,1,4)
D (9,-1,-1) (5,4,0)
D (9,-1,-1) (0,1,5)
D (7,8,-1) (3,5,2)
D (6,7,-1) (2,1,4)
D (9,-1,-1) (4,4,3)
D (7,-1,-1) (3,5,5)
D (8,-1,-1) (4,5,2)
D (6,7,8) (5,5,0)
D (8,-1,-1) (4,4,5)
D (9,-1,-1) (2,0,1)
D (8,3,-1) (4,3,5)
C 0 9
C 1 23
C 2 4
C 3 11
C 4 3
C 5 18
C 6 19
C 7 21
C 8 6
C 9 3
C 10 0
C 11 0
C 12 9
C 13 8
C 14 24
C 15 26
C 16 15
C 17 26
C 18 8
C 19 23
C 20 11
C 21 8
C 22 23
C 23 10
C 24 11
C 25 5
C 26 15
C 27 15
C 28 12
C 29 20
C 30 23
C 31 12
C 32 8
C 33 8
C 34 6
C 35 24
C 36 24
C 37 16
C 38 20
C 39 16
C 40 23
C 41 0
C 42 8
C 43 16
C 44 2
C 45 20
C 46 25
C 47 14
C 48 3
C 49 20
C 50 8
C 51 4
C 52 14
C 53 5
C 54 16
C 55 0
C 56 19
C 57 25
C 58 8
C 59 8
C 60 2
C 61 21
C 62 17
C 63 20
C 64 19
C 65 23
C 66 11
C 67 20
C 68 8
C 69 21
C 70 3
C 71 1
C 72 26
C 73 12
C 74 6
C 75 1
C 76 4
C 77 17
C 78 20
C 79 15
C 80 5
C 81 24
C 82 3
C 83 4
C 84 23
C 85 2
C 86 12
C 87 1
C 88 24
C 89 2
C 90 18
C 91 21
C 92 0
C 93 11
C 94 20
C 95 0
C 96 3
C 97 3
C 98 21
C 99 24
C 100 18
C 101 14
C 102 11
C 103 20
C 104 11
C 105 25
C 106 14
C 107 5
C 108 23
C 109 18
C 110 5
C 111 25
C 112 14
C 113 15
C 114 7
C 115 4
C 116 17
C 117 24
C 118 22
C 119 21
C 120 15
C 121 16
C 122 23
C 123 17
C 124 25
C 125 18
C 126 6
C 127 26
C 128 25
C 129 6
C 130 12
C 131 12
C 132 7
C 133 8
C 134 0
C 135 16
C 136 10
C 137 11
C 138 24
C 139 5
C 140 26
C 141 1
C 142 14
C 143 17
C 144 15
C 145 14
C 146 15
C 147 26
C 148 9
C 149 4
C 150 3
C 151 11
C 152 14
C 153 16
C 154 19
C 155 2
C 156 12
C 157 4
C 158 20
C 159 4
C 160 22
C 161 1
C 162 0
C 163 3
C 164 4
C 165 17
C 166 12
C 167 2
C 168 16
C 169 3
C 170 9
C 171 9
C 172 23
C 173 25
C 174 6
C 175 7
C 176 8
C 177 23
C 178 12
C 179 16
C 180 14
C 181 6
C 182 20
C 183 26
C 184 26
C 185 4
C 186 15
C 187 10
C 188 14
C 189 23
C 190 6
C 191 18
C 192 17
C 193 1
C 194 14
C 195 0
C 196 4
C 197 18
C 198 25
C 199 16
C 200 2
C 201 11
C 202 26
C 203 17
C 204 3
C 205 24
C 206 18
C 207 20
C 208 10
C 209 10
C 210 0
C 211 16
C 212 0
C 213 12
C 214 24
C 215 6
C 216 0
C 217 2
C 218 23
C 219 18
C 220 6
C 221 6
C 222 10
C 223 9
C 224 15
C 225 24
C 226 11
C 227 18
C 228 8
C 229 11
C 230 7
C 231 21
C 232 1
C 233 21
C 234 5
C 235 10
C 236 7
C 237 24
C 238 15
C 239 10
C 240 19
C 241 19
C 242 6
C 243 0
C 244 17
C 245 6
C 246 17
C 247 14
C 248 26
C 249 26
C 250 3
C 251 4
C 252 17
C 253 4
C 254 6
C 255 3
C 256 8
C 257 0
C 258 21
C 259 15
C 260 2
C 261 0
C 262 6
C 263 16
C 264 24
C 265 18
C 266 0
C 267 2
C 268 3
C 269 12
I 0 1 17 (3,2,3) (1,0,1,0)|(0,1,0,0)|(0,-1,0,0)
I 2 1 10 (3,3,5) (1,-1,0,0)|(1,1,1,0)|(0,0,-1,0)
I 0 1 7 (4,3,5) (1,0,0,0)|(-1,0,-1,0)|(0,-1,0,0)|(0,0,-1,0)
I 2 3 5 (2,0,4) (-1,1,0,0)|(-1,-1,-1,0)|(0,0,0,0)|(0,-1,1,0)|(0,-1,-1,0)
