D (7,-1,-1) (1,0,4)
D (6,7,-1) (5,5,5)
D (6,7,8) (4,3,5)
D (9,-1,-1) (3,5,5)
D (8,-1,-1) (0,5,4)
D (7,8,3) (5,4,3)
D (9,-1,-1) (5,3,4)
D (6,7,-1) (3,3,2)
D (7,8,-1) (5,3,5)
D (6,7,-1) (0,1,4)
D (7,8,-1) (1,5,2)
D (9,-1,-1) (4,2,0)
D (9,-1,-1) (4,1,3)
D (6,7,8) (3,1,0)
D (9,-1,-1) (2,3,3)
D (3,-1,-1) (5,5,0)
D (7,8,3) (0,1,1)
D (9,-1,-1) (4,0,3)
D (8,3,9) (3,3,1)
D (3,9,-1) (4,0,5)
D (9,-1,-1) (4,4,1)
D (9,-1,-1) (3,2,0)
D (6,7,8) (0,2,5)
D (3,9,-1) (2,4,1)
D (7,-1,-1) (0,4,2)
D (9,-1,-1) (3,4,4)
D (8,-1,-1) (5,2,3)
D (9,-1,-1) (4,4,2)
D (6,7,8) (5,2,1)
D (3,9,-1) (4,3,0)
D (7,-1,-1) (4,2,3)
D (9,-1,-1) (3,2,2)
D (7,8,3) (0,4,5)
D (9,-1,-1) (2,5,1)
D (6,7,-1) (2,0,3)
D (9,-1,-1) (1,4,1)
D (6,7,8) (2,4,3)
D (3,9,-1) (5,5,2)
D (3,-1,-1) (1,2,5)
D (6,7,8) (2,4,4)
D (7,8,3) (1,3,3)
D (3,9,-1) (1,1,2)
D (6,7,-1) (2,5,5)
D (6,7,8) (0,2,0)
D (3,9,-1) (1,4,4)
D (9,-1,-1) (5,3,1)
D (3,9,-1) (4,4,5)
D (9,-1,-1) (5,4,1)
D (7,8,3) (2,0,5)
D (3,9,-1) (4,5,2)
D (7,8,-1) (2,4,2)
D (7,8,3) (1,3,0)
D (7,8,-1) (0,1,2)
D (3,9,-1) (4,2,2)
D (9,-1,-1) (3,0,1)
D (9,-1,-1) (2,0,2)
D (7,8,-1) (3,5,0)
D (7,8,3) (0,2,3)
D (8,3,9) (5,5,1)
D (8,3,9) (2,3,0)
D (9,-1,-1) (3,2,3)
D (9,-1,-1) (4,1,0)
D (7,-1,-1) (2,5,4)
D (7,8,3) (3,4,3)
D (6,7,8) (3,3,5)
D (3,-1,-1) (5,2,0)
D (9,-1,-1) (2,4,5)
D (7,-1,-1) (3,0,0)
C 0 11
C 1 10
C 2 1
C 3 0
C 4 0
C 5 0
C 6 0
C 7 0
C 8 0
C 9 0
C 10 0
C 11 0
C 12 0
C 13 0
C 14 0
C 15 0
C 16 0
C 17 0
C 18 0
C 19 0
C 20 0
C 21 0
C 22 0
C 23 0
C 24 0
C 25 0
C 26 0
C 27 0
C 28 0
C 29 0
C 30 0
C 31 0
C 32 0
C 33 0
C 34 0
C 35 0
C 36 0
C 37 0
C 38 0
C 39 0
C 40 0
C 41 0
C 42 0
C 43 0
C 44 0
C 45 0
C 46 0
C 47 0
C 48 0
C 49 0
C 50 0
C 51 0
C 52 0
C 53 0
C 54 0
C 55 16
C 56 17
C 57 8
C 58 14
C 59 20
C 60 2
C 61 24
C 62 7
C 63 9
C 64 22
C 65 9
C 66 24
C 67 24
C 68 5
C 69 18
C 70 19
C 71 25
C 72 9
C 73 12
C 74 1
C 75 1
C 76 18
C 77 18
C 78 3
C 79 21
C 80 9
C 81 17
C 82 21
C 83 26
C 84 12
C 85 5
C 86 14
C 87 0
C 88 12
C 89 17
C 90 1
C 91 3
C 92 12
C 93 16
C 94 2
C 95 8
C 96 9
C 97 17
C 98 15
C 99 14
C 100 20
C 101 16
C 102 21
C 103 9
C 104 17
C 105 0
C 106 21
C 107 17
C 108 0
C 109 4
C 110 5
C 111 2
C 112 20
C 113 22
C 114 6
C 115 4
C 116 4
C 117 4
C 118 19
C 119 22
C 120 11
C 121 6
C 122 7
C 123 17
C 124 12
C 125 14
C 126 3
C 127 11
C 128 5
C 129 20
C 130 15
C 131 18
C 132 4
C 133 26
C 134 24
C 135 10
C 136 9
C 137 4
C 138 5
C 139 6
C 140 22
C 141 12
C 142 26
C 143 25
C 144 5
C 145 2
C 146 4
C 147 2
C 148 26
C 149 6
C 150 0
C 151 0
C 152 18
C 153 4
C 154 10
C 155 15
C 156 12
C 157 25
C 158 4
C 159 11
C 160 7
C 161 7
C 162 15
C 163 1
C 164 1
C 165 2
C 166 14
C 167 15
C 168 21
C 169 6
C 170 7
C 171 23
C 172 19
C 173 14
C 174 8
C 175 5
C 176 22
C 177 11
C 178 21
C 179 8
C 180 14
C 181 23
C 182 6
C 183 10
C 184 16
C 185 25
C 186 7
C 187 15
C 188 21
C 189 5
C 190 2
C 191 10
C 192 16
C 193 23
C 194 7
C 195 17
C 196 21
C 197 21
C 198 17
C 199 21
C 200 26
C 201 23
C 202 21
C 203 12
C 204 14
C 205 16
C 206 23
C 207 5
C 208 6
C 209 25
C 210 3
C 211 0
C 212 21
C 213 7
C 214 7
C 215 11
C 216 25
C 217 25
C 218 14
C 219 21
C 220 6
C 221 12
C 222 17
C 223 0
C 224 0
C 225 4
C 226 9
C 227 1
C 228 6
C 229 12
C 230 2
C 231 7
C 232 7
C 233 6
C 234 23
C 235 10
C 236 20
C 237 7
C 238 20
C 239 2
C 240 14
C 241 20
C 242 9
C 243 17
C 244 0
C 245 23
C 246 6
C 247 18
C 248 15
C 249 19
C 250 10
C 251 20
C 252 3
C 253 26
C 254 9
C 255 17
C 256 10
C 257 26
C 258 21
C 259 6
C 260 2
C 261 18
C 262 23
C 263 11
C 264 18
C 265 12
C 266 2
C 267 1
C 268 23
C 269 20
I 4 2 19 (1,4,3) (1,0,1,0)|(-1,-1,0,0)|(1,-1,-1,0)
I 1 1 11 (3,3,4) (-1,0,0,0)|(-1,0,-1,0)|(-1,-1,0,0)
