D (3,-1,-1) (4,1,2)
D (9,-1,-1) (3,2,0)
D (7,-1,-1) (3,4,0)
D (6,7,-1) (0,1,5)
D (7,-1,-1) (4,4,2)
D (9,-1,-1) (2,5,0)
D (3,9,-1) (2,0,1)
D (3,-1,-1) (5,5,5)
D (8,3,-1) (1,1,3)
D (8,3,9) (2,4,0)
D (8,3,9) (3,2,4)
D (7,8,3) (0,5,3)
D (3,9,-1) (3,5,3)
D (6,-1,-1) (0,5,1)
D (6,7,-1) (3,1,2)
D (7,8,3) (5,1,1)
D (9,-1,-1) (1,0,4)
D (8,3,9) (0,3,2)
D (7,8,-1) (2,0,0)
D (8,3,9) (4,3,4)
D (6,7,8) (0,0,0)
D (8,3,-1) (5,2,1)
D (9,-1,-1) (0,3,3)
D (7,-1,-1) (0,2,3)
D (9,-1,-1) (2,5,1)
D (7,8,3) (4,0,4)
D (8,3,-1) (2,2,4)
D (9,-1,-1) (0,5,2)
D (8,-1,-1) (0,0,3)
D (8,3,-1) (1,4,5)
D (3,-1,-1) (3,2,3)
D (3,9,-1) (1,4,2)
D (9,-1,-1) (2,3,0)
D (9,-1,-1) (3,0,5)
D (7,8,-1) (0,4,4)
D (7,8,-1) (0,5,0)
D (9,-1,-1) (4,1,3)
D (7,8,3) (2,4,2)
D (3,-1,-1) (0,1,3)
D (3,-1,-1) (2,0,3)
D (8,3,9) (4,5,2)
C 0 21
C 1 3
C 2 16
C 3 15
C 4 7
C 5 2
C 6 18
C 7 16
C 8 15
C 9 2
C 10 9
C 11 24
C 12 15
C 13 8
C 14 19
C 15 5
C 16 11
C 17 12
C 18 16
C 19 11
C 20 15
C 21 2
C 22 9
C 23 4
C 24 2
C 25 8
C 26 9
C 27 0
C 28 14
C 29 26
C 30 11
C 31 12
C 32 14
C 33 19
C 34 1
C 35 0
C 36 17
C 37 19
C 38 6
C 39 6
C 40 4
C 41 9
C 42 14
C 43 11
C 44 5
C 45 22
C 46 25
C 47 24
C 48 23
C 49 4
C 50 15
C 51 22
C 52 0
C 53 0
C 54 0
C 55 0
C 56 0
C 57 0
C 58 0
C 59 0
C 60 0
C 61 0
C 62 0
C 63 0
C 64 0
C 65 0
C 66 0
C 67 0
C 68 0
C 69 0
C 70 0
C 71 0
C 72 0
C 73 0
C 74 0
C 75 0
C 76 0
C 77 0
C 78 0
C 79 0
C 80 0
C 81 0
C 82 0
C 83 0
C 84 0
C 85 0
C 86 0
C 87 0
C 88 0
C 89 0
C 90 0
C 91 0
C 92 0
C 93 0
C 94 0
C 95 0
C 96 0
C 97 0
C 98 0
C 99 0
C 100 0
C 101 0
C 102 0
C 103 0
C 104 0
C 105 0
C 106 0
C 107 0
C 108 0
C 109 0
C 110 0
C 111 0
C 112 0
C 113 0
C 114 0
C 115 0
C 116 0
C 117 0
C 118 0
C 119 0
C 120 0
C 121 0
C 122 0
C 123 0
C 124 0
C 125 0
C 126 0
C 127 0
C 128 0
C 129 0
C 130 0
C 131 0
C 132 0
C 133 0
C 134 0
C 135 0
C 136 0
C 137 0
C 138 0
C 139 0
C 140 0
C 141 0
C 142 0
C 143 26
C 144 16
C 145 12
C 146 25
C 147 18
C 148 25
C 149 12
C 150 11
C 151 18
C 152 1
C 153 1
C 154 0
C 155 21
C 156 4
C 157 9
C 158 20
C 159 19
C 160 23
C 161 12
C 162 1
C 163 12
C 164 15
C 165 15
C 166 25
C 167 12
C 168 16
C 169 24
C 170 6
C 171 0
C 172 23
C 173 21
C 174 14
C 175 1
C 176 7
C 177 1
C 178 2
C 179 18
C 180 6
C 181 0
C 182 18
C 183 25
C 184 26
C 185 0
C 186 14
C 187 11
C 188 19
C 189 4
C 190 23
C 191 22
C 192 4
C 193 19
C 194 8
C 195 12
C 196 23
C 197 9
C 198 7
C 199 22
C 200 20
C 201 2
C 202 2
C 203 0
C 204 18
C 205 24
C 206 18
C 207 3
C 208 21
C 209 8
C 210 4
C 211 14
C 212 9
C 213 22
C 214 1
C 215 24
C 216 24
C 217 16
C 218 0
C 219 16
C 220 6
C 221 5
C 222 3
C 223 10
C 224 21
C 225 18
C 226 17
C 227 2
C 228 14
C 229 17
C 230 26
C 231 8
C 232 2
C 233 24
C 234 3
C 235 2
C 236 6
C 237 1
C 238 9
C 239 8
C 240 4
C 241 6
C 242 5
C 243 14
C 244 3
C 245 16
C 246 21
C 247 16
C 248 6
C 249 24
C 250 3
C 251 2
C 252 24
C 253 4
C 254 6
C 255 14
C 256 21
C 257 16
C 258 18
C 259 21
C 260 10
C 261 12
C 262 5
C 263 23
C 264 8
C 265 23
C 266 25
C 267 11
C 268 12
C 269 3
I 1 1 17 (3,2,3) (1,0,-1,0)|(-1,-1,-1,0)|(0,-1,0,0)|(-1,0,-1,0)|(0,0,0,0)
I 0 1 5 (1,3,0) (0,-1,0,0)|(1,1,1,0)
I 0 1 12 (3,0,1) (-1,1,1,0)|(1,-1,-1,0)|(1,1,-1,0)
