D (3,9,-1) (5,5,2)
D (7,8,-1) (5,5,1)
D (8,3,9) (1,1,3)
D (7,8,-1) (3,3,2)
D (9,-1,-1) (1,2,1)
D (9,-1,-1) (4,4,4)
D (3,-1,-1) (4,4,5)
D (3,9,-1) (1,3,3)
D (7,8,3) (3,1,1)
D (8,3,9) (4,5,3)
D (9,-1,-1) (2,2,5)
D (3,9,-1) (2,2,0)
D (7,8,3) (3,2,1)
D (7,8,3) (2,1,5)
D (8,3,9) (2,5,1)
D (8,-1,-1) (0,2,0)
D (3,-1,-1) (0,5,2)
D (8,3,9) (4,4,2)
D (7,8,-1) (3,1,0)
D (7,-1,-1) (0,4,2)
D (9,-1,-1) (3,1,5)
D (6,7,8) (5,1,1)
D (3,-1,-1) (1,1,4)
D (6,7,-1) (5,3,1)
D (8,3,9) (5,4,3)
D (6,7,8) (1,0,3)
D (7,8,3) (2,3,0)
D (6,7,-1) (1,1,2)
D (6,7,-1) (1,5,2)
D (6,-1,-1) (5,4,1)
D (6,-1,-1) (0,1,2)
D (6,7,8) (4,3,0)
D (7,8,3) (5,0,0)
D (8,3,-1) (2,1,2)
D (9,-1,-1) (1,1,0)
D (8,-1,-1) (3,3,0)
D (3,-1,-1) (4,5,2)
D (7,8,-1) (3,0,4)
D (6,-1,-1) (4,5,5)
D (3,9,-1) (0,0,5)
D (6,7,8) (5,4,2)
D (7,8,-1) (5,2,1)
D (7,8,-1) (0,4,1)
D (3,-1,-1) (5,3,0)
D (3,9,-1) (1,2,4)
D (7,8,3) (2,0,2)
D (8,3,-1) (4,4,0)
D (9,-1,-1) (5,1,5)
D (9,-1,-1) (3,5,4)
D (9,-1,-1) (4,2,4)
D (8,-1,-1) (3,0,1)
D (7,8,3) (4,3,4)
D (3,9,-1) (2,4,1)
D (9,-1,-1) (4,3,3)
D (8,-1,-1) (3,1,2)
D (8,3,-1) (0,4,5)
D (9,-1,-1) (4,2,3)
D (8,3,-1) (5,4,4)
D (9,-1,-1) (3,2,0)
D (6,-1,-1) (2,3,2)
D (7,-1,-1) (3,4,0)
D (8,3,9) (0,5,5)
D (9,-1,-1) (5,2,5)
D (8,-1,-1) (1,1,1)
D (7,8,-1) (5,2,3)
D (7,8,-1) (1,3,1)
D (9,-1,-1) (5,3,3)
C 0 8
C 1 17
C 2 1
C 3 8
C 4 21
C 5 22
C 6 3
C 7 6
C 8 10
C 9 24
C 10 18
C 11 4
C 12 19
C 13 15
C 14 5
C 15 7
C 16 1
C 17 1
C 18 3
C 19 4
C 20 0
C 21 3
C 22 14
C 23 26
C 24 0
C 25 17
C 26 6
C 27 5
C 28 6
C 29 4
C 30 17
C 31 24
C 32 15
C 33 26
C 34 7
C 35 16
C 36 14
C 37 19
C 38 20
C 39 20
C 40 25
C 41 11
C 42 14
C 43 11
C 44 16
C 45 15
C 46 22
C 47 11
C 48 24
C 49 12
C 50 22
C 51 23
C 52 14
C 53 26
C 54 26
C 55 11
C 56 19
C 57 9
C 58 23
C 59 5
C 60 0
C 61 20
C 62 4
C 63 24
C 64 23
C 65 19
C 66 25
C 67 11
C 68 24
C 69 14
C 70 23
C 71 26
C 72 3
C 73 20
C 74 16
C 75 11
C 76 9
C 77 2
C 78 24
C 79 8
C 80 5
C 81 5
C 82 20
C 83 26
C 84 14
C 85 6
C 86 18
C 87 19
C 88 4
C 89 5
C 90 9
C 91 1
C 92 19
C 93 20
C 94 9
C 95 10
C 96 8
C 97 22
C 98 21
C 99 17
C 100 26
C 101 25
C 102 0
C 103 22
C 104 23
C 105 11
C 106 1
C 107 26
C 108 2
C 109 3
C 110 25
C 111 17
C 112 15
C 113 12
C 114 24
C 115 18
C 116 5
C 117 6
C 118 15
C 119 7
C 120 19
C 121 24
C 122 22
C 123 24
C 124 5
C 125 7
C 126 14
C 127 25
C 128 23
C 129 23
C 130 11
C 131 17
C 132 17
C 133 18
C 134 14
C 135 23
C 136 20
C 137 3
C 138 9
C 139 26
C 140 5
C 141 2
C 142 20
C 143 25
C 144 17
C 145 25
C 146 8
C 147 23
C 148 9
C 149 7
C 150 5
C 151 26
C 152 1
C 153 4
C 154 22
C 155 5
C 156 2
C 157 9
C 158 8
C 159 14
C 160 7
C 161 7
C 162 19
C 163 26
C 164 4
C 165 10
C 166 6
C 167 8
C 168 22
C 169 19
C 170 10
C 171 19
C 172 3
C 173 18
C 174 3
C 175 8
C 176 26
C 177 25
C 178 1
C 179 0
C 180 10
C 181 9
C 182 5
C 183 10
C 184 7
C 185 4
C 186 12
C 187 25
C 188 14
C 189 2
C 190 21
C 191 10
C 192 12
C 193 9
C 194 24
C 195 10
C 196 9
C 197 23
C 198 15
C 199 12
C 200 3
C 201 24
C 202 19
C 203 25
C 204 17
C 205 22
C 206 2
C 207 19
C 208 15
C 209 9
C 210 1
C 211 25
C 212 7
C 213 22
C 214 1
C 215 21
C 216 21
C 217 16
C 218 8
C 219 7
C 220 22
C 221 1
C 222 5
C 223 4
C 224 19
C 225 9
C 226 1
C 227 2
C 228 21
C 229 22
C 230 5
C 231 4
C 232 23
C 233 0
C 234 7
C 235 9
C 236 10
C 237 23
C 238 9
C 239 6
C 240 0
C 241 0
C 242 0
C 243 0
C 244 0
C 245 0
C 246 0
C 247 0
C 248 0
C 249 0
C 250 0
C 251 0
C 252 0
C 253 0
C 254 0
C 255 0
C 256 0
C 257 0
C 258 0
C 259 0
C 260 0
C 261 0
C 262 22
C 263 6
C 264 21
C 265 1
C 266 19
C 267 17
C 268 10
C 269 12
I 0 2 18 (5,4,5) (-1,-1,0,0)|(1,1,-1,0)|(-1,-1,0,0)
I 1 2 8 (3,5,1) (1,1,0,0)
I 4 2 13 (2,2,4) (-1,1,-1,0)
