D (3,-1,-1) (3,1,2)
D (8,-1,-1) (1,4,0)
D (8,-1,-1) (2,0,2)
D (8,-1,-1) (4,1,5)
D (9,-1,-1) (5,1,3)
D (3,9,-1) (4,3,4)
D (8,3,-1) (5,4,2)
D (9,-1,-1) (4,4,1)
D (6,7,-1) (1,4,4)
D (3,-1,-1) (0,2,1)
D (7,8,3) (5,4,5)
D (3,9,-1) (3,4,0)
D (6,-1,-1) (1,3,1)
D (8,3,9) (0,3,3)
D (9,-1,-1) (5,3,0)
D (7,8,3) (5,3,3)
D (9,-1,-1) (2,1,5)
D (6,-1,-1) (5,2,0)
D (9,-1,-1) (0,5,1)
D (7,8,-1) (0,2,3)
D (8,-1,-1) (1,1,2)
D (6,7,8) (5,0,0)
D (3,9,-1) (1,5,5)
D (6,-1,-1) (4,0,1)
D (7,8,3) (2,5,4)
D (7,8,3) (3,5,2)
D (6,-1,-1) (4,0,5)
D (9,-1,-1) (0,0,2)
D (8,3,-1) (2,1,2)
D (6,7,8) (3,3,5)
D (7,8,-1) (1,1,4)
D (6,7,-1) (5,0,1)
D (6,7,8) (0,4,3)
C 0 11
C 1 8
C 2 14
C 3 17
C 4 21
C 5 16
C 6 11
C 7 17
C 8 4
C 9 19
C 10 9
C 11 3
C 12 14
C 13 24
C 14 9
C 15 23
C 16 20
C 17 8
C 18 9
C 19 5
C 20 12
C 21 24
C 22 7
C 23 10
C 24 4
C 25 8
C 26 26
C 27 18
C 28 25
C 29 0
C 30 6
C 31 22
C 32 16
C 33 14
C 34 22
C 35 17
C 36 18
C 37 10
C 38 0
C 39 12
C 40 2
C 41 7
C 42 8
C 43 9
C 44 21
C 45 25
C 46 22
C 47 16
C 48 20
C 49 3
C 50 23
C 51 19
C 52 26
C 53 12
C 54 0
C 55 16
C 56 21
C 57 9
C 58 2
C 59 1
C 60 1
C 61 7
C 62 25
C 63 8
C 64 7
C 65 18
C 66 10
C 67 3
C 68 22
C 69 11
C 70 3
C 71 16
C 72 7
C 73 22
C 74 3
C 75 5
C 76 12
C 77 6
C 78 8
C 79 14
C 80 4
C 81 5
C 82 26
C 83 3
C 84 3
C 85 17
C 86 4
C 87 8
C 88 12
C 89 24
C 90 16
C 91 24
C 92 15
C 93 24
C 94 14
C 95 5
C 96 22
C 97 21
C 98 2
C 99 18
C 100 7
C 101 19
C 102 17
C 103 26
C 104 9
C 105 21
C 106 7
C 107 23
C 108 22
C 109 22
C 110 23
C 111 15
C 112 9
C 113 5
C 114 20
C 115 8
C 116 17
C 117 26
C 118 2
C 119 21
C 120 23
C 121 14
C 122 12
C 123 24
C 124 10
C 125 14
C 126 11
C 127 18
C 128 5
C 129 9
C 130 26
C 131 20
C 132 5
C 133 6
C 134 26
C 135 4
C 136 17
C 137 12
C 138 22
C 139 16
C 140 24
C 141 6
C 142 0
C 143 14
C 144 12
C 145 25
C 146 14
C 147 11
C 148 8
C 149 15
C 150 11
C 151 7
C 152 12
C 153 9
C 154 14
C 155 15
C 156 8
C 157 24
C 158 9
C 159 0
C 160 23
C 161 2
C 162 7
C 163 24
C 164 23
C 165 12
C 166 11
C 167 1
C 168 14
C 169 16
C 170 4
C 171 1
C 172 26
C 173 2
C 174 10
C 175 0
C 176 5
C 177 18
C 178 11
C 179 26
C 180 7
C 181 14
C 182 23
C 183 26
C 184 8
C 185 20
C 186 5
C 187 20
C 188 5
C 189 9
C 190 10
C 191 7
C 192 9
C 193 20
C 194 26
C 195 4
C 196 15
C 197 12
C 198 9
C 199 25
C 200 21
C 201 17
C 202 8
C 203 17
C 204 5
C 205 1
C 206 15
C 207 19
C 208 2
C 209 15
C 210 19
C 211 14
C 212 25
C 213 21
C 214 2
C 215 20
C 216 0
C 217 4
C 218 4
C 219 26
C 220 3
C 221 8
C 222 22
C 223 0
C 224 1
C 225 0
C 226 14
C 227 5
C 228 11
C 229 17
C 230 5
C 231 26
C 232 22
C 233 10
C 234 1
C 235 15
C 236 0
C 237 10
C 238 25
C 239 26
C 240 9
C 241 9
C 242 21
C 243 26
C 244 23
C 245 23
C 246 5
C 247 11
C 248 24
C 249 16
C 250 24
C 251 0
C 252 16
C 253 1
C 254 6
C 255 4
C 256 6
C 257 22
C 258 14
C 259 6
C 260 9
C 261 16
C 262 1
C 263 1
C 264 16
C 265 23
C 266 5
C 267 15
C 268 15
C 269 14
I 1 1 2 (2,4,4) (0,0,-1,0)|(-1,-1,1,0)|(0,0,1,0)
