D (6,-1,-1) (5,3,0)
D (8,3,9) (2,3,5)
D (3,9,-1) (0,4,1)
D (7,8,-1) (1,2,4)
D (6,7,8) (2,1,3)
D (7,-1,-1) (0,5,5)
D (6,-1,-1) (2,2,5)
D (6,7,-1) (1,5,1)
D (7,-1,-1) (4,3,3)
D (3,9,-1) (4,1,5)
D (6,-1,-1) (2,3,1)
D (7,8,-1) (2,0,0)
D (8,3,-1) (4,4,4)
D (6,7,8) (2,3,3)
D (8,-1,-1) (3,5,5)
D (8,3,9) (2,4,4)
D (9,-1,-1) (4,5,4)
D (9,-1,-1) (0,3,2)
D (9,-1,-1) (3,4,2)
D (8,3,9) (4,5,0)
D (6,-1,-1) (4,4,3)
D (7,-1,-1) (4,2,3)
D (7,-1,-1) (5,5,0)
D (3,9,-1) (1,3,3)
D (8,3,9) (1,1,2)
D (8,3,9) (1,1,5)
D (8,-1,-1) (4,5,3)
D (8,3,-1) (0,5,1)
D (3,9,-1) (3,3,2)
D (3,-1,-1) (5,0,5)
D (3,9,-1) (5,2,0)
D (3,9,-1) (5,0,3)
D (9,-1,-1) (2,4,2)
D (3,9,-1) (3,0,0)
D (8,3,-1) (0,3,5)
D (8,3,-1) (4,3,1)
D (6,7,-1) (1,3,0)
D (9,-1,-1) (2,5,5)
C 0 22
C 1 2
C 2 19
C 3 17
C 4 23
C 5 25
C 6 3
C 7 0
C 8 20
C 9 4
C 10 11
C 11 9
C 12 11
C 13 3
C 14 7
C 15 9
C 16 18
C 17 20
C 18 1
C 19 8
C 20 3
C 21 11
C 22 19
C 23 1
C 24 11
C 25 17
C 26 7
C 27 21
C 28 21
C 29 26
C 30 3
C 31 24
C 32 16
C 33 10
C 34 7
C 35 26
C 36 8
C 37 18
C 38 17
C 39 5
C 40 6
C 41 12
C 42 8
C 43 6
C 44 23
C 45 6
C 46 14
C 47 7
C 48 7
C 49 3
C 50 12
C 51 26
C 52 17
C 53 20
C 54 16
C 55 17
C 56 26
C 57 10
C 58 7
C 59 18
C 60 18
C 61 23
C 62 3
C 63 2
C 64 7
C 65 9
C 66 17
C 67 3
C 68 18
C 69 20
C 70 24
C 71 14
C 72 18
C 73 6
C 74 3
C 75 9
C 76 1
C 77 1
C 78 16
C 79 5
C 80 10
C 81 26
C 82 22
C 83 1
C 84 9
C 85 24
C 86 14
C 87 25
C 88 7
C 89 4
C 90 18
C 91 8
C 92 25
C 93 8
C 94 21
C 95 23
C 96 8
C 97 0
C 98 0
C 99 5
C 100 0
C 101 0
C 102 0
C 103 0
C 104 12
C 105 21
C 106 12
C 107 21
C 108 19
C 109 24
C 110 15
C 111 1
C 112 9
C 113 11
C 114 11
C 115 0
C 116 0
C 117 0
C 118 0
C 119 0
C 120 0
C 121 0
C 122 0
C 123 0
C 124 0
C 125 0
C 126 0
C 127 0
C 128 0
C 129 0
C 130 0
C 131 0
C 132 0
C 133 0
C 134 0
C 135 0
C 136 0
C 137 0
C 138 0
C 139 0
C 140 0
C 141 0
C 142 0
C 143 0
C 144 0
C 145 0
C 146 0
C 147 0
C 148 0
C 149 0
C 150 0
C 151 0
C 152 0
C 153 0
C 154 0
C 155 0
C 156 0
C 157 0
C 158 0
C 159 0
C 160 0
C 161 0
C 162 0
C 163 0
C 164 0
C 165 0
C 166 0
C 167 0
C 168 2
C 169 14
C 170 10
C 171 17
C 172 20
C 173 11
C 174 21
C 175 15
C 176 8
C 177 3
C 178 10
C 179 16
C 180 12
C 181 9
C 182 21
C 183 24
C 184 24
C 185 4
C 186 19
C 187 18
C 188 18
C 189 8
C 190 21
C 191 7
C 192 4
C 193 22
C 194 23
C 195 0
C 196 25
C 197 17
C 198 24
C 199 9
C 200 17
C 201 0
C 202 3
C 203 8
C 204 4
C 205 21
C 206 5
C 207 10
C 208 8
C 209 22
C 210 1
C 211 16
C 212 25
C 213 18
C 214 24
C 215 5
C 216 6
C 217 8
C 218 3
C 219 0
C 220 7
C 221 22
C 222 3
C 223 22
C 224 1
C 225 15
C 226 2
C 227 22
C 228 19
C 229 23
C 230 16
C 231 3
C 232 16
C 233 22
C 234 24
C 235 4
C 236 10
C 237 22
C 238 9
C 239 9
C 240 22
C 241 11
C 242 4
C 243 0
C 244 16
C 245 20
C 246 2
C 247 12
C 248 23
C 249 11
C 250 12
C 251 0
C 252 19
C 253 9
C 254 14
C 255 0
C 256 15
C 257 16
C 258 14
C 259 15
C 260 22
C 261 19
C 262 17
C 263 6
C 264 18
C 265 14
C 266 3
C 267 8
C 268 26
C 269 16
I 5 3 3 (3,0,5) (0,-1,1,0)|(1,1,-1,0)|(0,0,0,0)|(-1,0,0,0)
I 4 1 4 (1,2,0) (1,-1,0,0)
I 0 1 6 (3,0,3) (-1,1,1,0)|(-1,-1,-1,0)|(1,0,-1,0)
