D (9,-1,-1) (3,2,5)
D (8,3,9) (5,0,3)
D (9,-1,-1) (0,1,0)
D (6,7,-1) (0,1,3)
D (6,-1,-1) (5,1,0)
D (9,-1,-1) (3,1,0)
D (7,8,3) (1,1,0)
D (3,9,-1) (2,3,1)
D (3,9,-1) (5,4,1)
D (9,-1,-1) (3,3,1)
D (3,9,-1) (1,1,1)
D (3,9,-1) (5,5,3)
D (8,3,9) (3,5,3)
D (7,8,3) (3,2,2)
D (9,-1,-1) (0,2,3)
D (8,3,9) (3,3,3)
D (8,-1,-1) (0,2,2)
D (7,8,3) (0,3,4)
D (6,-1,-1) (0,3,2)
D (6,7,-1) (5,4,5)
D (3,9,-1) (1,3,4)
D (9,-1,-1) (1,0,2)
D (6,-1,-1) (4,4,2)
D (3,9,-1) (0,1,5)
D (3,-1,-1) (4,4,4)
D (7,8,-1) (2,3,4)
D (3,9,-1) (0,3,5)
D (7,8,3) (1,4,1)
D (7,8,-1) (4,4,3)
D (9,-1,-1) (1,3,1)
D (7,8,3) (4,1,3)
D (6,7,8) (0,4,4)
D (3,-1,-1) (1,5,1)
D (7,8,3) (2,3,2)
D (8,3,9) (5,0,0)
D (6,7,8) (4,0,1)
D (3,9,-1) (2,5,2)
D (7,8,3) (3,2,0)
D (6,-1,-1) (5,0,5)
D (8,-1,-1) (1,5,2)
D (9,-1,-1) (5,4,4)
D (7,-1,-1) (3,3,4)
D (9,-1,-1) (1,3,0)
D (7,-1,-1) (1,0,0)
D (7,-1,-1) (4,0,3)
D (8,3,-1) (5,3,2)
D (8,3,9) (2,2,0)
D (8,-1,-1) (2,3,3)
D (3,9,-1) (1,3,2)
D (3,-1,-1) (1,0,5)
D (9,-1,-1) (5,5,4)
D (9,-1,-1) (1,0,1)
D (8,3,9) (2,5,0)
D (7,8,-1) (3,4,2)
D (7,8,3) (1,4,3)
D (9,-1,-1) (4,0,2)
D (3,-1,-1) (5,3,1)
D (6,-1,-1) (3,1,1)
D (6,-1,-1) (5,0,4)
D (6,7,8) (3,1,2)
D (6,-1,-1) (3,5,4)
D (3,9,-1) (2,0,4)
D (9,-1,-1) (3,4,5)
D (8,3,9) (5,3,0)
D (9,-1,-1) (2,3,0)
D (3,9,-1) (2,1,1)
D (8,-1,-1) (1,5,5)
D (8,-1,-1) (3,5,5)
D (6,7,8) (2,0,5)
D (3,9,-1) (4,2,1)
D (9,-1,-1) (2,2,4)
D (9,-1,-1) (3,0,1)
D (9,-1,-1) (3,4,3)
D (6,7,-1) (0,5,0)
D (7,-1,-1) (1,4,0)
C 0 6
C 1 26
C 2 18
C 3 8
C 4 24
C 5 17
C 6 20
C 7 21
C 8 15
C 9 19
C 10 5
C 11 16
C 12 10
C 13 23
C 14 5
C 15 24
C 16 0
C 17 2
C 18 5
C 19 25
C 20 9
C 21 6
C 22 21
C 23 6
C 24 21
C 25 20
C 26 25
C 27 15
C 28 14
C 29 14
C 30 20
C 31 15
C 32 8
C 33 14
C 34 5
C 35 14
C 36 7
C 37 1
C 38 3
C 39 25
C 40 23
C 41 21
C 42 7
C 43 21
C 44 2
C 45 6
C 46 19
C 47 22
C 48 23
C 49 8
C 50 11
C 51 26
C 52 22
C 53 11
C 54 4
C 55 20
C 56 3
C 57 2
C 58 4
C 59 16
C 60 17
C 61 23
C 62 24
C 63 23
C 64 26
C 65 16
C 66 20
C 67 4
C 68 26
C 69 15
C 70 9
C 71 10
C 72 6
C 73 15
C 74 20
C 75 26
C 76 0
C 77 21
C 78 4
C 79 24
C 80 14
C 81 9
C 82 24
C 83 15
C 84 0
C 85 5
C 86 22
C 87 16
C 88 19
C 89 20
C 90 25
C 91 8
C 92 26
C 93 16
C 94 15
C 95 2
C 96 11
C 97 26
C 98 14
C 99 16
C 100 11
C 101 20
C 102 26
C 103 6
C 104 21
C 105 12
C 106 7
C 107 22
C 108 7
C 109 20
C 110 16
C 111 12
C 112 4
C 113 21
C 114 22
C 115 16
C 116 15
C 117 24
C 118 0
C 119 21
C 120 18
C 121 24
C 122 15
C 123 8
C 124 26
C 125 11
C 126 17
C 127 21
C 128 2
C 129 6
C 130 15
C 131 21
C 132 4
C 133 20
C 134 14
C 135 23
C 136 12
C 137 10
C 138 21
C 139 23
C 140 26
C 141 2
C 142 3
C 143 4
C 144 9
C 145 9
C 146 7
C 147 11
C 148 24
C 149 23
C 150 11
C 151 4
C 152 8
C 153 14
C 154 25
C 155 6
C 156 16
C 157 25
C 158 15
C 159 18
C 160 10
C 161 14
C 162 15
C 163 15
C 164 11
C 165 11
C 166 12
C 167 6
C 168 16
C 169 11
C 170 20
C 171 4
C 172 22
C 173 25
C 174 15
C 175 5
C 176 23
C 177 15
C 178 10
C 179 21
C 180 6
C 181 7
C 182 23
C 183 16
C 184 9
C 185 2
C 186 17
C 187 14
C 188 18
C 189 17
C 190 25
C 191 20
C 192 2
C 193 5
C 194 22
C 195 9
C 196 20
C 197 11
C 198 15
C 199 24
C 200 7
C 201 15
C 202 12
C 203 6
C 204 3
C 205 14
C 206 17
C 207 7
C 208 2
C 209 25
C 210 11
C 211 4
C 212 0
C 213 0
C 214 0
C 215 0
C 216 0
C 217 0
C 218 0
C 219 0
C 220 0
C 221 0
C 222 0
C 223 0
C 224 0
C 225 0
C 226 0
C 227 0
C 228 0
C 229 0
C 230 0
C 231 0
C 232 0
C 233 0
C 234 0
C 235 0
C 236 0
C 237 6
C 238 24
C 239 26
C 240 20
C 241 14
C 242 17
C 243 21
C 244 21
C 245 17
C 246 20
C 247 9
C 248 4
C 249 11
C 250 7
C 251 4
C 252 1
C 253 18
C 254 0
C 255 10
C 256 0
C 257 21
C 258 18
C 259 11
C 260 1
C 261 17
C 262 7
C 263 14
C 264 21
C 265 21
C 266 23
C 267 12
C 268 0
C 269 22
I 5 3 18 (4,3,1) (0,-1,0,0)|(0,1,0,0)
I 3 3 7 (2,1,4) (1,0,0,0)
I 4 3 18 (4,1,4) (-1,0,0,0)
