D (7,8,3) (0,1,3)
D (6,7,8) (4,1,2)
D (7,8,3) (5,2,5)
D (6,-1,-1) (0,0,5)
D (8,-1,-1) (1,2,0)
D (6,7,8) (5,4,1)
D (3,9,-1) (1,0,0)
D (6,-1,-1) (1,5,2)
D (7,8,-1) (2,0,4)
D (3,-1,-1) (0,5,1)
D (7,8,-1) (5,3,3)
D (7,8,3) (5,2,2)
D (8,-1,-1) (5,3,2)
D (7,8,-1) (2,5,1)
D (9,-1,-1) (0,4,5)
D (7,8,3) (1,0,1)
D (7,-1,-1) (3,0,2)
D (3,9,-1) (2,2,5)
D (6,7,-1) (0,3,3)
D (8,3,9) (2,5,4)
D (7,-1,-1) (1,2,4)
D (9,-1,-1) (4,3,3)
D (9,-1,-1) (4,3,4)
D (7,-1,-1) (2,1,1)
D (9,-1,-1) (4,2,0)
D (3,9,-1) (1,4,0)
D (6,7,8) (4,0,1)
D (6,7,8) (3,0,1)
D (8,3,-1) (5,1,1)
D (3,9,-1) (5,1,3)
D (7,8,-1) (4,2,5)
D (6,-1,-1) (0,3,0)
D (6,-1,-1) (3,3,0)
D (9,-1,-1) (1,4,2)
D (3,-1,-1) (3,3,2)
D (7,8,3) (4,3,1)
D (6,7,-1) (3,4,0)
D (6,-1,-1) (0,2,2)
D (8,3,9) (5,4,3)
D (9,-1,-1) (3,1,3)
D (3,-1,-1) (0,1,2)
D (6,7,8) (2,1,3)
D (7,8,3) (1,3,2)
D (9,-1,-1) (5,1,2)
D (8,-1,-1) (2,0,5)
D (3,9,-1) (4,3,5)
D (8,3,-1) (5,2,4)
D (6,7,8) (4,2,3)
D (7,8,3) (2,5,0)
D (3,-1,-1) (0,5,3)
D (7,8,-1) (1,5,5)
D (8,3,9) (0,3,5)
D (9,-1,-1) (1,1,0)
D (6,7,8) (0,4,3)
D (3,9,-1) (5,5,0)
D (9,-1,-1) (1,1,5)
C 0 15
C 1 4
C 2 9
C 3 19
C 4 0
C 5 15
C 6 7
C 7 26
C 8 21
C 9 2
C 10 8
C 11 18
C 12 19
C 13 26
C 14 7
C 15 5
C 16 2
C 17 6
C 18 16
C 19 24
C 20 21
C 21 23
C 22 21
C 23 21
C 24 18
C 25 26
C 26 20
C 27 20
C 28 23
C 29 22
C 30 21
C 31 7
C 32 15
C 33 23
C 34 17
C 35 3
C 36 16
C 37 17
C 38 26
C 39 25
C 40 5
C 41 0
C 42 2
C 43 19
C 44 2
C 45 16
C 46 4
C 47 23
C 48 19
C 49 3
C 50 25
C 51 4
C 52 19
C 53 22
C 54 5
C 55 2
C 56 18
C 57 17
C 58 21
C 59 18
C 60 11
C 61 16
C 62 9
C 63 12
C 64 9
C 65 12
C 66 9
C 67 25
C 68 20
C 69 20
C 70 1
C 71 5
C 72 19
C 73 1
C 74 16
C 75 0
C 76 0
C 77 0
C 78 0
C 79 0
C 80 0
C 81 0
C 82 0
C 83 0
C 84 0
C 85 0
C 86 0
C 87 0
C 88 0
C 89 0
C 90 0
C 91 0
C 92 0
C 93 0
C 94 0
C 95 0
C 96 0
C 97 0
C 98 0
C 99 0
C 100 0
C 101 0
C 102 0
C 103 0
C 104 0
C 105 0
C 106 0
C 107 0
C 108 0
C 109 0
C 110 0
C 111 0
C 112 0
C 113 3
C 114 14
C 115 22
C 116 22
C 117 14
C 118 11
C 119 20
C 120 8
C 121 12
C 122 26
C 123 6
C 124 1
C 125 5
C 126 1
C 127 11
C 128 5
C 129 18
C 130 2
C 131 5
C 132 9
C 133 25
C 134 20
C 135 15
C 136 19
C 137 9
C 138 5
C 139 3
C 140 2
C 141 10
C 142 20
C 143 20
C 144 3
C 145 6
C 146 1
C 147 4
C 148 17
C 149 23
C 150 8
C 151 10
C 152 2
C 153 0
C 154 0
C 155 16
C 156 21
C 157 8
C 158 9
C 159 0
C 160 10
C 161 4
C 162 14
C 163 16
C 164 11
C 165 10
C 166 2
C 167 6
C 168 9
C 169 3
C 170 9
C 171 7
C 172 3
C 173 0
C 174 14
C 175 0
C 176 12
C 177 2
C 178 8
C 179 21
C 180 14
C 181 17
C 182 25
C 183 11
C 184 0
C 185 9
C 186 9
C 187 7
C 188 24
C 189 17
C 190 17
C 191 14
C 192 25
C 193 8
C 194 10
C 195 8
C 196 1
C 197 19
C 198 25
C 199 18
C 200 17
C 201 22
C 202 19
C 203 16
C 204 7
C 205 12
C 206 3
C 207 16
C 208 5
C 209 6
C 210 9
C 211 12
C 212 10
C 213 0
C 214 15
C 215 8
C 216 1
C 217 20
C 218 5
C 219 24
C 220 8
C 221 12
C 222 4
C 223 16
C 224 23
C 225 6
C 226 0
C 227 4
C 228 1
C 229 0
C 230 3
C 231 3
C 232 0
C 233 10
C 234 0
C 235 0
C 236 0
C 237 0
C 238 0
C 239 0
C 240 0
C 241 0
C 242 0
C 243 0
C 244 0
C 245 0
C 246 0
C 247 0
C 248 0
C 249 0
C 250 0
C 251 0
C 252 0
C 253 0
C 254 0
C 255 0
C 256 0
C 257 4
C 258 17
C 259 7
C 260 3
C 261 0
C 262 21
C 263 19
C 264 21
C 265 1
C 266 16
C 267 6
C 268 21
C 269 20
I 1 2 1 (3,1,0) (0,0,1,0)|(1,0,0,0)|(0,1,0,0)|(-1,0,-1,0)|(1,0,-1,0)
I 0 1 9 (2,4,5) (-1,-1,0,0)|(1,0,0,0)
I 1 2 6 (1,5,5) (1,-1,0,0)|(-1,0,0,0)
