D (6,7,-1) (2,3,1)
D (8,-1,-1) (5,4,3)
D (6,7,-1) (0,4,2)
D (8,-1,-1) (1,3,0)
D (8,3,-1) (5,5,0)
D (7,-1,-1) (3,4,0)
D (3,9,-1) (3,2,3)
D (3,9,-1) (5,5,3)
D (3,9,-1) (1,1,4)
D (6,7,-1) (0,3,1)
D (9,-1,-1) (2,0,0)
D (7,8,3) (2,1,0)
D (9,-1,-1) (1,2,0)
D (8,3,-1) (0,4,4)
D (3,9,-1) (5,3,0)
D (3,9,-1) (2,1,3)
D (8,-1,-1) (1,2,1)
D (7,8,3) (5,4,4)
D (9,-1,-1) (4,5,2)
D (7,-1,-1) (5,5,2)
D (3,9,-1) (1,3,5)
D (8,-1,-1) (4,5,4)
D (3,9,-1) (5,0,2)
D (9,-1,-1) (3,4,3)
D (9,-1,-1) (0,1,4)
D (7,-1,-1) (2,5,5)
D (9,-1,-1) (2,2,0)
D (7,-1,-1) (3,3,3)
D (6,-1,-1) (1,5,2)
D (7,8,-1) (5,1,4)
D (8,-1,-1) (0,1,3)
D (6,7,8) (4,1,3)
C 0 7
C 1 4
C 2 17
C 3 9
C 4 14
C 5 3
C 6 25
C 7 4
C 8 20
C 9 14
C 10 23
C 11 14
C 12 4
C 13 25
C 14 2
C 15 12
C 16 6
C 17 20
C 18 5
C 19 6
C 20 4
C 21 11
C 22 17
C 23 1
C 24 10
C 25 3
C 26 21
C 27 3
C 28 20
C 29 26
C 30 20
C 31 23
C 32 22
C 33 4
C 34 4
C 35 14
C 36 22
C 37 15
C 38 0
C 39 0
C 40 0
C 41 0
C 42 0
C 43 0
C 44 0
C 45 0
C 46 0
C 47 0
C 48 0
C 49 0
C 50 0
C 51 0
C 52 0
C 53 0
C 54 0
C 55 0
C 56 0
C 57 0
C 58 0
C 59 0
C 60 0
C 61 0
C 62 0
C 63 0
C 64 0
C 65 0
C 66 0
C 67 0
C 68 0
C 69 0
C 70 0
C 71 0
C 72 0
C 73 0
C 74 0
C 75 0
C 76 0
C 77 0
C 78 0
C 79 0
C 80 0
C 81 0
C 82 0
C 83 0
C 84 0
C 85 0
C 86 0
C 87 0
C 88 0
C 89 0
C 90 0
C 91 14
C 92 9
C 93 19
C 94 26
C 95 23
C 96 25
C 97 23
C 98 12
C 99 7
C 100 24
C 101 12
C 102 0
C 103 2
C 104 16
C 105 21
C 106 9
C 107 25
C 108 23
C 109 10
C 110 12
C 111 23
C 112 12
C 113 23
C 114 16
C 115 10
C 116 2
C 117 8
C 118 2
C 119 4
C 120 0
C 121 0
C 122 0
C 123 0
C 124 0
C 125 0
C 126 0
C 127 0
C 128 0
C 129 0
C 130 0
C 131 0
C 132 0
C 133 0
C 134 0
C 135 20
C 136 5
C 137 20
C 138 24
C 139 24
C 140 25
C 141 24
C 142 9
C 143 24
C 144 21
C 145 23
C 146 6
C 147 21
C 148 8
C 149 9
C 150 11
C 151 14
C 152 1
C 153 15
C 154 19
C 155 20
C 156 23
C 157 2
C 158 18
C 159 1
C 160 0
C 161 0
C 162 10
C 163 19
C 164 9
C 165 2
C 166 22
C 167 25
C 168 15
C 169 3
C 170 4
C 171 22
C 172 5
C 173 12
C 174 3
C 175 26
C 176 11
C 177 11
C 178 17
C 179 9
C 180 11
C 181 18
C 182 9
C 183 26
C 184 0
C 185 0
C 186 0
C 187 0
C 188 0
C 189 0
C 190 0
C 191 0
C 192 0
C 193 0
C 194 0
C 195 0
C 196 0
C 197 0
C 198 0
C 199 0
C 200 0
C 201 0
C 202 4
C 203 1
C 204 2
C 205 17
C 206 25
C 207 26
C 208 25
C 209 0
C 210 8
C 211 14
C 212 5
C 213 7
C 214 4
C 215 4
C 216 6
C 217 26
C 218 19
C 219 7
C 220 21
C 221 3
C 222 9
C 223 18
C 224 17
C 225 9
C 226 9
C 227 0
C 228 7
C 229 0
C 230 18
C 231 11
C 232 17
C 233 26
C 234 5
C 235 3
C 236 12
C 237 23
C 238 17
C 239 4
C 240 17
C 241 6
C 242 0
C 243 0
C 244 0
C 245 0
C 246 0
C 247 0
C 248 0
C 249 0
C 250 0
C 251 0
C 252 0
C 253 0
C 254 0
C 255 0
C 256 0
C 257 0
C 258 0
C 259 0
C 260 0
C 261 0
C 262 0
C 263 0
C 264 0
C 265 0
C 266 0
C 267 0
C 268 0
C 269 3
I 0 2 11 (2,2,5) (1,-1,-1,0)|(-1,1,0,0)
I 5 1 4 (0,4,5) (-1,-1,1,0)
