D (6,7,8) (0,5,1)
D (3,-1,-1) (5,0,3)
D (3,9,-1) (2,0,1)
D (6,7,-1) (5,1,0)
D (7,-1,-1) (1,5,4)
D (3,-1,-1) (3,5,0)
D (7,8,3) (0,0,3)
D (8,-1,-1) (5,5,3)
D (3,-1,-1) (4,0,0)
D (6,7,8) (5,4,0)
D (7,8,-1) (3,3,0)
D (3,9,-1) (5,0,5)
D (6,7,8) (2,5,1)
D (9,-1,-1) (1,1,4)
D (6,7,-1) (2,5,5)
D (9,-1,-1) (5,2,2)
D (7,8,3) (2,3,2)
D (9,-1,-1) (2,0,4)
D (8,3,9) (5,3,5)
D (9,-1,-1) (2,4,5)
D (6,7,8) (1,3,1)
D (7,8,3) (0,0,1)
D (6,-1,-1) (3,5,2)
D (9,-1,-1) (3,5,3)
D (8,-1,-1) (3,3,1)
D (7,-1,-1) (3,1,2)
D (6,7,8) (1,5,2)
D (9,-1,-1) (5,4,5)
D (8,-1,-1) (0,3,0)
D (9,-1,-1) (3,1,3)
D (9,-1,-1) (4,4,1)
D (7,8,3) (5,0,1)
D (9,-1,-1) (1,3,3)
D (9,-1,-1) (5,0,4)
D (8,3,-1) (3,5,4)
D (3,-1,-1) (0,0,4)
D (6,7,-1) (4,4,5)
D (8,3,9) (3,4,2)
D (3,9,-1) (2,3,3)
D (3,9,-1) (1,2,1)
D (6,7,8) (3,3,4)
D (9,-1,-1) (1,5,5)
D (9,-1,-1) (1,0,0)
D (9,-1,-1) (2,3,0)
D (8,3,9) (4,5,3)
D (6,7,-1) (3,0,5)
D (3,9,-1) (4,1,0)
D (8,-1,-1) (2,5,4)
D (7,-1,-1) (2,1,2)
D (6,7,-1) (3,2,0)
D (7,8,3) (3,4,4)
D (7,8,-1) (1,3,5)
D (8,-1,-1) (4,0,2)
D (9,-1,-1) (5,3,4)
D (7,8,-1) (0,2,0)
D (8,-1,-1) (5,1,2)
D (6,7,8) (5,1,3)
D (6,-1,-1) (4,5,4)
D (6,7,-1) (3,0,3)
D (6,7,8) (0,5,5)
D (3,9,-1) (3,5,5)
D (6,-1,-1) (2,2,1)
D (3,9,-1) (5,2,4)
D (7,8,-1) (4,5,1)
D (9,-1,-1) (2,2,0)
D (9,-1,-1) (5,1,4)
D (9,-1,-1) (2,4,0)
D (7,8,3) (0,4,1)
D (3,9,-1) (5,3,2)
D (6,7,8) (2,3,4)
D (9,-1,-1) (0,4,4)
D (8,-1,-1) (4,2,0)
D (8,-1,-1) (0,1,0)
D (9,-1,-1) (0,2,5)
D (3,9,-1) (5,3,1)
D (7,-1,-1) (5,5,4)
D (7,-1,-1) (2,4,4)
D (3,9,-1) (4,3,1)
D (8,-1,-1) (4,3,3)
D (6,7,-1) (2,0,0)
D (3,-1,-1) (2,2,5)
D (7,8,3) (4,2,1)
D (9,-1,-1) (2,0,3)
D (9,-1,-1) (3,2,5)
D (3,9,-1) (4,3,2)
D (8,-1,-1) (1,4,4)
D (8,3,-1) (2,0,2)
D (7,8,-1) (5,4,1)
D (3,-1,-1) (0,4,0)
D (7,8,3) (1,2,2)
D (6,-1,-1) (5,1,1)
D (7,-1,-1) (4,5,5)
D (8,3,-1) (5,5,0)
C 0 11
C 1 21
C 2 10
C 3 15
C 4 22
C 5 15
C 6 23
C 7 20
C 8 7
C 9 26
C 10 23
C 11 18
C 12 14
C 13 15
C 14 5
C 15 12
C 16 10
C 17 19
C 18 3
C 19 11
C 20 12
C 21 6
C 22 6
C 23 5
C 24 20
C 25 18
C 26 3
C 27 14
C 28 4
C 29 17
C 30 7
C 31 8
C 32 5
C 33 10
C 34 19
C 35 5
C 36 21
C 37 6
C 38 19
C 39 12
C 40 20
C 41 5
C 42 25
C 43 5
C 44 14
C 45 5
C 46 24
C 47 0
C 48 4
C 49 2
C 50 1
C 51 11
C 52 15
C 53 7
C 54 23
C 55 10
C 56 11
C 57 4
C 58 22
C 59 14
C 60 12
C 61 11
C 62 0
C 63 25
C 64 10
C 65 25
C 66 18
C 67 11
C 68 11
C 69 25
C 70 25
C 71 10
C 72 15
C 73 3
C 74 19
C 75 4
C 76 25
C 77 20
C 78 14
C 79 18
C 80 21
C 81 22
C 82 23
C 83 12
C 84 3
C 85 12
C 86 12
C 87 16
C 88 12
C 89 20
C 90 6
C 91 15
C 92 7
C 93 7
C 94 10
C 95 12
C 96 10
C 97 0
C 98 26
C 99 19
C 100 15
C 101 11
C 102 10
C 103 6
C 104 8
C 105 4
C 106 26
C 107 21
C 108 18
C 109 4
C 110 1
C 111 3
C 112 20
C 113 22
C 114 9
C 115 18
C 116 7
C 117 2
C 118 6
C 119 24
C 120 4
C 121 26
C 122 6
C 123 25
C 124 0
C 125 11
C 126 20
C 127 8
C 128 11
C 129 12
C 130 19
C 131 0
C 132 10
C 133 12
C 134 0
C 135 14
C 136 20
C 137 11
C 138 16
C 139 14
C 140 21
C 141 8
C 142 26
C 143 20
C 144 7
C 145 0
C 146 18
C 147 15
C 148 25
C 149 14
C 150 8
C 151 18
C 152 0
C 153 19
C 154 9
C 155 18
C 156 10
C 157 16
C 158 9
C 159 5
C 160 6
C 161 25
C 162 20
C 163 10
C 164 22
C 165 12
C 166 26
C 167 0
C 168 11
C 169 17
C 170 21
C 171 18
C 172 26
C 173 12
C 174 22
C 175 12
C 176 3
C 177 16
C 178 21
C 179 7
C 180 11
C 181 6
C 182 4
C 183 21
C 184 20
C 185 14
C 186 20
C 187 12
C 188 18
C 189 26
C 190 19
C 191 12
C 192 23
C 193 12
C 194 14
C 195 26
C 196 20
C 197 20
C 198 14
C 199 3
C 200 26
C 201 26
C 202 2
C 203 5
C 204 8
C 205 4
C 206 21
C 207 24
C 208 7
C 209 14
C 210 11
C 211 0
C 212 12
C 213 7
C 214 3
C 215 14
C 216 9
C 217 5
C 218 2
C 219 19
C 220 11
C 221 8
C 222 4
C 223 11
C 224 18
C 225 15
C 226 26
C 227 20
C 228 22
C 229 16
C 230 6
C 231 4
C 232 25
C 233 9
C 234 25
C 235 7
C 236 18
C 237 19
C 238 21
C 239 4
C 240 2
C 241 25
C 242 1
C 243 2
C 244 2
C 245 7
C 246 1
C 247 18
C 248 9
C 249 21
C 250 10
C 251 10
C 252 3
C 253 26
C 254 25
C 255 26
C 256 17
C 257 18
C 258 18
C 259 24
C 260 2
C 261 14
C 262 14
C 263 2
C 264 14
C 265 24
C 266 21
C 267 3
C 268 4
C 269 20
I 3 2 6 (3,1,5) (0,-1,1,0)|(0,-1,0,0)
I 0 1 2 (5,2,0) (0,1,0,0)
I 0 1 14 (4,0,5) (0,-1,-1,0)|(0,1,1,0)
