D (7,8,-1) (1,0,5)
D (7,8,-1) (2,5,3)
D (3,-1,-1) (5,0,0)
D (8,3,9) (1,2,0)
D (6,7,-1) (3,0,2)
D (7,-1,-1) (5,2,2)
D (8,3,-1) (1,1,4)
D (8,3,9) (3,5,0)
D (9,-1,-1) (4,5,1)
D (7,8,3) (1,1,3)
D (3,-1,-1) (1,1,2)
D (9,-1,-1) (4,4,1)
D (9,-1,-1) (3,5,4)
D (9,-1,-1) (2,1,2)
D (7,8,3) (4,1,5)
D (9,-1,-1) (5,4,1)
D (3,-1,-1) (1,0,3)
D (6,7,-1) (2,3,4)
D (8,3,9) (4,4,2)
D (8,-1,-1) (3,4,1)
D (6,-1,-1) (2,4,1)
D (6,7,8) (2,2,5)
D (9,-1,-1) (3,2,4)
D (7,8,-1) (1,4,1)
D (3,-1,-1) (5,1,1)
D (7,-1,-1) (0,1,2)
D (6,7,8) (5,4,4)
D (6,7,-1) (5,4,2)
D (9,-1,-1) (2,5,0)
D (8,3,9) (3,1,0)
D (6,7,-1) (3,1,1)
D (8,-1,-1) (4,2,2)
D (8,3,-1) (1,3,2)
D (8,-1,-1) (1,3,3)
D (6,-1,-1) (4,0,2)
D (9,-1,-1) (4,4,4)
D (3,9,-1) (5,1,3)
D (6,7,8) (0,5,2)
D (7,8,-1) (2,1,4)
D (3,9,-1) (5,3,4)
D (9,-1,-1) (3,4,0)
D (7,8,-1) (1,5,0)
D (7,8,3) (3,3,0)
D (7,8,-1) (0,0,0)
D (3,-1,-1) (4,0,1)
D (6,7,8) (3,1,5)
D (3,9,-1) (0,4,3)
C 0 12
C 1 5
C 2 11
C 3 10
C 4 5
C 5 9
C 6 26
C 7 0
C 8 0
C 9 16
C 10 4
C 11 24
C 12 18
C 13 15
C 14 23
C 15 26
C 16 21
C 17 22
C 18 10
C 19 8
C 20 26
C 21 10
C 22 9
C 23 9
C 24 3
C 25 7
C 26 18
C 27 7
C 28 26
C 29 8
C 30 22
C 31 8
C 32 0
C 33 25
C 34 9
C 35 14
C 36 3
C 37 6
C 38 26
C 39 6
C 40 18
C 41 3
C 42 3
C 43 4
C 44 9
C 45 17
C 46 9
C 47 4
C 48 25
C 49 15
C 50 10
C 51 2
C 52 19
C 53 16
C 54 20
C 55 25
C 56 3
C 57 0
C 58 0
C 59 0
C 60 0
C 61 0
C 62 0
C 63 0
C 64 0
C 65 0
C 66 0
C 67 0
C 68 0
C 69 0
C 70 0
C 71 0
C 72 0
C 73 0
C 74 0
C 75 0
C 76 0
C 77 0
C 78 0
C 79 0
C 80 0
C 81 0
C 82 0
C 83 0
C 84 0
C 85 0
C 86 0
C 87 0
C 88 0
C 89 0
C 90 0
C 91 0
C 92 0
C 93 0
C 94 0
C 95 0
C 96 0
C 97 0
C 98 0
C 99 0
C 100 0
C 101 0
C 102 0
C 103 0
C 104 0
C 105 0
C 106 0
C 107 0
C 108 0
C 109 0
C 110 0
C 111 0
C 112 0
C 113 0
C 114 0
C 115 0
C 116 0
C 117 0
C 118 0
C 119 0
C 120 0
C 121 0
C 122 0
C 123 0
C 124 0
C 125 0
C 126 0
C 127 14
C 128 25
C 129 11
C 130 26
C 131 0
C 132 6
C 133 10
C 134 18
C 135 18
C 136 7
C 137 19
C 138 19
C 139 23
C 140 5
C 141 8
C 142 25
C 143 26
C 144 19
C 145 2
C 146 17
C 147 5
C 148 5
C 149 7
C 150 12
C 151 15
C 152 20
C 153 7
C 154 17
C 155 15
C 156 25
C 157 5
C 158 23
C 159 2
C 160 7
C 161 8
C 162 12
C 163 24
C 164 15
C 165 22
C 166 8
C 167 21
C 168 20
C 169 24
C 170 22
C 171 22
C 172 20
C 173 4
C 174 1
C 175 21
C 176 5
C 177 12
C 178 23
C 179 6
C 180 7
C 181 12
C 182 9
C 183 0
C 184 15
C 185 12
C 186 7
C 187 12
C 188 17
C 189 20
C 190 9
C 191 1
C 192 15
C 193 20
C 194 7
C 195 12
C 196 8
C 197 19
C 198 23
C 199 9
C 200 20
C 201 15
C 202 17
C 203 22
C 204 18
C 205 19
C 206 12
C 207 3
C 208 16
C 209 8
C 210 10
C 211 5
C 212 2
C 213 4
C 214 7
C 215 11
C 216 6
C 217 12
C 218 16
C 219 20
C 220 0
C 221 0
C 222 0
C 223 0
C 224 0
C 225 0
C 226 0
C 227 0
C 228 0
C 229 0
C 230 0
C 231 0
C 232 0
C 233 0
C 234 0
C 235 0
C 236 0
C 237 0
C 238 0
C 239 0
C 240 21
C 241 0
C 242 0
C 243 0
C 244 0
C 245 0
C 246 0
C 247 0
C 248 0
C 249 0
C 250 0
C 251 0
C 252 0
C 253 0
C 254 0
C 255 0
C 256 0
C 257 0
C 258 0
C 259 0
C 260 0
C 261 0
C 262 0
C 263 0
C 264 0
C 265 0
C 266 0
C 267 0
C 268 0
C 269 26
I 0 3 17 (2,2,3) (0,0,-1,0)|(1,1,1,0)|(0,-1,1,0)|(0,0,0,0)|(-1,0,-1,0)
I 2 3 19 (4,1,0) (0,1,0,0)
I 4 3 5 (0,2,3) (0,-1,-1,0)|(-1,0,1,0)
