D (3,9,-1) (0,1,5)
D (9,-1,-1) (3,2,3)
D (6,-1,-1) (1,1,5)
D (8,3,-1) (1,1,2)
D (6,-1,-1) (3,1,1)
D (6,7,-1) (3,5,5)
D (6,-1,-1) (2,1,4)
D (9,-1,-1) (0,0,3)
D (6,7,-1) (0,4,3)
D (6,7,-1) (1,3,4)
D (9,-1,-1) (0,1,3)
D (9,-1,-1) (1,3,1)
D (7,8,3) (3,0,5)
D (3,9,-1) (4,5,1)
D (3,-1,-1) (5,0,2)
D (3,9,-1) (0,0,2)
D (8,3,9) (5,3,2)
D (3,-1,-1) (3,0,0)
D (6,7,-1) (1,5,4)
D (9,-1,-1) (3,1,0)
D (7,8,-1) (4,0,2)
D (9,-1,-1) (1,5,3)
D (7,-1,-1) (2,1,2)
D (3,9,-1) (4,2,2)
D (6,7,-1) (1,5,0)
D (8,3,-1) (4,3,2)
D (8,3,9) (4,5,5)
D (3,9,-1) (3,3,1)
D (8,-1,-1) (4,0,5)
D (7,-1,-1) (2,3,2)
D (8,3,9) (5,1,0)
D (6,7,-1) (5,5,2)
D (7,8,3) (4,0,3)
D (6,7,-1) (2,4,1)
D (6,7,-1) (4,1,3)
D (6,7,8) (2,5,2)
D (9,-1,-1) (0,2,4)
D (3,9,-1) (1,5,2)
D (8,3,9) (3,5,4)
D (8,3,9) (4,2,1)
D (7,8,-1) (3,0,4)
D (3,-1,-1) (1,4,0)
D (3,9,-1) (4,1,1)
D (9,-1,-1) (5,4,1)
D (8,3,9) (5,0,1)
C 0 5
C 1 24
C 2 5
C 3 9
C 4 26
C 5 1
C 6 10
C 7 18
C 8 11
C 9 10
C 10 25
C 11 14
C 12 4
C 13 17
C 14 23
C 15 12
C 16 0
C 17 9
C 18 6
C 19 23
C 20 7
C 21 12
C 22 21
C 23 21
C 24 7
C 25 2
C 26 11
C 27 4
C 28 8
C 29 4
C 30 11
C 31 11
C 32 26
C 33 22
C 34 17
C 35 1
C 36 24
C 37 14
C 38 26
C 39 4
C 40 8
C 41 3
C 42 2
C 43 25
C 44 23
C 45 21
C 46 22
C 47 5
C 48 3
C 49 25
C 50 22
C 51 10
C 52 21
C 53 2
C 54 22
C 55 24
C 56 12
C 57 23
C 58 9
C 59 2
C 60 6
C 61 20
C 62 16
C 63 2
C 64 15
C 65 1
C 66 20
C 67 22
C 68 22
C 69 7
C 70 3
C 71 17
C 72 8
C 73 2
C 74 21
C 75 26
C 76 16
C 77 20
C 78 20
C 79 0
C 80 0
C 81 24
C 82 0
C 83 18
C 84 17
C 85 25
C 86 16
C 87 18
C 88 26
C 89 7
C 90 20
C 91 20
C 92 1
C 93 23
C 94 11
C 95 26
C 96 5
C 97 17
C 98 12
C 99 9
C 100 23
C 101 0
C 102 20
C 103 14
C 104 10
C 105 16
C 106 15
C 107 22
C 108 9
C 109 6
C 110 12
C 111 9
C 112 18
C 113 18
C 114 3
C 115 17
C 116 9
C 117 10
C 118 0
C 119 17
C 120 26
C 121 10
C 122 12
C 123 17
C 124 1
C 125 12
C 126 8
C 127 5
C 128 18
C 129 17
C 130 4
C 131 10
C 132 26
C 133 15
C 134 5
C 135 2
C 136 1
C 137 6
C 138 26
C 139 23
C 140 3
C 141 7
C 142 24
C 143 21
C 144 26
C 145 16
C 146 0
C 147 19
C 148 5
C 149 26
C 150 2
C 151 24
C 152 15
C 153 16
C 154 10
C 155 12
C 156 14
C 157 21
C 158 19
C 159 2
C 160 25
C 161 21
C 162 2
C 163 11
C 164 1
C 165 18
C 166 17
C 167 10
C 168 9
C 169 0
C 170 2
C 171 0
C 172 22
C 173 11
C 174 1
C 175 17
C 176 9
C 177 22
C 178 25
C 179 14
C 180 0
C 181 20
C 182 25
C 183 14
C 184 18
C 185 20
C 186 1
C 187 4
C 188 5
C 189 10
C 190 20
C 191 25
C 192 7
C 193 6
C 194 3
C 195 25
C 196 7
C 197 21
C 198 22
C 199 14
C 200 26
C 201 24
C 202 10
C 203 2
C 204 1
C 205 20
C 206 21
C 207 0
C 208 18
C 209 11
C 210 11
C 211 11
C 212 12
C 213 20
C 214 25
C 215 17
C 216 2
C 217 19
C 218 19
C 219 0
C 220 15
C 221 17
C 222 21
C 223 4
C 224 15
C 225 4
C 226 8
C 227 15
C 228 14
C 229 23
C 230 26
C 231 11
C 232 26
C 233 16
C 234 12
C 235 7
C 236 1
C 237 10
C 238 9
C 239 24
C 240 8
C 241 1
C 242 6
C 243 16
C 244 24
C 245 2
C 246 2
C 247 7
C 248 5
C 249 14
C 250 21
C 251 19
C 252 6
C 253 4
C 254 12
C 255 0
C 256 0
C 257 12
C 258 3
C 259 11
C 260 3
C 261 22
C 262 26
C 263 0
C 264 15
C 265 21
C 266 16
C 267 15
C 268 20
C 269 19
I 1 2 11 (2,5,4) (-1,-1,-1,0)
I 0 3 10 (2,4,4) (0,1,0,0)
I 5 2 7 (3,0,1) (-1,-1,0,0)|(-1,1,-1,0)
