D (9,-1,-1) (5,4,5)
D (6,7,8) (5,2,0)
D (7,-1,-1) (3,0,5)
D (9,-1,-1) (5,1,2)
D (9,-1,-1) (5,0,0)
D (7,8,-1) (0,5,1)
D (8,3,-1) (4,3,2)
D (3,9,-1) (0,0,5)
D (9,-1,-1) (3,4,0)
D (9,-1,-1) (0,4,5)
D (9,-1,-1) (3,0,0)
D (6,7,8) (3,1,0)
D (8,3,-1) (1,4,4)
D (6,7,8) (5,4,2)
D (3,9,-1) (1,2,1)
D (6,7,8) (2,3,2)
D (8,-1,-1) (4,0,2)
D (6,-1,-1) (5,0,2)
D (7,-1,-1) (5,3,5)
D (7,8,3) (3,1,1)
D (8,-1,-1) (5,4,1)
D (8,3,-1) (5,1,5)
D (3,9,-1) (0,2,0)
D (9,-1,-1) (0,0,2)
D (8,3,-1) (2,3,1)
D (7,-1,-1) (4,1,2)
D (6,-1,-1) (4,4,4)
D (3,9,-1) (1,2,0)
D (6,7,8) (3,2,5)
D (6,7,8) (4,3,4)
D (3,9,-1) (0,1,1)
D (8,3,-1) (4,3,1)
D (7,-1,-1) (5,1,4)
D (9,-1,-1) (4,3,3)
D (6,-1,-1) (2,5,0)
D (9,-1,-1) (1,4,3)
D (8,-1,-1) (1,4,1)
D (6,7,-1) (2,2,1)
D (3,-1,-1) (5,0,1)
D (6,7,-1) (1,1,1)
D (8,-1,-1) (4,4,1)
D (6,7,-1) (3,2,2)
D (7,8,-1) (2,0,1)
D (3,9,-1) (0,0,3)
D (6,-1,-1) (3,3,0)
D (3,-1,-1) (0,3,2)
D (9,-1,-1) (1,0,1)
D (3,9,-1) (2,5,4)
D (9,-1,-1) (0,4,0)
D (6,-1,-1) (4,5,5)
D (3,9,-1) (2,1,0)
D (9,-1,-1) (2,2,3)
D (9,-1,-1) (3,3,3)
D (6,7,8) (3,2,0)
D (9,-1,-1) (4,4,3)
D (6,7,-1) (1,0,4)
D (7,8,3) (3,3,1)
D (7,8,-1) (0,5,0)
D (9,-1,-1) (0,3,3)
D (8,-1,-1) (1,3,5)
D (6,7,8) (3,1,5)
D (8,3,-1) (3,5,0)
D (9,-1,-1) (2,2,4)
D (7,8,-1) (5,3,2)
D (3,9,-1) (4,2,3)
D (9,-1,-1) (5,4,4)
D (9,-1,-1) (5,5,4)
D (6,7,8) (1,2,3)
D (8,3,-1) (0,1,0)
D (3,9,-1) (0,1,3)
D (8,3,-1) (0,1,5)
D (3,9,-1) (3,0,3)
C 0 26
C 1 25
C 2 3
C 3 20
C 4 8
C 5 3
C 6 0
C 7 16
C 8 25
C 9 14
C 10 25
C 11 24
C 12 17
C 13 8
C 14 17
C 15 4
C 16 18
C 17 15
C 18 2
C 19 21
C 20 21
C 21 0
C 22 0
C 23 0
C 24 0
C 25 0
C 26 0
C 27 0
C 28 0
C 29 0
C 30 0
C 31 0
C 32 0
C 33 0
C 34 0
C 35 0
C 36 0
C 37 0
C 38 0
C 39 0
C 40 0
C 41 0
C 42 0
C 43 0
C 44 0
C 45 0
C 46 0
C 47 0
C 48 0
C 49 0
C 50 0
C 51 0
C 52 0
C 53 0
C 54 0
C 55 0
C 56 0
C 57 0
C 58 0
C 59 17
C 60 6
C 61 10
C 62 21
C 63 7
C 64 22
C 65 12
C 66 18
C 67 1
C 68 9
C 69 3
C 70 15
C 71 18
C 72 24
C 73 10
C 74 7
C 75 18
C 76 26
C 77 16
C 78 26
C 79 25
C 80 21
C 81 20
C 82 18
C 83 26
C 84 15
C 85 12
C 86 23
C 87 26
C 88 25
C 89 20
C 90 18
C 91 22
C 92 17
C 93 1
C 94 2
C 95 18
C 96 23
C 97 6
C 98 1
C 99 25
C 100 5
C 101 5
C 102 23
C 103 17
C 104 22
C 105 11
C 106 24
C 107 10
C 108 24
C 109 23
C 110 20
C 111 17
C 112 4
C 113 15
C 114 2
C 115 9
C 116 20
C 117 22
C 118 4
C 119 24
C 120 2
C 121 25
C 122 5
C 123 2
C 124 0
C 125 0
C 126 0
C 127 0
C 128 0
C 129 0
C 130 0
C 131 0
C 132 0
C 133 0
C 134 0
C 135 0
C 136 0
C 137 0
C 138 0
C 139 0
C 140 0
C 141 0
C 142 0
C 143 0
C 144 0
C 145 0
C 146 0
C 147 0
C 148 0
C 149 0
C 150 0
C 151 0
C 152 0
C 153 0
C 154 0
C 155 0
C 156 0
C 157 0
C 158 0
C 159 0
C 160 0
C 161 0
C 162 0
C 163 0
C 164 0
C 165 0
C 166 0
C 167 0
C 168 0
C 169 0
C 170 0
C 171 0
C 172 0
C 173 0
C 174 0
C 175 0
C 176 0
C 177 0
C 178 0
C 179 0
C 180 0
C 181 0
C 182 0
C 183 0
C 184 0
C 185 0
C 186 0
C 187 0
C 188 0
C 189 0
C 190 0
C 191 0
C 192 0
C 193 0
C 194 0
C 195 0
C 196 0
C 197 0
C 198 0
C 199 0
C 200 0
C 201 0
C 202 0
C 203 0
C 204 0
C 205 0
C 206 0
C 207 0
C 208 0
C 209 0
C 210 0
C 211 0
C 212 0
C 213 0
C 214 0
C 215 0
C 216 0
C 217 0
C 218 0
C 219 0
C 220 0
C 221 0
C 222 0
C 223 0
C 224 0
C 225 0
C 226 15
C 227 3
C 228 24
C 229 18
C 230 0
C 231 19
C 232 18
C 233 15
C 234 4
C 235 23
C 236 9
C 237 20
C 238 0
C 239 4
C 240 15
C 241 19
C 242 11
C 243 23
C 244 19
C 245 4
C 246 19
C 247 0
C 248 26
C 249 2
C 250 0
C 251 1
C 252 19
C 253 6
C 254 12
C 255 7
C 256 7
C 257 12
C 258 9
C 259 9
C 260 26
C 261 25
C 262 8
C 263 1
C 264 6
C 265 22
C 266 22
C 267 3
C 268 22
C 269 24
I 2 2 5 (0,5,5) (-1,0,0,0)|(-1,0,-1,0)
I 1 1 6 (1,0,3) (1,1,1,0)|(1,-1,0,0)|(0,0,-1,0)
I 1 1 1 (0,3,2) (-1,-1,0,0)
