D (7,-1,-1) (0,0,4)
D (8,3,-1) (3,3,4)
D (3,-1,-1) (4,0,4)
D (9,-1,-1) (4,2,3)
D (7,8,-1) (0,5,4)
D (6,7,-1) (5,0,0)
D (3,-1,-1) (5,1,4)
D (8,-1,-1) (4,1,1)
D (6,-1,-1) (2,4,2)
D (3,-1,-1) (4,3,0)
D (7,8,3) (0,1,3)
D (9,-1,-1) (1,2,4)
D (3,9,-1) (1,0,2)
D (9,-1,-1) (1,1,2)
D (6,-1,-1) (0,4,3)
D (8,-1,-1) (1,0,1)
D (3,9,-1) (5,4,4)
D (8,3,9) (5,0,2)
D (9,-1,-1) (0,1,1)
D (8,-1,-1) (0,2,3)
D (6,7,8) (5,0,4)
D (8,-1,-1) (5,4,0)
D (3,9,-1) (1,0,3)
D (3,9,-1) (2,1,1)
D (9,-1,-1) (3,5,0)
D (3,-1,-1) (5,3,1)
D (6,-1,-1) (3,4,4)
D (9,-1,-1) (1,4,5)
D (8,-1,-1) (5,5,0)
D (8,3,-1) (4,3,2)
D (7,8,3) (2,0,3)
D (8,3,9) (0,4,5)
D (7,8,3) (5,2,0)
D (6,-1,-1) (4,0,2)
D (9,6,-1) (2,0,0)
D (3,9,-1) (1,3,0)
D (7,8,3) (2,2,1)
D (6,7,-1) (3,1,0)
D (6,-1,-1) (5,4,2)
D (6,7,8) (5,5,3)
D (3,9,-1) (2,3,4)
D (3,9,-1) (0,3,5)
D (3,9,-1) (0,3,1)
C 0 17
C 1 18
C 2 22
C 3 21
C 4 24
C 5 6
C 6 17
C 7 17
C 8 0
C 9 22
C 10 21
C 11 14
C 12 18
C 13 6
C 14 1
C 15 22
C 16 25
C 17 14
C 18 19
C 19 20
C 20 1
C 21 12
C 22 15
C 23 20
C 24 1
C 25 14
C 26 5
C 27 18
C 28 4
C 29 17
C 30 14
C 31 10
C 32 19
C 33 17
C 34 18
C 35 19
C 36 11
C 37 6
C 38 26
C 39 18
C 40 10
C 41 4
C 42 25
C 43 5
C 44 2
C 45 1
C 46 17
C 47 15
C 48 5
C 49 1
C 50 20
C 51 2
C 52 8
C 53 2
C 54 11
C 55 8
C 56 9
C 57 0
C 58 2
C 59 11
C 60 4
C 61 22
C 62 9
C 63 24
C 64 24
C 65 18
C 66 3
C 67 10
C 68 0
C 69 9
C 70 5
C 71 18
C 72 2
C 73 26
C 74 21
C 75 24
C 76 5
C 77 26
C 78 19
C 79 15
C 80 14
C 81 26
C 82 10
C 83 12
C 84 14
C 85 20
C 86 18
C 87 19
C 88 12
C 89 8
C 90 17
C 91 19
C 92 20
C 93 6
C 94 23
C 95 8
C 96 26
C 97 11
C 98 19
C 99 16
C 100 15
C 101 2
C 102 8
C 103 15
C 104 22
C 105 9
C 106 21
C 107 7
C 108 7
C 109 18
C 110 24
C 111 22
C 112 0
C 113 17
C 114 22
C 115 20
C 116 25
C 117 26
C 118 20
C 119 17
C 120 8
C 121 1
C 122 0
C 123 0
C 124 23
C 125 7
C 126 16
C 127 2
C 128 20
C 129 0
C 130 6
C 131 4
C 132 24
C 133 12
C 134 18
C 135 16
C 136 5
C 137 18
C 138 12
C 139 24
C 140 26
C 141 3
C 142 9
C 143 23
C 144 19
C 145 11
C 146 6
C 147 0
C 148 26
C 149 0
C 150 18
C 151 22
C 152 17
C 153 16
C 154 8
C 155 24
C 156 6
C 157 23
C 158 12
C 159 24
C 160 20
C 161 20
C 162 1
C 163 5
C 164 16
C 165 6
C 166 8
C 167 5
C 168 22
C 169 6
C 170 24
C 171 10
C 172 9
C 173 14
C 174 19
C 175 12
C 176 22
C 177 7
C 178 20
C 179 26
C 180 0
C 181 15
C 182 21
C 183 6
C 184 4
C 185 8
C 186 19
C 187 24
C 188 8
C 189 21
C 190 16
C 191 7
C 192 23
C 193 6
C 194 6
C 195 0
C 196 1
C 197 7
C 198 20
C 199 26
C 200 16
C 201 3
C 202 17
C 203 0
C 204 18
C 205 0
C 206 20
C 207 8
C 208 5
C 209 11
C 210 7
C 211 15
C 212 2
C 213 7
C 214 4
C 215 9
C 216 14
C 217 19
C 218 2
C 219 2
C 220 3
C 221 19
C 222 4
C 223 14
C 224 24
C 225 24
C 226 25
C 227 24
C 228 1
C 229 11
C 230 8
C 231 1
C 232 1
C 233 23
C 234 21
C 235 12
C 236 22
C 237 6
C 238 16
C 239 9
C 240 26
C 241 16
C 242 16
C 243 5
C 244 15
C 245 3
C 246 22
C 247 5
C 248 21
C 249 25
C 250 4
C 251 11
C 252 0
C 253 3
C 254 6
C 255 24
C 256 5
C 257 6
C 258 23
C 259 12
C 260 15
C 261 24
C 262 22
C 263 9
C 264 25
C 265 21
C 266 3
C 267 6
C 268 19
C 269 4
I 1 1 5 (1,4,3) (1,-1,-1,0)|(1,0,-1,0)|(1,-1,-1,0)|(1,1,0,0)
I 0 2 11 (2,3,3) (-1,1,-1,0)|(0,-1,0,0)|(1,0,-1,0)|(-1,-1,0,0)|(0,1,0,0)
I 1 3 10 (2,5,3) (-1,1,-1,0)|(1,-1,1,0)
I 0 2 14 (3,2,0) (1,0,1,0)
