D (7,8,-1) (4,2,5)
D (7,-1,-1) (1,2,1)
D (7,8,3) (4,1,4)
D (9,-1,-1) (0,0,5)
D (6,7,8) (3,2,2)
D (9,-1,-1) (5,1,4)
D (7,-1,-1) (0,3,5)
D (3,-1,-1) (3,0,5)
D (3,-1,-1) (4,5,4)
D (6,-1,-1) (3,4,2)
D (6,7,-1) (2,2,3)
D (9,-1,-1) (3,2,4)
D (9,-1,-1) (5,5,4)
D (7,-1,-1) (3,4,3)
D (9,-1,-1) (5,2,2)
D (3,9,-1) (2,3,5)
D (8,3,9) (4,3,2)
D (3,9,-1) (4,1,2)
D (3,-1,-1) (3,0,3)
D (6,7,8) (4,2,2)
D (3,9,-1) (2,2,1)
D (8,3,-1) (3,0,0)
D (3,9,-1) (5,1,1)
D (6,7,8) (1,0,0)
D (8,3,-1) (5,0,0)
D (8,3,9) (5,3,0)
D (7,8,-1) (5,5,2)
D (6,-1,-1) (1,2,4)
D (3,9,-1) (4,1,5)
D (8,3,-1) (0,4,0)
D (6,-1,-1) (2,0,1)
D (3,9,-1) (3,1,4)
D (7,-1,-1) (0,2,5)
D (8,-1,-1) (3,2,0)
D (7,8,-1) (0,2,0)
D (7,-1,-1) (4,2,3)
D (6,7,-1) (0,1,5)
D (9,-1,-1) (4,5,2)
D (6,-1,-1) (1,1,3)
D (7,-1,-1) (0,3,0)
D (9,-1,-1) (0,0,4)
D (9,-1,-1) (4,4,2)
D (7,8,3) (2,0,5)
D (7,8,-1) (0,0,0)
D (6,7,8) (2,1,0)
D (8,3,-1) (3,3,2)
D (6,-1,-1) (5,3,1)
D (7,-1,-1) (2,3,4)
D (9,-1,-1) (1,4,1)
D (7,8,-1) (1,5,1)
D (7,-1,-1) (3,4,4)
D (7,8,3) (1,1,4)
D (3,-1,-1) (2,5,5)
D (6,7,8) (2,2,0)
D (7,8,-1) (5,0,3)
D (6,-1,-1) (2,0,2)
D (9,-1,-1) (1,2,3)
D (3,-1,-1) (5,4,4)
D (9,-1,-1) (3,5,0)
D (9,-1,-1) (1,4,3)
C 0 16
C 1 21
C 2 12
C 3 21
C 4 10
C 5 8
C 6 23
C 7 12
C 8 3
C 9 24
C 10 26
C 11 9
C 12 5
C 13 0
C 14 0
C 15 0
C 16 0
C 17 0
C 18 0
C 19 0
C 20 0
C 21 0
C 22 0
C 23 0
C 24 0
C 25 0
C 26 0
C 27 0
C 28 0
C 29 0
C 30 0
C 31 0
C 32 0
C 33 0
C 34 0
C 35 0
C 36 0
C 37 0
C 38 0
C 39 0
C 40 0
C 41 0
C 42 0
C 43 0
C 44 0
C 45 0
C 46 0
C 47 20
C 48 23
C 49 17
C 50 25
C 51 0
C 52 21
C 53 11
C 54 8
C 55 10
C 56 8
C 57 10
C 58 10
C 59 0
C 60 22
C 61 7
C 62 9
C 63 24
C 64 1
C 65 11
C 66 4
C 67 7
C 68 15
C 69 8
C 70 1
C 71 4
C 72 3
C 73 22
C 74 18
C 75 14
C 76 21
C 77 20
C 78 8
C 79 12
C 80 17
C 81 19
C 82 25
C 83 15
C 84 7
C 85 0
C 86 6
C 87 17
C 88 22
C 89 15
C 90 18
C 91 12
C 92 3
C 93 11
C 94 4
C 95 21
C 96 20
C 97 17
C 98 21
C 99 19
C 100 0
C 101 14
C 102 4
C 103 24
C 104 14
C 105 26
C 106 9
C 107 25
C 108 22
C 109 23
C 110 1
C 111 0
C 112 7
C 113 6
C 114 23
C 115 8
C 116 16
C 117 10
C 118 12
C 119 4
C 120 26
C 121 22
C 122 6
C 123 24
C 124 17
C 125 17
C 126 5
C 127 2
C 128 17
C 129 6
C 130 20
C 131 10
C 132 10
C 133 4
C 134 2
C 135 1
C 136 22
C 137 16
C 138 9
C 139 0
C 140 6
C 141 3
C 142 25
C 143 2
C 144 2
C 145 5
C 146 10
C 147 19
C 148 25
C 149 25
C 150 7
C 151 3
C 152 3
C 153 2
C 154 1
C 155 20
C 156 10
C 157 5
C 158 3
C 159 1
C 160 12
C 161 15
C 162 17
C 163 26
C 164 15
C 165 24
C 166 12
C 167 10
C 168 24
C 169 25
C 170 1
C 171 26
C 172 26
C 173 1
C 174 12
C 175 24
C 176 16
C 177 8
C 178 14
C 179 10
C 180 2
C 181 21
C 182 10
C 183 16
C 184 10
C 185 6
C 186 5
C 187 0
C 188 4
C 189 11
C 190 0
C 191 14
C 192 2
C 193 14
C 194 11
C 195 16
C 196 15
C 197 22
C 198 9
C 199 2
C 200 14
C 201 26
C 202 2
C 203 5
C 204 16
C 205 19
C 206 23
C 207 24
C 208 20
C 209 4
C 210 26
C 211 26
C 212 5
C 213 23
C 214 9
C 215 16
C 216 23
C 217 1
C 218 8
C 219 10
C 220 7
C 221 1
C 222 8
C 223 6
C 224 18
C 225 25
C 226 14
C 227 6
C 228 9
C 229 23
C 230 11
C 231 4
C 232 10
C 233 4
C 234 24
C 235 7
C 236 8
C 237 4
C 238 10
C 239 1
C 240 5
C 241 11
C 242 1
C 243 2
C 244 7
C 245 15
C 246 15
C 247 6
C 248 21
C 249 14
C 250 9
C 251 7
C 252 17
C 253 7
C 254 19
C 255 15
C 256 0
C 257 25
C 258 0
C 259 15
C 260 7
C 261 0
C 262 22
C 263 10
C 264 16
C 265 1
C 266 23
C 267 10
C 268 23
C 269 7
I 3 3 15 (3,4,3) (1,1,0,0)|(0,-1,0,0)
I 2 1 19 (3,5,0) (1,0,1,0)|(0,-1,1,0)|(1,1,1,0)|(1,-1,-1,0)
I 1 1 13 (2,3,2) (-1,-1,0,0)|(1,0,-1,0)
