D (6,-1,-1) (3,4,5)
D (9,-1,-1) (0,2,4)
D (3,9,-1) (2,1,5)
D (9,-1,-1) (1,4,3)
D (6,7,8) (4,4,4)
D (9,-1,-1) (0,4,2)
D (9,-1,-1) (2,1,4)
D (6,-1,-1) (3,0,3)
D (3,9,-1) (0,3,0)
D (8,3,9) (4,5,0)
D (8,3,9) (4,3,1)
D (7,8,3) (0,5,1)
D (6,7,-1) (3,5,2)
D (9,-1,-1) (1,0,3)
D (3,-1,-1) (4,1,2)
D (9,-1,-1) (4,3,0)
D (6,7,-1) (2,4,4)
D (3,9,-1) (1,0,2)
D (8,3,-1) (3,0,2)
D (3,-1,-1) (4,0,2)
D (8,-1,-1) (5,1,5)
D (6,7,-1) (1,2,3)
D (6,-1,-1) (3,0,0)
D (8,3,-1) (1,5,1)
D (9,-1,-1) (0,1,5)
D (9,-1,-1) (0,3,5)
D (9,-1,-1) (4,5,1)
D (7,8,-1) (3,3,5)
D (8,-1,-1) (0,5,4)
D (6,7,-1) (2,1,0)
D (8,3,9) (4,2,5)
D (7,-1,-1) (5,5,5)
D (7,-1,-1) (3,4,3)
D (3,9,-1) (5,1,1)
D (7,8,3) (3,3,3)
D (3,-1,-1) (3,2,2)
D (3,9,-1) (1,5,2)
D (6,7,8) (2,0,2)
D (3,9,-1) (0,4,0)
D (9,-1,-1) (4,5,5)
D (3,9,-1) (0,3,4)
D (7,8,-1) (4,2,3)
D (6,-1,-1) (3,2,0)
D (3,9,-1) (4,1,0)
D (6,7,8) (3,4,4)
D (6,-1,-1) (0,5,5)
D (3,9,-1) (1,4,4)
D (7,-1,-1) (0,5,3)
D (9,-1,-1) (3,2,4)
D (8,3,9) (3,3,1)
D (7,-1,-1) (3,0,4)
C 0 5
C 1 11
C 2 22
C 3 2
C 4 9
C 5 11
C 6 9
C 7 15
C 8 25
C 9 24
C 10 11
C 11 5
C 12 10
C 13 2
C 14 22
C 15 11
C 16 12
C 17 2
C 18 26
C 19 9
C 20 4
C 21 0
C 22 0
C 23 0
C 24 0
C 25 0
C 26 0
C 27 0
C 28 0
C 29 0
C 30 0
C 31 0
C 32 0
C 33 0
C 34 0
C 35 0
C 36 0
C 37 0
C 38 0
C 39 0
C 40 0
C 41 0
C 42 0
C 43 0
C 44 0
C 45 0
C 46 0
C 47 0
C 48 0
C 49 0
C 50 0
C 51 0
C 52 0
C 53 0
C 54 0
C 55 0
C 56 0
C 57 0
C 58 0
C 59 0
C 60 0
C 61 0
C 62 0
C 63 0
C 64 0
C 65 0
C 66 0
C 67 0
C 68 0
C 69 0
C 70 0
C 71 0
C 72 0
C 73 0
C 74 0
C 75 0
C 76 0
C 77 0
C 78 0
C 79 0
C 80 0
C 81 0
C 82 0
C 83 0
C 84 8
C 85 10
C 86 1
C 87 15
C 88 26
C 89 18
C 90 21
C 91 22
C 92 19
C 93 4
C 94 18
C 95 15
C 96 12
C 97 2
C 98 23
C 99 8
C 100 5
C 101 22
C 102 4
C 103 21
C 104 15
C 105 26
C 106 24
C 107 8
C 108 24
C 109 2
C 110 24
C 111 24
C 112 15
C 113 2
C 114 1
C 115 4
C 116 15
C 117 7
C 118 10
C 119 11
C 120 4
C 121 23
C 122 14
C 123 0
C 124 9
C 125 3
C 126 12
C 127 5
C 128 14
C 129 0
C 130 20
C 131 17
C 132 5
C 133 19
C 134 16
C 135 16
C 136 11
C 137 22
C 138 21
C 139 1
C 140 22
C 141 4
C 142 3
C 143 21
C 144 4
C 145 2
C 146 24
C 147 25
C 148 1
C 149 6
C 150 8
C 151 18
C 152 25
C 153 10
C 154 26
C 155 8
C 156 4
C 157 12
C 158 10
C 159 15
C 160 26
C 161 17
C 162 26
C 163 26
C 164 0
C 165 24
C 166 24
C 167 4
C 168 8
C 169 1
C 170 11
C 171 14
C 172 19
C 173 2
C 174 21
C 175 7
C 176 14
C 177 9
C 178 11
C 179 7
C 180 2
C 181 23
C 182 25
C 183 22
C 184 20
C 185 26
C 186 0
C 187 0
C 188 0
C 189 0
C 190 0
C 191 0
C 192 0
C 193 0
C 194 0
C 195 0
C 196 0
C 197 12
C 198 14
C 199 0
C 200 16
C 201 18
C 202 16
C 203 15
C 204 23
C 205 4
C 206 25
C 207 12
C 208 22
C 209 14
C 210 19
C 211 22
C 212 14
C 213 23
C 214 3
C 215 21
C 216 15
C 217 19
C 218 19
C 219 22
C 220 22
C 221 20
C 222 17
C 223 20
C 224 22
C 225 1
C 226 22
C 227 20
C 228 22
C 229 8
C 230 9
C 231 7
C 232 1
C 233 24
C 234 15
C 235 21
C 236 1
C 237 8
C 238 1
C 239 9
C 240 24
C 241 1
C 242 1
C 243 21
C 244 24
C 245 16
C 246 15
C 247 18
C 248 10
C 249 8
C 250 9
C 251 25
C 252 15
C 253 3
C 254 1
C 255 10
C 256 16
C 257 25
C 258 26
C 259 7
C 260 16
C 261 16
C 262 24
C 263 23
C 264 2
C 265 17
C 266 12
C 267 6
C 268 23
C 269 7
I 0 3 12 (1,3,2) (1,1,0,0)|(-1,-1,-1,0)
I 1 1 9 (1,5,2) (0,1,0,0)|(-1,-1,-1,0)
I 5 2 19 (2,5,1) (-1,1,-1,0)
