D (3,9,-1) (1,1,0)
D (9,-1,-1) (5,1,5)
D (9,-1,-1) (2,2,5)
D (8,3,-1) (2,5,1)
D (7,8,3) (5,3,5)
D (9,-1,-1) (2,2,1)
D (8,3,-1) (4,2,1)
D (6,7,8) (4,3,3)
D (9,-1,-1) (5,2,4)
D (7,8,-1) (3,3,4)
D (3,9,-1) (4,4,1)
D (6,7,8) (5,0,3)
D (9,-1,-1) (3,0,0)
D (6,7,-1) (5,3,0)
D (8,3,-1) (2,0,3)
D (3,-1,-1) (4,5,4)
D (7,8,3) (5,4,5)
D (9,-1,-1) (1,2,5)
D (7,-1,-1) (4,0,2)
D (8,3,-1) (2,1,3)
D (6,-1,-1) (1,0,0)
D (9,-1,-1) (3,0,5)
D (9,-1,-1) (1,0,5)
D (8,3,-1) (5,5,5)
D (8,3,-1) (1,5,0)
D (6,-1,-1) (4,5,5)
D (9,-1,-1) (5,0,4)
D (6,7,8) (4,0,1)
D (7,8,-1) (0,2,1)
D (7,8,-1) (4,5,0)
D (7,8,3) (5,1,0)
D (9,-1,-1) (2,5,0)
D (7,8,-1) (5,1,2)
D (8,3,-1) (1,2,2)
C 0 21
C 1 21
C 2 26
C 3 9
C 4 21
C 5 4
C 6 16
C 7 8
C 8 22
C 9 2
C 10 2
C 11 16
C 12 8
C 13 11
C 14 5
C 15 8
C 16 26
C 17 1
C 18 8
C 19 1
C 20 24
C 21 24
C 22 11
C 23 20
C 24 3
C 25 7
C 26 14
C 27 22
C 28 14
C 29 18
C 30 2
C 31 12
C 32 22
C 33 0
C 34 9
C 35 1
C 36 11
C 37 1
C 38 16
C 39 10
C 40 2
C 41 22
C 42 18
C 43 3
C 44 19
C 45 1
C 46 0
C 47 16
C 48 16
C 49 3
C 50 6
C 51 16
C 52 6
C 53 6
C 54 12
C 55 17
C 56 21
C 57 18
C 58 15
C 59 20
C 60 9
C 61 4
C 62 5
C 63 8
C 64 14
C 65 25
C 66 18
C 67 14
C 68 8
C 69 18
C 70 10
C 71 23
C 72 8
C 73 16
C 74 1
C 75 1
C 76 19
C 77 22
C 78 23
C 79 3
C 80 0
C 81 19
C 82 15
C 83 2
C 84 15
C 85 6
C 86 1
C 87 16
C 88 4
C 89 19
C 90 23
C 91 17
C 92 16
C 93 3
C 94 15
C 95 6
C 96 25
C 97 2
C 98 2
C 99 15
C 100 4
C 101 3
C 102 2
C 103 23
C 104 1
C 105 22
C 106 7
C 107 0
C 108 19
C 109 10
C 110 2
C 111 18
C 112 14
C 113 22
C 114 15
C 115 24
C 116 26
C 117 8
C 118 1
C 119 24
C 120 0
C 121 10
C 122 15
C 123 18
C 124 21
C 125 17
C 126 1
C 127 6
C 128 22
C 129 0
C 130 0
C 131 0
C 132 0
C 133 0
C 134 0
C 135 0
C 136 0
C 137 0
C 138 0
C 139 0
C 140 0
C 141 0
C 142 0
C 143 0
C 144 0
C 145 0
C 146 0
C 147 0
C 148 0
C 149 0
C 150 0
C 151 0
C 152 0
C 153 0
C 154 0
C 155 23
C 156 16
C 157 17
C 158 7
C 159 20
C 160 8
C 161 26
C 162 1
C 163 5
C 164 17
C 165 14
C 166 24
C 167 5
C 168 26
C 169 14
C 170 26
C 171 25
C 172 14
C 173 6
C 174 4
C 175 14
C 176 11
C 177 3
C 178 14
C 179 19
C 180 20
C 181 4
C 182 3
C 183 25
C 184 16
C 185 24
C 186 21
C 187 18
C 188 14
C 189 26
C 190 18
C 191 22
C 192 19
C 193 25
C 194 17
C 195 16
C 196 19
C 197 1
C 198 22
C 199 22
C 200 11
C 201 18
C 202 1
C 203 20
C 204 17
C 205 1
C 206 18
C 207 10
C 208 23
C 209 15
C 210 14
C 211 14
C 212 0
C 213 22
C 214 24
C 215 5
C 216 17
C 217 10
C 218 21
C 219 3
C 220 0
C 221 24
C 222 25
C 223 0
C 224 8
C 225 10
C 226 9
C 227 8
C 228 16
C 229 18
C 230 15
C 231 10
C 232 18
C 233 1
C 234 8
C 235 17
C 236 7
C 237 2
C 238 3
C 239 4
C 240 19
C 241 20
C 242 5
C 243 14
C 244 3
C 245 14
C 246 23
C 247 14
C 248 8
C 249 7
C 250 7
C 251 23
C 252 19
C 253 26
C 254 1
C 255 18
C 256 12
C 257 15
C 258 25
C 259 7
C 260 5
C 261 25
C 262 9
C 263 15
C 264 12
C 265 0
C 266 25
C 267 20
C 268 22
C 269 5
I 0 3 20 (3,3,2) (-1,0,0,0)|(0,-1,0,0)|(0,-1,1,0)|(-1,-1,1,0)|(-1,0,0,0)
I 0 2 3 (3,3,0) (1,0,0,0)|(-1,0,0,0)
I 3 3 1 (4,2,3) (0,0,1,0)
