D (8,3,-1) (1,3,5)
D (8,3,9) (1,3,1)
D (3,9,-1) (5,0,1)
D (6,7,8) (1,5,5)
D (6,-1,-1) (1,0,5)
D (6,7,8) (4,4,5)
D (3,9,-1) (1,4,1)
D (3,9,-1) (2,3,0)
D (3,9,-1) (5,4,5)
D (7,-1,-1) (5,3,2)
D (9,-1,-1) (3,1,2)
D (8,-1,-1) (3,5,5)
D (6,7,8) (4,3,5)
D (6,7,-1) (3,2,0)
D (9,-1,-1) (0,2,4)
D (6,7,8) (0,1,3)
D (7,8,-1) (2,1,3)
D (9,-1,-1) (4,3,1)
D (3,-1,-1) (1,5,1)
D (8,-1,-1) (1,1,2)
D (3,-1,-1) (0,1,2)
D (7,8,-1) (1,3,0)
D (7,8,3) (1,2,0)
D (7,-1,-1) (5,0,3)
D (6,-1,-1) (5,5,5)
D (8,-1,-1) (0,1,1)
D (6,-1,-1) (0,2,1)
D (3,9,-1) (3,1,0)
D (3,9,-1) (1,5,4)
D (7,-1,-1) (3,5,0)
D (9,-1,-1) (2,2,0)
D (6,7,-1) (5,2,2)
D (7,8,3) (1,1,1)
D (6,7,8) (3,3,2)
D (6,7,8) (4,0,0)
D (6,7,8) (4,0,2)
D (9,-1,-1) (1,2,4)
C 0 22
C 1 6
C 2 17
C 3 18
C 4 8
C 5 4
C 6 22
C 7 9
C 8 10
C 9 10
C 10 25
C 11 26
C 12 8
C 13 21
C 14 21
C 15 19
C 16 3
C 17 5
C 18 26
C 19 17
C 20 11
C 21 16
C 22 16
C 23 26
C 24 16
C 25 8
C 26 11
C 27 4
C 28 6
C 29 9
C 30 16
C 31 2
C 32 23
C 33 8
C 34 26
C 35 7
C 36 22
C 37 18
C 38 20
C 39 9
C 40 9
C 41 21
C 42 5
C 43 19
C 44 3
C 45 3
C 46 9
C 47 26
C 48 1
C 49 26
C 50 19
C 51 10
C 52 19
C 53 14
C 54 15
C 55 18
C 56 24
C 57 23
C 58 4
C 59 23
C 60 1
C 61 23
C 62 5
C 63 21
C 64 5
C 65 18
C 66 1
C 67 24
C 68 17
C 69 20
C 70 22
C 71 1
C 72 10
C 73 16
C 74 4
C 75 10
C 76 5
C 77 16
C 78 5
C 79 17
C 80 18
C 81 18
C 82 24
C 83 4
C 84 1
C 85 5
C 86 25
C 87 17
C 88 22
C 89 4
C 90 3
C 91 22
C 92 1
C 93 1
C 94 3
C 95 15
C 96 25
C 97 10
C 98 4
C 99 8
C 100 3
C 101 12
C 102 18
C 103 26
C 104 3
C 105 2
C 106 9
C 107 4
C 108 14
C 109 12
C 110 18
C 111 8
C 112 15
C 113 24
C 114 7
C 115 0
C 116 24
C 117 15
C 118 15
C 119 4
C 120 10
C 121 1
C 122 0
C 123 23
C 124 19
C 125 0
C 126 0
C 127 0
C 128 0
C 129 0
C 130 0
C 131 0
C 132 0
C 133 0
C 134 0
C 135 0
C 136 0
C 137 0
C 138 0
C 139 0
C 140 0
C 141 0
C 142 0
C 143 0
C 144 0
C 145 0
C 146 0
C 147 0
C 148 0
C 149 0
C 150 0
C 151 0
C 152 0
C 153 0
C 154 0
C 155 0
C 156 0
C 157 0
C 158 0
C 159 0
C 160 0
C 161 0
C 162 0
C 163 0
C 164 0
C 165 0
C 166 0
C 167 0
C 168 0
C 169 0
C 170 26
C 171 0
C 172 11
C 173 0
C 174 16
C 175 0
C 176 0
C 177 0
C 178 0
C 179 0
C 180 0
C 181 0
C 182 0
C 183 0
C 184 0
C 185 0
C 186 0
C 187 0
C 188 0
C 189 0
C 190 0
C 191 0
C 192 0
C 193 0
C 194 0
C 195 0
C 196 0
C 197 0
C 198 0
C 199 0
C 200 0
C 201 0
C 202 0
C 203 0
C 204 0
C 205 0
C 206 0
C 207 0
C 208 20
C 209 11
C 210 3
C 211 15
C 212 14
C 213 25
C 214 26
C 215 0
C 216 6
C 217 20
C 218 17
C 219 7
C 220 17
C 221 14
C 222 19
C 223 24
C 224 7
C 225 15
C 226 14
C 227 18
C 228 8
C 229 6
C 230 26
C 231 3
C 232 16
C 233 9
C 234 23
C 235 23
C 236 8
C 237 7
C 238 19
C 239 16
C 240 11
C 241 24
C 242 25
C 243 16
C 244 23
C 245 23
C 246 0
C 247 24
C 248 21
C 249 8
C 250 6
C 251 22
C 252 5
C 253 16
C 254 19
C 255 12
C 256 23
C 257 14
C 258 4
C 259 6
C 260 19
C 261 10
C 262 4
C 263 0
C 264 14
C 265 3
C 266 12
C 267 3
C 268 1
C 269 22
I 1 2 9 (5,1,3) (-1,1,1,0)|(0,0,0,0)|(0,1,0,0)|(-1,0,-1,0)|(1,0,0,0)
I 2 1 9 (3,1,3) (1,1,1,0)|(1,-1,0,0)
I 4 1 20 (2,4,4) (-1,0,-1,0)|(1,0,-1,0)
