D (8,3,9) (2,1,4)
D (7,-1,-1) (0,1,2)
D (8,-1,-1) (5,0,5)
D (7,8,3) (3,0,4)
D (3,9,-1) (3,2,3)
D (6,7,-1) (4,0,3)
D (8,3,9) (4,0,1)
D (6,7,8) (1,3,0)
D (7,8,3) (5,1,4)
D (8,3,9) (4,0,4)
D (6,7,8) (1,1,1)
D (6,-1,-1) (0,1,0)
D (6,-1,-1) (4,5,0)
D (3,9,-1) (0,5,2)
D (3,9,-1) (0,5,0)
D (8,-1,-1) (0,0,5)
D (7,-1,-1) (3,5,4)
D (7,8,-1) (4,5,4)
D (3,9,-1) (0,2,5)
D (7,8,-1) (0,5,4)
D (9,-1,-1) (2,2,3)
D (8,3,-1) (4,0,2)
D (3,9,-1) (1,4,5)
D (8,3,-1) (5,3,0)
D (3,9,-1) (5,0,3)
D (9,-1,-1) (5,4,0)
D (9,-1,-1) (3,0,3)
D (7,8,-1) (3,0,0)
D (8,3,-1) (5,0,2)
D (8,-1,-1) (1,4,4)
D (8,-1,-1) (5,2,0)
D (8,3,-1) (4,4,1)
D (9,-1,-1) (4,5,1)
C 0 4
C 1 26
C 2 0
C 3 26
C 4 16
C 5 1
C 6 9
C 7 5
C 8 25
C 9 20
C 10 1
C 11 2
C 12 10
C 13 23
C 14 19
C 15 8
C 16 14
C 17 3
C 18 10
C 19 8
C 20 11
C 21 6
C 22 4
C 23 6
C 24 9
C 25 9
C 26 23
C 27 0
C 28 10
C 29 18
C 30 9
C 31 21
C 32 7
C 33 1
C 34 20
C 35 15
C 36 24
C 37 8
C 38 22
C 39 16
C 40 8
C 41 3
C 42 10
C 43 0
C 44 0
C 45 0
C 46 0
C 47 0
C 48 0
C 49 0
C 50 0
C 51 0
C 52 0
C 53 0
C 54 0
C 55 0
C 56 0
C 57 0
C 58 0
C 59 0
C 60 0
C 61 0
C 62 0
C 63 0
C 64 0
C 65 0
C 66 0
C 67 0
C 68 0
C 69 0
C 70 0
C 71 0
C 72 0
C 73 0
C 74 0
C 75 0
C 76 0
C 77 0
C 78 0
C 79 0
C 80 0
C 81 0
C 82 0
C 83 0
C 84 0
C 85 0
C 86 0
C 87 0
C 88 0
C 89 0
C 90 0
C 91 0
C 92 0
C 93 0
C 94 0
C 95 0
C 96 0
C 97 0
C 98 0
C 99 0
C 100 0
C 101 0
C 102 0
C 103 0
C 104 11
C 105 2
C 106 14
C 107 24
C 108 24
C 109 10
C 110 10
C 111 17
C 112 7
C 113 1
C 114 6
C 115 14
C 116 5
C 117 5
C 118 25
C 119 14
C 120 11
C 121 2
C 122 8
C 123 14
C 124 0
C 125 6
C 126 11
C 127 21
C 128 10
C 129 22
C 130 2
C 131 6
C 132 20
C 133 12
C 134 5
C 135 8
C 136 11
C 137 4
C 138 2
C 139 18
C 140 19
C 141 15
C 142 4
C 143 22
C 144 20
C 145 20
C 146 7
C 147 8
C 148 22
C 149 12
C 150 7
C 151 11
C 152 26
C 153 9
C 154 26
C 155 19
C 156 19
C 157 23
C 158 21
C 159 11
C 160 17
C 161 17
C 162 1
C 163 18
C 164 14
C 165 1
C 166 14
C 167 21
C 168 23
C 169 8
C 170 26
C 171 16
C 172 2
C 173 25
C 174 0
C 175 8
C 176 23
C 177 22
C 178 14
C 179 11
C 180 8
C 181 12
C 182 20
C 183 10
C 184 8
C 185 2
C 186 10
C 187 23
C 188 9
C 189 18
C 190 12
C 191 2
C 192 3
C 193 4
C 194 18
C 195 4
C 196 25
C 197 16
C 198 18
C 199 15
C 200 25
C 201 5
C 202 16
C 203 4
C 204 11
C 205 4
C 206 21
C 207 0
C 208 14
C 209 21
C 210 17
C 211 17
C 212 16
C 213 25
C 214 1
C 215 5
C 216 20
C 217 0
C 218 7
C 219 18
C 220 5
C 221 3
C 222 3
C 223 14
C 224 0
C 225 1
C 226 23
C 227 18
C 228 16
C 229 25
C 230 8
C 231 1
C 232 12
C 233 4
C 234 4
C 235 23
C 236 1
C 237 15
C 238 3
C 239 8
C 240 24
C 241 6
C 242 6
C 243 26
C 244 1
C 245 15
C 246 8
C 247 21
C 248 12
C 249 19
C 250 0
C 251 22
C 252 20
C 253 6
C 254 17
C 255 8
C 256 1
C 257 0
C 258 9
C 259 19
C 260 21
C 261 25
C 262 0
C 263 23
C 264 3
C 265 21
C 266 8
C 267 26
C 268 12
C 269 19
I 2 1 4 (3,1,3) (-1,0,-1,0)
I 3 3 17 (5,3,2) (-1,-1,0,0)
I 4 3 5 (5,1,3) (-1,0,0,0)
