D (8,3,9) (1,4,2)
D (9,-1,-1) (3,4,5)
D (3,9,-1) (2,2,5)
D (3,9,-1) (3,0,2)
D (9,-1,-1) (4,0,1)
D (8,-1,-1) (1,0,2)
D (9,-1,-1) (2,5,0)
D (7,8,3) (2,3,1)
D (3,9,-1) (3,4,2)
D (9,-1,-1) (5,0,2)
D (9,-1,-1) (1,1,1)
D (9,-1,-1) (0,1,5)
D (9,-1,-1) (3,3,3)
D (9,-1,-1) (3,1,2)
D (9,-1,-1) (0,4,0)
D (9,-1,-1) (2,2,0)
D (6,-1,-1) (3,5,1)
D (8,-1,-1) (4,1,4)
D (9,-1,-1) (0,4,3)
D (3,9,-1) (0,1,4)
D (6,7,-1) (4,1,0)
D (6,7,-1) (0,0,4)
D (3,-1,-1) (5,1,1)
D (9,-1,-1) (4,0,3)
D (3,9,-1) (1,5,4)
D (9,-1,-1) (2,5,2)
D (7,8,-1) (3,3,2)
D (3,9,-1) (1,4,0)
D (7,8,-1) (3,3,1)
D (8,-1,-1) (4,2,3)
D (3,9,-1) (4,3,0)
D (7,8,3) (4,0,0)
D (8,-1,-1) (3,2,1)
D (7,8,-1) (4,4,3)
D (8,3,-1) (4,5,0)
D (6,7,8) (2,1,3)
D (6,7,8) (4,2,5)
D (8,-1,-1) (1,3,1)
D (6,7,-1) (5,4,3)
D (9,-1,-1) (1,0,5)
D (9,-1,-1) (3,1,0)
D (6,-1,-1) (1,0,0)
D (9,-1,-1) (3,1,5)
D (7,8,3) (5,5,3)
D (9,-1,-1) (0,3,1)
D (9,-1,-1) (3,4,0)
D (6,-1,-1) (1,5,1)
C 0 14
C 1 24
C 2 7
C 3 20
C 4 25
C 5 26
C 6 15
C 7 26
C 8 12
C 9 18
C 10 17
C 11 17
C 12 10
C 13 16
C 14 20
C 15 10
C 16 8
C 17 14
C 18 17
C 19 15
C 20 19
C 21 4
C 22 11
C 23 16
C 24 7
C 25 18
C 26 23
C 27 7
C 28 21
C 29 20
C 30 6
C 31 18
C 32 16
C 33 15
C 34 18
C 35 5
C 36 18
C 37 18
C 38 21
C 39 20
C 40 22
C 41 7
C 42 11
C 43 7
C 44 23
C 45 11
C 46 2
C 47 23
C 48 18
C 49 19
C 50 11
C 51 20
C 52 7
C 53 15
C 54 22
C 55 10
C 56 10
C 57 0
C 58 12
C 59 24
C 60 26
C 61 19
C 62 2
C 63 8
C 64 9
C 65 22
C 66 20
C 67 14
C 68 20
C 69 26
C 70 16
C 71 25
C 72 18
C 73 1
C 74 3
C 75 11
C 76 5
C 77 14
C 78 1
C 79 26
C 80 3
C 81 16
C 82 14
C 83 17
C 84 25
C 85 8
C 86 3
C 87 16
C 88 5
C 89 4
C 90 24
C 91 7
C 92 15
C 93 14
C 94 10
C 95 25
C 96 1
C 97 23
C 98 1
C 99 11
C 100 7
C 101 7
C 102 18
C 103 0
C 104 10
C 105 23
C 106 21
C 107 26
C 108 12
C 109 11
C 110 21
C 111 10
C 112 14
C 113 16
C 114 16
C 115 8
C 116 10
C 117 11
C 118 23
C 119 19
C 120 3
C 121 26
C 122 5
C 123 9
C 124 0
C 125 11
C 126 15
C 127 10
C 128 0
C 129 22
C 130 18
C 131 26
C 132 9
C 133 26
C 134 8
C 135 2
C 136 19
C 137 20
C 138 4
C 139 2
C 140 22
C 141 22
C 142 5
C 143 16
C 144 6
C 145 25
C 146 20
C 147 12
C 148 17
C 149 21
C 150 0
C 151 11
C 152 1
C 153 22
C 154 23
C 155 1
C 156 14
C 157 0
C 158 21
C 159 11
C 160 1
C 161 14
C 162 15
C 163 10
C 164 4
C 165 14
C 166 26
C 167 3
C 168 6
C 169 4
C 170 7
C 171 7
C 172 14
C 173 24
C 174 16
C 175 20
C 176 0
C 177 22
C 178 15
C 179 2
C 180 14
C 181 7
C 182 25
C 183 7
C 184 26
C 185 10
C 186 5
C 187 9
C 188 15
C 189 20
C 190 15
C 191 24
C 192 6
C 193 18
C 194 7
C 195 11
C 196 21
C 197 20
C 198 24
C 199 7
C 200 10
C 201 10
C 202 3
C 203 15
C 204 23
C 205 5
C 206 26
C 207 14
C 208 6
C 209 24
C 210 1
C 211 19
C 212 26
C 213 15
C 214 7
C 215 8
C 216 26
C 217 4
C 218 7
C 219 9
C 220 23
C 221 20
C 222 3
C 223 11
C 224 12
C 225 6
C 226 6
C 227 26
C 228 9
C 229 18
C 230 4
C 231 5
C 232 25
C 233 4
C 234 17
C 235 8
C 236 26
C 237 10
C 238 15
C 239 16
C 240 23
C 241 14
C 242 25
C 243 18
C 244 19
C 245 22
C 246 10
C 247 4
C 248 25
C 249 9
C 250 2
C 251 6
C 252 2
C 253 14
C 254 17
C 255 2
C 256 15
C 257 16
C 258 11
C 259 9
C 260 19
C 261 21
C 262 12
C 263 21
C 264 11
C 265 12
C 266 8
C 267 14
C 268 26
C 269 12
I 3 1 11 (2,0,2) (0,1,1,0)|(0,0,0,0)
I 0 1 15 (5,0,5) (0,0,-1,0)|(0,1,-1,0)
I 3 3 11 (1,5,4) (1,0,0,0)
