D (6,7,-1) (0,2,5)
D (3,9,-1) (2,0,0)
D (9,-1,-1) (5,2,0)
D (9,-1,-1) (5,0,3)
D (8,-1,-1) (2,3,4)
D (3,9,-1) (2,0,4)
D (7,8,-1) (3,0,0)
D (3,9,-1) (0,2,2)
D (6,7,8) (4,3,2)
D (6,-1,-1) (5,1,4)
D (7,8,3) (4,1,4)
D (7,8,3) (3,1,4)
D (6,-1,-1) (2,2,3)
D (6,7,8) (0,4,1)
D (7,-1,-1) (5,0,1)
D (9,-1,-1) (0,2,3)
D (6,7,8) (5,5,4)
D (3,9,-1) (4,0,1)
D (8,3,-1) (4,0,5)
D (9,-1,-1) (3,5,2)
D (3,9,-1) (1,5,1)
D (6,-1,-1) (0,5,0)
D (6,7,8) (4,2,3)
D (8,-1,-1) (5,2,4)
D (9,-1,-1) (3,4,0)
D (3,9,-1) (1,2,4)
D (9,-1,-1) (3,0,4)
D (8,-1,-1) (0,1,4)
D (6,7,-1) (2,4,0)
D (6,-1,-1) (5,1,1)
D (8,-1,-1) (4,4,5)
D (8,3,-1) (0,3,1)
D (6,7,8) (0,0,1)
D (9,-1,-1) (4,1,0)
D (7,8,3) (3,1,5)
D (9,-1,-1) (5,0,0)
D (6,7,8) (0,5,2)
D (8,-1,-1) (0,0,0)
D (3,-1,-1) (2,5,0)
D (3,9,-1) (0,0,5)
D (8,-1,-1) (5,3,5)
C 0 2
C 1 18
C 2 9
C 3 19
C 4 17
C 5 11
C 6 23
C 7 21
C 8 19
C 9 4
C 10 17
C 11 5
C 12 16
C 13 15
C 14 20
C 15 1
C 16 25
C 17 1
C 18 15
C 19 5
C 20 21
C 21 11
C 22 3
C 23 1
C 24 2
C 25 17
C 26 10
C 27 24
C 28 21
C 29 15
C 30 1
C 31 11
C 32 4
C 33 17
C 34 10
C 35 14
C 36 19
C 37 14
C 38 16
C 39 4
C 40 7
C 41 20
C 42 8
C 43 25
C 44 20
C 45 5
C 46 12
C 47 14
C 48 15
C 49 9
C 50 19
C 51 5
C 52 4
C 53 11
C 54 19
C 55 16
C 56 18
C 57 10
C 58 3
C 59 22
C 60 18
C 61 3
C 62 9
C 63 4
C 64 11
C 65 12
C 66 11
C 67 7
C 68 17
C 69 0
C 70 24
C 71 7
C 72 16
C 73 8
C 74 6
C 75 15
C 76 14
C 77 18
C 78 10
C 79 6
C 80 11
C 81 22
C 82 10
C 83 26
C 84 16
C 85 6
C 86 14
C 87 23
C 88 7
C 89 2
C 90 9
C 91 23
C 92 5
C 93 25
C 94 15
C 95 16
C 96 22
C 97 3
C 98 0
C 99 16
C 100 9
C 101 22
C 102 19
C 103 12
C 104 1
C 105 6
C 106 25
C 107 5
C 108 0
C 109 9
C 110 19
C 111 21
C 112 0
C 113 25
C 114 15
C 115 8
C 116 0
C 117 19
C 118 21
C 119 9
C 120 5
C 121 6
C 122 7
C 123 22
C 124 14
C 125 8
C 126 3
C 127 10
C 128 11
C 129 26
C 130 15
C 131 8
C 132 0
C 133 23
C 134 7
C 135 24
C 136 22
C 137 2
C 138 14
C 139 19
C 140 4
C 141 9
C 142 0
C 143 1
C 144 24
C 145 25
C 146 22
C 147 0
C 148 15
C 149 10
C 150 0
C 151 6
C 152 17
C 153 15
C 154 11
C 155 12
C 156 19
C 157 25
C 158 26
C 159 23
C 160 6
C 161 19
C 162 22
C 163 18
C 164 7
C 165 24
C 166 19
C 167 7
C 168 16
C 169 22
C 170 21
C 171 6
C 172 6
C 173 25
C 174 23
C 175 4
C 176 22
C 177 20
C 178 12
C 179 15
C 180 20
C 181 10
C 182 4
C 183 25
C 184 12
C 185 22
C 186 16
C 187 17
C 188 16
C 189 11
C 190 0
C 191 3
C 192 23
C 193 10
C 194 7
C 195 11
C 196 8
C 197 3
C 198 14
C 199 26
C 200 6
C 201 18
C 202 9
C 203 20
C 204 7
C 205 10
C 206 11
C 207 20
C 208 21
C 209 14
C 210 6
C 211 9
C 212 7
C 213 15
C 214 25
C 215 0
C 216 21
C 217 3
C 218 17
C 219 10
C 220 15
C 221 20
C 222 25
C 223 6
C 224 6
C 225 5
C 226 16
C 227 14
C 228 2
C 229 24
C 230 25
C 231 5
C 232 15
C 233 2
C 234 26
C 235 23
C 236 17
C 237 18
C 238 15
C 239 4
C 240 1
C 241 23
C 242 1
C 243 6
C 244 5
C 245 15
C 246 21
C 247 2
C 248 1
C 249 9
C 250 0
C 251 10
C 252 12
C 253 10
C 254 1
C 255 16
C 256 23
C 257 19
C 258 12
C 259 22
C 260 18
C 261 18
C 262 11
C 263 23
C 264 18
C 265 15
C 266 20
C 267 3
C 268 19
C 269 10
I 4 2 1 (3,1,4) (0,1,0,0)|(-1,-1,1,0)|(-1,-1,1,0)
I 3 1 16 (2,3,4) (0,0,1,0)|(0,-1,0,0)|(0,0,0,0)|(0,-1,0,0)|(-1,1,-1,0)
I 0 2 8 (1,0,2) (0,1,-1,0)|(0,-1,1,0)|(-1,-1,0,0)|(0,0,1,0)|(-1,-1,-1,0)
