D (9,-1,-1) (2,1,1)
D (8,-1,-1) (4,0,0)
D (3,9,-1) (1,5,2)
D (7,-1,-1) (2,5,1)
D (9,-1,-1) (4,4,3)
D (7,8,-1) (4,0,3)
D (6,-1,-1) (3,4,3)
D (6,-1,-1) (4,5,4)
D (3,9,-1) (5,5,0)
D (6,7,8) (3,3,0)
D (3,-1,-1) (5,1,1)
D (8,3,-1) (0,0,5)
D (7,8,-1) (2,0,0)
D (6,7,8) (0,2,3)
D (8,3,-1) (2,5,5)
D (7,8,-1) (0,1,5)
D (9,-1,-1) (0,2,0)
D (9,-1,-1) (0,3,2)
D (9,-1,-1) (0,1,0)
D (8,3,9) (4,2,3)
D (9,-1,-1) (1,5,4)
D (7,8,3) (2,2,4)
D (8,3,9) (3,5,4)
D (9,-1,-1) (0,0,1)
D (3,9,-1) (1,2,1)
D (3,9,-1) (4,5,5)
D (9,-1,-1) (1,3,3)
D (6,7,8) (5,4,0)
D (9,-1,-1) (4,2,1)
D (9,-1,-1) (1,0,4)
D (6,7,-1) (2,3,5)
D (7,8,-1) (4,3,2)
D (9,-1,-1) (5,5,4)
D (7,-1,-1) (5,4,1)
D (6,7,8) (4,4,4)
D (3,9,-1) (1,5,0)
D (9,-1,-1) (5,3,3)
D (3,9,-1) (0,2,5)
D (7,8,3) (3,1,4)
D (8,3,-1) (4,2,2)
D (3,9,-1) (2,5,0)
D (6,-1,-1) (1,3,5)
D (8,3,-1) (3,2,5)
D (8,3,9) (0,3,3)
D (3,9,-1) (2,1,2)
D (8,3,-1) (4,3,3)
D (3,9,-1) (2,5,3)
D (7,8,3) (3,4,4)
C 0 20
C 1 16
C 2 26
C 3 22
C 4 8
C 5 7
C 6 26
C 7 2
C 8 7
C 9 25
C 10 19
C 11 5
C 12 7
C 13 0
C 14 15
C 15 5
C 16 3
C 17 24
C 18 20
C 19 15
C 20 25
C 21 15
C 22 6
C 23 7
C 24 19
C 25 12
C 26 18
C 27 0
C 28 0
C 29 0
C 30 0
C 31 0
C 32 0
C 33 0
C 34 0
C 35 0
C 36 0
C 37 0
C 38 0
C 39 0
C 40 0
C 41 0
C 42 0
C 43 0
C 44 0
C 45 0
C 46 0
C 47 0
C 48 0
C 49 0
C 50 0
C 51 0
C 52 0
C 53 0
C 54 0
C 55 0
C 56 0
C 57 0
C 58 0
C 59 0
C 60 0
C 61 0
C 62 0
C 63 0
C 64 0
C 65 0
C 66 0
C 67 0
C 68 0
C 69 0
C 70 0
C 71 0
C 72 0
C 73 0
C 74 0
C 75 0
C 76 0
C 77 0
C 78 0
C 79 0
C 80 0
C 81 0
C 82 0
C 83 0
C 84 0
C 85 0
C 86 0
C 87 0
C 88 0
C 89 0
C 90 0
C 91 0
C 92 0
C 93 0
C 94 0
C 95 0
C 96 0
C 97 0
C 98 0
C 99 0
C 100 0
C 101 0
C 102 0
C 103 0
C 104 0
C 105 0
C 106 0
C 107 0
C 108 0
C 109 0
C 110 0
C 111 0
C 112 0
C 113 0
C 114 0
C 115 0
C 116 0
C 117 0
C 118 0
C 119 0
C 120 0
C 121 0
C 122 0
C 123 0
C 124 0
C 125 0
C 126 19
C 127 25
C 128 15
C 129 17
C 130 25
C 131 3
C 132 21
C 133 2
C 134 1
C 135 17
C 136 18
C 137 14
C 138 22
C 139 20
C 140 18
C 141 25
C 142 19
C 143 6
C 144 12
C 145 26
C 146 9
C 147 6
C 148 22
C 149 10
C 150 0
C 151 14
C 152 1
C 153 9
C 154 0
C 155 12
C 156 18
C 157 0
C 158 26
C 159 8
C 160 24
C 161 16
C 162 21
C 163 18
C 164 6
C 165 14
C 166 9
C 167 12
C 168 3
C 169 4
C 170 8
C 171 24
C 172 19
C 173 15
C 174 5
C 175 23
C 176 22
C 177 15
C 178 14
C 179 17
C 180 20
C 181 21
C 182 3
C 183 25
C 184 5
C 185 6
C 186 18
C 187 16
C 188 12
C 189 4
C 190 24
C 191 8
C 192 8
C 193 5
C 194 1
C 195 9
C 196 11
C 197 3
C 198 4
C 199 7
C 200 15
C 201 2
C 202 7
C 203 24
C 204 24
C 205 3
C 206 12
C 207 12
C 208 18
C 209 24
C 210 6
C 211 24
C 212 18
C 213 24
C 214 0
C 215 19
C 216 11
C 217 23
C 218 7
C 219 2
C 220 22
C 221 6
C 222 24
C 223 8
C 224 20
C 225 2
C 226 14
C 227 22
C 228 5
C 229 14
C 230 21
C 231 22
C 232 7
C 233 22
C 234 6
C 235 14
C 236 26
C 237 20
C 238 0
C 239 7
C 240 25
C 241 5
C 242 1
C 243 19
C 244 5
C 245 26
C 246 9
C 247 23
C 248 24
C 249 14
C 250 19
C 251 20
C 252 24
C 253 14
C 254 6
C 255 8
C 256 2
C 257 12
C 258 26
C 259 14
C 260 25
C 261 18
C 262 25
C 263 19
C 264 20
C 265 1
C 266 21
C 267 19
C 268 4
C 269 10
I 4 2 10 (0,5,3) (1,1,1,0)
I 5 2 4 (1,0,3) (0,1,1,0)|(0,-1,0,0)|(0,-1,0,0)|(1,0,-1,0)
I 1 1 3 (2,4,1) (1,0,0,0)|(-1,0,0,0)|(-1,0,0,0)
