D (8,-1,-1) (5,0,0)
D (6,7,8) (2,5,4)
D (9,-1,-1) (1,1,4)
D (6,7,-1) (0,4,2)
D (6,7,-1) (5,3,4)
D (7,8,3) (2,0,1)
D (3,9,-1) (2,4,5)
D (9,-1,-1) (0,0,0)
D (7,8,-1) (3,0,3)
D (6,7,-1) (0,4,0)
D (3,-1,-1) (3,1,4)
D (3,9,-1) (0,4,5)
D (9,-1,-1) (2,1,3)
D (6,-1,-1) (4,1,1)
D (6,7,8) (0,3,5)
D (3,-1,-1) (1,0,5)
D (8,3,-1) (5,3,3)
D (7,8,-1) (1,5,4)
D (3,9,-1) (3,5,0)
D (9,-1,-1) (5,5,2)
D (8,3,-1) (0,0,3)
D (6,7,8) (1,1,3)
D (8,3,9) (0,2,5)
D (8,3,-1) (0,2,4)
D (3,9,-1) (5,2,5)
D (9,-1,-1) (1,5,0)
D (9,-1,-1) (4,2,5)
D (3,-1,-1) (5,3,1)
D (9,-1,-1) (0,3,4)
D (9,-1,-1) (4,3,3)
D (9,-1,-1) (4,2,1)
D (3,-1,-1) (0,1,2)
D (3,9,-1) (5,4,1)
D (7,-1,-1) (0,0,4)
D (8,3,9) (0,5,0)
D (3,9,-1) (4,1,2)
D (6,7,-1) (5,3,0)
D (7,8,3) (0,1,5)
D (6,7,8) (3,1,1)
C 0 3
C 1 7
C 2 4
C 3 25
C 4 11
C 5 25
C 6 19
C 7 17
C 8 24
C 9 2
C 10 22
C 11 14
C 12 10
C 13 12
C 14 15
C 15 14
C 16 10
C 17 0
C 18 6
C 19 24
C 20 10
C 21 9
C 22 3
C 23 17
C 24 15
C 25 19
C 26 26
C 27 11
C 28 16
C 29 8
C 30 19
C 31 2
C 32 3
C 33 2
C 34 19
C 35 10
C 36 7
C 37 15
C 38 23
C 39 8
C 40 23
C 41 18
C 42 26
C 43 8
C 44 2
C 45 5
C 46 10
C 47 15
C 48 5
C 49 6
C 50 11
C 51 22
C 52 19
C 53 14
C 54 10
C 55 22
C 56 26
C 57 24
C 58 0
C 59 8
C 60 24
C 61 23
C 62 21
C 63 16
C 64 21
C 65 0
C 66 18
C 67 11
C 68 12
C 69 7
C 70 25
C 71 1
C 72 11
C 73 16
C 74 16
C 75 2
C 76 26
C 77 18
C 78 3
C 79 10
C 80 21
C 81 12
C 82 16
C 83 17
C 84 0
C 85 0
C 86 0
C 87 0
C 88 0
C 89 0
C 90 0
C 91 0
C 92 0
C 93 0
C 94 0
C 95 0
C 96 0
C 97 0
C 98 0
C 99 0
C 100 0
C 101 0
C 102 0
C 103 0
C 104 0
C 105 0
C 106 0
C 107 0
C 108 0
C 109 0
C 110 0
C 111 0
C 112 0
C 113 0
C 114 0
C 115 0
C 116 0
C 117 0
C 118 0
C 119 0
C 120 0
C 121 0
C 122 0
C 123 0
C 124 0
C 125 0
C 126 0
C 127 0
C 128 0
C 129 0
C 130 0
C 131 0
C 132 0
C 133 0
C 134 0
C 135 0
C 136 0
C 137 0
C 138 0
C 139 0
C 140 0
C 141 0
C 142 0
C 143 0
C 144 0
C 145 0
C 146 0
C 147 0
C 148 0
C 149 0
C 150 0
C 151 0
C 152 0
C 153 0
C 154 0
C 155 0
C 156 0
C 157 0
C 158 0
C 159 0
C 160 0
C 161 0
C 162 0
C 163 0
C 164 0
C 165 0
C 166 0
C 167 0
C 168 0
C 169 0
C 170 0
C 171 0
C 172 0
C 173 0
C 174 0
C 175 0
C 176 0
C 177 0
C 178 0
C 179 0
C 180 0
C 181 0
C 182 23
C 183 7
C 184 15
C 185 9
C 186 20
C 187 2
C 188 22
C 189 10
C 190 5
C 191 6
C 192 11
C 193 26
C 194 1
C 195 0
C 196 0
C 197 0
C 198 0
C 199 0
C 200 0
C 201 0
C 202 0
C 203 0
C 204 0
C 205 0
C 206 0
C 207 0
C 208 0
C 209 0
C 210 0
C 211 0
C 212 0
C 213 0
C 214 0
C 215 0
C 216 0
C 217 0
C 218 0
C 219 0
C 220 0
C 221 0
C 222 0
C 223 0
C 224 0
C 225 0
C 226 0
C 227 0
C 228 0
C 229 0
C 230 0
C 231 0
C 232 0
C 233 0
C 234 0
C 235 0
C 236 0
C 237 0
C 238 0
C 239 0
C 240 0
C 241 0
C 242 0
C 243 0
C 244 0
C 245 0
C 246 0
C 247 0
C 248 0
C 249 0
C 250 0
C 251 0
C 252 6
C 253 20
C 254 17
C 255 1
C 256 20
C 257 7
C 258 7
C 259 4
C 260 3
C 261 25
C 262 21
C 263 22
C 264 25
C 265 15
C 266 2
C 267 15
C 268 20
C 269 0
I 0 2 15 (3,4,3) (-1,-1,0,0)|(1,0,0,0)|(-1,1,0,0)
I 1 1 13 (1,3,4) (1,1,-1,0)
