D (9,-1,-1) (4,0,5)
D (9,-1,-1) (0,4,4)
D (6,7,8) (3,4,1)
D (8,-1,-1) (4,4,5)
D (3,-1,-1) (2,5,3)
D (3,9,-1) (4,3,5)
D (3,-1,-1) (1,4,0)
D (6,7,-1) (3,3,4)
D (6,-1,-1) (1,0,0)
D (9,-1,-1) (4,0,0)
D (8,3,-1) (3,1,0)
D (6,7,8) (4,2,2)
D (7,-1,-1) (0,3,3)
D (6,7,8) (0,5,2)
D (8,3,-1) (1,2,0)
D (7,8,-1) (3,2,2)
D (6,7,-1) (4,5,0)
D (6,-1,-1) (3,4,5)
D (9,-1,-1) (4,3,0)
D (9,-1,-1) (5,0,5)
D (8,3,-1) (2,2,4)
D (9,-1,-1) (3,3,1)
D (6,7,-1) (0,2,1)
D (8,3,-1) (5,5,4)
D (7,-1,-1) (3,2,1)
D (9,-1,-1) (0,2,4)
D (6,-1,-1) (1,3,5)
D (8,3,9) (4,5,4)
D (9,-1,-1) (4,0,4)
D (7,8,-1) (2,3,0)
D (9,-1,-1) (2,3,4)
D (3,9,-1) (4,5,5)
D (8,3,9) (4,4,3)
D (6,-1,-1) (1,5,3)
D (6,-1,-1) (2,5,4)
D (3,9,-1) (4,5,2)
D (7,8,3) (0,5,0)
D (9,-1,-1) (0,5,4)
D (7,8,3) (4,0,2)
D (7,8,-1) (5,1,0)
D (7,8,-1) (1,2,2)
D (3,9,-1) (3,0,0)
D (9,-1,-1) (5,1,1)
D (9,-1,-1) (5,2,5)
D (7,8,3) (5,4,4)
D (6,7,-1) (4,1,3)
D (6,7,-1) (5,2,0)
D (7,-1,-1) (2,0,4)
D (9,-1,-1) (0,4,2)
D (3,9,-1) (2,4,0)
D (8,3,-1) (4,4,4)
D (8,-1,-1) (2,3,5)
D (7,-1,-1) (2,0,0)
D (7,8,3) (5,4,0)
D (9,-1,-1) (2,3,3)
D (6,-1,-1) (2,4,3)
D (9,-1,-1) (3,2,3)
D (6,7,-1) (0,4,1)
D (7,8,-1) (4,1,0)
C 0 25
C 1 19
C 2 11
C 3 22
C 4 10
C 5 4
C 6 11
C 7 17
C 8 21
C 9 23
C 10 5
C 11 26
C 12 3
C 13 26
C 14 21
C 15 4
C 16 24
C 17 11
C 18 24
C 19 7
C 20 7
C 21 3
C 22 11
C 23 21
C 24 9
C 25 1
C 26 8
C 27 5
C 28 3
C 29 17
C 30 5
C 31 1
C 32 17
C 33 9
C 34 21
C 35 17
C 36 9
C 37 5
C 38 15
C 39 16
C 40 19
C 41 3
C 42 24
C 43 15
C 44 3
C 45 18
C 46 3
C 47 19
C 48 24
C 49 19
C 50 11
C 51 24
C 52 8
C 53 10
C 54 6
C 55 10
C 56 14
C 57 23
C 58 25
C 59 1
C 60 24
C 61 5
C 62 1
C 63 24
C 64 26
C 65 22
C 66 6
C 67 2
C 68 15
C 69 5
C 70 21
C 71 26
C 72 23
C 73 16
C 74 18
C 75 9
C 76 25
C 77 3
C 78 1
C 79 25
C 80 24
C 81 14
C 82 25
C 83 15
C 84 15
C 85 8
C 86 22
C 87 16
C 88 22
C 89 24
C 90 2
C 91 6
C 92 20
C 93 10
C 94 4
C 95 18
C 96 22
C 97 0
C 98 0
C 99 0
C 100 0
C 101 0
C 102 0
C 103 0
C 104 0
C 105 0
C 106 0
C 107 0
C 108 0
C 109 0
C 110 0
C 111 0
C 112 0
C 113 0
C 114 0
C 115 0
C 116 0
C 117 19
C 118 3
C 119 8
C 120 5
C 121 15
C 122 3
C 123 22
C 124 12
C 125 23
C 126 26
C 127 0
C 128 0
C 129 0
C 130 0
C 131 0
C 132 0
C 133 0
C 134 0
C 135 0
C 136 0
C 137 0
C 138 0
C 139 0
C 140 0
C 141 0
C 142 0
C 143 0
C 144 0
C 145 0
C 146 0
C 147 0
C 148 0
C 149 0
C 150 0
C 151 0
C 152 0
C 153 0
C 154 0
C 155 0
C 156 0
C 157 0
C 158 0
C 159 0
C 160 0
C 161 0
C 162 0
C 163 0
C 164 0
C 165 0
C 166 0
C 167 0
C 168 0
C 169 0
C 170 0
C 171 0
C 172 0
C 173 0
C 174 0
C 175 0
C 176 0
C 177 0
C 178 0
C 179 0
C 180 0
C 181 0
C 182 0
C 183 0
C 184 0
C 185 0
C 186 0
C 187 0
C 188 0
C 189 0
C 190 0
C 191 0
C 192 0
C 193 0
C 194 0
C 195 0
C 196 0
C 197 0
C 198 0
C 199 0
C 200 0
C 201 0
C 202 0
C 203 0
C 204 0
C 205 0
C 206 0
C 207 0
C 208 0
C 209 0
C 210 0
C 211 0
C 212 0
C 213 0
C 214 0
C 215 0
C 216 0
C 217 25
C 218 21
C 219 12
C 220 16
C 221 2
C 222 20
C 223 2
C 224 7
C 225 0
C 226 14
C 227 11
C 228 2
C 229 11
C 230 14
C 231 16
C 232 14
C 233 12
C 234 20
C 235 24
C 236 7
C 237 19
C 238 1
C 239 25
C 240 21
C 241 12
C 242 6
C 243 17
C 244 25
C 245 1
C 246 17
C 247 21
C 248 7
C 249 24
C 250 0
C 251 3
C 252 23
C 253 17
C 254 2
C 255 17
C 256 24
C 257 15
C 258 4
C 259 19
C 260 12
C 261 4
C 262 21
C 263 1
C 264 10
C 265 3
C 266 21
C 267 11
C 268 20
C 269 17
I 0 3 13 (1,0,2) (0,1,1,0)|(-1,0,-1,0)|(0,0,0,0)|(0,1,1,0)
I 2 2 4 (1,4,4) (0,1,-1,0)|(-1,1,0,0)
I 1 1 3 (4,1,1) (0,0,1,0)|(0,-1,1,0)
