D (8,3,9) (4,1,4)
D (9,-1,-1) (5,3,2)
D (9,-1,-1) (3,0,4)
D (8,3,-1) (0,0,0)
D (7,8,-1) (4,3,1)
D (6,-1,-1) (2,5,2)
D (3,9,-1) (4,0,0)
D (6,7,-1) (1,4,0)
D (3,-1,-1) (0,3,0)
D (8,3,-1) (2,3,1)
D (3,-1,-1) (3,5,1)
D (9,-1,-1) (0,4,1)
D (9,-1,-1) (4,1,3)
D (3,9,-1) (3,3,5)
D (7,8,3) (5,2,3)
D (9,-1,-1) (5,4,1)
D (6,-1,-1) (0,4,0)
D (3,9,-1) (1,0,2)
D (8,3,9) (3,2,3)
D (7,8,3) (1,3,2)
D (6,7,-1) (0,3,3)
D (7,8,3) (5,5,2)
D (8,-1,-1) (0,5,3)
D (9,-1,-1) (1,3,3)
D (9,-1,-1) (5,4,4)
D (3,9,-1) (4,4,4)
D (8,3,9) (4,5,0)
D (7,8,-1) (3,0,1)
D (6,7,-1) (0,5,5)
D (6,7,-1) (3,4,3)
D (9,-1,-1) (5,2,4)
D (3,9,-1) (5,5,1)
D (6,-1,-1) (2,3,3)
D (7,8,-1) (5,5,4)
D (3,9,-1) (0,0,1)
C 0 14
C 1 17
C 2 7
C 3 23
C 4 19
C 5 10
C 6 19
C 7 21
C 8 6
C 9 17
C 10 25
C 11 21
C 12 1
C 13 3
C 14 7
C 15 26
C 16 15
C 17 14
C 18 2
C 19 21
C 20 21
C 21 8
C 22 2
C 23 16
C 24 2
C 25 2
C 26 9
C 27 19
C 28 4
C 29 16
C 30 14
C 31 1
C 32 18
C 33 17
C 34 10
C 35 8
C 36 20
C 37 23
C 38 17
C 39 8
C 40 6
C 41 20
C 42 6
C 43 9
C 44 20
C 45 24
C 46 22
C 47 15
C 48 17
C 49 15
C 50 3
C 51 22
C 52 21
C 53 2
C 54 14
C 55 10
C 56 2
C 57 24
C 58 4
C 59 1
C 60 21
C 61 7
C 62 3
C 63 18
C 64 9
C 65 25
C 66 4
C 67 17
C 68 18
C 69 22
C 70 9
C 71 22
C 72 12
C 73 2
C 74 17
C 75 24
C 76 5
C 77 16
C 78 5
C 79 17
C 80 10
C 81 10
C 82 8
C 83 19
C 84 20
C 85 24
C 86 20
C 87 7
C 88 21
C 89 16
C 90 18
C 91 23
C 92 10
C 93 14
C 94 14
C 95 22
C 96 24
C 97 25
C 98 26
C 99 1
C 100 12
C 101 3
C 102 8
C 103 8
C 104 23
C 105 10
C 106 20
C 107 25
C 108 18
C 109 7
C 110 12
C 111 3
C 112 1
C 113 4
C 114 18
C 115 2
C 116 18
C 117 17
C 118 6
C 119 9
C 120 19
C 121 5
C 122 16
C 123 5
C 124 26
C 125 22
C 126 24
C 127 20
C 128 2
C 129 2
C 130 10
C 131 25
C 132 20
C 133 23
C 134 21
C 135 24
C 136 3
C 137 14
C 138 3
C 139 8
C 140 3
C 141 20
C 142 7
C 143 21
C 144 22
C 145 21
C 146 10
C 147 25
C 148 11
C 149 1
C 150 25
C 151 6
C 152 2
C 153 11
C 154 0
C 155 5
C 156 17
C 157 23
C 158 20
C 159 22
C 160 22
C 161 20
C 162 19
C 163 0
C 164 2
C 165 5
C 166 11
C 167 10
C 168 26
C 169 21
C 170 16
C 171 22
C 172 26
C 173 11
C 174 22
C 175 21
C 176 2
C 177 4
C 178 3
C 179 15
C 180 19
C 181 17
C 182 23
C 183 14
C 184 3
C 185 0
C 186 7
C 187 23
C 188 9
C 189 21
C 190 23
C 191 12
C 192 24
C 193 21
C 194 17
C 195 18
C 196 2
C 197 19
C 198 4
C 199 22
C 200 0
C 201 24
C 202 16
C 203 10
C 204 25
C 205 24
C 206 15
C 207 22
C 208 21
C 209 21
C 210 23
C 211 1
C 212 12
C 213 17
C 214 26
C 215 24
C 216 20
C 217 20
C 218 8
C 219 5
C 220 3
C 221 5
C 222 3
C 223 18
C 224 24
C 225 12
C 226 21
C 227 17
C 228 6
C 229 25
C 230 10
C 231 7
C 232 8
C 233 17
C 234 16
C 235 2
C 236 8
C 237 16
C 238 18
C 239 0
C 240 23
C 241 15
C 242 10
C 243 23
C 244 22
C 245 5
C 246 26
C 247 15
C 248 18
C 249 14
C 250 14
C 251 0
C 252 9
C 253 24
C 254 2
C 255 10
C 256 7
C 257 0
C 258 14
C 259 22
C 260 15
C 261 25
C 262 24
C 263 24
C 264 8
C 265 14
C 266 14
C 267 20
C 268 2
C 269 4
I 0 1 17 (0,1,3) (1,0,-1,0)|(-1,0,1,0)|(-1,-1,-1,0)
I 3 2 11 (5,5,5) (1,1,1,0)|(1,1,1,0)|(1,-1,1,0)|(1,1,1,0)
I 3 1 11 (2,3,2) (1,1,1,0)
I 5 2 17 (2,1,2) (1,1,-1,0)|(0,0,0,0)|(1,0,-1,0)|(0,0,0,0)
