D (7,-1,-1) (0,4,3)
D (9,-1,-1) (5,4,1)
D (9,-1,-1) (2,0,5)
D (3,-1,-1) (3,5,3)
D (8,3,-1) (4,1,1)
D (6,7,-1) (1,2,2)
D (7,-1,-1) (3,0,3)
D (8,3,-1) (0,0,5)
D (3,-1,-1) (5,0,5)
D (8,3,-1) (3,1,1)
D (8,3,9) (1,4,3)
D (9,-1,-1) (1,1,3)
D (3,9,-1) (1,5,1)
D (6,7,-1) (4,0,4)
D (7,8,-1) (0,1,1)
D (3,-1,-1) (3,2,3)
D (9,-1,-1) (2,1,2)
D (8,3,-1) (0,1,5)
D (8,3,-1) (5,2,0)
D (8,-1,-1) (3,2,2)
D (6,7,-1) (1,2,3)
D (9,-1,-1) (1,0,2)
D (3,-1,-1) (5,3,5)
D (7,-1,-1) (4,2,5)
D (7,8,3) (4,2,3)
D (7,8,3) (0,1,2)
D (8,3,-1) (0,3,4)
D (7,8,3) (3,4,2)
D (8,3,-1) (5,2,2)
D (6,7,8) (5,2,4)
D (7,8,-1) (1,5,3)
D (8,3,9) (1,1,0)
D (9,-1,-1) (3,4,0)
D (8,3,-1) (4,3,3)
D (3,9,-1) (2,3,1)
D (9,-1,-1) (1,1,5)
C 0 7
C 1 21
C 2 18
C 3 20
C 4 24
C 5 24
C 6 24
C 7 16
C 8 5
C 9 1
C 10 6
C 11 7
C 12 23
C 13 5
C 14 19
C 15 7
C 16 23
C 17 19
C 18 11
C 19 4
C 20 10
C 21 12
C 22 0
C 23 0
C 24 0
C 25 0
C 26 0
C 27 0
C 28 0
C 29 0
C 30 0
C 31 0
C 32 0
C 33 0
C 34 0
C 35 0
C 36 14
C 37 17
C 38 24
C 39 18
C 40 22
C 41 3
C 42 25
C 43 0
C 44 16
C 45 9
C 46 15
C 47 20
C 48 3
C 49 15
C 50 21
C 51 17
C 52 4
C 53 19
C 54 24
C 55 22
C 56 21
C 57 11
C 58 23
C 59 6
C 60 7
C 61 23
C 62 0
C 63 15
C 64 21
C 65 22
C 66 10
C 67 12
C 68 2
C 69 8
C 70 0
C 71 7
C 72 15
C 73 7
C 74 0
C 75 0
C 76 1
C 77 15
C 78 20
C 79 2
C 80 10
C 81 24
C 82 0
C 83 1
C 84 21
C 85 14
C 86 15
C 87 17
C 88 24
C 89 8
C 90 14
C 91 9
C 92 5
C 93 11
C 94 18
C 95 25
C 96 1
C 97 5
C 98 3
C 99 20
C 100 2
C 101 9
C 102 12
C 103 21
C 104 2
C 105 18
C 106 8
C 107 22
C 108 20
C 109 26
C 110 18
C 111 15
C 112 18
C 113 22
C 114 14
C 115 18
C 116 6
C 117 14
C 118 2
C 119 3
C 120 14
C 121 8
C 122 8
C 123 11
C 124 16
C 125 11
C 126 3
C 127 9
C 128 9
C 129 0
C 130 1
C 131 9
C 132 11
C 133 23
C 134 5
C 135 25
C 136 15
C 137 24
C 138 25
C 139 26
C 140 26
C 141 25
C 142 11
C 143 2
C 144 3
C 145 8
C 146 3
C 147 10
C 148 17
C 149 23
C 150 23
C 151 20
C 152 12
C 153 26
C 154 2
C 155 2
C 156 17
C 157 17
C 158 16
C 159 15
C 160 22
C 161 3
C 162 15
C 163 9
C 164 6
C 165 19
C 166 1
C 167 23
C 168 1
C 169 25
C 170 18
C 171 4
C 172 26
C 173 25
C 174 14
C 175 12
C 176 6
C 177 0
C 178 8
C 179 22
C 180 17
C 181 1
C 182 16
C 183 15
C 184 8
C 185 15
C 186 17
C 187 16
C 188 4
C 189 12
C 190 16
C 191 14
C 192 3
C 193 19
C 194 21
C 195 3
C 196 3
C 197 25
C 198 9
C 199 21
C 200 10
C 201 1
C 202 11
C 203 1
C 204 0
C 205 11
C 206 7
C 207 19
C 208 7
C 209 11
C 210 17
C 211 26
C 212 10
C 213 6
C 214 11
C 215 24
C 216 24
C 217 0
C 218 0
C 219 0
C 220 0
C 221 0
C 222 0
C 223 0
C 224 0
C 225 0
C 226 0
C 227 0
C 228 0
C 229 0
C 230 19
C 231 22
C 232 0
C 233 16
C 234 22
C 235 20
C 236 4
C 237 0
C 238 10
C 239 8
C 240 0
C 241 20
C 242 9
C 243 11
C 244 4
C 245 4
C 246 17
C 247 6
C 248 19
C 249 4
C 250 26
C 251 12
C 252 22
C 253 4
C 254 11
C 255 26
C 256 11
C 257 0
C 258 9
C 259 17
C 260 14
C 261 10
C 262 11
C 263 10
C 264 24
C 265 8
C 266 12
C 267 16
C 268 14
C 269 1
I 0 3 15 (0,5,5) (1,-1,-1,0)|(-1,0,0,0)
I 3 3 14 (3,0,2) (-1,-1,-1,0)|(-1,1,0,0)|(-1,0,1,0)
I 0 2 10 (3,2,1) (-1,-1,0,0)|(0,0,0,0)
