D (6,-1,-1) (5,5,3)
D (7,8,-1) (1,0,3)
D (7,8,3) (0,2,5)
D (9,-1,-1) (3,0,2)
D (7,8,3) (2,3,3)
D (6,7,8) (3,1,4)
D (7,-1,-1) (4,1,5)
D (7,8,3) (4,5,2)
D (6,7,8) (5,3,0)
D (3,9,-1) (3,3,5)
D (6,7,8) (3,1,5)
D (9,-1,-1) (5,0,0)
D (8,3,9) (1,2,2)
D (7,8,-1) (0,2,2)
D (7,-1,-1) (3,2,4)
D (9,-1,-1) (1,3,3)
D (7,-1,-1) (1,4,0)
D (6,-1,-1) (4,1,3)
D (8,-1,-1) (5,3,2)
D (7,8,3) (2,5,2)
D (6,7,8) (0,4,1)
D (3,9,-1) (4,5,0)
D (8,-1,-1) (1,1,2)
D (3,9,-1) (0,1,5)
D (6,7,-1) (0,4,2)
D (9,-1,-1) (3,3,4)
D (8,-1,-1) (2,3,4)
D (6,7,8) (2,1,1)
D (7,8,-1) (2,4,2)
D (8,3,9) (4,3,2)
D (7,8,-1) (4,3,5)
D (6,-1,-1) (1,5,3)
D (7,-1,-1) (0,5,3)
D (8,-1,-1) (0,3,1)
D (8,3,-1) (0,0,0)
D (6,7,-1) (1,0,1)
D (6,7,-1) (4,0,4)
D (6,7,-1) (3,1,2)
D (7,8,-1) (4,0,3)
D (7,8,3) (2,0,4)
C 0 14
C 1 22
C 2 25
C 3 10
C 4 15
C 5 25
C 6 0
C 7 21
C 8 24
C 9 25
C 10 8
C 11 19
C 12 3
C 13 19
C 14 20
C 15 22
C 16 1
C 17 6
C 18 22
C 19 20
C 20 18
C 21 0
C 22 0
C 23 0
C 24 0
C 25 19
C 26 20
C 27 12
C 28 25
C 29 7
C 30 19
C 31 16
C 32 19
C 33 12
C 34 2
C 35 1
C 36 1
C 37 15
C 38 11
C 39 1
C 40 10
C 41 26
C 42 3
C 43 0
C 44 0
C 45 23
C 46 17
C 47 4
C 48 7
C 49 11
C 50 26
C 51 3
C 52 11
C 53 26
C 54 5
C 55 14
C 56 20
C 57 23
C 58 3
C 59 14
C 60 4
C 61 21
C 62 4
C 63 10
C 64 2
C 65 10
C 66 3
C 67 11
C 68 0
C 69 0
C 70 3
C 71 23
C 72 15
C 73 17
C 74 25
C 75 15
C 76 3
C 77 22
C 78 20
C 79 22
C 80 26
C 81 18
C 82 18
C 83 22
C 84 11
C 85 16
C 86 17
C 87 8
C 88 1
C 89 23
C 90 9
C 91 12
C 92 5
C 93 14
C 94 24
C 95 7
C 96 11
C 97 18
C 98 26
C 99 14
C 100 12
C 101 7
C 102 10
C 103 11
C 104 9
C 105 17
C 106 4
C 107 25
C 108 20
C 109 26
C 110 1
C 111 3
C 112 10
C 113 23
C 114 4
C 115 24
C 116 0
C 117 0
C 118 0
C 119 0
C 120 0
C 121 0
C 122 0
C 123 0
C 124 0
C 125 0
C 126 0
C 127 0
C 128 0
C 129 0
C 130 0
C 131 0
C 132 0
C 133 0
C 134 0
C 135 0
C 136 0
C 137 0
C 138 0
C 139 0
C 140 0
C 141 0
C 142 0
C 143 0
C 144 0
C 145 0
C 146 0
C 147 0
C 148 0
C 149 0
C 150 0
C 151 0
C 152 0
C 153 0
C 154 0
C 155 0
C 156 0
C 157 0
C 158 0
C 159 0
C 160 0
C 161 0
C 162 0
C 163 0
C 164 0
C 165 0
C 166 0
C 167 0
C 168 0
C 169 0
C 170 0
C 171 0
C 172 0
C 173 0
C 174 0
C 175 0
C 176 0
C 177 0
C 178 0
C 179 0
C 180 0
C 181 0
C 182 0
C 183 0
C 184 0
C 185 0
C 186 0
C 187 0
C 188 0
C 189 0
C 190 0
C 191 0
C 192 0
C 193 0
C 194 0
C 195 0
C 196 0
C 197 0
C 198 0
C 199 0
C 200 0
C 201 0
C 202 0
C 203 0
C 204 0
C 205 0
C 206 0
C 207 0
C 208 0
C 209 0
C 210 0
C 211 0
C 212 0
C 213 0
C 214 0
C 215 0
C 216 0
C 217 0
C 218 0
C 219 0
C 220 0
C 221 0
C 222 0
C 223 0
C 224 0
C 225 15
C 226 26
C 227 0
C 228 23
C 229 19
C 230 12
C 231 4
C 232 4
C 233 2
C 234 5
C 235 2
C 236 3
C 237 1
C 238 26
C 239 1
C 240 8
C 241 18
C 242 18
C 243 26
C 244 16
C 245 12
C 246 16
C 247 16
C 248 3
C 249 18
C 250 20
C 251 0
C 252 2
C 253 14
C 254 11
C 255 25
C 256 25
C 257 15
C 258 25
C 259 26
C 260 23
C 261 24
C 262 10
C 263 4
C 264 2
C 265 24
C 266 23
C 267 15
C 268 14
C 269 2
I 0 2 17 (1,2,5) (1,-1,-1,0)
I 3 2 19 (4,3,1) (-1,-1,1,0)|(1,-1,-1,0)
I 2 3 7 (3,3,1) (-1,1,-1,0)|(-1,1,-1,0)
