D (9,-1,-1) (1,1,0)
D (8,3,9) (3,1,3)
D (9,-1,-1) (3,2,1)
D (3,9,-1) (1,5,0)
D (3,-1,-1) (4,1,0)
D (8,3,-1) (5,0,4)
D (7,8,-1) (0,2,3)
D (6,7,-1) (0,4,3)
D (6,-1,-1) (3,1,5)
D (6,7,-1) (5,1,1)
D (8,3,9) (3,1,1)
D (7,-1,-1) (0,5,4)
D (7,8,-1) (2,3,5)
D (6,7,-1) (2,5,5)
D (8,3,-1) (4,2,2)
D (9,-1,-1) (4,4,4)
D (9,-1,-1) (1,2,0)
D (9,-1,-1) (1,0,3)
D (7,8,3) (0,0,5)
D (3,9,-1) (3,5,4)
D (9,-1,-1) (5,4,4)
D (8,3,-1) (5,1,5)
D (6,7,-1) (2,2,1)
D (7,-1,-1) (2,5,0)
D (3,9,-1) (3,2,5)
D (3,9,-1) (1,2,3)
D (6,-1,-1) (2,3,2)
D (8,-1,-1) (3,4,1)
D (8,3,9) (1,5,2)
D (6,7,8) (3,5,2)
D (3,-1,-1) (5,5,2)
D (8,-1,-1) (3,3,1)
D (9,-1,-1) (4,4,0)
D (7,-1,-1) (3,0,5)
D (3,9,-1) (0,1,5)
D (6,-1,-1) (4,2,5)
D (6,-1,-1) (3,1,2)
D (6,7,8) (1,4,1)
C 0 18
C 1 26
C 2 0
C 3 0
C 4 0
C 5 0
C 6 0
C 7 0
C 8 0
C 9 0
C 10 0
C 11 0
C 12 0
C 13 0
C 14 0
C 15 0
C 16 0
C 17 0
C 18 0
C 19 0
C 20 0
C 21 0
C 22 0
C 23 0
C 24 0
C 25 0
C 26 0
C 27 0
C 28 0
C 29 0
C 30 0
C 31 0
C 32 0
C 33 0
C 34 0
C 35 0
C 36 0
C 37 0
C 38 0
C 39 0
C 40 0
C 41 0
C 42 0
C 43 0
C 44 0
C 45 0
C 46 0
C 47 0
C 48 0
C 49 0
C 50 0
C 51 0
C 52 0
C 53 0
C 54 0
C 55 0
C 56 0
C 57 0
C 58 0
C 59 0
C 60 0
C 61 0
C 62 0
C 63 0
C 64 0
C 65 0
C 66 0
C 67 0
C 68 0
C 69 0
C 70 0
C 71 0
C 72 0
C 73 0
C 74 0
C 75 0
C 76 0
C 77 0
C 78 0
C 79 0
C 80 0
C 81 0
C 82 0
C 83 0
C 84 0
C 85 0
C 86 0
C 87 0
C 88 0
C 89 0
C 90 0
C 91 0
C 92 0
C 93 0
C 94 0
C 95 0
C 96 12
C 97 18
C 98 9
C 99 9
C 100 14
C 101 22
C 102 9
C 103 2
C 104 16
C 105 17
C 106 22
C 107 14
C 108 10
C 109 9
C 110 17
C 111 16
C 112 14
C 113 2
C 114 14
C 115 22
C 116 1
C 117 23
C 118 16
C 119 0
C 120 24
C 121 20
C 122 24
C 123 26
C 124 11
C 125 4
C 126 4
C 127 10
C 128 14
C 129 24
C 130 21
C 131 12
C 132 6
C 133 12
C 134 15
C 135 1
C 136 11
C 137 9
C 138 26
C 139 8
C 140 20
C 141 0
C 142 0
C 143 0
C 144 0
C 145 0
C 146 0
C 147 0
C 148 0
C 149 0
C 150 0
C 151 0
C 152 0
C 153 0
C 154 0
C 155 0
C 156 0
C 157 0
C 158 0
C 159 0
C 160 0
C 161 0
C 162 5
C 163 10
C 164 19
C 165 21
C 166 24
C 167 5
C 168 22
C 169 22
C 170 11
C 171 12
C 172 23
C 173 5
C 174 1
C 175 22
C 176 11
C 177 0
C 178 26
C 179 4
C 180 7
C 181 20
C 182 23
C 183 3
C 184 26
C 185 8
C 186 12
C 187 26
C 188 25
C 189 2
C 190 26
C 191 1
C 192 24
C 193 6
C 194 25
C 195 24
C 196 22
C 197 12
C 198 21
C 199 18
C 200 26
C 201 7
C 202 7
C 203 2
C 204 10
C 205 7
C 206 11
C 207 0
C 208 0
C 209 0
C 210 0
C 211 0
C 212 0
C 213 0
C 214 0
C 215 0
C 216 0
C 217 0
C 218 0
C 219 0
C 220 0
C 221 0
C 222 0
C 223 0
C 224 0
C 225 0
C 226 0
C 227 0
C 228 0
C 229 0
C 230 0
C 231 0
C 232 0
C 233 0
C 234 0
C 235 0
C 236 0
C 237 0
C 238 0
C 239 0
C 240 0
C 241 0
C 242 0
C 243 0
C 244 0
C 245 0
C 246 0
C 247 0
C 248 0
C 249 0
C 250 0
C 251 0
C 252 0
C 253 0
C 254 0
C 255 11
C 256 0
C 257 16
C 258 4
C 259 20
C 260 7
C 261 4
C 262 12
C 263 20
C 264 9
C 265 2
C 266 25
C 267 17
C 268 16
C 269 16
I 0 2 15 (3,2,2) (0,1,0,0)|(-1,0,-1,0)
I 3 1 19 (0,2,3) (0,-1,-1,0)
I 1 2 20 (1,4,3) (1,1,1,0)
