D (8,-1,-1) (5,1,1)
D (9,-1,-1) (3,2,4)
D (9,-1,-1) (3,4,3)
D (9,-1,-1) (0,1,1)
D (6,7,-1) (0,0,2)
D (7,8,-1) (5,4,5)
D (7,-1,-1) (0,5,4)
D (8,-1,-1) (4,5,1)
D (6,-1,-1) (4,3,4)
D (8,-1,-1) (3,3,0)
D (8,3,9) (2,4,5)
D (8,-1,-1) (0,2,0)
D (6,7,-1) (3,3,1)
D (8,3,-1) (4,0,0)
D (7,8,3) (3,4,0)
D (7,-1,-1) (5,4,4)
D (9,-1,-1) (3,0,3)
D (7,8,-1) (4,2,0)
D (7,8,3) (0,0,0)
D (6,7,8) (4,1,3)
D (8,3,-1) (1,3,2)
D (7,8,3) (0,4,4)
D (7,-1,-1) (4,0,1)
D (7,-1,-1) (2,3,3)
D (3,9,-1) (0,4,2)
D (9,-1,-1) (2,4,3)
D (8,3,9) (3,3,5)
D (8,-1,-1) (0,1,3)
D (9,-1,-1) (2,1,4)
D (8,3,9) (1,5,2)
D (6,7,-1) (1,4,3)
D (7,-1,-1) (0,5,0)
D (6,7,8) (5,2,2)
D (6,7,-1) (5,5,1)
D (8,3,9) (4,2,3)
D (3,9,-1) (0,3,1)
D (3,-1,-1) (2,4,2)
D (3,9,-1) (4,1,2)
D (9,-1,-1) (4,2,5)
D (7,8,3) (3,2,3)
D (7,8,3) (0,0,1)
D (8,3,9) (0,5,1)
D (8,3,9) (5,3,2)
D (6,7,-1) (3,3,4)
D (6,7,-1) (0,1,4)
D (3,-1,-1) (1,3,0)
D (6,7,-1) (5,4,1)
D (9,-1,-1) (3,5,0)
D (6,7,8) (1,1,0)
C 0 21
C 1 0
C 2 20
C 3 4
C 4 20
C 5 22
C 6 20
C 7 15
C 8 4
C 9 18
C 10 4
C 11 2
C 12 10
C 13 24
C 14 10
C 15 0
C 16 20
C 17 2
C 18 10
C 19 16
C 20 24
C 21 15
C 22 23
C 23 14
C 24 26
C 25 23
C 26 6
C 27 17
C 28 17
C 29 10
C 30 1
C 31 12
C 32 1
C 33 6
C 34 18
C 35 17
C 36 1
C 37 2
C 38 0
C 39 17
C 40 12
C 41 11
C 42 15
C 43 9
C 44 0
C 45 3
C 46 15
C 47 26
C 48 21
C 49 17
C 50 19
C 51 9
C 52 4
C 53 10
C 54 12
C 55 25
C 56 17
C 57 2
C 58 7
C 59 20
C 60 1
C 61 23
C 62 6
C 63 19
C 64 25
C 65 9
C 66 8
C 67 16
C 68 19
C 69 25
C 70 5
C 71 2
C 72 2
C 73 1
C 74 11
C 75 25
C 76 15
C 77 8
C 78 21
C 79 21
C 80 6
C 81 2
C 82 2
C 83 0
C 84 18
C 85 18
C 86 1
C 87 0
C 88 6
C 89 17
C 90 22
C 91 17
C 92 18
C 93 4
C 94 19
C 95 0
C 96 26
C 97 5
C 98 2
C 99 16
C 100 21
C 101 11
C 102 26
C 103 22
C 104 9
C 105 6
C 106 24
C 107 25
C 108 17
C 109 14
C 110 4
C 111 5
C 112 25
C 113 25
C 114 24
C 115 9
C 116 3
C 117 0
C 118 10
C 119 4
C 120 14
C 121 14
C 122 26
C 123 2
C 124 11
C 125 11
C 126 9
C 127 7
C 128 1
C 129 3
C 130 10
C 131 12
C 132 18
C 133 14
C 134 11
C 135 6
C 136 14
C 137 20
C 138 6
C 139 12
C 140 20
C 141 2
C 142 24
C 143 0
C 144 6
C 145 23
C 146 19
C 147 14
C 148 14
C 149 7
C 150 15
C 151 7
C 152 24
C 153 6
C 154 15
C 155 7
C 156 8
C 157 11
C 158 11
C 159 19
C 160 15
C 161 10
C 162 11
C 163 22
C 164 19
C 165 7
C 166 19
C 167 19
C 168 26
C 169 2
C 170 7
C 171 24
C 172 22
C 173 3
C 174 14
C 175 18
C 176 17
C 177 25
C 178 10
C 179 11
C 180 15
C 181 8
C 182 23
C 183 15
C 184 12
C 185 7
C 186 14
C 187 8
C 188 8
C 189 9
C 190 26
C 191 3
C 192 24
C 193 16
C 194 18
C 195 11
C 196 16
C 197 19
C 198 10
C 199 25
C 200 10
C 201 0
C 202 11
C 203 26
C 204 6
C 205 8
C 206 14
C 207 1
C 208 26
C 209 11
C 210 22
C 211 5
C 212 6
C 213 22
C 214 8
C 215 1
C 216 11
C 217 2
C 218 15
C 219 20
C 220 7
C 221 12
C 222 19
C 223 18
C 224 10
C 225 7
C 226 5
C 227 20
C 228 12
C 229 15
C 230 7
C 231 19
C 232 15
C 233 2
C 234 17
C 235 24
C 236 0
C 237 0
C 238 26
C 239 0
C 240 26
C 241 24
C 242 18
C 243 15
C 244 25
C 245 16
C 246 18
C 247 4
C 248 5
C 249 23
C 250 3
C 251 19
C 252 22
C 253 20
C 254 17
C 255 26
C 256 19
C 257 4
C 258 23
C 259 3
C 260 4
C 261 26
C 262 14
C 263 6
C 264 7
C 265 8
C 266 8
C 267 14
C 268 1
C 269 1
I 1 2 2 (4,4,1) (1,-1,-1,0)|(-1,1,1,0)
I 4 2 10 (4,0,3) (1,-1,-1,0)
I 1 1 6 (4,4,3) (0,0,-1,0)
