D (6,7,8) (1,3,0)
D (3,-1,-1) (0,2,2)
D (3,9,-1) (0,4,4)
D (3,9,-1) (1,1,5)
D (6,-1,-1) (2,4,4)
D (3,-1,-1) (4,1,4)
D (3,9,-1) (3,0,5)
D (3,9,-1) (1,4,5)
D (7,8,3) (3,4,5)
D (6,7,8) (2,3,2)
D (8,3,9) (1,2,5)
D (8,3,-1) (1,1,3)
D (3,9,-1) (5,5,3)
D (6,-1,-1) (3,2,4)
D (6,7,8) (1,5,0)
D (3,9,-1) (3,0,3)
D (9,-1,-1) (0,2,4)
D (8,3,9) (4,3,4)
D (9,-1,-1) (3,2,2)
D (9,-1,-1) (2,4,0)
D (9,-1,-1) (1,1,0)
D (8,3,9) (4,5,2)
D (7,8,3) (0,0,1)
D (8,3,9) (3,5,1)
D (7,-1,-1) (5,1,0)
D (6,-1,-1) (5,2,4)
D (7,-1,-1) (3,4,3)
D (3,9,-1) (2,2,0)
D (3,9,-1) (2,0,3)
D (7,8,-1) (1,0,4)
D (6,7,-1) (4,3,1)
D (9,-1,-1) (2,2,4)
D (3,9,-1) (2,1,1)
D (3,9,-1) (1,3,4)
D (7,8,3) (2,1,0)
D (8,3,9) (5,1,2)
D (9,-1,-1) (5,4,2)
C 0 8
C 1 2
C 2 25
C 3 0
C 4 0
C 5 0
C 6 0
C 7 0
C 8 0
C 9 0
C 10 0
C 11 0
C 12 0
C 13 0
C 14 0
C 15 0
C 16 0
C 17 0
C 18 0
C 19 0
C 20 0
C 21 0
C 22 0
C 23 0
C 24 0
C 25 0
C 26 0
C 27 0
C 28 0
C 29 0
C 30 0
C 31 0
C 32 0
C 33 0
C 34 0
C 35 0
C 36 0
C 37 0
C 38 0
C 39 0
C 40 0
C 41 0
C 42 0
C 43 0
C 44 0
C 45 0
C 46 0
C 47 0
C 48 0
C 49 0
C 50 0
C 51 0
C 52 0
C 53 0
C 54 0
C 55 0
C 56 0
C 57 0
C 58 0
C 59 0
C 60 0
C 61 0
C 62 0
C 63 0
C 64 0
C 65 0
C 66 0
C 67 0
C 68 0
C 69 0
C 70 0
C 71 0
C 72 22
C 73 8
C 74 4
C 75 6
C 76 9
C 77 20
C 78 10
C 79 8
C 80 18
C 81 20
C 82 0
C 83 4
C 84 9
C 85 2
C 86 14
C 87 6
C 88 5
C 89 15
C 90 22
C 91 21
C 92 20
C 93 1
C 94 2
C 95 12
C 96 2
C 97 21
C 98 22
C 99 6
C 100 5
C 101 0
C 102 25
C 103 8
C 104 5
C 105 22
C 106 5
C 107 1
C 108 2
C 109 18
C 110 9
C 111 8
C 112 5
C 113 23
C 114 17
C 115 4
C 116 0
C 117 7
C 118 11
C 119 0
C 120 0
C 121 0
C 122 0
C 123 0
C 124 0
C 125 0
C 126 0
C 127 0
C 128 0
C 129 0
C 130 0
C 131 0
C 132 0
C 133 0
C 134 0
C 135 0
C 136 0
C 137 0
C 138 0
C 139 0
C 140 0
C 141 0
C 142 0
C 143 0
C 144 0
C 145 0
C 146 0
C 147 0
C 148 0
C 149 0
C 150 0
C 151 0
C 152 0
C 153 0
C 154 0
C 155 0
C 156 0
C 157 0
C 158 0
C 159 0
C 160 0
C 161 0
C 162 0
C 163 0
C 164 0
C 165 0
C 166 0
C 167 0
C 168 0
C 169 0
C 170 0
C 171 0
C 172 0
C 173 0
C 174 0
C 175 0
C 176 0
C 177 0
C 178 0
C 179 0
C 180 0
C 181 0
C 182 0
C 183 0
C 184 0
C 185 0
C 186 0
C 187 0
C 188 0
C 189 0
C 190 0
C 191 0
C 192 0
C 193 0
C 194 0
C 195 0
C 196 0
C 197 0
C 198 0
C 199 0
C 200 0
C 201 0
C 202 9
C 203 7
C 204 0
C 205 4
C 206 9
C 207 4
C 208 18
C 209 19
C 210 14
C 211 23
C 212 8
C 213 6
C 214 26
C 215 19
C 216 10
C 217 22
C 218 21
C 219 21
C 220 21
C 221 2
C 222 1
C 223 3
C 224 20
C 225 10
C 226 21
C 227 25
C 228 11
C 229 19
C 230 9
C 231 10
C 232 14
C 233 17
C 234 20
C 235 6
C 236 21
C 237 24
C 238 9
C 239 2
C 240 17
C 241 3
C 242 4
C 243 26
C 244 26
C 245 17
C 246 11
C 247 0
C 248 22
C 249 25
C 250 22
C 251 6
C 252 22
C 253 5
C 254 0
C 255 22
C 256 21
C 257 17
C 258 11
C 259 19
C 260 9
C 261 7
C 262 24
C 263 17
C 264 11
C 265 24
C 266 9
C 267 17
C 268 0
C 269 18
I 1 1 6 (1,5,3) (1,0,0,0)
I 4 1 13 (3,5,4) (-1,1,-1,0)|(-1,1,1,0)
I 3 3 17 (0,2,1) (1,1,-1,0)|(1,1,-1,0)|(-1,0,0,0)|(1,-1,0,0)
