D (6,7,-1) (1,2,0)
D (8,3,9) (1,2,4)
D (6,7,-1) (3,3,4)
D (3,9,-1) (3,5,0)
D (9,-1,-1) (0,1,4)
D (6,-1,-1) (4,3,5)
D (7,-1,-1) (3,1,3)
D (3,9,-1) (2,1,1)
D (9,-1,-1) (3,0,0)
D (8,3,9) (4,5,5)
D (7,8,3) (0,5,0)
D (3,9,-1) (0,5,1)
D (9,-1,-1) (2,1,2)
D (8,-1,-1) (4,1,5)
D (6,7,-1) (1,4,0)
D (7,8,3) (2,0,1)
D (3,9,-1) (5,0,3)
D (6,7,-1) (2,2,0)
D (7,8,-1) (0,4,2)
D (6,7,-1) (1,3,1)
D (8,3,9) (4,4,4)
D (7,-1,-1) (1,3,5)
D (7,8,-1) (2,5,4)
D (8,3,-1) (1,5,1)
D (9,-1,-1) (5,2,3)
D (6,7,-1) (5,3,3)
D (3,9,-1) (0,3,0)
D (7,8,3) (3,5,2)
D (9,-1,-1) (4,5,0)
D (3,-1,-1) (0,5,4)
D (8,3,9) (3,2,1)
D (3,-1,-1) (0,0,5)
D (3,-1,-1) (2,0,5)
D (3,-1,-1) (4,2,4)
D (6,7,8) (5,1,1)
D (3,9,-1) (5,3,2)
D (7,8,-1) (5,1,3)
D (9,-1,-1) (1,5,4)
D (7,8,-1) (5,0,5)
D (6,-1,-1) (5,2,2)
C 0 25
C 1 10
C 2 16
C 3 22
C 4 3
C 5 10
C 6 26
C 7 16
C 8 1
C 9 22
C 10 2
C 11 26
C 12 7
C 13 25
C 14 26
C 15 9
C 16 18
C 17 0
C 18 10
C 19 23
C 20 4
C 21 0
C 22 10
C 23 16
C 24 5
C 25 14
C 26 21
C 27 6
C 28 15
C 29 9
C 30 19
C 31 22
C 32 16
C 33 17
C 34 9
C 35 7
C 36 26
C 37 19
C 38 17
C 39 19
C 40 10
C 41 14
C 42 22
C 43 9
C 44 17
C 45 2
C 46 1
C 47 25
C 48 6
C 49 8
C 50 16
C 51 0
C 52 20
C 53 12
C 54 26
C 55 20
C 56 6
C 57 8
C 58 0
C 59 10
C 60 6
C 61 23
C 62 0
C 63 19
C 64 18
C 65 5
C 66 25
C 67 14
C 68 21
C 69 2
C 70 19
C 71 9
C 72 1
C 73 22
C 74 23
C 75 24
C 76 16
C 77 8
C 78 23
C 79 16
C 80 10
C 81 11
C 82 22
C 83 1
C 84 17
C 85 2
C 86 10
C 87 26
C 88 23
C 89 14
C 90 11
C 91 10
C 92 8
C 93 10
C 94 26
C 95 24
C 96 12
C 97 10
C 98 6
C 99 8
C 100 10
C 101 3
C 102 19
C 103 17
C 104 5
C 105 16
C 106 17
C 107 16
C 108 12
C 109 8
C 110 9
C 111 18
C 112 1
C 113 26
C 114 8
C 115 2
C 116 26
C 117 15
C 118 11
C 119 11
C 120 7
C 121 12
C 122 9
C 123 0
C 124 0
C 125 5
C 126 6
C 127 5
C 128 25
C 129 14
C 130 16
C 131 11
C 132 17
C 133 1
C 134 22
C 135 24
C 136 0
C 137 24
C 138 4
C 139 26
C 140 16
C 141 5
C 142 18
C 143 21
C 144 11
C 145 23
C 146 5
C 147 11
C 148 1
C 149 6
C 150 12
C 151 6
C 152 19
C 153 22
C 154 15
C 155 23
C 156 5
C 157 25
C 158 6
C 159 4
C 160 3
C 161 26
C 162 11
C 163 15
C 164 18
C 165 26
C 166 22
C 167 18
C 168 25
C 169 3
C 170 20
C 171 23
C 172 5
C 173 3
C 174 19
C 175 23
C 176 6
C 177 17
C 178 26
C 179 12
C 180 12
C 181 0
C 182 18
C 183 18
C 184 15
C 185 26
C 186 10
C 187 4
C 188 17
C 189 6
C 190 5
C 191 22
C 192 26
C 193 21
C 194 10
C 195 26
C 196 12
C 197 2
C 198 4
C 199 19
C 200 8
C 201 3
C 202 16
C 203 7
C 204 26
C 205 11
C 206 4
C 207 14
C 208 17
C 209 0
C 210 8
C 211 4
C 212 9
C 213 24
C 214 18
C 215 6
C 216 25
C 217 25
C 218 17
C 219 22
C 220 3
C 221 16
C 222 11
C 223 11
C 224 14
C 225 25
C 226 8
C 227 20
C 228 3
C 229 0
C 230 0
C 231 0
C 232 0
C 233 0
C 234 0
C 235 0
C 236 0
C 237 0
C 238 0
C 239 0
C 240 0
C 241 0
C 242 0
C 243 0
C 244 0
C 245 0
C 246 0
C 247 0
C 248 0
C 249 0
C 250 0
C 251 0
C 252 0
C 253 0
C 254 0
C 255 5
C 256 19
C 257 10
C 258 14
C 259 5
C 260 19
C 261 14
C 262 14
C 263 0
C 264 21
C 265 23
C 266 8
C 267 10
C 268 3
C 269 23
I 0 2 14 (4,5,2) (-1,-1,-1,0)|(1,0,1,0)
I 4 2 1 (0,0,0) (0,1,1,0)
I 0 2 6 (3,5,5) (0,1,0,0)|(0,1,1,0)
