D (7,-1,-1) (2,5,3)
D (9,-1,-1) (4,3,1)
D (3,9,-1) (3,3,5)
D (3,9,-1) (5,1,3)
D (8,-1,-1) (4,3,5)
D (6,7,8) (1,5,2)
D (6,-1,-1) (5,4,1)
D (8,-1,-1) (1,4,4)
D (7,-1,-1) (3,4,2)
D (7,8,3) (3,5,3)
D (8,-1,-1) (4,5,0)
D (6,7,8) (0,4,4)
D (8,-1,-1) (5,2,1)
D (3,9,-1) (4,0,5)
D (8,3,9) (4,5,2)
D (7,8,-1) (1,1,1)
D (6,7,-1) (3,5,0)
D (6,-1,-1) (4,3,3)
D (3,9,-1) (5,1,1)
D (9,-1,-1) (1,3,5)
D (3,9,-1) (5,0,3)
D (6,-1,-1) (3,5,4)
D (3,-1,-1) (4,2,1)
D (9,-1,-1) (0,3,3)
D (7,8,-1) (0,1,2)
D (7,-1,-1) (2,1,3)
D (7,8,3) (2,4,5)
D (7,8,-1) (5,4,4)
D (6,7,-1) (4,2,2)
D (9,-1,-1) (2,3,3)
D (6,-1,-1) (2,0,4)
D (6,7,8) (2,2,3)
D (9,-1,-1) (4,0,3)
D (7,8,-1) (1,2,2)
D (7,-1,-1) (3,0,5)
C 0 8
C 1 17
C 2 9
C 3 24
C 4 21
C 5 16
C 6 19
C 7 24
C 8 24
C 9 15
C 10 23
C 11 14
C 12 5
C 13 6
C 14 7
C 15 18
C 16 22
C 17 8
C 18 1
C 19 16
C 20 7
C 21 26
C 22 16
C 23 14
C 24 4
C 25 1
C 26 4
C 27 5
C 28 20
C 29 2
C 30 22
C 31 7
C 32 25
C 33 18
C 34 26
C 35 10
C 36 26
C 37 16
C 38 24
C 39 21
C 40 8
C 41 5
C 42 9
C 43 10
C 44 3
C 45 22
C 46 12
C 47 26
C 48 14
C 49 25
C 50 1
C 51 8
C 52 25
C 53 22
C 54 3
C 55 12
C 56 15
C 57 12
C 58 11
C 59 9
C 60 25
C 61 19
C 62 16
C 63 24
C 64 4
C 65 18
C 66 15
C 67 17
C 68 8
C 69 22
C 70 22
C 71 1
C 72 8
C 73 16
C 74 19
C 75 19
C 76 5
C 77 17
C 78 5
C 79 16
C 80 18
C 81 2
C 82 15
C 83 22
C 84 25
C 85 8
C 86 18
C 87 6
C 88 19
C 89 14
C 90 26
C 91 0
C 92 2
C 93 16
C 94 25
C 95 3
C 96 21
C 97 11
C 98 22
C 99 25
C 100 17
C 101 21
C 102 26
C 103 15
C 104 8
C 105 17
C 106 11
C 107 20
C 108 17
C 109 7
C 110 8
C 111 22
C 112 18
C 113 16
C 114 20
C 115 26
C 116 23
C 117 24
C 118 6
C 119 1
C 120 18
C 121 25
C 122 8
C 123 8
C 124 1
C 125 25
C 126 17
C 127 5
C 128 7
C 129 16
C 130 22
C 131 3
C 132 20
C 133 0
C 134 12
C 135 21
C 136 22
C 137 20
C 138 2
C 139 26
C 140 3
C 141 26
C 142 15
C 143 4
C 144 16
C 145 25
C 146 9
C 147 12
C 148 16
C 149 0
C 150 6
C 151 2
C 152 24
C 153 22
C 154 8
C 155 7
C 156 5
C 157 4
C 158 14
C 159 24
C 160 18
C 161 14
C 162 3
C 163 6
C 164 21
C 165 1
C 166 5
C 167 3
C 168 23
C 169 2
C 170 12
C 171 8
C 172 20
C 173 2
C 174 6
C 175 11
C 176 11
C 177 16
C 178 26
C 179 24
C 180 20
C 181 11
C 182 23
C 183 18
C 184 20
C 185 17
C 186 15
C 187 16
C 188 22
C 189 15
C 190 5
C 191 25
C 192 6
C 193 5
C 194 3
C 195 26
C 196 15
C 197 12
C 198 2
C 199 25
C 200 0
C 201 10
C 202 23
C 203 23
C 204 12
C 205 25
C 206 21
C 207 0
C 208 22
C 209 8
C 210 18
C 211 23
C 212 7
C 213 19
C 214 0
C 215 16
C 216 25
C 217 21
C 218 15
C 219 26
C 220 2
C 221 19
C 222 15
C 223 12
C 224 19
C 225 3
C 226 9
C 227 10
C 228 18
C 229 23
C 230 21
C 231 2
C 232 16
C 233 6
C 234 23
C 235 25
C 236 25
C 237 8
C 238 10
C 239 8
C 240 10
C 241 24
C 242 3
C 243 14
C 244 1
C 245 1
C 246 18
C 247 25
C 248 0
C 249 20
C 250 0
C 251 24
C 252 24
C 253 5
C 254 18
C 255 1
C 256 1
C 257 10
C 258 14
C 259 15
C 260 23
C 261 2
C 262 10
C 263 10
C 264 7
C 265 20
C 266 1
C 267 11
C 268 15
C 269 24
I 4 3 9 (1,4,5) (-1,1,1,0)
I 0 1 4 (2,3,4) (0,1,0,0)|(0,-1,0,0)|(0,0,-1,0)|(0,-1,-1,0)
