D (6,7,8) (5,5,2)
D (7,8,-1) (1,4,3)
D (9,-1,-1) (3,2,0)
D (7,-1,-1) (5,1,3)
D (6,7,8) (4,0,1)
D (6,7,-1) (4,1,0)
D (9,-1,-1) (3,2,2)
D (8,3,9) (0,0,4)
D (6,7,-1) (2,1,5)
D (8,3,9) (2,0,0)
D (3,9,-1) (4,3,3)
D (9,-1,-1) (1,0,5)
D (9,-1,-1) (2,4,5)
D (6,-1,-1) (5,4,4)
D (8,3,9) (3,0,0)
D (6,7,-1) (0,5,5)
D (9,-1,-1) (3,4,5)
D (7,-1,-1) (1,3,5)
D (3,-1,-1) (4,0,4)
D (3,9,-1) (1,0,4)
D (7,8,3) (5,5,4)
D (3,9,-1) (5,5,5)
D (6,-1,-1) (0,2,4)
D (8,3,-1) (0,3,5)
D (9,-1,-1) (2,0,4)
D (6,7,8) (0,1,3)
D (6,7,8) (3,4,2)
D (3,-1,-1) (2,1,0)
D (6,7,8) (5,1,2)
D (6,7,-1) (4,2,2)
D (8,3,9) (3,2,5)
D (8,3,9) (3,5,0)
D (9,-1,-1) (5,0,1)
D (9,-1,-1) (3,0,1)
D (3,9,-1) (5,5,1)
D (9,-1,-1) (1,2,5)
D (7,8,3) (3,5,4)
D (9,-1,-1) (2,1,1)
D (8,3,9) (3,0,5)
D (3,9,-1) (4,3,1)
D (8,3,-1) (1,4,5)
D (3,9,-1) (2,3,4)
D (9,-1,-1) (1,2,1)
D (7,8,-1) (1,4,0)
D (8,3,9) (4,1,1)
D (8,3,-1) (0,5,4)
D (6,7,8) (5,3,2)
D (8,3,9) (1,2,2)
D (6,-1,-1) (5,0,5)
D (7,8,3) (2,5,5)
D (9,-1,-1) (1,5,5)
D (7,8,3) (0,1,4)
D (3,-1,-1) (4,5,0)
D (3,9,-1) (1,4,2)
D (6,7,8) (5,2,5)
D (6,7,-1) (1,2,0)
D (3,-1,-1) (4,1,2)
C 0 26
C 1 7
C 2 9
C 3 19
C 4 25
C 5 4
C 6 11
C 7 0
C 8 16
C 9 11
C 10 4
C 11 12
C 12 14
C 13 17
C 14 17
C 15 21
C 16 19
C 17 21
C 18 12
C 19 22
C 20 12
C 21 12
C 22 23
C 23 9
C 24 19
C 25 3
C 26 21
C 27 3
C 28 23
C 29 1
C 30 22
C 31 24
C 32 8
C 33 22
C 34 22
C 35 14
C 36 18
C 37 9
C 38 4
C 39 2
C 40 22
C 41 16
C 42 11
C 43 7
C 44 22
C 45 18
C 46 10
C 47 3
C 48 23
C 49 24
C 50 21
C 51 8
C 52 25
C 53 18
C 54 14
C 55 20
C 56 6
C 57 6
C 58 8
C 59 16
C 60 0
C 61 2
C 62 18
C 63 6
C 64 23
C 65 16
C 66 7
C 67 10
C 68 9
C 69 9
C 70 17
C 71 4
C 72 18
C 73 17
C 74 23
C 75 3
C 76 4
C 77 24
C 78 24
C 79 23
C 80 17
C 81 25
C 82 7
C 83 7
C 84 15
C 85 12
C 86 5
C 87 0
C 88 3
C 89 6
C 90 26
C 91 20
C 92 7
C 93 11
C 94 1
C 95 8
C 96 0
C 97 23
C 98 1
C 99 0
C 100 23
C 101 17
C 102 17
C 103 16
C 104 6
C 105 7
C 106 25
C 107 22
C 108 22
C 109 11
C 110 14
C 111 4
C 112 23
C 113 23
C 114 18
C 115 12
C 116 2
C 117 25
C 118 22
C 119 4
C 120 3
C 121 20
C 122 20
C 123 25
C 124 26
C 125 7
C 126 6
C 127 11
C 128 17
C 129 20
C 130 17
C 131 11
C 132 4
C 133 11
C 134 10
C 135 3
C 136 9
C 137 1
C 138 1
C 139 5
C 140 24
C 141 17
C 142 11
C 143 5
C 144 8
C 145 12
C 146 2
C 147 24
C 148 1
C 149 5
C 150 11
C 151 1
C 152 6
C 153 12
C 154 14
C 155 14
C 156 18
C 157 12
C 158 21
C 159 4
C 160 11
C 161 23
C 162 0
C 163 26
C 164 1
C 165 2
C 166 4
C 167 24
C 168 5
C 169 14
C 170 15
C 171 10
C 172 1
C 173 9
C 174 21
C 175 26
C 176 2
C 177 8
C 178 8
C 179 7
C 180 11
C 181 11
C 182 18
C 183 18
C 184 3
C 185 1
C 186 26
C 187 21
C 188 8
C 189 8
C 190 22
C 191 4
C 192 5
C 193 0
C 194 3
C 195 0
C 196 10
C 197 21
C 198 4
C 199 20
C 200 4
C 201 9
C 202 17
C 203 18
C 204 26
C 205 9
C 206 9
C 207 14
C 208 5
C 209 15
C 210 0
C 211 0
C 212 10
C 213 10
C 214 21
C 215 6
C 216 21
C 217 4
C 218 23
C 219 8
C 220 17
C 221 9
C 222 9
C 223 5
C 224 20
C 225 22
C 226 26
C 227 4
C 228 9
C 229 18
C 230 24
C 231 2
C 232 19
C 233 9
C 234 7
C 235 4
C 236 5
C 237 0
C 238 12
C 239 2
C 240 10
C 241 5
C 242 7
C 243 21
C 244 12
C 245 16
C 246 19
C 247 5
C 248 8
C 249 2
C 250 23
C 251 4
C 252 22
C 253 20
C 254 0
C 255 8
C 256 14
C 257 4
C 258 25
C 259 16
C 260 21
C 261 11
C 262 21
C 263 25
C 264 10
C 265 6
C 266 5
C 267 19
C 268 6
C 269 11
I 1 2 4 (1,4,1) (1,-1,0,0)|(1,1,1,0)|(1,-1,1,0)|(0,1,1,0)|(0,-1,-1,0)
I 4 3 13 (2,0,4) (1,0,1,0)|(0,1,-1,0)|(0,0,-1,0)|(0,0,-1,0)|(0,-1,-1,0)
