D (7,8,-1) (2,0,3)
D (3,-1,-1) (2,5,3)
D (8,-1,-1) (0,0,1)
D (9,-1,-1) (4,0,5)
D (9,-1,-1) (3,0,1)
D (3,9,-1) (2,1,1)
D (7,8,3) (1,1,2)
D (7,-1,-1) (1,1,5)
D (9,-1,-1) (1,0,5)
D (8,-1,-1) (1,2,5)
D (6,7,8) (0,5,1)
D (7,-1,-1) (5,1,2)
D (7,8,3) (1,1,3)
D (6,7,-1) (5,3,1)
D (6,-1,-1) (0,3,0)
D (6,7,-1) (2,3,3)
D (3,9,-1) (2,3,2)
D (9,-1,-1) (0,4,4)
D (3,9,-1) (1,5,1)
D (6,-1,-1) (5,2,1)
D (9,-1,-1) (1,1,0)
D (8,3,-1) (2,4,3)
D (6,7,8) (4,3,2)
D (7,8,3) (4,5,4)
D (3,9,-1) (1,2,0)
D (6,-1,-1) (4,3,0)
D (6,7,-1) (3,3,4)
D (7,8,3) (4,5,5)
D (8,3,-1) (1,0,2)
D (3,9,-1) (2,5,1)
D (9,-1,-1) (5,3,2)
D (9,-1,-1) (3,4,2)
D (7,-1,-1) (0,4,0)
D (8,3,-1) (2,2,3)
D (6,7,8) (2,0,2)
D (6,7,-1) (4,0,1)
D (3,-1,-1) (2,1,3)
D (7,8,3) (4,2,2)
D (8,-1,-1) (2,4,2)
D (8,3,9) (1,3,3)
D (9,-1,-1) (2,4,1)
D (6,-1,-1) (5,3,0)
D (7,-1,-1) (5,1,0)
D (7,-1,-1) (1,1,4)
D (3,-1,-1) (0,0,3)
D (9,-1,-1) (4,4,3)
D (6,7,-1) (3,1,2)
D (6,-1,-1) (4,4,2)
D (8,3,-1) (4,1,2)
D (6,7,-1) (3,5,4)
D (7,-1,-1) (0,5,2)
D (6,-1,-1) (2,2,0)
D (8,-1,-1) (4,1,1)
D (3,9,-1) (5,4,0)
D (3,9,-1) (0,0,0)
D (6,-1,-1) (5,4,4)
D (8,3,-1) (1,0,0)
D (6,-1,-1) (3,3,0)
D (3,9,-1) (2,2,4)
D (7,8,3) (4,2,1)
C 0 19
C 1 16
C 2 11
C 3 6
C 4 19
C 5 6
C 6 8
C 7 3
C 8 25
C 9 20
C 10 4
C 11 15
C 12 18
C 13 8
C 14 7
C 15 19
C 16 14
C 17 21
C 18 4
C 19 12
C 20 17
C 21 1
C 22 12
C 23 18
C 24 1
C 25 17
C 26 4
C 27 17
C 28 1
C 29 12
C 30 6
C 31 23
C 32 8
C 33 17
C 34 16
C 35 21
C 36 16
C 37 3
C 38 25
C 39 20
C 40 10
C 41 2
C 42 14
C 43 11
C 44 21
C 45 23
C 46 22
C 47 8
C 48 2
C 49 22
C 50 15
C 51 15
C 52 16
C 53 14
C 54 21
C 55 4
C 56 19
C 57 25
C 58 25
C 59 22
C 60 21
C 61 5
C 62 1
C 63 23
C 64 4
C 65 0
C 66 12
C 67 19
C 68 15
C 69 4
C 70 19
C 71 20
C 72 11
C 73 18
C 74 11
C 75 9
C 76 6
C 77 3
C 78 19
C 79 22
C 80 16
C 81 22
C 82 20
C 83 15
C 84 4
C 85 14
C 86 26
C 87 10
C 88 0
C 89 4
C 90 20
C 91 20
C 92 24
C 93 0
C 94 9
C 95 6
C 96 12
C 97 23
C 98 21
C 99 3
C 100 15
C 101 4
C 102 2
C 103 10
C 104 23
C 105 24
C 106 6
C 107 16
C 108 11
C 109 12
C 110 4
C 111 18
C 112 10
C 113 7
C 114 17
C 115 26
C 116 26
C 117 20
C 118 26
C 119 18
C 120 24
C 121 3
C 122 2
C 123 24
C 124 0
C 125 16
C 126 19
C 127 19
C 128 7
C 129 10
C 130 21
C 131 12
C 132 7
C 133 19
C 134 18
C 135 1
C 136 14
C 137 6
C 138 6
C 139 0
C 140 0
C 141 0
C 142 0
C 143 0
C 144 0
C 145 0
C 146 0
C 147 0
C 148 0
C 149 0
C 150 0
C 151 0
C 152 0
C 153 0
C 154 0
C 155 0
C 156 0
C 157 0
C 158 0
C 159 0
C 160 0
C 161 0
C 162 0
C 163 0
C 164 0
C 165 0
C 166 0
C 167 0
C 168 0
C 169 0
C 170 0
C 171 0
C 172 0
C 173 0
C 174 0
C 175 0
C 176 0
C 177 0
C 178 0
C 179 0
C 180 0
C 181 0
C 182 0
C 183 0
C 184 0
C 185 0
C 186 0
C 187 0
C 188 0
C 189 0
C 190 0
C 191 0
C 192 0
C 193 0
C 194 0
C 195 0
C 196 0
C 197 0
C 198 0
C 199 0
C 200 0
C 201 0
C 202 0
C 203 0
C 204 0
C 205 0
C 206 0
C 207 0
C 208 0
C 209 0
C 210 0
C 211 0
C 212 0
C 213 0
C 214 0
C 215 0
C 216 0
C 217 0
C 218 0
C 219 0
C 220 0
C 221 0
C 222 0
C 223 0
C 224 0
C 225 0
C 226 0
C 227 0
C 228 0
C 229 0
C 230 0
C 231 0
C 232 0
C 233 0
C 234 0
C 235 0
C 236 0
C 237 0
C 238 0
C 239 0
C 240 0
C 241 0
C 242 0
C 243 0
C 244 0
C 245 0
C 246 0
C 247 0
C 248 0
C 249 0
C 250 0
C 251 0
C 252 0
C 253 0
C 254 0
C 255 0
C 256 0
C 257 0
C 258 0
C 259 0
C 260 0
C 261 0
C 262 0
C 263 0
C 264 0
C 265 0
C 266 26
C 267 11
C 268 12
C 269 12
I 2 2 15 (2,1,1) (1,0,0,0)
I 0 2 2 (1,3,2) (-1,-1,0,0)
I 1 2 18 (0,2,2) (1,1,0,0)
