D (9,-1,-1) (4,1,3)
D (3,-1,-1) (3,0,0)
D (6,-1,-1) (4,2,2)
D (9,-1,-1) (5,2,4)
D (9,-1,-1) (2,2,2)
D (9,-1,-1) (4,3,4)
D (7,8,-1) (5,1,2)
D (7,-1,-1) (2,0,4)
D (8,3,9) (3,2,3)
D (3,9,-1) (3,1,5)
D (6,7,-1) (4,2,0)
D (3,-1,-1) (5,1,4)
D (8,3,9) (3,3,2)
D (3,9,-1) (0,3,4)
D (3,-1,-1) (4,0,4)
D (8,-1,-1) (1,1,2)
D (7,-1,-1) (1,5,4)
D (6,7,8) (1,4,3)
D (3,9,-1) (5,4,4)
D (8,3,-1) (4,0,0)
D (6,7,-1) (3,0,4)
D (8,3,9) (5,4,2)
D (6,7,-1) (3,1,3)
D (7,-1,-1) (5,3,2)
D (7,8,3) (5,5,5)
D (9,-1,-1) (0,4,2)
D (8,3,-1) (3,3,3)
D (8,3,9) (0,5,2)
D (7,8,3) (4,0,3)
D (6,-1,-1) (4,5,5)
D (8,3,-1) (2,4,1)
D (9,-1,-1) (0,2,3)
D (7,-1,-1) (4,1,5)
D (3,9,-1) (4,5,4)
D (9,-1,-1) (0,4,5)
D (3,9,-1) (4,4,3)
D (8,3,9) (5,4,0)
D (9,-1,-1) (3,2,0)
D (3,9,-1) (0,2,5)
D (9,-1,-1) (2,1,2)
D (8,-1,-1) (4,5,0)
D (9,-1,-1) (2,1,5)
D (8,3,-1) (5,3,4)
D (8,-1,-1) (4,1,2)
D (6,7,8) (0,3,5)
C 0 3
C 1 20
C 2 6
C 3 0
C 4 6
C 5 19
C 6 4
C 7 14
C 8 5
C 9 25
C 10 18
C 11 4
C 12 5
C 13 2
C 14 26
C 15 9
C 16 14
C 17 0
C 18 25
C 19 14
C 20 23
C 21 14
C 22 26
C 23 4
C 24 4
C 25 10
C 26 2
C 27 3
C 28 11
C 29 6
C 30 17
C 31 7
C 32 10
C 33 12
C 34 19
C 35 19
C 36 19
C 37 23
C 38 17
C 39 24
C 40 1
C 41 26
C 42 4
C 43 22
C 44 1
C 45 11
C 46 15
C 47 9
C 48 19
C 49 25
C 50 6
C 51 14
C 52 2
C 53 9
C 54 18
C 55 23
C 56 15
C 57 26
C 58 0
C 59 8
C 60 19
C 61 11
C 62 18
C 63 22
C 64 17
C 65 22
C 66 4
C 67 17
C 68 1
C 69 26
C 70 4
C 71 0
C 72 7
C 73 20
C 74 8
C 75 2
C 76 11
C 77 6
C 78 22
C 79 24
C 80 3
C 81 11
C 82 2
C 83 15
C 84 10
C 85 11
C 86 9
C 87 16
C 88 5
C 89 20
C 90 1
C 91 25
C 92 24
C 93 5
C 94 22
C 95 19
C 96 17
C 97 20
C 98 0
C 99 0
C 100 19
C 101 20
C 102 8
C 103 3
C 104 12
C 105 3
C 106 10
C 107 4
C 108 6
C 109 22
C 110 8
C 111 0
C 112 2
C 113 26
C 114 18
C 115 26
C 116 2
C 117 18
C 118 7
C 119 21
C 120 23
C 121 26
C 122 20
C 123 0
C 124 1
C 125 24
C 126 21
C 127 14
C 128 3
C 129 24
C 130 7
C 131 0
C 132 0
C 133 15
C 134 24
C 135 0
C 136 10
C 137 24
C 138 4
C 139 16
C 140 17
C 141 6
C 142 5
C 143 19
C 144 7
C 145 24
C 146 19
C 147 24
C 148 1
C 149 20
C 150 16
C 151 8
C 152 1
C 153 9
C 154 19
C 155 24
C 156 12
C 157 4
C 158 26
C 159 16
C 160 8
C 161 9
C 162 11
C 163 25
C 164 20
C 165 14
C 166 18
C 167 17
C 168 1
C 169 3
C 170 21
C 171 6
C 172 11
C 173 0
C 174 19
C 175 6
C 176 16
C 177 20
C 178 5
C 179 14
C 180 10
C 181 10
C 182 17
C 183 5
C 184 24
C 185 16
C 186 22
C 187 26
C 188 16
C 189 22
C 190 12
C 191 17
C 192 7
C 193 8
C 194 0
C 195 26
C 196 19
C 197 22
C 198 0
C 199 24
C 200 25
C 201 21
C 202 10
C 203 17
C 204 17
C 205 25
C 206 1
C 207 11
C 208 15
C 209 20
C 210 10
C 211 8
C 212 15
C 213 2
C 214 21
C 215 19
C 216 0
C 217 5
C 218 14
C 219 16
C 220 6
C 221 12
C 222 0
C 223 21
C 224 6
C 225 26
C 226 12
C 227 23
C 228 23
C 229 17
C 230 5
C 231 3
C 232 4
C 233 6
C 234 26
C 235 24
C 236 24
C 237 25
C 238 24
C 239 25
C 240 26
C 241 0
C 242 16
C 243 7
C 244 24
C 245 12
C 246 18
C 247 8
C 248 21
C 249 22
C 250 6
C 251 6
C 252 16
C 253 15
C 254 23
C 255 7
C 256 9
C 257 21
C 258 17
C 259 23
C 260 18
C 261 6
C 262 16
C 263 19
C 264 1
C 265 3
C 266 17
C 267 26
C 268 2
C 269 24
I 0 2 19 (2,3,5) (-1,0,0,0)
I 3 1 11 (4,3,3) (1,1,-1,0)
I 4 2 18 (1,4,2) (0,1,1,0)
