D (9,-1,-1) (4,2,2)
D (6,7,8) (3,4,3)
D (6,-1,-1) (1,2,4)
D (3,9,-1) (1,3,3)
D (9,-1,-1) (3,4,2)
D (9,-1,-1) (2,5,2)
D (6,-1,-1) (1,2,0)
D (6,7,8) (0,2,3)
D (7,-1,-1) (5,3,5)
D (3,9,-1) (2,5,0)
D (6,7,8) (0,4,0)
D (9,-1,-1) (0,4,5)
D (9,-1,-1) (1,0,2)
D (7,-1,-1) (5,1,0)
D (6,7,8) (2,0,5)
D (6,7,-1) (5,0,1)
D (9,-1,-1) (5,4,2)
D (9,-1,-1) (1,1,4)
D (6,-1,-1) (3,4,1)
D (8,3,-1) (4,5,3)
D (8,-1,-1) (3,3,5)
D (8,3,-1) (4,4,1)
D (9,-1,-1) (2,4,2)
D (8,3,-1) (4,5,0)
D (7,8,-1) (3,3,2)
D (7,8,-1) (3,5,5)
D (7,8,-1) (5,2,5)
D (8,3,9) (2,0,4)
D (9,-1,-1) (1,3,1)
D (9,-1,-1) (2,3,5)
D (7,-1,-1) (3,1,1)
D (9,-1,-1) (3,1,0)
D (9,-1,-1) (0,4,3)
D (6,7,-1) (4,4,5)
D (6,-1,-1) (1,0,5)
D (6,-1,-1) (2,2,4)
D (7,-1,-1) (4,1,0)
D (6,7,-1) (3,0,1)
D (7,-1,-1) (4,0,5)
D (3,-1,-1) (5,5,3)
D (9,-1,-1) (0,1,1)
C 0 23
C 1 8
C 2 22
C 3 7
C 4 14
C 5 6
C 6 24
C 7 0
C 8 23
C 9 1
C 10 2
C 11 23
C 12 2
C 13 24
C 14 18
C 15 18
C 16 21
C 17 20
C 18 21
C 19 14
C 20 5
C 21 25
C 22 1
C 23 16
C 24 22
C 25 10
C 26 17
C 27 9
C 28 14
C 29 21
C 30 16
C 31 1
C 32 17
C 33 12
C 34 25
C 35 7
C 36 7
C 37 0
C 38 0
C 39 0
C 40 0
C 41 0
C 42 0
C 43 0
C 44 0
C 45 0
C 46 0
C 47 0
C 48 0
C 49 0
C 50 0
C 51 0
C 52 0
C 53 0
C 54 0
C 55 0
C 56 0
C 57 0
C 58 0
C 59 0
C 60 0
C 61 0
C 62 0
C 63 0
C 64 0
C 65 0
C 66 0
C 67 0
C 68 0
C 69 0
C 70 0
C 71 0
C 72 0
C 73 0
C 74 0
C 75 0
C 76 0
C 77 0
C 78 0
C 79 0
C 80 0
C 81 0
C 82 0
C 83 0
C 84 0
C 85 0
C 86 0
C 87 0
C 88 0
C 89 0
C 90 0
C 91 0
C 92 0
C 93 0
C 94 0
C 95 0
C 96 2
C 97 8
C 98 26
C 99 12
C 100 9
C 101 16
C 102 26
C 103 7
C 104 3
C 105 6
C 106 23
C 107 15
C 108 14
C 109 21
C 110 9
C 111 0
C 112 22
C 113 25
C 114 16
C 115 25
C 116 2
C 117 24
C 118 19
C 119 18
C 120 7
C 121 11
C 122 21
C 123 12
C 124 23
C 125 15
C 126 5
C 127 22
C 128 12
C 129 5
C 130 2
C 131 24
C 132 1
C 133 2
C 134 24
C 135 22
C 136 2
C 137 16
C 138 15
C 139 8
C 140 2
C 141 0
C 142 24
C 143 14
C 144 6
C 145 7
C 146 14
C 147 8
C 148 24
C 149 24
C 150 22
C 151 19
C 152 2
C 153 10
C 154 19
C 155 24
C 156 19
C 157 14
C 158 7
C 159 21
C 160 14
C 161 23
C 162 2
C 163 26
C 164 4
C 165 20
C 166 8
C 167 14
C 168 0
C 169 0
C 170 0
C 171 0
C 172 0
C 173 22
C 174 19
C 175 12
C 176 19
C 177 7
C 178 20
C 179 14
C 180 20
C 181 6
C 182 22
C 183 21
C 184 18
C 185 5
C 186 18
C 187 23
C 188 7
C 189 20
C 190 11
C 191 4
C 192 9
C 193 14
C 194 26
C 195 9
C 196 12
C 197 17
C 198 9
C 199 15
C 200 7
C 201 11
C 202 4
C 203 3
C 204 20
C 205 22
C 206 21
C 207 22
C 208 12
C 209 24
C 210 0
C 211 15
C 212 9
C 213 6
C 214 2
C 215 10
C 216 23
C 217 2
C 218 25
C 219 25
C 220 15
C 221 22
C 222 22
C 223 20
C 224 23
C 225 22
C 226 5
C 227 22
C 228 12
C 229 14
C 230 4
C 231 20
C 232 5
C 233 22
C 234 0
C 235 0
C 236 0
C 237 0
C 238 0
C 239 0
C 240 0
C 241 0
C 242 0
C 243 0
C 244 0
C 245 0
C 246 0
C 247 0
C 248 0
C 249 0
C 250 0
C 251 0
C 252 0
C 253 0
C 254 0
C 255 0
C 256 0
C 257 0
C 258 20
C 259 11
C 260 23
C 261 18
C 262 9
C 263 18
C 264 11
C 265 1
C 266 26
C 267 0
C 268 17
C 269 4
I 5 1 1 (1,1,1) (0,1,1,0)
I 3 1 1 (4,4,0) (-1,0,-1,0)
I 0 1 15 (1,5,3) (0,0,-1,0)|(-1,0,-1,0)|(0,-1,1,0)|(0,0,-1,0)
