D (8,-1,-1) (1,3,5)
D (8,3,9) (2,3,4)
D (9,-1,-1) (5,1,4)
D (6,7,8) (5,3,1)
D (8,3,9) (5,5,0)
D (9,-1,-1) (3,4,0)
D (6,7,-1) (0,2,2)
D (3,9,-1) (0,3,0)
D (7,-1,-1) (2,4,5)
D (3,9,-1) (0,5,0)
D (6,-1,-1) (1,2,4)
D (3,9,-1) (1,3,0)
D (7,-1,-1) (4,4,0)
D (8,-1,-1) (4,0,0)
D (9,-1,-1) (3,5,4)
D (8,3,-1) (1,2,1)
D (8,3,9) (5,3,3)
D (6,7,8) (3,2,0)
D (8,3,-1) (5,1,5)
D (9,-1,-1) (1,3,1)
D (8,3,-1) (1,0,3)
D (8,3,9) (0,1,0)
D (7,8,3) (5,5,1)
D (9,-1,-1) (0,4,2)
D (6,-1,-1) (0,0,2)
D (3,-1,-1) (4,2,3)
D (9,-1,-1) (2,1,0)
D (3,9,-1) (5,4,0)
D (8,3,-1) (3,5,0)
D (7,8,3) (0,1,3)
D (6,7,-1) (0,3,2)
D (7,-1,-1) (2,4,2)
D (9,-1,-1) (0,3,5)
D (7,8,3) (2,5,2)
D (3,9,-1) (4,5,3)
D (3,-1,-1) (4,4,4)
C 0 10
C 1 25
C 2 1
C 3 14
C 4 24
C 5 9
C 6 23
C 7 2
C 8 14
C 9 2
C 10 17
C 11 20
C 12 4
C 13 10
C 14 1
C 15 1
C 16 11
C 17 6
C 18 14
C 19 25
C 20 0
C 21 9
C 22 25
C 23 26
C 24 2
C 25 22
C 26 5
C 27 25
C 28 4
C 29 4
C 30 2
C 31 1
C 32 22
C 33 14
C 34 22
C 35 5
C 36 9
C 37 20
C 38 18
C 39 26
C 40 0
C 41 1
C 42 2
C 43 16
C 44 25
C 45 23
C 46 12
C 47 24
C 48 7
C 49 17
C 50 2
C 51 1
C 52 6
C 53 15
C 54 19
C 55 9
C 56 2
C 57 10
C 58 4
C 59 10
C 60 1
C 61 0
C 62 15
C 63 20
C 64 8
C 65 5
C 66 7
C 67 2
C 68 3
C 69 5
C 70 2
C 71 21
C 72 19
C 73 4
C 74 15
C 75 16
C 76 12
C 77 22
C 78 16
C 79 21
C 80 12
C 81 4
C 82 15
C 83 4
C 84 3
C 85 12
C 86 2
C 87 15
C 88 0
C 89 0
C 90 0
C 91 0
C 92 0
C 93 0
C 94 0
C 95 0
C 96 0
C 97 0
C 98 0
C 99 0
C 100 0
C 101 0
C 102 0
C 103 0
C 104 0
C 105 0
C 106 0
C 107 0
C 108 0
C 109 0
C 110 7
C 111 19
C 112 1
C 113 25
C 114 4
C 115 24
C 116 11
C 117 8
C 118 11
C 119 0
C 120 21
C 121 12
C 122 4
C 123 15
C 124 25
C 125 12
C 126 16
C 127 6
C 128 3
C 129 10
C 130 20
C 131 7
C 132 17
C 133 25
C 134 6
C 135 0
C 136 8
C 137 0
C 138 26
C 139 3
C 140 4
C 141 8
C 142 10
C 143 12
C 144 24
C 145 0
C 146 19
C 147 24
C 148 7
C 149 6
C 150 24
C 151 26
C 152 14
C 153 8
C 154 23
C 155 15
C 156 15
C 157 25
C 158 1
C 159 9
C 160 17
C 161 17
C 162 4
C 163 3
C 164 3
C 165 7
C 166 5
C 167 16
C 168 24
C 169 12
C 170 18
C 171 26
C 172 6
C 173 11
C 174 4
C 175 26
C 176 21
C 177 18
C 178 17
C 179 19
C 180 8
C 181 21
C 182 25
C 183 3
C 184 10
C 185 19
C 186 9
C 187 17
C 188 4
C 189 12
C 190 23
C 191 15
C 192 2
C 193 7
C 194 14
C 195 2
C 196 19
C 197 14
C 198 24
C 199 21
C 200 5
C 201 12
C 202 6
C 203 10
C 204 21
C 205 22
C 206 4
C 207 3
C 208 20
C 209 11
C 210 24
C 211 1
C 212 6
C 213 9
C 214 12
C 215 20
C 216 5
C 217 26
C 218 6
C 219 22
C 220 22
C 221 17
C 222 24
C 223 25
C 224 22
C 225 11
C 226 3
C 227 5
C 228 7
C 229 14
C 230 26
C 231 4
C 232 8
C 233 16
C 234 24
C 235 16
C 236 17
C 237 26
C 238 9
C 239 15
C 240 26
C 241 12
C 242 15
C 243 10
C 244 19
C 245 0
C 246 17
C 247 12
C 248 18
C 249 23
C 250 17
C 251 24
C 252 1
C 253 6
C 254 24
C 255 22
C 256 5
C 257 10
C 258 22
C 259 5
C 260 26
C 261 16
C 262 14
C 263 14
C 264 8
C 265 24
C 266 20
C 267 21
C 268 4
C 269 10
I 2 3 19 (2,1,2) (1,-1,-1,0)|(1,0,1,0)
I 4 1 2 (5,3,0) (-1,0,1,0)
I 2 2 20 (3,0,2) (0,0,-1,0)|(0,0,-1,0)|(1,1,-1,0)
