D (3,-1,-1) (0,2,0)
D (6,7,8) (1,5,3)
D (8,3,-1) (3,4,2)
D (3,9,-1) (5,3,1)
D (7,-1,-1) (3,0,4)
D (7,8,3) (4,2,3)
D (6,7,-1) (4,4,3)
D (3,-1,-1) (5,2,4)
D (7,8,-1) (5,3,3)
D (6,7,-1) (4,3,4)
D (6,7,-1) (2,3,5)
D (6,7,-1) (2,3,1)
D (3,9,-1) (5,4,2)
D (7,8,3) (3,5,3)
D (7,-1,-1) (3,5,5)
D (9,-1,-1) (2,2,3)
D (6,7,-1) (1,1,1)
D (3,9,-1) (1,0,5)
D (8,3,9) (1,5,1)
D (9,-1,-1) (5,2,0)
D (3,9,-1) (5,4,3)
D (3,9,-1) (4,4,4)
D (3,9,-1) (4,3,5)
D (9,-1,-1) (5,0,5)
D (6,-1,-1) (1,0,4)
D (7,-1,-1) (1,4,1)
D (3,9,-1) (3,2,4)
D (8,-1,-1) (2,5,3)
D (3,9,-1) (0,0,4)
D (6,7,8) (5,0,2)
D (9,-1,-1) (5,2,3)
D (9,-1,-1) (1,0,3)
D (9,-1,-1) (3,4,1)
D (8,-1,-1) (2,3,4)
D (3,-1,-1) (0,4,5)
D (6,7,-1) (4,5,2)
D (9,-1,-1) (2,0,5)
D (3,9,-1) (2,4,2)
D (8,3,9) (3,2,0)
D (6,7,-1) (0,1,4)
D (8,-1,-1) (2,4,5)
C 0 16
C 1 25
C 2 22
C 3 22
C 4 22
C 5 6
C 6 23
C 7 20
C 8 22
C 9 8
C 10 16
C 11 7
C 12 20
C 13 15
C 14 16
C 15 25
C 16 2
C 17 9
C 18 9
C 19 23
C 20 10
C 21 10
C 22 2
C 23 18
C 24 10
C 25 14
C 26 5
C 27 2
C 28 25
C 29 2
C 30 2
C 31 23
C 32 17
C 33 23
C 34 21
C 35 14
C 36 18
C 37 0
C 38 8
C 39 3
C 40 2
C 41 25
C 42 19
C 43 8
C 44 20
C 45 23
C 46 4
C 47 2
C 48 19
C 49 11
C 50 8
C 51 11
C 52 9
C 53 25
C 54 17
C 55 9
C 56 19
C 57 14
C 58 14
C 59 10
C 60 0
C 61 14
C 62 0
C 63 25
C 64 8
C 65 16
C 66 8
C 67 26
C 68 10
C 69 1
C 70 19
C 71 2
C 72 0
C 73 11
C 74 14
C 75 1
C 76 16
C 77 3
C 78 11
C 79 14
C 80 9
C 81 15
C 82 8
C 83 24
C 84 1
C 85 9
C 86 2
C 87 17
C 88 0
C 89 0
C 90 0
C 91 0
C 92 0
C 93 0
C 94 0
C 95 0
C 96 0
C 97 0
C 98 0
C 99 0
C 100 0
C 101 0
C 102 0
C 103 0
C 104 0
C 105 0
C 106 0
C 107 0
C 108 0
C 109 0
C 110 0
C 111 0
C 112 0
C 113 0
C 114 0
C 115 0
C 116 0
C 117 0
C 118 0
C 119 0
C 120 0
C 121 0
C 122 0
C 123 0
C 124 0
C 125 0
C 126 0
C 127 0
C 128 0
C 129 0
C 130 0
C 131 0
C 132 0
C 133 0
C 134 0
C 135 0
C 136 0
C 137 0
C 138 0
C 139 0
C 140 0
C 141 0
C 142 0
C 143 0
C 144 0
C 145 0
C 146 0
C 147 0
C 148 0
C 149 0
C 150 0
C 151 0
C 152 0
C 153 0
C 154 0
C 155 0
C 156 0
C 157 0
C 158 0
C 159 0
C 160 0
C 161 0
C 162 0
C 163 0
C 164 0
C 165 0
C 166 0
C 167 0
C 168 0
C 169 0
C 170 0
C 171 0
C 172 0
C 173 0
C 174 25
C 175 8
C 176 21
C 177 17
C 178 3
C 179 19
C 180 12
C 181 2
C 182 16
C 183 22
C 184 10
C 185 19
C 186 8
C 187 26
C 188 14
C 189 2
C 190 17
C 191 4
C 192 4
C 193 1
C 194 14
C 195 20
C 196 3
C 197 2
C 198 14
C 199 10
C 200 24
C 201 23
C 202 26
C 203 14
C 204 14
C 205 8
C 206 8
C 207 14
C 208 9
C 209 10
C 210 16
C 211 25
C 212 22
C 213 2
C 214 7
C 215 6
C 216 2
C 217 2
C 218 26
C 219 20
C 220 16
C 221 10
C 222 20
C 223 14
C 224 20
C 225 2
C 226 15
C 227 12
C 228 2
C 229 23
C 230 23
C 231 9
C 232 16
C 233 4
C 234 19
C 235 18
C 236 24
C 237 20
C 238 9
C 239 16
C 240 20
C 241 25
C 242 3
C 243 16
C 244 5
C 245 6
C 246 19
C 247 17
C 248 1
C 249 23
C 250 1
C 251 14
C 252 26
C 253 23
C 254 6
C 255 24
C 256 21
C 257 4
C 258 8
C 259 15
C 260 9
C 261 2
C 262 11
C 263 0
C 264 12
C 265 25
C 266 25
C 267 0
C 268 19
C 269 7
I 2 1 12 (5,5,4) (-1,0,1,0)
I 1 3 20 (3,1,2) (-1,1,-1,0)
I 4 2 5 (3,5,5) (1,1,-1,0)|(1,-1,-1,0)|(-1,1,1,0)
