D (6,-1,-1) (1,4,5)
D (6,7,8) (4,2,1)
D (6,7,8) (2,2,1)
D (7,8,-1) (1,0,0)
D (6,7,8) (0,2,2)
D (9,-1,-1) (2,1,1)
D (7,-1,-1) (0,1,2)
D (7,8,-1) (2,3,4)
D (6,7,-1) (3,0,3)
D (3,-1,-1) (2,3,0)
D (6,-1,-1) (2,0,0)
D (6,7,8) (5,1,0)
D (7,8,3) (5,3,0)
D (9,-1,-1) (4,0,2)
D (8,3,9) (3,3,3)
D (8,3,9) (1,4,0)
D (3,9,-1) (1,1,3)
D (3,9,-1) (0,0,4)
D (6,7,8) (2,5,2)
D (7,8,3) (0,1,0)
D (8,-1,-1) (0,5,2)
D (8,3,9) (0,2,3)
D (6,7,-1) (2,1,4)
D (6,7,8) (1,3,1)
D (8,3,9) (4,0,4)
D (9,-1,-1) (2,2,3)
D (9,-1,-1) (1,3,0)
D (9,-1,-1) (0,1,3)
D (7,8,-1) (0,3,2)
D (6,7,8) (2,3,3)
D (9,-1,-1) (1,2,3)
D (8,3,9) (5,5,2)
C 0 6
C 1 10
C 2 0
C 3 0
C 4 0
C 5 0
C 6 0
C 7 0
C 8 0
C 9 0
C 10 0
C 11 0
C 12 0
C 13 0
C 14 0
C 15 0
C 16 0
C 17 0
C 18 0
C 19 0
C 20 0
C 21 0
C 22 0
C 23 0
C 24 0
C 25 0
C 26 0
C 27 0
C 28 0
C 29 10
C 30 12
C 31 6
C 32 4
C 33 20
C 34 14
C 35 1
C 36 2
C 37 14
C 38 17
C 39 5
C 40 20
C 41 20
C 42 23
C 43 16
C 44 25
C 45 7
C 46 0
C 47 20
C 48 16
C 49 26
C 50 8
C 51 19
C 52 5
C 53 16
C 54 24
C 55 24
C 56 18
C 57 26
C 58 0
C 59 2
C 60 7
C 61 4
C 62 17
C 63 24
C 64 26
C 65 16
C 66 26
C 67 14
C 68 0
C 69 5
C 70 20
C 71 23
C 72 2
C 73 23
C 74 1
C 75 16
C 76 7
C 77 18
C 78 12
C 79 14
C 80 10
C 81 23
C 82 5
C 83 8
C 84 3
C 85 6
C 86 9
C 87 22
C 88 17
C 89 20
C 90 0
C 91 14
C 92 0
C 93 8
C 94 23
C 95 26
C 96 4
C 97 17
C 98 11
C 99 12
C 100 23
C 101 0
C 102 16
C 103 21
C 104 21
C 105 22
C 106 15
C 107 2
C 108 26
C 109 22
C 110 1
C 111 17
C 112 12
C 113 10
C 114 26
C 115 9
C 116 7
C 117 9
C 118 17
C 119 6
C 120 5
C 121 15
C 122 6
C 123 20
C 124 16
C 125 4
C 126 18
C 127 0
C 128 7
C 129 19
C 130 1
C 131 12
C 132 1
C 133 8
C 134 21
C 135 11
C 136 8
C 137 17
C 138 16
C 139 19
C 140 23
C 141 6
C 142 3
C 143 1
C 144 26
C 145 7
C 146 0
C 147 25
C 148 12
C 149 23
C 150 11
C 151 12
C 152 19
C 153 21
C 154 9
C 155 5
C 156 9
C 157 5
C 158 15
C 159 23
C 160 15
C 161 23
C 162 12
C 163 0
C 164 4
C 165 0
C 166 4
C 167 14
C 168 8
C 169 20
C 170 5
C 171 1
C 172 25
C 173 22
C 174 1
C 175 8
C 176 5
C 177 4
C 178 17
C 179 26
C 180 14
C 181 3
C 182 18
C 183 7
C 184 23
C 185 9
C 186 24
C 187 15
C 188 21
C 189 6
C 190 9
C 191 24
C 192 24
C 193 22
C 194 23
C 195 20
C 196 6
C 197 22
C 198 6
C 199 1
C 200 11
C 201 24
C 202 3
C 203 18
C 204 8
C 205 2
C 206 14
C 207 9
C 208 3
C 209 12
C 210 26
C 211 16
C 212 11
C 213 23
C 214 24
C 215 3
C 216 3
C 217 1
C 218 25
C 219 15
C 220 21
C 221 10
C 222 10
C 223 6
C 224 2
C 225 1
C 226 4
C 227 23
C 228 21
C 229 22
C 230 19
C 231 10
C 232 16
C 233 1
C 234 22
C 235 8
C 236 4
C 237 25
C 238 17
C 239 1
C 240 20
C 241 10
C 242 17
C 243 25
C 244 9
C 245 3
C 246 19
C 247 16
C 248 6
C 249 12
C 250 9
C 251 11
C 252 10
C 253 10
C 254 26
C 255 4
C 256 6
C 257 0
C 258 16
C 259 21
C 260 25
C 261 10
C 262 9
C 263 21
C 264 10
C 265 18
C 266 5
C 267 15
C 268 6
C 269 8
I 4 3 8 (4,1,3) (-1,-1,1,0)
I 0 1 15 (4,1,3) (0,0,1,0)|(-1,-1,-1,0)
I 2 3 7 (1,1,0) (0,-1,-1,0)|(-1,0,-1,0)
