D (6,7,8) (5,3,0)
D (6,7,8) (0,3,3)
D (7,8,-1) (4,1,4)
D (9,-1,-1) (4,4,0)
D (3,9,-1) (2,5,5)
D (7,8,3) (4,2,2)
D (3,9,-1) (2,1,5)
D (8,-1,-1) (4,5,1)
D (9,-1,-1) (2,5,4)
D (9,-1,-1) (4,5,3)
D (8,-1,-1) (4,2,1)
D (3,9,-1) (0,4,0)
D (3,-1,-1) (3,5,3)
D (3,-1,-1) (3,2,3)
D (7,8,-1) (0,5,0)
D (6,7,-1) (0,5,4)
D (9,-1,-1) (1,1,3)
D (9,-1,-1) (1,5,2)
D (9,-1,-1) (4,5,2)
D (3,9,-1) (3,5,1)
D (3,9,-1) (3,0,4)
D (9,-1,-1) (2,2,2)
D (3,9,-1) (1,0,1)
D (6,7,-1) (5,2,1)
D (8,-1,-1) (0,3,4)
D (6,7,-1) (1,0,4)
D (8,3,9) (2,3,2)
D (7,8,3) (5,1,1)
D (9,-1,-1) (1,1,1)
D (7,-1,-1) (0,3,0)
D (6,7,-1) (5,0,5)
D (7,8,-1) (4,2,4)
D (3,9,-1) (1,5,0)
D (6,7,8) (0,4,3)
D (6,7,8) (4,4,2)
D (9,-1,-1) (3,0,2)
D (3,9,-1) (5,1,0)
D (8,3,-1) (2,5,2)
D (7,-1,-1) (3,1,1)
D (6,-1,-1) (5,3,1)
D (9,-1,-1) (1,2,2)
D (3,9,-1) (0,4,5)
D (6,-1,-1) (5,0,1)
D (3,-1,-1) (5,0,4)
D (6,7,-1) (2,3,3)
D (3,9,-1) (1,5,1)
C 0 3
C 1 8
C 2 14
C 3 6
C 4 0
C 5 7
C 6 23
C 7 17
C 8 7
C 9 23
C 10 23
C 11 17
C 12 21
C 13 25
C 14 26
C 15 1
C 16 11
C 17 2
C 18 23
C 19 9
C 20 7
C 21 7
C 22 4
C 23 16
C 24 21
C 25 22
C 26 5
C 27 12
C 28 1
C 29 21
C 30 0
C 31 4
C 32 12
C 33 9
C 34 20
C 35 8
C 36 14
C 37 19
C 38 17
C 39 16
C 40 15
C 41 26
C 42 0
C 43 3
C 44 11
C 45 4
C 46 6
C 47 23
C 48 4
C 49 20
C 50 2
C 51 10
C 52 23
C 53 8
C 54 26
C 55 17
C 56 23
C 57 7
C 58 19
C 59 2
C 60 22
C 61 25
C 62 0
C 63 6
C 64 19
C 65 16
C 66 7
C 67 7
C 68 17
C 69 0
C 70 0
C 71 0
C 72 0
C 73 0
C 74 0
C 75 0
C 76 0
C 77 0
C 78 0
C 79 0
C 80 0
C 81 0
C 82 0
C 83 0
C 84 0
C 85 0
C 86 0
C 87 0
C 88 0
C 89 0
C 90 0
C 91 0
C 92 0
C 93 0
C 94 0
C 95 0
C 96 0
C 97 0
C 98 0
C 99 0
C 100 2
C 101 10
C 102 11
C 103 23
C 104 11
C 105 16
C 106 14
C 107 8
C 108 26
C 109 23
C 110 23
C 111 17
C 112 7
C 113 17
C 114 1
C 115 15
C 116 9
C 117 11
C 118 7
C 119 8
C 120 26
C 121 6
C 122 23
C 123 4
C 124 19
C 125 12
C 126 5
C 127 14
C 128 12
C 129 4
C 130 17
C 131 19
C 132 17
C 133 23
C 134 23
C 135 14
C 136 1
C 137 14
C 138 10
C 139 18
C 140 14
C 141 8
C 142 10
C 143 17
C 144 7
C 145 3
C 146 17
C 147 22
C 148 3
C 149 2
C 150 7
C 151 0
C 152 20
C 153 19
C 154 17
C 155 10
C 156 19
C 157 14
C 158 26
C 159 5
C 160 18
C 161 0
C 162 7
C 163 1
C 164 25
C 165 12
C 166 1
C 167 14
C 168 20
C 169 23
C 170 3
C 171 18
C 172 9
C 173 15
C 174 12
C 175 7
C 176 23
C 177 10
C 178 11
C 179 20
C 180 20
C 181 0
C 182 0
C 183 0
C 184 0
C 185 0
C 186 0
C 187 0
C 188 0
C 189 0
C 190 0
C 191 0
C 192 0
C 193 0
C 194 0
C 195 0
C 196 0
C 197 6
C 198 12
C 199 5
C 200 8
C 201 26
C 202 18
C 203 7
C 204 18
C 205 24
C 206 22
C 207 20
C 208 7
C 209 23
C 210 3
C 211 11
C 212 5
C 213 3
C 214 3
C 215 4
C 216 22
C 217 8
C 218 4
C 219 26
C 220 2
C 221 2
C 222 6
C 223 25
C 224 8
C 225 22
C 226 11
C 227 15
C 228 8
C 229 25
C 230 8
C 231 6
C 232 2
C 233 5
C 234 11
C 235 11
C 236 18
C 237 24
C 238 12
C 239 4
C 240 7
C 241 4
C 242 20
C 243 4
C 244 6
C 245 10
C 246 14
C 247 21
C 248 18
C 249 3
C 250 3
C 251 25
C 252 6
C 253 1
C 254 17
C 255 15
C 256 12
C 257 22
C 258 10
C 259 17
C 260 15
C 261 21
C 262 0
C 263 8
C 264 21
C 265 6
C 266 14
C 267 18
C 268 6
C 269 2
I 1 1 8 (2,1,3) (-1,1,1,0)|(0,-1,1,0)|(1,0,1,0)
I 4 3 1 (2,3,4) (1,-1,1,0)
I 0 2 16 (1,3,1) (0,0,1,0)
