D (8,3,9) (5,4,0)
D (8,3,9) (5,0,1)
D (8,3,-1) (5,1,3)
D (6,7,8) (5,3,0)
D (8,-1,-1) (4,1,1)
D (6,-1,-1) (0,3,1)
D (3,-1,-1) (1,0,0)
D (7,8,3) (4,3,1)
D (3,-1,-1) (0,2,4)
D (9,-1,-1) (0,0,1)
D (3,9,-1) (0,5,4)
D (7,8,-1) (5,2,5)
D (3,9,-1) (5,3,5)
D (6,7,-1) (0,0,3)
D (7,8,3) (5,1,1)
D (7,-1,-1) (3,0,1)
D (7,-1,-1) (3,4,1)
D (3,9,-1) (5,1,0)
D (7,8,-1) (4,4,0)
D (6,7,8) (5,5,4)
D (3,9,-1) (2,5,3)
D (3,9,-1) (3,3,2)
D (8,-1,-1) (2,1,3)
D (8,3,-1) (1,5,5)
D (3,-1,-1) (2,5,4)
D (3,9,-1) (1,2,5)
D (6,7,8) (4,3,5)
D (6,7,-1) (3,0,4)
D (6,-1,-1) (4,1,2)
D (8,-1,-1) (0,5,2)
D (6,7,8) (4,5,2)
D (6,-1,-1) (2,0,3)
D (9,-1,-1) (3,1,3)
D (9,-1,-1) (5,5,0)
D (3,9,-1) (1,1,0)
D (8,3,9) (0,1,5)
D (8,3,-1) (4,5,1)
D (9,-1,-1) (2,1,2)
D (3,9,-1) (3,1,4)
D (3,-1,-1) (0,4,5)
D (3,-1,-1) (1,3,1)
D (3,9,-1) (0,3,3)
D (7,8,3) (4,2,4)
D (9,-1,-1) (2,5,5)
D (3,-1,-1) (3,3,5)
D (8,-1,-1) (3,3,3)
D (7,-1,-1) (3,2,2)
D (6,7,8) (4,5,3)
D (8,3,9) (1,4,0)
D (3,9,-1) (5,4,4)
D (7,8,-1) (2,3,4)
D (8,3,9) (4,4,2)
D (6,-1,-1) (5,0,2)
D (6,-1,-1) (5,3,1)
D (9,-1,-1) (0,5,0)
D (6,7,-1) (0,3,0)
D (8,3,-1) (0,0,4)
D (6,-1,-1) (4,3,0)
D (8,3,-1) (0,4,2)
D (9,-1,-1) (3,4,3)
D (9,-1,-1) (4,2,0)
D (8,-1,-1) (3,1,1)
D (8,-1,-1) (2,4,5)
D (8,-1,-1) (1,1,1)
D (7,-1,-1) (4,1,5)
D (3,-1,-1) (5,4,1)
D (3,9,-1) (2,3,0)
D (9,-1,-1) (2,0,0)
D (3,9,-1) (3,2,0)
D (7,8,3) (1,2,1)
D (3,9,-1) (1,4,5)
D (8,3,9) (1,0,1)
D (3,9,-1) (3,5,1)
D (6,7,-1) (4,2,5)
D (3,-1,-1) (1,5,1)
D (8,-1,-1) (4,5,0)
D (9,-1,-1) (0,4,3)
D (8,-1,-1) (5,1,5)
D (8,-1,-1) (3,1,2)
D (7,8,-1) (2,2,1)
D (9,-1,-1) (1,5,3)
D (8,3,9) (5,5,1)
D (7,8,3) (4,0,5)
D (6,7,8) (2,3,3)
D (3,9,-1) (5,0,5)
D (6,7,-1) (3,2,3)
D (8,-1,-1) (3,5,2)
D (7,-1,-1) (4,2,2)
D (8,-1,-1) (4,0,3)
D (3,-1,-1) (4,3,3)
D (9,-1,-1) (0,3,2)
D (8,3,9) (0,5,1)
D (7,8,3) (3,1,5)
D (7,8,3) (4,5,5)
D (6,7,8) (3,4,2)
D (9,-1,-1) (5,3,3)
D (6,-1,-1) (0,1,4)
C 0 5
C 1 24
C 2 16
C 3 23
C 4 2
C 5 6
C 6 0
C 7 0
C 8 0
C 9 0
C 10 0
C 11 0
C 12 0
C 13 0
C 14 0
C 15 0
C 16 0
C 17 0
C 18 0
C 19 0
C 20 0
C 21 0
C 22 0
C 23 0
C 24 0
C 25 0
C 26 0
C 27 0
C 28 0
C 29 0
C 30 0
C 31 0
C 32 0
C 33 0
C 34 0
C 35 0
C 36 0
C 37 0
C 38 0
C 39 0
C 40 0
C 41 0
C 42 0
C 43 0
C 44 0
C 45 0
C 46 0
C 47 0
C 48 0
C 49 0
C 50 0
C 51 0
C 52 0
C 53 0
C 54 0
C 55 0
C 56 0
C 57 0
C 58 0
C 59 0
C 60 0
C 61 0
C 62 0
C 63 0
C 64 0
C 65 0
C 66 0
C 67 0
C 68 0
C 69 0
C 70 0
C 71 0
C 72 0
C 73 0
C 74 0
C 75 0
C 76 0
C 77 0
C 78 0
C 79 0
C 80 0
C 81 0
C 82 0
C 83 0
C 84 0
C 85 0
C 86 0
C 87 0
C 88 0
C 89 0
C 90 0
C 91 0
C 92 0
C 93 0
C 94 0
C 95 0
C 96 0
C 97 0
C 98 0
C 99 0
C 100 0
C 101 0
C 102 0
C 103 0
C 104 0
C 105 0
C 106 0
C 107 0
C 108 0
C 109 1
C 110 0
C 111 9
C 112 21
C 113 14
C 114 0
C 115 17
C 116 17
C 117 9
C 118 17
C 119 9
C 120 3
C 121 16
C 122 4
C 123 3
C 124 26
C 125 2
C 126 19
C 127 16
C 128 6
C 129 0
C 130 26
C 131 16
C 132 26
C 133 5
C 134 8
C 135 10
C 136 22
C 137 4
C 138 26
C 139 2
C 140 7
C 141 14
C 142 16
C 143 24
C 144 25
C 145 19
C 146 9
C 147 5
C 148 12
C 149 7
C 150 10
C 151 5
C 152 9
C 153 12
C 154 21
C 155 9
C 156 21
C 157 11
C 158 4
C 159 8
C 160 25
C 161 0
C 162 18
C 163 1
C 164 21
C 165 0
C 166 16
C 167 8
C 168 17
C 169 9
C 170 24
C 171 26
C 172 5
C 173 26
C 174 5
C 175 2
C 176 11
C 177 18
C 178 7
C 179 9
C 180 12
C 181 23
C 182 8
C 183 22
C 184 18
C 185 9
C 186 24
C 187 8
C 188 18
C 189 21
C 190 23
C 191 7
C 192 2
C 193 25
C 194 7
C 195 14
C 196 26
C 197 18
C 198 2
C 199 15
C 200 19
C 201 20
C 202 19
C 203 23
C 204 25
C 205 8
C 206 3
C 207 0
C 208 18
C 209 18
C 210 22
C 211 20
C 212 23
C 213 24
C 214 24
C 215 0
C 216 14
C 217 17
C 218 23
C 219 17
C 220 24
C 221 14
C 222 1
C 223 26
C 224 8
C 225 5
C 226 23
C 227 16
C 228 19
C 229 25
C 230 0
C 231 25
C 232 9
C 233 8
C 234 20
C 235 23
C 236 19
C 237 12
C 238 10
C 239 22
C 240 11
C 241 8
C 242 24
C 243 12
C 244 19
C 245 10
C 246 14
C 247 12
C 248 9
C 249 18
C 250 22
C 251 1
C 252 23
C 253 21
C 254 21
C 255 20
C 256 8
C 257 12
C 258 26
C 259 24
C 260 10
C 261 15
C 262 8
C 263 4
C 264 25
C 265 21
C 266 9
C 267 26
C 268 12
C 269 7
I 0 1 9 (2,2,5) (0,-1,0,0)|(-1,1,0,0)
I 2 3 18 (2,1,4) (1,1,-1,0)
I 2 3 13 (4,2,5) (-1,-1,0,0)
