D (6,7,-1) (0,2,4)
D (8,3,-1) (1,5,2)
D (6,-1,-1) (2,1,5)
D (6,7,-1) (5,1,0)
D (9,-1,-1) (3,4,4)
D (9,-1,-1) (5,0,1)
D (8,-1,-1) (5,5,5)
D (7,8,-1) (4,1,4)
D (8,3,-1) (1,2,2)
D (6,7,-1) (2,2,3)
D (8,-1,-1) (2,3,5)
D (8,3,-1) (5,5,4)
D (8,-1,-1) (0,0,1)
D (3,9,-1) (5,2,5)
D (3,9,-1) (5,1,1)
D (9,-1,-1) (4,1,2)
D (9,-1,-1) (3,0,3)
D (6,7,-1) (2,2,5)
D (3,9,-1) (3,5,2)
D (9,-1,-1) (1,1,1)
D (8,3,-1) (1,5,5)
D (7,8,-1) (2,1,0)
D (9,-1,-1) (5,0,0)
D (8,3,9) (1,0,5)
D (3,-1,-1) (0,3,4)
D (7,8,3) (3,3,3)
D (6,-1,-1) (3,4,0)
D (3,9,-1) (3,1,5)
D (7,-1,-1) (2,5,1)
D (3,-1,-1) (0,2,2)
D (8,3,-1) (3,1,1)
D (3,9,-1) (1,4,4)
D (7,8,3) (2,5,3)
D (3,9,-1) (3,5,5)
D (8,3,9) (1,2,4)
D (8,-1,-1) (5,4,5)
D (6,7,-1) (5,5,3)
D (8,3,9) (4,4,2)
D (3,-1,-1) (0,4,1)
D (9,-1,-1) (1,4,0)
C 0 3
C 1 19
C 2 26
C 3 4
C 4 3
C 5 19
C 6 10
C 7 9
C 8 12
C 9 24
C 10 22
C 11 19
C 12 21
C 13 7
C 14 4
C 15 24
C 16 23
C 17 10
C 18 26
C 19 9
C 20 21
C 21 24
C 22 3
C 23 1
C 24 16
C 25 4
C 26 3
C 27 14
C 28 12
C 29 24
C 30 1
C 31 22
C 32 17
C 33 1
C 34 10
C 35 24
C 36 8
C 37 12
C 38 22
C 39 26
C 40 24
C 41 9
C 42 17
C 43 4
C 44 2
C 45 3
C 46 8
C 47 8
C 48 15
C 49 2
C 50 16
C 51 16
C 52 19
C 53 12
C 54 18
C 55 7
C 56 0
C 57 19
C 58 4
C 59 25
C 60 22
C 61 24
C 62 17
C 63 12
C 64 10
C 65 15
C 66 2
C 67 2
C 68 7
C 69 9
C 70 24
C 71 25
C 72 4
C 73 2
C 74 3
C 75 14
C 76 21
C 77 4
C 78 21
C 79 18
C 80 11
C 81 7
C 82 0
C 83 0
C 84 0
C 85 0
C 86 0
C 87 0
C 88 0
C 89 0
C 90 0
C 91 0
C 92 0
C 93 9
C 94 4
C 95 25
C 96 23
C 97 3
C 98 10
C 99 4
C 100 8
C 101 26
C 102 7
C 103 18
C 104 11
C 105 10
C 106 18
C 107 18
C 108 2
C 109 7
C 110 22
C 111 16
C 112 19
C 113 23
C 114 2
C 115 8
C 116 0
C 117 8
C 118 3
C 119 21
C 120 24
C 121 4
C 122 15
C 123 12
C 124 18
C 125 16
C 126 6
C 127 24
C 128 23
C 129 0
C 130 7
C 131 3
C 132 7
C 133 0
C 134 0
C 135 0
C 136 0
C 137 0
C 138 0
C 139 0
C 140 0
C 141 0
C 142 0
C 143 0
C 144 0
C 145 0
C 146 0
C 147 0
C 148 0
C 149 0
C 150 0
C 151 0
C 152 0
C 153 0
C 154 0
C 155 0
C 156 0
C 157 0
C 158 0
C 159 0
C 160 0
C 161 0
C 162 0
C 163 0
C 164 0
C 165 0
C 166 0
C 167 0
C 168 0
C 169 0
C 170 0
C 171 0
C 172 0
C 173 0
C 174 0
C 175 0
C 176 0
C 177 0
C 178 0
C 179 0
C 180 0
C 181 0
C 182 0
C 183 0
C 184 0
C 185 0
C 186 0
C 187 0
C 188 0
C 189 0
C 190 0
C 191 0
C 192 0
C 193 0
C 194 0
C 195 0
C 196 0
C 197 0
C 198 0
C 199 0
C 200 0
C 201 0
C 202 0
C 203 0
C 204 0
C 205 0
C 206 0
C 207 0
C 208 0
C 209 0
C 210 0
C 211 0
C 212 0
C 213 0
C 214 0
C 215 0
C 216 0
C 217 0
C 218 0
C 219 0
C 220 0
C 221 0
C 222 0
C 223 0
C 224 0
C 225 0
C 226 0
C 227 0
C 228 0
C 229 0
C 230 0
C 231 0
C 232 0
C 233 0
C 234 0
C 235 0
C 236 0
C 237 0
C 238 0
C 239 0
C 240 0
C 241 0
C 242 0
C 243 0
C 244 0
C 245 0
C 246 0
C 247 0
C 248 0
C 249 0
C 250 0
C 251 0
C 252 0
C 253 0
C 254 0
C 255 0
C 256 0
C 257 0
C 258 0
C 259 0
C 260 0
C 261 0
C 262 0
C 263 0
C 264 0
C 265 0
C 266 22
C 267 12
C 268 22
C 269 1
I 0 2 14 (0,0,3) (1,1,1,0)|(0,0,0,0)|(-1,-1,-1,0)
I 0 2 8 (3,3,2) (-1,1,1,0)|(1,-1,-1,0)
I 1 1 6 (2,2,3) (1,1,1,0)
