D (9,-1,-1) (4,0,1)
D (6,7,-1) (5,3,5)
D (3,-1,-1) (0,3,1)
D (8,-1,-1) (2,4,0)
D (7,8,-1) (1,5,0)
D (8,-1,-1) (0,0,5)
D (6,-1,-1) (0,4,1)
D (8,3,9) (2,2,1)
D (6,-1,-1) (2,2,5)
D (3,9,-1) (3,4,5)
D (6,-1,-1) (5,4,3)
D (9,-1,-1) (2,2,3)
D (7,8,3) (5,2,3)
D (3,9,-1) (0,4,5)
D (3,-1,-1) (4,3,3)
D (3,9,-1) (3,2,2)
D (8,3,9) (4,4,2)
D (3,9,-1) (4,3,5)
D (3,-1,-1) (0,5,4)
D (7,8,-1) (4,1,4)
D (6,7,8) (1,4,0)
D (8,-1,-1) (4,0,5)
D (7,8,3) (1,3,5)
D (3,-1,-1) (2,3,2)
D (7,8,3) (0,4,4)
D (9,-1,-1) (5,1,4)
D (9,-1,-1) (4,4,1)
D (7,8,3) (1,0,5)
D (9,-1,-1) (1,1,0)
D (9,-1,-1) (1,5,5)
D (7,8,-1) (2,5,2)
D (9,-1,-1) (4,2,2)
D (8,3,-1) (0,1,5)
D (6,7,-1) (3,0,5)
D (6,7,8) (3,2,0)
D (6,7,8) (4,1,2)
D (8,3,-1) (5,5,4)
D (3,9,-1) (4,1,5)
D (3,-1,-1) (5,5,2)
D (6,7,-1) (2,5,4)
D (8,-1,-1) (4,5,2)
D (9,-1,-1) (3,0,3)
D (6,7,-1) (0,0,4)
D (9,-1,-1) (1,4,2)
D (3,9,-1) (2,0,2)
D (9,-1,-1) (2,0,5)
D (8,3,9) (5,2,2)
D (8,-1,-1) (2,5,1)
D (3,9,-1) (3,4,0)
D (3,9,-1) (0,3,2)
C 0 5
C 1 5
C 2 10
C 3 20
C 4 18
C 5 0
C 6 20
C 7 25
C 8 5
C 9 18
C 10 12
C 11 9
C 12 1
C 13 12
C 14 5
C 15 24
C 16 18
C 17 19
C 18 9
C 19 9
C 20 9
C 21 18
C 22 7
C 23 9
C 24 25
C 25 1
C 26 16
C 27 3
C 28 25
C 29 6
C 30 10
C 31 18
C 32 7
C 33 4
C 34 5
C 35 11
C 36 5
C 37 20
C 38 14
C 39 0
C 40 7
C 41 16
C 42 2
C 43 6
C 44 5
C 45 7
C 46 26
C 47 25
C 48 11
C 49 26
C 50 6
C 51 14
C 52 8
C 53 15
C 54 22
C 55 24
C 56 11
C 57 6
C 58 16
C 59 11
C 60 23
C 61 12
C 62 24
C 63 7
C 64 21
C 65 2
C 66 11
C 67 24
C 68 22
C 69 4
C 70 22
C 71 1
C 72 25
C 73 24
C 74 4
C 75 26
C 76 19
C 77 23
C 78 5
C 79 0
C 80 0
C 81 0
C 82 0
C 83 0
C 84 0
C 85 0
C 86 0
C 87 0
C 88 0
C 89 0
C 90 0
C 91 0
C 92 0
C 93 0
C 94 0
C 95 0
C 96 0
C 97 0
C 98 0
C 99 11
C 100 15
C 101 8
C 102 25
C 103 17
C 104 4
C 105 25
C 106 23
C 107 4
C 108 20
C 109 3
C 110 2
C 111 17
C 112 14
C 113 21
C 114 3
C 115 1
C 116 19
C 117 12
C 118 5
C 119 2
C 120 8
C 121 3
C 122 16
C 123 6
C 124 22
C 125 25
C 126 4
C 127 25
C 128 8
C 129 4
C 130 24
C 131 18
C 132 6
C 133 5
C 134 1
C 135 8
C 136 21
C 137 5
C 138 3
C 139 0
C 140 19
C 141 21
C 142 2
C 143 14
C 144 3
C 145 6
C 146 5
C 147 21
C 148 3
C 149 12
C 150 5
C 151 8
C 152 17
C 153 20
C 154 18
C 155 1
C 156 26
C 157 9
C 158 1
C 159 24
C 160 17
C 161 4
C 162 25
C 163 24
C 164 10
C 165 11
C 166 5
C 167 19
C 168 3
C 169 17
C 170 8
C 171 25
C 172 17
C 173 18
C 174 0
C 175 4
C 176 0
C 177 0
C 178 0
C 179 0
C 180 0
C 181 0
C 182 0
C 183 0
C 184 0
C 185 0
C 186 0
C 187 0
C 188 0
C 189 0
C 190 0
C 191 0
C 192 0
C 193 0
C 194 0
C 195 0
C 196 0
C 197 0
C 198 0
C 199 0
C 200 0
C 201 0
C 202 0
C 203 0
C 204 0
C 205 0
C 206 0
C 207 0
C 208 0
C 209 0
C 210 0
C 211 0
C 212 0
C 213 0
C 214 0
C 215 0
C 216 0
C 217 0
C 218 0
C 219 0
C 220 0
C 221 0
C 222 0
C 223 0
C 224 0
C 225 0
C 226 0
C 227 0
C 228 0
C 229 0
C 230 0
C 231 0
C 232 0
C 233 0
C 234 0
C 235 0
C 236 0
C 237 0
C 238 0
C 239 0
C 240 0
C 241 0
C 242 0
C 243 10
C 244 15
C 245 18
C 246 8
C 247 14
C 248 17
C 249 7
C 250 24
C 251 11
C 252 4
C 253 16
C 254 16
C 255 19
C 256 14
C 257 7
C 258 23
C 259 7
C 260 17
C 261 22
C 262 16
C 263 18
C 264 7
C 265 19
C 266 15
C 267 2
C 268 1
C 269 25
I 0 2 19 (0,2,4) (0,0,-1,0)|(1,0,0,0)
I 3 2 3 (2,3,0) (0,-1,-1,0)
I 2 2 4 (1,1,2) (1,0,0,0)
