D (9,-1,-1) (4,4,3)
D (8,3,9) (2,2,3)
D (8,3,9) (1,2,2)
D (6,7,-1) (5,1,5)
D (9,-1,-1) (5,4,1)
D (8,3,-1) (1,5,0)
D (8,3,-1) (4,4,4)
D (9,-1,-1) (0,5,1)
D (6,-1,-1) (4,0,4)
D (6,7,8) (3,0,2)
D (9,-1,-1) (5,3,4)
D (3,-1,-1) (4,4,0)
D (3,9,-1) (4,5,0)
D (6,-1,-1) (1,2,5)
D (3,9,-1) (0,2,3)
D (7,8,3) (5,1,2)
D (7,-1,-1) (1,2,0)
D (3,9,-1) (5,1,0)
D (8,-1,-1) (4,3,4)
D (9,-1,-1) (0,2,5)
D (8,3,-1) (2,2,1)
D (8,-1,-1) (2,1,0)
D (8,-1,-1) (0,1,1)
D (3,9,-1) (1,0,0)
D (9,-1,-1) (2,5,0)
D (7,8,3) (2,2,5)
D (9,-1,-1) (1,2,1)
D (9,-1,-1) (3,4,5)
D (7,-1,-1) (2,0,0)
D (7,-1,-1) (3,5,2)
D (3,9,-1) (1,3,3)
D (3,9,-1) (4,5,3)
D (6,-1,-1) (3,1,5)
D (3,9,-1) (2,3,1)
D (7,8,-1) (4,4,2)
D (6,-1,-1) (3,2,5)
D (6,7,-1) (3,0,3)
D (7,8,3) (3,3,4)
D (3,9,-1) (0,1,2)
D (6,7,8) (4,4,1)
D (6,7,8) (1,3,1)
D (7,8,-1) (3,0,4)
D (3,9,-1) (4,2,1)
D (7,8,3) (0,3,4)
D (9,-1,-1) (2,4,1)
D (6,7,8) (5,4,2)
D (3,9,-1) (1,3,5)
D (9,-1,-1) (0,0,4)
D (3,9,-1) (1,0,3)
D (3,9,-1) (0,4,0)
D (6,-1,-1) (4,1,2)
D (8,-1,-1) (1,1,0)
D (6,7,8) (5,1,3)
D (8,3,-1) (2,1,5)
D (8,3,9) (1,3,0)
C 0 23
C 1 0
C 2 16
C 3 22
C 4 26
C 5 9
C 6 21
C 7 24
C 8 25
C 9 19
C 10 1
C 11 15
C 12 26
C 13 5
C 14 12
C 15 24
C 16 26
C 17 0
C 18 5
C 19 26
C 20 21
C 21 8
C 22 0
C 23 12
C 24 11
C 25 3
C 26 3
C 27 24
C 28 4
C 29 5
C 30 12
C 31 24
C 32 11
C 33 1
C 34 25
C 35 0
C 36 4
C 37 18
C 38 14
C 39 12
C 40 12
C 41 23
C 42 2
C 43 6
C 44 23
C 45 10
C 46 11
C 47 7
C 48 2
C 49 17
C 50 12
C 51 26
C 52 7
C 53 8
C 54 15
C 55 10
C 56 8
C 57 0
C 58 0
C 59 0
C 60 0
C 61 0
C 62 0
C 63 0
C 64 0
C 65 0
C 66 0
C 67 0
C 68 0
C 69 0
C 70 0
C 71 0
C 72 0
C 73 0
C 74 0
C 75 0
C 76 0
C 77 0
C 78 0
C 79 0
C 80 0
C 81 0
C 82 0
C 83 0
C 84 0
C 85 0
C 86 0
C 87 0
C 88 0
C 89 16
C 90 20
C 91 20
C 92 12
C 93 12
C 94 7
C 95 4
C 96 4
C 97 26
C 98 10
C 99 4
C 100 20
C 101 1
C 102 26
C 103 12
C 104 12
C 105 15
C 106 6
C 107 25
C 108 25
C 109 20
C 110 21
C 111 4
C 112 14
C 113 10
C 114 1
C 115 9
C 116 4
C 117 25
C 118 25
C 119 23
C 120 8
C 121 18
C 122 20
C 123 6
C 124 7
C 125 6
C 126 11
C 127 18
C 128 4
C 129 3
C 130 15
C 131 3
C 132 0
C 133 17
C 134 20
C 135 25
C 136 25
C 137 25
C 138 17
C 139 15
C 140 6
C 141 23
C 142 18
C 143 12
C 144 2
C 145 14
C 146 15
C 147 22
C 148 1
C 149 9
C 150 14
C 151 12
C 152 17
C 153 9
C 154 10
C 155 4
C 156 22
C 157 14
C 158 7
C 159 6
C 160 12
C 161 22
C 162 14
C 163 5
C 164 11
C 165 18
C 166 24
C 167 24
C 168 16
C 169 14
C 170 7
C 171 1
C 172 20
C 173 19
C 174 17
C 175 14
C 176 19
C 177 19
C 178 25
C 179 5
C 180 14
C 181 15
C 182 16
C 183 18
C 184 0
C 185 19
C 186 22
C 187 8
C 188 25
C 189 21
C 190 16
C 191 3
C 192 11
C 193 26
C 194 0
C 195 0
C 196 18
C 197 16
C 198 19
C 199 11
C 200 15
C 201 16
C 202 21
C 203 22
C 204 19
C 205 15
C 206 17
C 207 8
C 208 20
C 209 14
C 210 9
C 211 17
C 212 23
C 213 12
C 214 1
C 215 18
C 216 12
C 217 12
C 218 2
C 219 9
C 220 16
C 221 20
C 222 24
C 223 24
C 224 20
C 225 4
C 226 6
C 227 22
C 228 16
C 229 19
C 230 2
C 231 11
C 232 4
C 233 22
C 234 26
C 235 21
C 236 15
C 237 10
C 238 5
C 239 3
C 240 12
C 241 1
C 242 25
C 243 22
C 244 9
C 245 25
C 246 17
C 247 24
C 248 21
C 249 23
C 250 19
C 251 9
C 252 25
C 253 15
C 254 12
C 255 4
C 256 1
C 257 11
C 258 6
C 259 12
C 260 21
C 261 20
C 262 14
C 263 26
C 264 14
C 265 16
C 266 9
C 267 11
C 268 7
C 269 14
I 0 2 20 (3,3,1) (1,0,-1,0)|(-1,0,0,0)
I 5 1 19 (4,1,5) (-1,1,-1,0)|(1,-1,0,0)|(0,0,-1,0)
I 0 3 19 (5,3,1) (-1,0,-1,0)|(0,0,-1,0)
