D (6,-1,-1) (4,5,1)
D (9,-1,-1) (4,3,4)
D (7,8,-1) (1,1,3)
D (8,-1,-1) (4,4,0)
D (6,-1,-1) (2,4,4)
D (3,9,-1) (4,2,1)
D (7,-1,-1) (1,5,4)
D (9,-1,-1) (4,3,2)
D (8,-1,-1) (5,4,1)
D (8,-1,-1) (4,4,4)
D (8,3,9) (0,0,2)
D (8,-1,-1) (0,5,2)
D (3,9,-1) (0,3,4)
D (3,9,-1) (2,3,5)
D (9,-1,-1) (0,2,4)
D (6,7,-1) (3,3,4)
D (7,-1,-1) (4,4,3)
D (8,-1,-1) (3,0,2)
D (3,-1,-1) (5,5,2)
D (8,3,-1) (5,2,5)
D (3,9,-1) (1,2,2)
D (8,3,9) (2,3,1)
D (3,9,-1) (1,1,4)
D (6,7,-1) (0,5,4)
D (9,-1,-1) (5,4,2)
D (3,-1,-1) (4,0,2)
D (7,8,3) (2,4,3)
D (3,9,-1) (2,1,3)
D (6,7,8) (1,3,1)
D (7,-1,-1) (2,1,2)
D (3,-1,-1) (2,1,5)
D (9,-1,-1) (4,1,2)
C 0 7
C 1 7
C 2 4
C 3 20
C 4 1
C 5 25
C 6 19
C 7 3
C 8 16
C 9 1
C 10 11
C 11 0
C 12 22
C 13 26
C 14 19
C 15 5
C 16 7
C 17 4
C 18 12
C 19 8
C 20 19
C 21 0
C 22 4
C 23 25
C 24 23
C 25 14
C 26 3
C 27 0
C 28 1
C 29 0
C 30 0
C 31 0
C 32 0
C 33 0
C 34 0
C 35 0
C 36 0
C 37 0
C 38 0
C 39 0
C 40 0
C 41 0
C 42 0
C 43 0
C 44 0
C 45 0
C 46 0
C 47 0
C 48 0
C 49 0
C 50 0
C 51 0
C 52 0
C 53 0
C 54 0
C 55 0
C 56 0
C 57 0
C 58 0
C 59 0
C 60 0
C 61 0
C 62 0
C 63 0
C 64 0
C 65 0
C 66 0
C 67 0
C 68 0
C 69 0
C 70 0
C 71 0
C 72 0
C 73 0
C 74 0
C 75 0
C 76 0
C 77 0
C 78 0
C 79 0
C 80 0
C 81 0
C 82 0
C 83 0
C 84 0
C 85 0
C 86 0
C 87 0
C 88 0
C 89 0
C 90 0
C 91 0
C 92 0
C 93 0
C 94 0
C 95 24
C 96 20
C 97 15
C 98 9
C 99 4
C 100 4
C 101 12
C 102 5
C 103 8
C 104 12
C 105 23
C 106 14
C 107 26
C 108 0
C 109 15
C 110 21
C 111 23
C 112 0
C 113 14
C 114 25
C 115 24
C 116 10
C 117 16
C 118 26
C 119 5
C 120 9
C 121 3
C 122 2
C 123 4
C 124 14
C 125 25
C 126 2
C 127 21
C 128 3
C 129 17
C 130 16
C 131 7
C 132 24
C 133 10
C 134 23
C 135 18
C 136 18
C 137 3
C 138 14
C 139 1
C 140 15
C 141 5
C 142 17
C 143 23
C 144 18
C 145 0
C 146 7
C 147 12
C 148 8
C 149 8
C 150 19
C 151 3
C 152 5
C 153 22
C 154 22
C 155 21
C 156 25
C 157 25
C 158 0
C 159 11
C 160 23
C 161 18
C 162 16
C 163 4
C 164 16
C 165 22
C 166 19
C 167 4
C 168 24
C 169 3
C 170 0
C 171 3
C 172 15
C 173 2
C 174 3
C 175 16
C 176 24
C 177 16
C 178 1
C 179 25
C 180 14
C 181 14
C 182 10
C 183 24
C 184 11
C 185 4
C 186 20
C 187 1
C 188 12
C 189 20
C 190 21
C 191 10
C 192 18
C 193 19
C 194 16
C 195 12
C 196 18
C 197 26
C 198 9
C 199 2
C 200 24
C 201 9
C 202 2
C 203 12
C 204 17
C 205 21
C 206 0
C 207 18
C 208 22
C 209 21
C 210 22
C 211 10
C 212 5
C 213 17
C 214 10
C 215 26
C 216 7
C 217 17
C 218 9
C 219 22
C 220 20
C 221 14
C 222 6
C 223 5
C 224 11
C 225 10
C 226 16
C 227 14
C 228 11
C 229 4
C 230 10
C 231 17
C 232 26
C 233 23
C 234 15
C 235 3
C 236 4
C 237 17
C 238 0
C 239 26
C 240 18
C 241 8
C 242 16
C 243 4
C 244 3
C 245 1
C 246 8
C 247 6
C 248 7
C 249 24
C 250 23
C 251 15
C 252 3
C 253 24
C 254 12
C 255 14
C 256 5
C 257 1
C 258 19
C 259 22
C 260 25
C 261 15
C 262 18
C 263 9
C 264 23
C 265 18
C 266 11
C 267 0
C 268 16
C 269 11
I 0 1 15 (2,4,0) (-1,-1,1,0)
I 1 2 7 (1,3,1) (0,1,-1,0)
I 0 1 18 (3,2,2) (-1,0,1,0)|(1,0,-1,0)
