D (6,7,-1) (5,4,4)
D (9,-1,-1) (0,4,1)
D (6,7,8) (4,1,1)
D (7,8,-1) (2,5,4)
D (6,-1,-1) (3,0,4)
D (6,-1,-1) (5,4,3)
D (8,-1,-1) (3,3,0)
D (6,7,-1) (1,1,4)
D (8,-1,-1) (3,2,2)
D (3,9,-1) (5,3,5)
D (7,8,-1) (2,2,3)
D (3,9,-1) (2,1,2)
D (7,-1,-1) (2,3,4)
D (9,-1,-1) (4,3,4)
D (3,9,-1) (3,2,5)
D (3,-1,-1) (1,1,2)
D (8,3,9) (3,2,4)
D (6,7,-1) (5,1,5)
D (8,3,-1) (0,0,3)
D (8,3,9) (1,2,5)
D (3,-1,-1) (0,0,1)
D (9,-1,-1) (1,0,4)
D (6,7,8) (5,4,0)
D (3,9,-1) (2,0,4)
D (9,-1,-1) (4,1,5)
D (7,8,3) (3,5,0)
D (8,3,-1) (4,1,0)
D (7,-1,-1) (5,3,1)
D (9,-1,-1) (3,0,3)
D (6,7,-1) (2,3,1)
D (9,-1,-1) (4,5,3)
D (3,9,-1) (4,4,2)
D (7,8,-1) (2,3,2)
D (6,-1,-1) (1,4,5)
D (9,-1,-1) (1,2,0)
D (7,8,-1) (5,0,3)
D (6,7,8) (1,0,5)
D (6,7,8) (2,3,3)
D (7,8,3) (5,3,3)
D (9,-1,-1) (3,5,4)
D (6,-1,-1) (3,3,4)
D (7,8,-1) (2,0,2)
D (7,8,3) (3,2,1)
D (7,-1,-1) (1,4,1)
D (6,7,8) (0,1,4)
D (3,9,-1) (2,1,5)
D (6,7,8) (1,5,1)
D (9,-1,-1) (2,2,0)
D (6,7,8) (1,2,1)
D (3,9,-1) (5,1,3)
D (9,-1,-1) (5,1,0)
D (3,9,-1) (2,4,2)
D (3,9,-1) (0,1,2)
D (9,-1,-1) (0,5,1)
C 0 22
C 1 6
C 2 16
C 3 24
C 4 0
C 5 12
C 6 4
C 7 10
C 8 23
C 9 18
C 10 26
C 11 16
C 12 0
C 13 0
C 14 0
C 15 0
C 16 0
C 17 0
C 18 0
C 19 0
C 20 0
C 21 0
C 22 0
C 23 0
C 24 0
C 25 0
C 26 0
C 27 0
C 28 0
C 29 0
C 30 0
C 31 0
C 32 0
C 33 0
C 34 0
C 35 0
C 36 0
C 37 0
C 38 0
C 39 0
C 40 0
C 41 0
C 42 0
C 43 0
C 44 0
C 45 0
C 46 0
C 47 0
C 48 0
C 49 0
C 50 0
C 51 0
C 52 0
C 53 0
C 54 0
C 55 0
C 56 0
C 57 0
C 58 0
C 59 0
C 60 0
C 61 0
C 62 0
C 63 0
C 64 0
C 65 0
C 66 0
C 67 0
C 68 0
C 69 0
C 70 0
C 71 0
C 72 0
C 73 0
C 74 0
C 75 0
C 76 0
C 77 0
C 78 0
C 79 0
C 80 0
C 81 0
C 82 0
C 83 0
C 84 0
C 85 0
C 86 0
C 87 0
C 88 0
C 89 0
C 90 0
C 91 0
C 92 0
C 93 0
C 94 0
C 95 0
C 96 0
C 97 0
C 98 0
C 99 0
C 100 0
C 101 0
C 102 0
C 103 0
C 104 0
C 105 0
C 106 0
C 107 0
C 108 0
C 109 0
C 110 0
C 111 0
C 112 0
C 113 0
C 114 0
C 115 0
C 116 0
C 117 0
C 118 0
C 119 0
C 120 0
C 121 0
C 122 0
C 123 10
C 124 2
C 125 6
C 126 0
C 127 18
C 128 15
C 129 6
C 130 15
C 131 20
C 132 7
C 133 12
C 134 3
C 135 25
C 136 12
C 137 6
C 138 21
C 139 7
C 140 20
C 141 21
C 142 8
C 143 6
C 144 20
C 145 19
C 146 7
C 147 16
C 148 4
C 149 8
C 150 16
C 151 22
C 152 23
C 153 21
C 154 19
C 155 1
C 156 12
C 157 6
C 158 0
C 159 11
C 160 25
C 161 6
C 162 21
C 163 19
C 164 17
C 165 3
C 166 25
C 167 12
C 168 16
C 169 5
C 170 6
C 171 18
C 172 12
C 173 1
C 174 23
C 175 14
C 176 9
C 177 11
C 178 10
C 179 15
C 180 19
C 181 0
C 182 25
C 183 18
C 184 26
C 185 17
C 186 2
C 187 16
C 188 16
C 189 20
C 190 18
C 191 24
C 192 14
C 193 1
C 194 21
C 195 0
C 196 7
C 197 14
C 198 9
C 199 11
C 200 8
C 201 25
C 202 15
C 203 20
C 204 14
C 205 5
C 206 15
C 207 7
C 208 12
C 209 6
C 210 25
C 211 20
C 212 7
C 213 22
C 214 5
C 215 9
C 216 16
C 217 1
C 218 8
C 219 10
C 220 4
C 221 8
C 222 4
C 223 9
C 224 12
C 225 24
C 226 2
C 227 6
C 228 23
C 229 23
C 230 1
C 231 20
C 232 2
C 233 18
C 234 9
C 235 22
C 236 6
C 237 18
C 238 18
C 239 4
C 240 22
C 241 4
C 242 1
C 243 8
C 244 4
C 245 7
C 246 17
C 247 19
C 248 6
C 249 7
C 250 9
C 251 23
C 252 16
C 253 7
C 254 19
C 255 1
C 256 6
C 257 4
C 258 9
C 259 15
C 260 8
C 261 22
C 262 10
C 263 24
C 264 18
C 265 8
C 266 8
C 267 4
C 268 17
C 269 25
I 0 1 17 (4,5,1) (-1,0,1,0)|(0,0,0,0)|(0,0,-1,0)|(0,1,0,0)
I 4 1 16 (0,3,1) (0,-1,1,0)
I 4 1 6 (4,4,0) (0,0,-1,0)|(-1,-1,0,0)|(1,-1,1,0)|(-1,1,1,0)
