D (9,-1,-1) (2,0,4)
D (9,-1,-1) (3,2,2)
D (6,-1,-1) (5,2,0)
D (9,-1,-1) (5,2,5)
D (7,-1,-1) (1,1,2)
D (3,9,-1) (0,5,0)
D (7,-1,-1) (2,1,2)
D (8,3,9) (4,2,3)
D (9,-1,-1) (0,2,0)
D (6,7,-1) (0,4,5)
D (3,9,-1) (3,0,2)
D (6,7,-1) (3,0,5)
D (3,9,-1) (3,3,4)
D (6,-1,-1) (4,0,0)
D (6,7,8) (3,4,2)
D (3,9,-1) (0,5,5)
D (8,3,9) (5,1,4)
D (7,8,3) (4,1,0)
D (8,3,-1) (0,5,1)
D (7,8,-1) (3,0,1)
D (9,-1,-1) (2,3,4)
D (6,7,-1) (5,2,3)
D (7,8,-1) (1,0,2)
D (3,9,-1) (1,5,2)
D (7,8,3) (0,2,1)
D (8,-1,-1) (0,2,3)
D (3,-1,-1) (2,3,0)
D (7,8,3) (4,5,5)
D (7,8,3) (5,5,4)
D (8,3,9) (2,4,0)
D (7,8,3) (4,5,1)
D (7,-1,-1) (3,4,1)
D (6,-1,-1) (0,0,1)
D (7,-1,-1) (3,3,5)
D (3,-1,-1) (3,5,2)
D (6,-1,-1) (3,4,3)
D (3,-1,-1) (1,2,4)
D (3,-1,-1) (2,0,0)
D (3,9,-1) (4,3,5)
D (8,3,-1) (3,5,0)
C 0 21
C 1 16
C 2 15
C 3 11
C 4 17
C 5 17
C 6 24
C 7 3
C 8 9
C 9 21
C 10 20
C 11 6
C 12 17
C 13 5
C 14 8
C 15 10
C 16 15
C 17 26
C 18 21
C 19 2
C 20 22
C 21 23
C 22 11
C 23 11
C 24 19
C 25 3
C 26 18
C 27 10
C 28 3
C 29 18
C 30 8
C 31 21
C 32 17
C 33 17
C 34 6
C 35 21
C 36 7
C 37 2
C 38 10
C 39 4
C 40 24
C 41 8
C 42 2
C 43 4
C 44 7
C 45 3
C 46 6
C 47 0
C 48 26
C 49 26
C 50 26
C 51 23
C 52 3
C 53 10
C 54 8
C 55 1
C 56 6
C 57 10
C 58 16
C 59 25
C 60 11
C 61 26
C 62 23
C 63 17
C 64 14
C 65 23
C 66 17
C 67 24
C 68 18
C 69 0
C 70 20
C 71 9
C 72 23
C 73 11
C 74 23
C 75 12
C 76 9
C 77 9
C 78 15
C 79 11
C 80 10
C 81 7
C 82 7
C 83 1
C 84 2
C 85 25
C 86 0
C 87 14
C 88 23
C 89 9
C 90 7
C 91 6
C 92 15
C 93 22
C 94 21
C 95 10
C 96 12
C 97 22
C 98 21
C 99 22
C 100 20
C 101 19
C 102 15
C 103 5
C 104 5
C 105 21
C 106 6
C 107 1
C 108 22
C 109 17
C 110 22
C 111 15
C 112 16
C 113 0
C 114 25
C 115 25
C 116 22
C 117 18
C 118 7
C 119 23
C 120 8
C 121 4
C 122 12
C 123 2
C 124 5
C 125 3
C 126 5
C 127 14
C 128 14
C 129 16
C 130 11
C 131 3
C 132 0
C 133 12
C 134 12
C 135 25
C 136 3
C 137 9
C 138 4
C 139 22
C 140 9
C 141 19
C 142 23
C 143 24
C 144 19
C 145 14
C 146 26
C 147 21
C 148 19
C 149 21
C 150 19
C 151 19
C 152 16
C 153 9
C 154 18
C 155 1
C 156 7
C 157 25
C 158 10
C 159 19
C 160 0
C 161 10
C 162 23
C 163 24
C 164 7
C 165 1
C 166 0
C 167 0
C 168 26
C 169 11
C 170 4
C 171 14
C 172 15
C 173 9
C 174 21
C 175 22
C 176 1
C 177 4
C 178 18
C 179 14
C 180 16
C 181 8
C 182 24
C 183 14
C 184 3
C 185 23
C 186 2
C 187 4
C 188 2
C 189 23
C 190 18
C 191 12
C 192 12
C 193 1
C 194 26
C 195 9
C 196 20
C 197 7
C 198 6
C 199 18
C 200 21
C 201 7
C 202 23
C 203 19
C 204 20
C 205 7
C 206 10
C 207 12
C 208 3
C 209 3
C 210 12
C 211 22
C 212 18
C 213 17
C 214 2
C 215 6
C 216 9
C 217 11
C 218 17
C 219 23
C 220 11
C 221 9
C 222 19
C 223 12
C 224 6
C 225 2
C 226 23
C 227 26
C 228 2
C 229 0
C 230 23
C 231 26
C 232 26
C 233 12
C 234 9
C 235 19
C 236 6
C 237 24
C 238 19
C 239 17
C 240 20
C 241 2
C 242 5
C 243 1
C 244 24
C 245 15
C 246 15
C 247 18
C 248 20
C 249 16
C 250 15
C 251 14
C 252 8
C 253 17
C 254 7
C 255 22
C 256 0
C 257 24
C 258 21
C 259 15
C 260 7
C 261 14
C 262 18
C 263 15
C 264 20
C 265 8
C 266 8
C 267 1
C 268 16
C 269 6
I 5 3 17 (1,3,3) (1,-1,1,0)|(0,-1,1,0)|(1,1,1,0)
I 0 3 14 (3,2,0) (0,1,1,0)|(1,0,1,0)
