D (3,9,-1) (3,4,2)
D (9,-1,-1) (0,4,5)
D (6,7,8) (1,0,5)
D (9,-1,-1) (5,4,1)
D (6,7,-1) (3,4,5)
D (9,-1,-1) (3,4,3)
D (8,3,9) (1,5,3)
D (7,8,3) (5,3,4)
D (3,9,-1) (0,1,1)
D (9,-1,-1) (5,5,5)
D (7,-1,-1) (2,4,2)
D (7,8,3) (5,5,4)
D (9,-1,-1) (4,0,1)
D (3,9,-1) (5,1,0)
D (6,7,8) (4,0,0)
D (6,7,-1) (2,3,0)
D (7,8,-1) (1,3,1)
D (7,-1,-1) (4,3,3)
D (3,9,-1) (2,3,4)
D (3,-1,-1) (5,5,0)
D (7,-1,-1) (5,3,5)
D (9,-1,-1) (2,5,3)
D (7,8,-1) (1,2,1)
D (9,-1,-1) (2,5,5)
D (9,-1,-1) (0,5,5)
D (8,3,9) (4,2,4)
D (3,9,-1) (3,1,1)
D (9,-1,-1) (1,1,5)
D (8,3,-1) (1,2,0)
D (8,3,-1) (1,0,0)
D (8,3,9) (1,3,4)
D (3,9,-1) (5,0,0)
D (7,8,3) (2,4,3)
C 0 20
C 1 24
C 2 15
C 3 0
C 4 6
C 5 14
C 6 2
C 7 15
C 8 23
C 9 7
C 10 14
C 11 2
C 12 9
C 13 17
C 14 20
C 15 21
C 16 4
C 17 21
C 18 22
C 19 17
C 20 9
C 21 19
C 22 17
C 23 21
C 24 17
C 25 23
C 26 8
C 27 26
C 28 23
C 29 10
C 30 2
C 31 0
C 32 4
C 33 22
C 34 18
C 35 26
C 36 16
C 37 23
C 38 9
C 39 21
C 40 23
C 41 25
C 42 22
C 43 0
C 44 0
C 45 0
C 46 0
C 47 0
C 48 0
C 49 0
C 50 0
C 51 0
C 52 0
C 53 0
C 54 0
C 55 0
C 56 0
C 57 0
C 58 2
C 59 18
C 60 12
C 61 24
C 62 9
C 63 16
C 64 0
C 65 24
C 66 24
C 67 23
C 68 19
C 69 4
C 70 23
C 71 9
C 72 21
C 73 23
C 74 4
C 75 21
C 76 3
C 77 9
C 78 1
C 79 25
C 80 24
C 81 10
C 82 26
C 83 18
C 84 26
C 85 14
C 86 19
C 87 23
C 88 3
C 89 12
C 90 22
C 91 2
C 92 10
C 93 4
C 94 5
C 95 23
C 96 22
C 97 1
C 98 24
C 99 18
C 100 6
C 101 20
C 102 21
C 103 14
C 104 5
C 105 8
C 106 26
C 107 24
C 108 26
C 109 2
C 110 16
C 111 24
C 112 25
C 113 20
C 114 1
C 115 19
C 116 18
C 117 9
C 118 24
C 119 6
C 120 23
C 121 12
C 122 21
C 123 18
C 124 14
C 125 0
C 126 15
C 127 11
C 128 12
C 129 1
C 130 19
C 131 8
C 132 19
C 133 14
C 134 22
C 135 14
C 136 10
C 137 24
C 138 25
C 139 2
C 140 0
C 141 23
C 142 3
C 143 17
C 144 12
C 145 3
C 146 19
C 147 0
C 148 19
C 149 20
C 150 7
C 151 17
C 152 20
C 153 4
C 154 6
C 155 24
C 156 10
C 157 23
C 158 0
C 159 0
C 160 0
C 161 0
C 162 0
C 163 0
C 164 0
C 165 0
C 166 0
C 167 0
C 168 0
C 169 0
C 170 0
C 171 0
C 172 0
C 173 0
C 174 0
C 175 0
C 176 0
C 177 0
C 178 0
C 179 0
C 180 0
C 181 0
C 182 0
C 183 0
C 184 0
C 185 0
C 186 0
C 187 0
C 188 0
C 189 0
C 190 0
C 191 0
C 192 0
C 193 0
C 194 0
C 195 0
C 196 0
C 197 0
C 198 0
C 199 0
C 200 0
C 201 0
C 202 0
C 203 0
C 204 0
C 205 0
C 206 0
C 207 0
C 208 24
C 209 9
C 210 8
C 211 9
C 212 12
C 213 14
C 214 21
C 215 21
C 216 12
C 217 2
C 218 9
C 219 24
C 220 1
C 221 24
C 222 24
C 223 22
C 224 25
C 225 3
C 226 22
C 227 17
C 228 9
C 229 5
C 230 15
C 231 19
C 232 22
C 233 2
C 234 14
C 235 23
C 236 16
C 237 7
C 238 7
C 239 17
C 240 25
C 241 8
C 242 4
C 243 1
C 244 8
C 245 12
C 246 14
C 247 7
C 248 17
C 249 12
C 250 1
C 251 6
C 252 23
C 253 18
C 254 2
C 255 22
C 256 5
C 257 5
C 258 8
C 259 12
C 260 25
C 261 7
C 262 20
C 263 24
C 264 10
C 265 19
C 266 4
C 267 24
C 268 15
C 269 8
I 1 1 14 (3,1,5) (0,1,0,0)
I 5 1 9 (5,4,4) (1,-1,1,0)
I 4 2 10 (1,0,1) (1,0,-1,0)|(1,1,1,0)|(-1,1,0,0)|(-1,-1,1,0)
