D (8,-1,-1) (5,1,0)
D (7,8,-1) (4,3,2)
D (7,8,-1) (2,0,3)
D (3,9,-1) (5,4,2)
D (8,-1,-1) (0,3,5)
D (7,8,-1) (5,0,0)
D (7,-1,-1) (3,4,3)
D (3,9,-1) (0,5,4)
D (6,7,8) (0,4,1)
D (7,8,-1) (5,3,2)
D (8,3,9) (3,3,5)
D (9,-1,-1) (3,1,4)
D (8,-1,-1) (2,3,1)
D (6,7,-1) (5,5,3)
D (3,9,-1) (1,4,1)
D (8,3,9) (0,5,0)
D (8,3,9) (5,4,3)
D (6,-1,-1) (3,4,0)
D (9,-1,-1) (3,1,0)
D (8,-1,-1) (0,4,4)
D (6,-1,-1) (3,2,2)
D (7,-1,-1) (2,4,1)
D (7,-1,-1) (2,2,2)
D (7,8,-1) (1,0,0)
D (7,8,3) (1,2,5)
D (9,-1,-1) (5,2,0)
D (3,9,-1) (1,2,4)
D (6,7,-1) (5,4,4)
D (8,3,9) (2,1,1)
D (6,7,-1) (1,4,0)
D (6,7,8) (5,4,0)
D (6,7,-1) (4,2,5)
D (7,8,3) (4,1,4)
D (9,-1,-1) (5,3,0)
D (9,-1,-1) (2,0,5)
C 0 5
C 1 25
C 2 25
C 3 8
C 4 24
C 5 12
C 6 12
C 7 24
C 8 6
C 9 23
C 10 5
C 11 26
C 12 7
C 13 6
C 14 17
C 15 4
C 16 0
C 17 10
C 18 26
C 19 15
C 20 12
C 21 17
C 22 26
C 23 14
C 24 20
C 25 8
C 26 26
C 27 20
C 28 20
C 29 22
C 30 25
C 31 26
C 32 10
C 33 11
C 34 0
C 35 20
C 36 22
C 37 21
C 38 0
C 39 25
C 40 24
C 41 0
C 42 12
C 43 21
C 44 4
C 45 2
C 46 12
C 47 25
C 48 1
C 49 8
C 50 1
C 51 16
C 52 7
C 53 9
C 54 22
C 55 11
C 56 19
C 57 0
C 58 10
C 59 16
C 60 4
C 61 10
C 62 5
C 63 0
C 64 7
C 65 7
C 66 17
C 67 1
C 68 19
C 69 24
C 70 3
C 71 20
C 72 6
C 73 14
C 74 19
C 75 22
C 76 19
C 77 24
C 78 17
C 79 3
C 80 19
C 81 12
C 82 7
C 83 6
C 84 22
C 85 0
C 86 22
C 87 7
C 88 17
C 89 9
C 90 16
C 91 22
C 92 19
C 93 25
C 94 20
C 95 14
C 96 9
C 97 16
C 98 6
C 99 4
C 100 1
C 101 0
C 102 20
C 103 10
C 104 25
C 105 7
C 106 22
C 107 14
C 108 26
C 109 26
C 110 15
C 111 5
C 112 25
C 113 11
C 114 17
C 115 12
C 116 0
C 117 21
C 118 2
C 119 10
C 120 5
C 121 20
C 122 11
C 123 22
C 124 11
C 125 7
C 126 25
C 127 6
C 128 11
C 129 26
C 130 18
C 131 0
C 132 6
C 133 5
C 134 14
C 135 7
C 136 23
C 137 22
C 138 26
C 139 3
C 140 14
C 141 1
C 142 9
C 143 2
C 144 15
C 145 11
C 146 0
C 147 22
C 148 11
C 149 20
C 150 21
C 151 11
C 152 19
C 153 24
C 154 5
C 155 17
C 156 6
C 157 12
C 158 8
C 159 18
C 160 21
C 161 20
C 162 1
C 163 11
C 164 22
C 165 4
C 166 2
C 167 18
C 168 2
C 169 18
C 170 5
C 171 1
C 172 6
C 173 3
C 174 14
C 175 23
C 176 11
C 177 22
C 178 6
C 179 11
C 180 22
C 181 22
C 182 8
C 183 25
C 184 10
C 185 25
C 186 16
C 187 9
C 188 24
C 189 5
C 190 5
C 191 12
C 192 18
C 193 7
C 194 5
C 195 20
C 196 24
C 197 14
C 198 9
C 199 1
C 200 4
C 201 18
C 202 19
C 203 8
C 204 11
C 205 3
C 206 14
C 207 24
C 208 14
C 209 2
C 210 4
C 211 12
C 212 0
C 213 1
C 214 26
C 215 0
C 216 10
C 217 22
C 218 9
C 219 23
C 220 10
C 221 23
C 222 10
C 223 0
C 224 14
C 225 14
C 226 1
C 227 8
C 228 11
C 229 10
C 230 1
C 231 16
C 232 16
C 233 19
C 234 19
C 235 18
C 236 12
C 237 24
C 238 3
C 239 25
C 240 12
C 241 23
C 242 24
C 243 8
C 244 1
C 245 3
C 246 18
C 247 0
C 248 8
C 249 6
C 250 6
C 251 20
C 252 4
C 253 10
C 254 25
C 255 8
C 256 19
C 257 20
C 258 16
C 259 1
C 260 24
C 261 22
C 262 15
C 263 20
C 264 25
C 265 6
C 266 1
C 267 18
C 268 6
C 269 5
I 3 3 6 (0,4,3) (0,0,-1,0)|(-1,0,1,0)
I 0 2 16 (1,5,5) (0,0,-1,0)|(0,-1,1,0)|(-1,1,0,0)
