D (6,7,8) (2,5,5)
D (3,9,-1) (3,5,4)
D (8,-1,-1) (1,3,5)
D (8,3,9) (0,2,5)
D (6,7,8) (4,5,0)
D (6,7,-1) (1,4,0)
D (8,3,-1) (5,3,1)
D (9,-1,-1) (2,5,1)
D (8,-1,-1) (2,1,0)
D (7,8,-1) (5,2,0)
D (6,7,8) (0,3,4)
D (9,-1,-1) (2,0,4)
D (7,-1,-1) (4,1,5)
D (9,-1,-1) (5,2,1)
D (6,-1,-1) (1,0,0)
D (6,7,8) (5,4,4)
D (9,-1,-1) (0,0,5)
D (6,7,8) (1,3,1)
D (6,7,8) (1,2,1)
D (8,-1,-1) (4,2,4)
D (6,-1,-1) (0,5,1)
D (7,7,-1) (3,1,0)
D (3,-1,-1) (2,2,3)
D (6,7,8) (1,2,2)
D (9,-1,-1) (0,1,0)
D (9,-1,-1) (5,5,3)
D (9,-1,-1) (2,2,0)
D (3,9,-1) (0,4,3)
D (8,3,-1) (1,5,4)
D (3,9,-1) (0,1,2)
D (9,-1,-1) (4,5,5)
D (6,7,8) (3,1,3)
D (9,-1,-1) (0,2,4)
D (7,8,-1) (0,5,5)
D (3,-1,-1) (2,3,0)
D (6,7,-1) (3,2,4)
D (8,3,9) (2,4,0)
D (7,8,3) (3,5,3)
D (7,-1,-1) (0,2,0)
D (3,9,-1) (5,0,0)
C 0 6
C 1 5
C 2 22
C 3 25
C 4 15
C 5 23
C 6 19
C 7 8
C 8 5
C 9 8
C 10 18
C 11 17
C 12 25
C 13 20
C 14 4
C 15 6
C 16 6
C 17 25
C 18 9
C 19 21
C 20 12
C 21 23
C 22 18
C 23 6
C 24 26
C 25 2
C 26 6
C 27 22
C 28 10
C 29 11
C 30 14
C 31 18
C 32 21
C 33 20
C 34 2
C 35 24
C 36 7
C 37 21
C 38 20
C 39 15
C 40 1
C 41 14
C 42 21
C 43 19
C 44 11
C 45 25
C 46 21
C 47 23
C 48 7
C 49 22
C 50 12
C 51 7
C 52 5
C 53 18
C 54 7
C 55 9
C 56 10
C 57 19
C 58 9
C 59 23
C 60 7
C 61 26
C 62 18
C 63 6
C 64 2
C 65 18
C 66 3
C 67 14
C 68 0
C 69 10
C 70 14
C 71 14
C 72 18
C 73 26
C 74 2
C 75 1
C 76 25
C 77 16
C 78 25
C 79 23
C 80 20
C 81 19
C 82 24
C 83 14
C 84 11
C 85 18
C 86 20
C 87 26
C 88 6
C 89 25
C 90 23
C 91 2
C 92 22
C 93 26
C 94 4
C 95 15
C 96 1
C 97 6
C 98 8
C 99 6
C 100 23
C 101 3
C 102 6
C 103 3
C 104 8
C 105 14
C 106 14
C 107 23
C 108 10
C 109 2
C 110 1
C 111 22
C 112 6
C 113 12
C 114 17
C 115 20
C 116 14
C 117 2
C 118 24
C 119 9
C 120 5
C 121 15
C 122 17
C 123 1
C 124 11
C 125 19
C 126 25
C 127 14
C 128 8
C 129 4
C 130 23
C 131 6
C 132 0
C 133 9
C 134 23
C 135 26
C 136 3
C 137 22
C 138 1
C 139 3
C 140 2
C 141 19
C 142 10
C 143 7
C 144 25
C 145 20
C 146 2
C 147 24
C 148 20
C 149 8
C 150 26
C 151 25
C 152 24
C 153 2
C 154 5
C 155 7
C 156 5
C 157 0
C 158 6
C 159 21
C 160 19
C 161 18
C 162 20
C 163 0
C 164 0
C 165 0
C 166 0
C 167 0
C 168 0
C 169 0
C 170 0
C 171 0
C 172 0
C 173 0
C 174 0
C 175 0
C 176 0
C 177 0
C 178 0
C 179 0
C 180 0
C 181 0
C 182 0
C 183 0
C 184 0
C 185 0
C 186 0
C 187 0
C 188 0
C 189 0
C 190 0
C 191 0
C 192 0
C 193 0
C 194 0
C 195 0
C 196 0
C 197 0
C 198 0
C 199 0
C 200 0
C 201 0
C 202 0
C 203 0
C 204 0
C 205 0
C 206 0
C 207 0
C 208 0
C 209 0
C 210 0
C 211 0
C 212 0
C 213 0
C 214 0
C 215 0
C 216 0
C 217 0
C 218 0
C 219 0
C 220 0
C 221 0
C 222 0
C 223 0
C 224 0
C 225 0
C 226 0
C 227 20
C 228 26
C 229 12
C 230 0
C 231 0
C 232 7
C 233 15
C 234 23
C 235 12
C 236 21
C 237 20
C 238 2
C 239 12
C 240 19
C 241 19
C 242 5
C 243 6
C 244 3
C 245 25
C 246 5
C 247 5
C 248 5
C 249 19
C 250 1
C 251 19
C 252 11
C 253 6
C 254 22
C 255 14
C 256 21
C 257 7
C 258 26
C 259 3
C 260 18
C 261 10
C 262 11
C 263 9
C 264 2
C 265 10
C 266 9
C 267 12
C 268 20
C 269 16
I 4 1 10 (2,4,4) (0,0,1,0)
I 5 2 14 (0,5,2) (0,-1,1,0)
I 0 1 17 (4,1,3) (-1,0,-1,0)|(1,-1,1,0)|(-1,-1,1,0)|(-1,-1,-1,0)
