D (9,-1,-1) (0,2,2)
D (9,-1,-1) (2,2,1)
D (6,7,8) (2,5,0)
D (9,-1,-1) (3,0,0)
D (6,7,8) (1,0,3)
D (9,-1,-1) (5,2,5)
D (3,9,-1) (3,4,3)
D (7,-1,-1) (3,1,4)
D (7,8,-1) (2,2,3)
D (8,3,-1) (4,3,2)
D (3,-1,-1) (2,4,2)
D (6,7,-1) (0,4,4)
D (6,-1,-1) (5,3,2)
D (3,9,-1) (3,5,1)
D (6,-1,-1) (1,2,2)
D (9,-1,-1) (5,4,2)
D (3,9,-1) (4,2,2)
D (9,-1,-1) (0,2,4)
D (6,-1,-1) (1,1,4)
D (6,-1,-1) (2,1,0)
D (6,-1,-1) (5,2,0)
D (7,-1,-1) (3,4,1)
D (6,-1,-1) (4,2,3)
D (6,7,-1) (4,0,4)
D (8,-1,-1) (0,3,5)
D (3,9,-1) (5,0,0)
D (7,-1,-1) (1,4,5)
D (8,-1,-1) (0,5,4)
D (3,-1,-1) (2,5,1)
D (7,-1,-1) (3,0,5)
D (3,9,-1) (4,1,2)
D (3,9,-1) (4,0,1)
D (9,-1,-1) (3,3,1)
D (7,8,3) (5,5,0)
D (7,8,-1) (1,5,4)
D (6,-1,-1) (2,2,5)
D (3,-1,-1) (4,4,0)
D (8,-1,-1) (2,5,4)
D (8,-1,-1) (0,2,1)
D (3,-1,-1) (3,1,3)
D (9,-1,-1) (3,2,2)
D (9,-1,-1) (5,3,0)
D (7,8,3) (2,4,3)
D (6,-1,-1) (0,2,0)
D (7,8,-1) (3,1,2)
D (9,-1,-1) (3,3,4)
D (7,8,-1) (2,1,2)
D (6,7,-1) (1,2,1)
D (6,7,8) (0,3,1)
D (8,3,9) (3,4,2)
D (8,-1,-1) (5,2,3)
D (9,-1,-1) (4,0,3)
D (8,-1,-1) (1,2,4)
C 0 19
C 1 2
C 2 12
C 3 26
C 4 2
C 5 4
C 6 18
C 7 6
C 8 3
C 9 18
C 10 17
C 11 8
C 12 10
C 13 24
C 14 22
C 15 8
C 16 3
C 17 14
C 18 14
C 19 17
C 20 14
C 21 1
C 22 9
C 23 4
C 24 22
C 25 3
C 26 23
C 27 12
C 28 9
C 29 1
C 30 0
C 31 1
C 32 18
C 33 5
C 34 18
C 35 10
C 36 9
C 37 17
C 38 15
C 39 5
C 40 7
C 41 3
C 42 6
C 43 8
C 44 9
C 45 12
C 46 1
C 47 8
C 48 17
C 49 10
C 50 25
C 51 14
C 52 12
C 53 4
C 54 18
C 55 18
C 56 23
C 57 0
C 58 15
C 59 14
C 60 9
C 61 10
C 62 25
C 63 5
C 64 9
C 65 17
C 66 17
C 67 19
C 68 21
C 69 2
C 70 10
C 71 12
C 72 4
C 73 3
C 74 11
C 75 17
C 76 3
C 77 3
C 78 9
C 79 5
C 80 18
C 81 10
C 82 9
C 83 19
C 84 19
C 85 11
C 86 1
C 87 2
C 88 3
C 89 7
C 90 8
C 91 17
C 92 18
C 93 0
C 94 7
C 95 15
C 96 15
C 97 10
C 98 1
C 99 1
C 100 6
C 101 21
C 102 26
C 103 18
C 104 12
C 105 6
C 106 20
C 107 15
C 108 21
C 109 22
C 110 7
C 111 0
C 112 12
C 113 2
C 114 19
C 115 21
C 116 19
C 117 14
C 118 19
C 119 10
C 120 0
C 121 0
C 122 0
C 123 0
C 124 0
C 125 0
C 126 0
C 127 0
C 128 0
C 129 0
C 130 0
C 131 0
C 132 0
C 133 0
C 134 0
C 135 0
C 136 0
C 137 0
C 138 0
C 139 0
C 140 0
C 141 0
C 142 0
C 143 0
C 144 0
C 145 0
C 146 0
C 147 0
C 148 0
C 149 0
C 150 0
C 151 0
C 152 0
C 153 0
C 154 0
C 155 0
C 156 0
C 157 0
C 158 0
C 159 0
C 160 0
C 161 0
C 162 0
C 163 0
C 164 0
C 165 0
C 166 0
C 167 0
C 168 0
C 169 0
C 170 0
C 171 0
C 172 0
C 173 0
C 174 0
C 175 0
C 176 0
C 177 0
C 178 0
C 179 0
C 180 0
C 181 0
C 182 0
C 183 0
C 184 0
C 185 0
C 186 0
C 187 0
C 188 0
C 189 0
C 190 0
C 191 0
C 192 0
C 193 0
C 194 0
C 195 0
C 196 0
C 197 0
C 198 0
C 199 0
C 200 0
C 201 0
C 202 0
C 203 0
C 204 0
C 205 0
C 206 0
C 207 0
C 208 0
C 209 0
C 210 0
C 211 0
C 212 0
C 213 0
C 214 0
C 215 0
C 216 0
C 217 0
C 218 0
C 219 0
C 220 0
C 221 0
C 222 0
C 223 0
C 224 0
C 225 0
C 226 0
C 227 0
C 228 0
C 229 0
C 230 0
C 231 0
C 232 0
C 233 0
C 234 0
C 235 0
C 236 0
C 237 0
C 238 0
C 239 0
C 240 0
C 241 0
C 242 0
C 243 0
C 244 0
C 245 0
C 246 0
C 247 0
C 248 0
C 249 0
C 250 0
C 251 0
C 252 0
C 253 0
C 254 25
C 255 4
C 256 6
C 257 10
C 258 19
C 259 2
C 260 9
C 261 15
C 262 5
C 263 15
C 264 21
C 265 0
C 266 11
C 267 6
C 268 20
C 269 23
I 4 2 4 (5,4,5) (0,0,-1,0)
I 1 3 1 (3,0,1) (0,0,0,0)
I 0 2 8 (2,4,0) (-1,0,1,0)|(1,1,0,0)|(0,0,-1,0)|(0,-1,-1,0)
