D (6,7,8) (1,2,3)
D (8,3,-1) (3,2,3)
D (7,8,-1) (2,2,2)
D (3,-1,-1) (5,4,0)
D (3,9,-1) (2,1,1)
D (6,-1,-1) (2,4,3)
D (9,-1,-1) (3,3,4)
D (6,7,8) (1,2,4)
D (8,-1,-1) (5,5,2)
D (8,3,-1) (1,4,4)
D (3,9,-1) (2,5,5)
D (9,-1,-1) (4,0,1)
D (3,9,-1) (2,0,3)
D (3,9,-1) (1,3,4)
D (6,7,8) (3,1,0)
D (8,-1,-1) (5,0,2)
D (7,8,3) (0,3,4)
D (8,-1,-1) (2,5,4)
D (7,-1,-1) (3,4,4)
D (3,9,-1) (3,1,2)
D (7,-1,-1) (5,3,2)
D (6,-1,-1) (5,3,4)
D (6,-1,-1) (4,2,4)
D (3,9,-1) (3,2,5)
D (3,-1,-1) (0,2,3)
D (6,7,-1) (4,0,4)
D (7,8,-1) (4,2,2)
D (6,-1,-1) (5,2,1)
D (9,-1,-1) (2,4,1)
D (7,8,3) (5,0,3)
D (7,-1,-1) (4,3,2)
D (3,9,-1) (2,1,3)
D (3,9,-1) (3,1,1)
D (8,-1,-1) (0,3,0)
D (6,7,-1) (5,3,1)
D (3,9,-1) (2,4,5)
D (6,-1,-1) (5,2,0)
D (8,3,9) (0,4,0)
D (6,-1,-1) (0,3,3)
D (7,8,3) (1,4,2)
D (6,7,8) (2,5,1)
D (7,-1,-1) (4,4,0)
D (6,-1,-1) (1,0,5)
D (3,9,-1) (0,0,4)
D (3,9,-1) (3,0,0)
D (6,7,8) (1,1,4)
D (6,7,-1) (2,0,5)
D (7,-1,-1) (3,3,1)
D (6,-1,-1) (2,5,0)
D (8,-1,-1) (0,0,5)
D (3,9,-1) (3,1,4)
D (7,8,3) (0,4,4)
C 0 11
C 1 16
C 2 7
C 3 0
C 4 25
C 5 8
C 6 5
C 7 0
C 8 25
C 9 21
C 10 25
C 11 1
C 12 7
C 13 15
C 14 4
C 15 5
C 16 10
C 17 8
C 18 20
C 19 14
C 20 8
C 21 18
C 22 23
C 23 17
C 24 18
C 25 11
C 26 11
C 27 24
C 28 22
C 29 0
C 30 9
C 31 19
C 32 0
C 33 3
C 34 17
C 35 16
C 36 14
C 37 21
C 38 14
C 39 6
C 40 16
C 41 25
C 42 19
C 43 14
C 44 22
C 45 5
C 46 7
C 47 15
C 48 25
C 49 18
C 50 2
C 51 10
C 52 26
C 53 14
C 54 19
C 55 2
C 56 16
C 57 25
C 58 5
C 59 12
C 60 1
C 61 18
C 62 22
C 63 24
C 64 19
C 65 6
C 66 18
C 67 26
C 68 10
C 69 3
C 70 0
C 71 0
C 72 0
C 73 0
C 74 0
C 75 0
C 76 0
C 77 0
C 78 0
C 79 0
C 80 0
C 81 0
C 82 0
C 83 0
C 84 0
C 85 0
C 86 0
C 87 0
C 88 0
C 89 0
C 90 0
C 91 0
C 92 0
C 93 0
C 94 0
C 95 0
C 96 0
C 97 0
C 98 0
C 99 0
C 100 0
C 101 0
C 102 0
C 103 0
C 104 0
C 105 0
C 106 0
C 107 21
C 108 22
C 109 8
C 110 22
C 111 15
C 112 7
C 113 8
C 114 12
C 115 9
C 116 10
C 117 5
C 118 18
C 119 17
C 120 22
C 121 19
C 122 11
C 123 11
C 124 15
C 125 9
C 126 16
C 127 10
C 128 5
C 129 20
C 130 23
C 131 21
C 132 14
C 133 0
C 134 0
C 135 0
C 136 0
C 137 0
C 138 0
C 139 0
C 140 0
C 141 0
C 142 0
C 143 0
C 144 0
C 145 0
C 146 0
C 147 0
C 148 0
C 149 0
C 150 0
C 151 0
C 152 0
C 153 0
C 154 0
C 155 0
C 156 0
C 157 0
C 158 0
C 159 0
C 160 0
C 161 0
C 162 0
C 163 0
C 164 0
C 165 0
C 166 0
C 167 0
C 168 0
C 169 0
C 170 0
C 171 0
C 172 0
C 173 0
C 174 0
C 175 0
C 176 0
C 177 0
C 178 0
C 179 0
C 180 0
C 181 0
C 182 0
C 183 0
C 184 0
C 185 0
C 186 0
C 187 0
C 188 0
C 189 0
C 190 0
C 191 0
C 192 0
C 193 0
C 194 0
C 195 0
C 196 0
C 197 0
C 198 0
C 199 0
C 200 0
C 201 0
C 202 0
C 203 0
C 204 0
C 205 0
C 206 0
C 207 0
C 208 0
C 209 0
C 210 0
C 211 0
C 212 0
C 213 0
C 214 0
C 215 0
C 216 0
C 217 0
C 218 0
C 219 0
C 220 0
C 221 0
C 222 0
C 223 0
C 224 0
C 225 0
C 226 0
C 227 0
C 228 0
C 229 0
C 230 0
C 231 0
C 232 0
C 233 0
C 234 0
C 235 0
C 236 0
C 237 0
C 238 0
C 239 0
C 240 0
C 241 0
C 242 0
C 243 0
C 244 0
C 245 0
C 246 0
C 247 0
C 248 0
C 249 0
C 250 0
C 251 0
C 252 0
C 253 0
C 254 0
C 255 0
C 256 0
C 257 0
C 258 0
C 259 0
C 260 0
C 261 0
C 262 0
C 263 0
C 264 0
C 265 0
C 266 0
C 267 0
C 268 18
C 269 8
I 2 1 20 (2,0,0) (0,0,0,0)
I 3 3 13 (3,5,1) (0,1,1,0)|(-1,0,-1,0)|(0,-1,-1,0)|(0,1,0,0)
I 0 3 17 (5,1,2) (-1,0,-1,0)|(1,0,1,0)
