D (3,9,-1) (4,2,4)
D (7,8,-1) (0,2,2)
D (7,8,-1) (2,5,4)
D (7,8,-1) (3,2,1)
D (8,3,9) (1,1,5)
D (8,3,-1) (1,0,1)
D (9,-1,-1) (3,4,5)
D (6,-1,-1) (3,3,1)
D (6,7,-1) (2,2,4)
D (9,-1,-1) (0,5,3)
D (7,8,-1) (1,0,0)
D (9,-1,-1) (2,4,4)
D (3,-1,-1) (0,1,3)
D (6,-1,-1) (4,1,4)
D (9,-1,-1) (3,2,4)
D (3,9,-1) (0,2,4)
D (9,-1,-1) (1,4,4)
D (7,8,-1) (1,3,3)
D (7,-1,-1) (0,2,0)
D (8,-1,-1) (3,2,5)
D (8,-1,-1) (4,0,1)
D (8,3,9) (3,4,3)
D (9,-1,-1) (4,1,5)
D (9,-1,-1) (3,2,0)
D (6,7,8) (5,1,0)
D (6,7,8) (3,5,1)
D (7,8,-1) (0,1,1)
D (7,8,-1) (5,5,4)
D (3,9,-1) (0,5,4)
D (3,9,-1) (4,1,1)
D (3,9,-1) (0,5,2)
D (8,-1,-1) (0,3,0)
D (6,7,8) (1,1,3)
D (8,3,9) (0,4,5)
D (9,-1,-1) (2,0,0)
D (3,9,-1) (4,5,2)
D (9,-1,-1) (3,0,2)
D (9,-1,-1) (3,3,3)
D (7,8,-1) (2,1,5)
D (7,8,3) (1,2,4)
D (6,-1,-1) (2,3,5)
D (3,9,-1) (0,0,3)
D (9,-1,-1) (1,0,4)
D (7,-1,-1) (5,4,2)
D (7,-1,-1) (3,1,3)
D (3,9,-1) (2,3,3)
D (8,3,-1) (5,1,2)
D (7,8,3) (0,3,2)
D (7,8,3) (4,3,3)
D (8,-1,-1) (1,0,2)
D (3,9,-1) (3,1,5)
D (6,-1,-1) (5,0,2)
D (7,8,3) (2,0,2)
D (6,7,8) (0,5,0)
D (8,-1,-1) (1,2,5)
D (7,8,-1) (5,0,0)
D (3,-1,-1) (5,0,5)
D (6,7,-1) (4,5,4)
D (8,3,9) (1,4,2)
D (9,-1,-1) (4,2,5)
D (7,8,3) (1,3,5)
D (6,-1,-1) (2,2,3)
D (6,7,-1) (5,3,0)
D (9,-1,-1) (2,2,1)
D (9,-1,-1) (4,1,0)
D (9,-1,-1) (5,4,0)
D (3,9,-1) (1,1,0)
D (3,9,-1) (5,5,3)
D (3,9,-1) (1,5,1)
D (3,9,-1) (4,1,3)
D (7,-1,-1) (1,3,4)
D (3,9,-1) (5,5,0)
D (9,-1,-1) (5,3,1)
D (9,-1,-1) (5,0,4)
D (7,8,3) (1,3,1)
D (9,-1,-1) (5,2,3)
C 0 17
C 1 17
C 2 10
C 3 7
C 4 0
C 5 18
C 6 3
C 7 18
C 8 18
C 9 16
C 10 18
C 11 22
C 12 6
C 13 20
C 14 26
C 15 0
C 16 12
C 17 14
C 18 25
C 19 24
C 20 8
C 21 7
C 22 21
C 23 6
C 24 23
C 25 24
C 26 11
C 27 0
C 28 24
C 29 11
C 30 23
C 31 7
C 32 4
C 33 5
C 34 12
C 35 17
C 36 26
C 37 18
C 38 11
C 39 7
C 40 19
C 41 14
C 42 18
C 43 11
C 44 0
C 45 25
C 46 26
C 47 9
C 48 10
C 49 3
C 50 16
C 51 18
C 52 3
C 53 7
C 54 22
C 55 7
C 56 8
C 57 10
C 58 15
C 59 6
C 60 4
C 61 5
C 62 14
C 63 24
C 64 2
C 65 17
C 66 23
C 67 11
C 68 15
C 69 23
C 70 1
C 71 8
C 72 19
C 73 23
C 74 5
C 75 25
C 76 15
C 77 26
C 78 18
C 79 17
C 80 6
C 81 9
C 82 22
C 83 8
C 84 25
C 85 14
C 86 12
C 87 12
C 88 20
C 89 12
C 90 24
C 91 5
C 92 3
C 93 0
C 94 14
C 95 25
C 96 5
C 97 7
C 98 3
C 99 1
C 100 4
C 101 12
C 102 18
C 103 24
C 104 4
C 105 2
C 106 1
C 107 12
C 108 16
C 109 15
C 110 16
C 111 10
C 112 17
C 113 23
C 114 0
C 115 16
C 116 17
C 117 17
C 118 17
C 119 0
C 120 2
C 121 24
C 122 22
C 123 0
C 124 15
C 125 24
C 126 24
C 127 10
C 128 9
C 129 7
C 130 7
C 131 3
C 132 9
C 133 6
C 134 25
C 135 11
C 136 16
C 137 9
C 138 17
C 139 26
C 140 8
C 141 2
C 142 16
C 143 14
C 144 11
C 145 19
C 146 15
C 147 7
C 148 20
C 149 24
C 150 15
C 151 24
C 152 18
C 153 5
C 154 6
C 155 6
C 156 21
C 157 26
C 158 25
C 159 21
C 160 19
C 161 11
C 162 5
C 163 6
C 164 4
C 165 22
C 166 8
C 167 10
C 168 26
C 169 18
C 170 23
C 171 21
C 172 17
C 173 7
C 174 0
C 175 1
C 176 22
C 177 25
C 178 8
C 179 9
C 180 21
C 181 19
C 182 1
C 183 8
C 184 22
C 185 25
C 186 1
C 187 15
C 188 17
C 189 11
C 190 7
C 191 11
C 192 3
C 193 22
C 194 15
C 195 9
C 196 4
C 197 1
C 198 12
C 199 7
C 200 20
C 201 2
C 202 17
C 203 7
C 204 21
C 205 22
C 206 19
C 207 2
C 208 15
C 209 7
C 210 8
C 211 23
C 212 25
C 213 6
C 214 20
C 215 24
C 216 6
C 217 5
C 218 17
C 219 14
C 220 4
C 221 11
C 222 2
C 223 0
C 224 5
C 225 1
C 226 23
C 227 11
C 228 17
C 229 18
C 230 5
C 231 21
C 232 4
C 233 11
C 234 7
C 235 7
C 236 12
C 237 24
C 238 9
C 239 23
C 240 3
C 241 10
C 242 21
C 243 4
C 244 26
C 245 17
C 246 21
C 247 8
C 248 19
C 249 7
C 250 9
C 251 22
C 252 11
C 253 1
C 254 9
C 255 1
C 256 1
C 257 26
C 258 16
C 259 15
C 260 7
C 261 9
C 262 22
C 263 6
C 264 20
C 265 10
C 266 25
C 267 3
C 268 6
C 269 5
I 2 1 16 (4,4,0) (0,1,0,0)
I 3 2 3 (2,3,0) (0,1,1,0)
I 2 2 2 (1,5,2) (0,0,0,0)|(1,0,0,0)|(0,0,0,0)|(-1,-1,0,0)|(1,0,-1,0)
I 5 1 17 (0,0,0) (1,1,-1,0)|(0,1,0,0)|(1,0,1,0)
