D (9,-1,-1) (0,2,1)
D (3,9,-1) (1,3,3)
D (8,3,-1) (0,3,0)
D (7,8,-1) (4,1,1)
D (7,8,-1) (2,4,0)
D (3,9,-1) (2,3,3)
D (3,9,-1) (1,5,2)
D (6,7,-1) (5,1,4)
D (9,-1,-1) (1,2,4)
D (7,8,-1) (0,2,5)
D (9,-1,-1) (5,2,2)
D (6,-1,-1) (3,4,2)
D (3,9,-1) (5,1,3)
D (9,-1,-1) (3,2,1)
D (6,-1,-1) (4,4,1)
D (9,-1,-1) (3,2,4)
D (8,3,9) (1,5,3)
D (6,-1,-1) (0,4,5)
D (6,7,8) (3,3,4)
D (9,-1,-1) (3,1,5)
D (7,8,-1) (1,4,5)
D (6,-1,-1) (5,5,0)
D (8,-1,-1) (3,0,3)
D (3,-1,-1) (5,4,4)
D (6,7,-1) (5,5,3)
D (9,-1,-1) (5,2,4)
D (9,-1,-1) (0,3,1)
D (3,-1,-1) (3,2,2)
D (9,-1,-1) (3,4,5)
D (7,8,3) (1,4,3)
D (8,-1,-1) (4,3,1)
D (3,9,-1) (0,1,0)
D (8,3,9) (4,3,5)
D (6,-1,-1) (4,3,3)
D (9,-1,-1) (2,1,3)
D (3,9,-1) (2,5,0)
D (7,8,-1) (3,3,0)
D (8,3,-1) (1,2,2)
D (3,-1,-1) (2,0,2)
D (9,-1,-1) (0,0,5)
D (7,8,-1) (2,3,0)
D (3,9,-1) (4,4,5)
D (3,-1,-1) (3,5,5)
D (6,7,-1) (5,4,3)
D (6,-1,-1) (4,4,3)
D (8,-1,-1) (4,1,3)
D (3,9,-1) (5,2,0)
C 0 17
C 1 2
C 2 21
C 3 17
C 4 26
C 5 20
C 6 15
C 7 10
C 8 16
C 9 17
C 10 0
C 11 9
C 12 26
C 13 22
C 14 4
C 15 25
C 16 18
C 17 16
C 18 8
C 19 2
C 20 25
C 21 26
C 22 2
C 23 18
C 24 14
C 25 16
C 26 8
C 27 19
C 28 26
C 29 11
C 30 14
C 31 1
C 32 10
C 33 25
C 34 14
C 35 4
C 36 24
C 37 20
C 38 15
C 39 23
C 40 1
C 41 2
C 42 7
C 43 22
C 44 2
C 45 0
C 46 25
C 47 5
C 48 24
C 49 1
C 50 20
C 51 17
C 52 11
C 53 20
C 54 17
C 55 5
C 56 19
C 57 8
C 58 4
C 59 16
C 60 4
C 61 7
C 62 16
C 63 3
C 64 5
C 65 0
C 66 2
C 67 2
C 68 1
C 69 16
C 70 24
C 71 15
C 72 1
C 73 22
C 74 26
C 75 9
C 76 9
C 77 16
C 78 26
C 79 8
C 80 7
C 81 6
C 82 0
C 83 10
C 84 4
C 85 14
C 86 26
C 87 6
C 88 16
C 89 26
C 90 16
C 91 8
C 92 18
C 93 6
C 94 17
C 95 20
C 96 10
C 97 7
C 98 14
C 99 4
C 100 1
C 101 19
C 102 15
C 103 14
C 104 23
C 105 19
C 106 12
C 107 12
C 108 26
C 109 4
C 110 15
C 111 11
C 112 1
C 113 18
C 114 15
C 115 25
C 116 19
C 117 11
C 118 17
C 119 14
C 120 4
C 121 12
C 122 19
C 123 1
C 124 11
C 125 3
C 126 23
C 127 14
C 128 16
C 129 18
C 130 12
C 131 4
C 132 22
C 133 5
C 134 1
C 135 8
C 136 15
C 137 22
C 138 12
C 139 11
C 140 7
C 141 24
C 142 8
C 143 25
C 144 7
C 145 14
C 146 8
C 147 18
C 148 15
C 149 21
C 150 25
C 151 18
C 152 8
C 153 19
C 154 7
C 155 1
C 156 7
C 157 15
C 158 8
C 159 2
C 160 10
C 161 22
C 162 0
C 163 26
C 164 9
C 165 10
C 166 23
C 167 0
C 168 16
C 169 5
C 170 17
C 171 12
C 172 20
C 173 16
C 174 7
C 175 17
C 176 2
C 177 1
C 178 12
C 179 15
C 180 5
C 181 22
C 182 7
C 183 16
C 184 19
C 185 25
C 186 21
C 187 14
C 188 23
C 189 26
C 190 5
C 191 14
C 192 4
C 193 26
C 194 22
C 195 22
C 196 24
C 197 22
C 198 1
C 199 2
C 200 4
C 201 7
C 202 10
C 203 22
C 204 12
C 205 26
C 206 23
C 207 21
C 208 2
C 209 2
C 210 12
C 211 1
C 212 5
C 213 9
C 214 25
C 215 1
C 216 26
C 217 1
C 218 3
C 219 14
C 220 1
C 221 18
C 222 22
C 223 23
C 224 5
C 225 1
C 226 10
C 227 5
C 228 3
C 229 26
C 230 12
C 231 24
C 232 2
C 233 6
C 234 4
C 235 22
C 236 9
C 237 19
C 238 3
C 239 3
C 240 7
C 241 14
C 242 6
C 243 1
C 244 18
C 245 20
C 246 18
C 247 16
C 248 18
C 249 19
C 250 5
C 251 5
C 252 14
C 253 20
C 254 10
C 255 25
C 256 9
C 257 10
C 258 7
C 259 23
C 260 25
C 261 21
C 262 0
C 263 20
C 264 14
C 265 25
C 266 2
C 267 5
C 268 1
C 269 7
I 0 2 15 (4,2,5) (0,-1,-1,0)|(0,0,0,0)
I 0 3 18 (1,2,4) (1,-1,1,0)|(0,1,1,0)|(1,0,1,0)
I 3 2 12 (5,0,2) (0,1,1,0)|(1,0,-1,0)|(-1,1,-1,0)|(-1,1,1,0)|(0,1,1,0)
I 5 1 3 (3,0,1) (0,1,0,0)|(-1,0,1,0)|(-1,0,1,0)|(1,-1,1,0)|(1,-1,0,0)
