D (3,9,-1) (5,4,1)
D (9,3,-1) (5,3,3)
D (7,-1,-1) (0,2,2)
D (8,3,-1) (0,5,0)
D (6,-1,-1) (0,3,1)
D (9,-1,-1) (4,2,3)
D (3,9,-1) (0,0,4)
D (9,-1,-1) (2,5,0)
D (3,9,-1) (5,3,4)
D (3,9,-1) (1,5,4)
D (3,9,-1) (0,1,1)
D (8,3,-1) (5,1,3)
D (3,9,-1) (3,4,1)
D (7,8,-1) (1,5,2)
D (3,9,-1) (1,1,5)
D (6,-1,-1) (2,0,3)
D (9,-1,-1) (3,3,3)
D (7,8,-1) (0,5,4)
D (7,8,-1) (2,0,2)
D (3,9,-1) (2,4,0)
D (9,-1,-1) (0,5,3)
D (6,7,-1) (4,1,1)
D (9,-1,-1) (2,2,5)
D (3,-1,-1) (2,5,3)
D (9,-1,-1) (2,4,4)
D (7,8,3) (4,2,1)
D (9,-1,-1) (5,4,4)
D (7,-1,-1) (2,5,2)
D (7,-1,-1) (0,4,2)
D (7,8,3) (5,0,2)
D (7,-1,-1) (2,5,1)
D (8,3,9) (0,1,0)
D (8,3,-1) (2,4,3)
D (6,7,8) (3,4,3)
D (6,-1,-1) (0,3,3)
D (3,-1,-1) (5,0,0)
D (9,-1,-1) (5,5,2)
D (8,3,9) (5,2,5)
D (7,-1,-1) (2,0,0)
D (3,9,-1) (2,0,4)
D (6,7,8) (1,3,2)
D (3,-1,-1) (4,4,5)
D (9,-1,-1) (3,3,5)
D (7,-1,-1) (0,4,1)
D (3,9,-1) (1,1,4)
D (9,-1,-1) (0,1,2)
D (9,-1,-1) (2,1,1)
D (9,-1,-1) (1,5,3)
D (3,9,-1) (5,1,1)
D (6,7,-1) (1,1,2)
D (7,-1,-1) (4,1,5)
D (3,9,-1) (1,4,0)
D (8,3,-1) (4,3,3)
D (3,9,-1) (1,4,1)
D (9,-1,-1) (5,1,5)
D (7,8,-1) (3,0,2)
D (8,3,-1) (1,3,5)
D (7,8,3) (5,4,5)
D (8,-1,-1) (3,0,0)
D (3,9,-1) (3,5,0)
D (9,-1,-1) (5,3,2)
D (7,8,-1) (5,2,4)
D (6,-1,-1) (3,2,5)
C 0 12
C 1 18
C 2 26
C 3 15
C 4 25
C 5 6
C 6 20
C 7 4
C 8 10
C 9 23
C 10 3
C 11 12
C 12 1
C 13 26
C 14 2
C 15 24
C 16 10
C 17 21
C 18 3
C 19 7
C 20 0
C 21 2
C 22 2
C 23 10
C 24 2
C 25 24
C 26 2
C 27 25
C 28 18
C 29 17
C 30 7
C 31 4
C 32 18
C 33 11
C 34 10
C 35 6
C 36 11
C 37 14
C 38 5
C 39 16
C 40 19
C 41 5
C 42 24
C 43 25
C 44 10
C 45 2
C 46 17
C 47 3
C 48 24
C 49 19
C 50 11
C 51 2
C 52 15
C 53 2
C 54 19
C 55 6
C 56 25
C 57 18
C 58 24
C 59 6
C 60 17
C 61 10
C 62 19
C 63 3
C 64 4
C 65 6
C 66 19
C 67 19
C 68 5
C 69 25
C 70 3
C 71 25
C 72 0
C 73 0
C 74 0
C 75 0
C 76 0
C 77 0
C 78 0
C 79 0
C 80 0
C 81 0
C 82 0
C 83 0
C 84 0
C 85 0
C 86 0
C 87 0
C 88 0
C 89 0
C 90 0
C 91 0
C 92 0
C 93 0
C 94 0
C 95 0
C 96 0
C 97 0
C 98 0
C 99 0
C 100 0
C 101 0
C 102 0
C 103 0
C 104 0
C 105 0
C 106 0
C 107 0
C 108 0
C 109 0
C 110 0
C 111 0
C 112 0
C 113 0
C 114 0
C 115 0
C 116 0
C 117 0
C 118 0
C 119 0
C 120 0
C 121 0
C 122 6
C 123 16
C 124 1
C 125 12
C 126 11
C 127 15
C 128 15
C 129 10
C 130 11
C 131 16
C 132 24
C 133 5
C 134 15
C 135 14
C 136 12
C 137 18
C 138 19
C 139 19
C 140 15
C 141 2
C 142 22
C 143 7
C 144 25
C 145 11
C 146 14
C 147 18
C 148 20
C 149 20
C 150 3
C 151 2
C 152 25
C 153 19
C 154 10
C 155 3
C 156 25
C 157 0
C 158 14
C 159 21
C 160 25
C 161 9
C 162 18
C 163 6
C 164 19
C 165 10
C 166 7
C 167 7
C 168 25
C 169 14
C 170 5
C 171 2
C 172 11
C 173 3
C 174 21
C 175 15
C 176 11
C 177 17
C 178 4
C 179 26
C 180 26
C 181 9
C 182 25
C 183 24
C 184 4
C 185 21
C 186 15
C 187 4
C 188 20
C 189 20
C 190 24
C 191 2
C 192 24
C 193 16
C 194 21
C 195 10
C 196 19
C 197 21
C 198 24
C 199 7
C 200 22
C 201 12
C 202 4
C 203 16
C 204 24
C 205 1
C 206 7
C 207 2
C 208 5
C 209 16
C 210 4
C 211 17
C 212 1
C 213 1
C 214 23
C 215 24
C 216 25
C 217 5
C 218 4
C 219 25
C 220 16
C 221 21
C 222 12
C 223 9
C 224 12
C 225 16
C 226 17
C 227 20
C 228 2
C 229 9
C 230 18
C 231 9
C 232 26
C 233 11
C 234 20
C 235 21
C 236 3
C 237 25
C 238 22
C 239 11
C 240 1
C 241 0
C 242 17
C 243 22
C 244 9
C 245 7
C 246 14
C 247 19
C 248 21
C 249 3
C 250 11
C 251 18
C 252 6
C 253 11
C 254 11
C 255 6
C 256 7
C 257 4
C 258 22
C 259 3
C 260 5
C 261 25
C 262 5
C 263 4
C 264 22
C 265 23
C 266 24
C 267 2
C 268 26
C 269 3
I 1 1 10 (3,0,3) (-1,1,-1,0)|(0,0,1,0)|(0,0,-1,0)|(-1,1,0,0)|(1,1,-1,0)
I 2 2 19 (0,5,3) (1,-1,0,0)|(0,1,0,0)|(-1,-1,0,0)|(1,1,0,0)
I 5 1 1 (5,0,4) (0,-1,-1,0)|(1,0,-1,0)|(0,1,0,0)|(0,-1,1,0)
