D (6,7,8) (4,1,4)
D (8,3,9) (1,4,1)
D (8,3,-1) (1,3,3)
D (9,-1,-1) (5,1,5)
D (7,-1,-1) (1,5,5)
D (9,-1,-1) (4,1,2)
D (9,-1,-1) (2,0,2)
D (8,-1,-1) (4,0,3)
D (3,-1,-1) (4,3,3)
D (6,-1,-1) (0,0,2)
D (9,-1,-1) (0,4,4)
D (8,-1,-1) (2,1,1)
D (8,-1,-1) (5,0,4)
D (6,-1,-1) (5,2,5)
D (7,-1,-1) (4,3,4)
D (8,3,9) (0,3,5)
D (8,-1,-1) (1,4,4)
D (3,-1,-1) (4,2,4)
D (9,-1,-1) (2,1,5)
D (3,9,-1) (0,0,5)
D (7,8,3) (3,4,1)
D (6,7,-1) (2,3,5)
D (6,7,8) (4,4,1)
D (7,-1,-1) (4,0,0)
D (6,7,8) (4,5,1)
D (8,-1,-1) (0,5,5)
D (7,8,-1) (1,4,5)
D (3,9,-1) (5,4,4)
D (8,-1,-1) (0,2,0)
D (3,9,-1) (4,1,3)
D (3,9,-1) (5,4,2)
D (3,9,-1) (2,3,4)
D (3,9,-1) (4,5,2)
D (7,8,-1) (0,2,4)
D (3,-1,-1) (3,0,1)
D (9,-1,-1) (0,4,2)
D (8,-1,-1) (0,3,2)
D (3,9,-1) (5,4,5)
D (7,8,-1) (0,1,1)
D (8,-1,-1) (1,1,4)
D (3,-1,-1) (0,3,1)
D (6,7,8) (1,3,1)
D (9,-1,-1) (1,0,5)
D (6,7,-1) (2,4,4)
D (7,8,3) (4,0,1)
D (8,3,-1) (3,0,5)
D (6,7,8) (5,1,4)
D (7,-1,-1) (0,1,4)
D (6,-1,-1) (1,2,4)
D (9,-1,-1) (0,1,3)
D (8,3,-1) (3,0,0)
D (9,-1,-1) (3,3,3)
D (6,7,8) (2,2,1)
D (8,-1,-1) (4,0,2)
D (3,-1,-1) (5,0,0)
D (7,-1,-1) (3,2,1)
D (7,-1,-1) (1,4,3)
D (3,9,-1) (1,5,0)
D (8,-1,-1) (4,4,3)
D (9,-1,-1) (2,1,3)
D (6,7,8) (0,4,0)
D (7,-1,-1) (4,1,1)
D (6,7,-1) (0,1,0)
C 0 26
C 1 24
C 2 3
C 3 17
C 4 0
C 5 0
C 6 0
C 7 0
C 8 0
C 9 0
C 10 0
C 11 0
C 12 0
C 13 0
C 14 0
C 15 0
C 16 0
C 17 0
C 18 0
C 19 0
C 20 0
C 21 0
C 22 0
C 23 0
C 24 0
C 25 0
C 26 0
C 27 0
C 28 0
C 29 0
C 30 0
C 31 0
C 32 0
C 33 0
C 34 0
C 35 0
C 36 0
C 37 0
C 38 0
C 39 0
C 40 0
C 41 0
C 42 0
C 43 0
C 44 0
C 45 0
C 46 0
C 47 0
C 48 0
C 49 0
C 50 0
C 51 0
C 52 0
C 53 0
C 54 0
C 55 0
C 56 0
C 57 0
C 58 0
C 59 0
C 60 0
C 61 0
C 62 0
C 63 0
C 64 0
C 65 0
C 66 3
C 67 7
C 68 26
C 69 3
C 70 11
C 71 26
C 72 6
C 73 3
C 74 23
C 75 10
C 76 26
C 77 19
C 78 3
C 79 0
C 80 9
C 81 2
C 82 16
C 83 6
C 84 21
C 85 12
C 86 25
C 87 22
C 88 4
C 89 1
C 90 0
C 91 12
C 92 8
C 93 14
C 94 15
C 95 12
C 96 22
C 97 1
C 98 26
C 99 14
C 100 21
C 101 19
C 102 18
C 103 16
C 104 2
C 105 7
C 106 22
C 107 12
C 108 24
C 109 10
C 110 25
C 111 24
C 112 3
C 113 11
C 114 14
C 115 24
C 116 26
C 117 26
C 118 3
C 119 6
C 120 12
C 121 16
C 122 4
C 123 22
C 124 6
C 125 17
C 126 4
C 127 14
C 128 19
C 129 14
C 130 22
C 131 15
C 132 16
C 133 18
C 134 16
C 135 20
C 136 26
C 137 8
C 138 12
C 139 3
C 140 9
C 141 9
C 142 10
C 143 1
C 144 19
C 145 1
C 146 2
C 147 8
C 148 9
C 149 10
C 150 11
C 151 9
C 152 5
C 153 8
C 154 6
C 155 15
C 156 22
C 157 11
C 158 11
C 159 17
C 160 2
C 161 1
C 162 7
C 163 11
C 164 10
C 165 22
C 166 24
C 167 18
C 168 20
C 169 16
C 170 25
C 171 12
C 172 9
C 173 14
C 174 11
C 175 22
C 176 15
C 177 9
C 178 8
C 179 4
C 180 10
C 181 16
C 182 14
C 183 20
C 184 25
C 185 7
C 186 3
C 187 19
C 188 5
C 189 8
C 190 6
C 191 23
C 192 1
C 193 8
C 194 22
C 195 23
C 196 3
C 197 10
C 198 5
C 199 18
C 200 9
C 201 1
C 202 6
C 203 12
C 204 5
C 205 19
C 206 6
C 207 5
C 208 2
C 209 18
C 210 22
C 211 6
C 212 25
C 213 3
C 214 26
C 215 2
C 216 5
C 217 14
C 218 0
C 219 2
C 220 9
C 221 2
C 222 24
C 223 17
C 224 3
C 225 6
C 226 6
C 227 8
C 228 23
C 229 7
C 230 7
C 231 11
C 232 12
C 233 9
C 234 25
C 235 20
C 236 10
C 237 6
C 238 9
C 239 26
C 240 14
C 241 8
C 242 18
C 243 12
C 244 17
C 245 15
C 246 11
C 247 22
C 248 20
C 249 14
C 250 22
C 251 12
C 252 5
C 253 8
C 254 12
C 255 19
C 256 17
C 257 2
C 258 18
C 259 4
C 260 8
C 261 23
C 262 16
C 263 5
C 264 17
C 265 21
C 266 25
C 267 1
C 268 21
C 269 5
I 0 2 10 (5,3,3) (-1,0,-1,0)|(1,1,-1,0)
I 3 1 20 (0,1,0) (-1,1,-1,0)
I 1 1 11 (2,0,5) (1,-1,0,0)|(0,0,-1,0)|(0,0,0,0)
