D (8,-1,-1) (1,1,2)
D (6,7,8) (0,4,2)
D (9,-1,-1) (2,4,5)
D (9,-1,-1) (3,2,3)
D (6,7,8) (3,2,4)
D (6,-1,-1) (4,4,1)
D (8,3,9) (3,1,0)
D (6,7,-1) (4,5,1)
D (8,3,9) (0,0,5)
D (6,7,-1) (5,0,3)
D (7,8,3) (0,2,2)
D (9,-1,-1) (5,2,3)
D (7,8,-1) (1,4,5)
D (7,8,-1) (4,3,1)
D (9,-1,-1) (2,2,0)
D (6,7,8) (5,4,0)
D (8,-1,-1) (4,4,4)
D (7,8,-1) (0,4,4)
D (9,-1,-1) (1,4,4)
D (7,8,-1) (5,5,1)
D (8,-1,-1) (4,5,2)
D (3,9,-1) (5,3,5)
D (6,-1,-1) (0,1,1)
D (3,-1,-1) (4,3,5)
D (3,9,-1) (3,5,3)
D (7,8,-1) (1,3,4)
D (3,9,-1) (3,0,2)
D (6,7,-1) (4,2,0)
D (7,-1,-1) (1,3,5)
D (3,-1,-1) (2,0,5)
D (9,-1,-1) (5,2,0)
D (8,-1,-1) (1,5,4)
D (7,8,3) (2,5,2)
D (9,-1,-1) (1,1,4)
D (6,7,-1) (3,0,0)
D (6,7,-1) (1,5,1)
D (3,-1,-1) (0,1,4)
D (9,-1,-1) (3,5,0)
D (7,-1,-1) (4,2,3)
D (9,-1,-1) (2,0,1)
D (3,-1,-1) (2,3,0)
D (6,7,-1) (3,3,1)
D (3,9,-1) (2,1,4)
D (3,-1,-1) (5,4,5)
D (7,8,3) (1,1,3)
D (9,-1,-1) (1,2,5)
C 0 1
C 1 21
C 2 17
C 3 7
C 4 11
C 5 21
C 6 7
C 7 6
C 8 9
C 9 8
C 10 2
C 11 20
C 12 20
C 13 26
C 14 10
C 15 12
C 16 18
C 17 11
C 18 26
C 19 12
C 20 0
C 21 14
C 22 14
C 23 22
C 24 7
C 25 1
C 26 9
C 27 26
C 28 21
C 29 7
C 30 21
C 31 22
C 32 10
C 33 2
C 34 5
C 35 1
C 36 11
C 37 1
C 38 25
C 39 18
C 40 23
C 41 18
C 42 11
C 43 12
C 44 24
C 45 9
C 46 18
C 47 14
C 48 18
C 49 4
C 50 16
C 51 9
C 52 22
C 53 8
C 54 15
C 55 5
C 56 9
C 57 17
C 58 1
C 59 25
C 60 19
C 61 24
C 62 19
C 63 22
C 64 11
C 65 0
C 66 7
C 67 5
C 68 26
C 69 8
C 70 5
C 71 6
C 72 22
C 73 1
C 74 8
C 75 1
C 76 15
C 77 4
C 78 17
C 79 26
C 80 5
C 81 23
C 82 26
C 83 20
C 84 3
C 85 3
C 86 12
C 87 12
C 88 11
C 89 19
C 90 15
C 91 24
C 92 7
C 93 17
C 94 10
C 95 5
C 96 11
C 97 4
C 98 22
C 99 24
C 100 1
C 101 20
C 102 0
C 103 7
C 104 18
C 105 7
C 106 17
C 107 8
C 108 19
C 109 23
C 110 12
C 111 21
C 112 23
C 113 19
C 114 18
C 115 0
C 116 19
C 117 14
C 118 25
C 119 6
C 120 24
C 121 22
C 122 4
C 123 6
C 124 5
C 125 8
C 126 2
C 127 2
C 128 10
C 129 7
C 130 15
C 131 25
C 132 19
C 133 20
C 134 25
C 135 20
C 136 19
C 137 0
C 138 24
C 139 4
C 140 22
C 141 15
C 142 0
C 143 18
C 144 22
C 145 2
C 146 23
C 147 7
C 148 11
C 149 0
C 150 22
C 151 14
C 152 10
C 153 19
C 154 15
C 155 21
C 156 12
C 157 3
C 158 15
C 159 4
C 160 18
C 161 11
C 162 12
C 163 8
C 164 16
C 165 14
C 166 16
C 167 8
C 168 3
C 169 23
C 170 2
C 171 1
C 172 7
C 173 3
C 174 6
C 175 22
C 176 5
C 177 11
C 178 11
C 179 20
C 180 20
C 181 19
C 182 4
C 183 17
C 184 9
C 185 18
C 186 22
C 187 6
C 188 8
C 189 2
C 190 3
C 191 6
C 192 5
C 193 22
C 194 1
C 195 26
C 196 12
C 197 24
C 198 19
C 199 19
C 200 8
C 201 18
C 202 10
C 203 6
C 204 16
C 205 26
C 206 17
C 207 7
C 208 26
C 209 4
C 210 18
C 211 8
C 212 16
C 213 17
C 214 8
C 215 20
C 216 15
C 217 18
C 218 2
C 219 23
C 220 7
C 221 2
C 222 10
C 223 5
C 224 10
C 225 24
C 226 4
C 227 11
C 228 6
C 229 11
C 230 11
C 231 4
C 232 21
C 233 10
C 234 1
C 235 24
C 236 1
C 237 5
C 238 5
C 239 26
C 240 5
C 241 1
C 242 14
C 243 20
C 244 6
C 245 4
C 246 21
C 247 4
C 248 19
C 249 3
C 250 26
C 251 6
C 252 23
C 253 26
C 254 23
C 255 14
C 256 16
C 257 19
C 258 20
C 259 20
C 260 7
C 261 11
C 262 7
C 263 19
C 264 19
C 265 7
C 266 9
C 267 18
C 268 0
C 269 25
I 1 1 6 (5,0,3) (-1,1,1,0)|(-1,-1,1,0)
I 0 1 14 (5,3,3) (-1,-1,-1,0)|(1,0,0,0)|(-1,0,0,0)|(0,0,1,0)
I 1 2 16 (2,3,5) (1,-1,1,0)
I 3 2 10 (2,2,0) (-1,0,1,0)|(1,-1,-1,0)|(1,1,0,0)
