D (7,8,-1) (3,4,3)
D (6,-1,-1) (3,2,4)
D (9,-1,-1) (1,4,1)
D (3,9,-1) (1,4,2)
D (3,-1,-1) (1,1,5)
D (3,9,-1) (4,2,2)
D (9,-1,-1) (4,4,1)
D (7,8,3) (3,3,3)
D (8,3,-1) (3,0,4)
D (6,7,8) (1,2,4)
D (3,9,-1) (3,3,0)
D (7,8,3) (1,1,3)
D (6,-1,-1) (3,0,0)
D (3,-1,-1) (2,5,2)
D (9,-1,-1) (4,2,1)
D (3,9,-1) (1,5,1)
D (9,-1,-1) (4,5,5)
D (7,8,3) (4,2,0)
D (6,7,-1) (1,4,5)
D (9,-1,-1) (3,2,5)
D (7,-1,-1) (4,5,3)
D (3,9,-1) (2,1,2)
D (8,3,-1) (1,2,3)
D (3,-1,-1) (2,3,1)
D (6,-1,-1) (4,5,4)
D (7,8,3) (2,2,3)
D (3,9,-1) (0,2,2)
D (6,-1,-1) (3,5,2)
D (6,7,-1) (2,4,3)
D (9,-1,-1) (3,3,2)
D (6,7,-1) (1,5,2)
D (8,3,9) (1,5,3)
D (3,-1,-1) (2,3,4)
D (3,-1,-1) (5,4,0)
D (9,-1,-1) (1,2,5)
D (9,-1,-1) (0,2,1)
D (6,7,8) (0,3,4)
D (9,-1,-1) (4,3,1)
D (9,-1,-1) (3,5,1)
D (3,9,-1) (0,5,0)
D (9,-1,-1) (0,1,3)
D (7,-1,-1) (1,1,1)
D (6,-1,-1) (0,4,3)
D (6,7,8) (5,5,5)
D (8,-1,-1) (0,0,0)
D (8,3,9) (3,0,2)
D (9,-1,-1) (0,3,5)
D (7,8,3) (2,1,5)
D (6,7,-1) (1,5,4)
D (8,3,9) (4,4,3)
C 0 11
C 1 16
C 2 16
C 3 22
C 4 7
C 5 21
C 6 19
C 7 20
C 8 7
C 9 20
C 10 16
C 11 0
C 12 15
C 13 25
C 14 7
C 15 16
C 16 0
C 17 0
C 18 0
C 19 0
C 20 0
C 21 0
C 22 0
C 23 0
C 24 0
C 25 0
C 26 0
C 27 0
C 28 0
C 29 0
C 30 0
C 31 0
C 32 0
C 33 0
C 34 0
C 35 0
C 36 0
C 37 0
C 38 0
C 39 0
C 40 0
C 41 0
C 42 0
C 43 0
C 44 0
C 45 0
C 46 0
C 47 0
C 48 0
C 49 0
C 50 0
C 51 0
C 52 0
C 53 0
C 54 0
C 55 0
C 56 0
C 57 26
C 58 3
C 59 0
C 60 21
C 61 21
C 62 9
C 63 14
C 64 26
C 65 2
C 66 11
C 67 26
C 68 15
C 69 7
C 70 12
C 71 1
C 72 4
C 73 8
C 74 10
C 75 11
C 76 17
C 77 19
C 78 15
C 79 6
C 80 12
C 81 12
C 82 25
C 83 6
C 84 5
C 85 3
C 86 4
C 87 17
C 88 15
C 89 4
C 90 8
C 91 3
C 92 1
C 93 5
C 94 23
C 95 0
C 96 25
C 97 16
C 98 9
C 99 6
C 100 7
C 101 9
C 102 16
C 103 23
C 104 2
C 105 15
C 106 19
C 107 8
C 108 20
C 109 15
C 110 3
C 111 15
C 112 9
C 113 8
C 114 25
C 115 0
C 116 11
C 117 1
C 118 3
C 119 6
C 120 25
C 121 3
C 122 6
C 123 24
C 124 26
C 125 7
C 126 8
C 127 18
C 128 17
C 129 19
C 130 22
C 131 3
C 132 26
C 133 23
C 134 17
C 135 18
C 136 23
C 137 3
C 138 12
C 139 0
C 140 20
C 141 26
C 142 15
C 143 25
C 144 19
C 145 2
C 146 8
C 147 1
C 148 22
C 149 11
C 150 22
C 151 18
C 152 21
C 153 0
C 154 5
C 155 14
C 156 16
C 157 8
C 158 10
C 159 14
C 160 3
C 161 2
C 162 1
C 163 19
C 164 12
C 165 18
C 166 11
C 167 16
C 168 25
C 169 7
C 170 26
C 171 23
C 172 25
C 173 10
C 174 1
C 175 11
C 176 16
C 177 10
C 178 16
C 179 24
C 180 23
C 181 9
C 182 11
C 183 23
C 184 1
C 185 18
C 186 18
C 187 20
C 188 23
C 189 9
C 190 16
C 191 7
C 192 23
C 193 3
C 194 0
C 195 2
C 196 6
C 197 18
C 198 15
C 199 4
C 200 26
C 201 7
C 202 2
C 203 4
C 204 9
C 205 2
C 206 7
C 207 12
C 208 9
C 209 17
C 210 14
C 211 6
C 212 26
C 213 25
C 214 24
C 215 26
C 216 21
C 217 4
C 218 8
C 219 21
C 220 19
C 221 2
C 222 12
C 223 1
C 224 8
C 225 22
C 226 17
C 227 15
C 228 26
C 229 19
C 230 0
C 231 3
C 232 3
C 233 11
C 234 11
C 235 18
C 236 4
C 237 1
C 238 20
C 239 11
C 240 25
C 241 26
C 242 20
C 243 26
C 244 18
C 245 2
C 246 11
C 247 0
C 248 17
C 249 20
C 250 24
C 251 25
C 252 4
C 253 10
C 254 19
C 255 24
C 256 17
C 257 21
C 258 9
C 259 12
C 260 24
C 261 20
C 262 10
C 263 11
C 264 16
C 265 3
C 266 3
C 267 1
C 268 6
C 269 6
I 4 1 7 (5,4,5) (-1,1,-1,0)
I 4 3 9 (2,5,0) (-1,-1,0,0)|(0,1,0,0)|(0,-1,1,0)
I 4 3 4 (0,1,0) (0,1,0,0)|(-1,1,0,0)|(0,0,0,0)|(1,0,1,0)|(1,-1,0,0)
