D (6,7,8) (0,3,5)
D (8,3,-1) (3,2,3)
D (3,9,-1) (1,0,5)
D (3,-1,-1) (4,3,1)
D (8,3,-1) (4,0,2)
D (7,8,-1) (2,1,5)
D (7,-1,-1) (0,0,0)
D (7,8,-1) (2,1,4)
D (8,-1,-1) (4,2,1)
D (9,-1,-1) (3,5,1)
D (3,9,-1) (1,3,3)
D (7,-1,-1) (4,1,0)
D (6,-1,-1) (1,1,4)
D (8,3,9) (2,2,1)
D (8,3,-1) (3,4,3)
D (3,-1,-1) (2,1,1)
D (8,3,9) (0,5,0)
D (9,-1,-1) (1,3,4)
D (3,-1,-1) (0,2,0)
D (8,-1,-1) (5,1,5)
D (7,-1,-1) (2,3,0)
D (3,-1,-1) (1,1,2)
D (3,9,-1) (0,0,2)
D (6,-1,-1) (5,4,1)
D (3,9,-1) (5,3,0)
D (6,-1,-1) (3,1,5)
D (9,-1,-1) (3,2,0)
D (9,-1,-1) (1,0,2)
D (9,-1,-1) (1,3,2)
D (3,9,-1) (5,5,1)
D (9,-1,-1) (3,0,0)
D (6,7,8) (5,5,5)
D (3,-1,-1) (3,2,2)
D (8,3,-1) (0,2,3)
D (3,9,-1) (0,4,2)
D (7,8,3) (2,0,5)
D (6,7,8) (2,4,0)
D (7,8,3) (1,4,5)
D (9,-1,-1) (3,2,4)
D (7,8,-1) (0,5,5)
D (7,8,-1) (3,1,3)
D (8,-1,-1) (5,2,5)
D (3,9,-1) (3,5,2)
D (7,8,3) (0,0,3)
D (7,-1,-1) (5,3,5)
D (3,-1,-1) (3,4,5)
D (8,-1,-1) (3,0,3)
D (7,-1,-1) (1,5,5)
D (6,-1,-1) (5,3,4)
D (3,9,-1) (3,0,2)
D (7,8,-1) (5,4,0)
D (6,7,8) (0,1,5)
D (3,9,-1) (5,2,2)
D (6,7,-1) (4,4,4)
D (6,-1,-1) (5,0,3)
D (8,3,9) (1,0,3)
D (8,3,-1) (5,5,0)
D (3,-1,-1) (1,0,4)
D (8,3,-1) (3,4,2)
C 0 7
C 1 5
C 2 7
C 3 14
C 4 24
C 5 6
C 6 9
C 7 17
C 8 18
C 9 12
C 10 18
C 11 20
C 12 22
C 13 19
C 14 5
C 15 17
C 16 26
C 17 11
C 18 24
C 19 17
C 20 15
C 21 17
C 22 14
C 23 4
C 24 17
C 25 14
C 26 12
C 27 2
C 28 5
C 29 6
C 30 16
C 31 3
C 32 10
C 33 20
C 34 6
C 35 24
C 36 3
C 37 22
C 38 3
C 39 1
C 40 0
C 41 24
C 42 15
C 43 0
C 44 0
C 45 0
C 46 0
C 47 0
C 48 0
C 49 0
C 50 6
C 51 0
C 52 25
C 53 4
C 54 5
C 55 6
C 56 8
C 57 22
C 58 23
C 59 5
C 60 15
C 61 21
C 62 16
C 63 10
C 64 0
C 65 8
C 66 6
C 67 6
C 68 26
C 69 10
C 70 11
C 71 23
C 72 14
C 73 6
C 74 21
C 75 14
C 76 16
C 77 16
C 78 16
C 79 20
C 80 1
C 81 16
C 82 7
C 83 0
C 84 15
C 85 23
C 86 1
C 87 2
C 88 14
C 89 17
C 90 20
C 91 20
C 92 24
C 93 0
C 94 15
C 95 11
C 96 22
C 97 16
C 98 9
C 99 16
C 100 7
C 101 24
C 102 26
C 103 20
C 104 25
C 105 26
C 106 8
C 107 20
C 108 26
C 109 3
C 110 24
C 111 5
C 112 25
C 113 16
C 114 9
C 115 24
C 116 23
C 117 12
C 118 21
C 119 8
C 120 18
C 121 23
C 122 21
C 123 7
C 124 8
C 125 14
C 126 15
C 127 1
C 128 21
C 129 18
C 130 1
C 131 5
C 132 18
C 133 6
C 134 23
C 135 14
C 136 21
C 137 14
C 138 16
C 139 24
C 140 15
C 141 21
C 142 0
C 143 7
C 144 19
C 145 7
C 146 14
C 147 20
C 148 19
C 149 23
C 150 16
C 151 6
C 152 25
C 153 17
C 154 20
C 155 2
C 156 9
C 157 6
C 158 14
C 159 18
C 160 21
C 161 11
C 162 12
C 163 11
C 164 1
C 165 26
C 166 16
C 167 7
C 168 8
C 169 5
C 170 8
C 171 11
C 172 11
C 173 25
C 174 0
C 175 14
C 176 11
C 177 12
C 178 14
C 179 15
C 180 18
C 181 20
C 182 19
C 183 12
C 184 21
C 185 23
C 186 12
C 187 12
C 188 9
C 189 16
C 190 10
C 191 14
C 192 16
C 193 12
C 194 20
C 195 16
C 196 22
C 197 4
C 198 2
C 199 22
C 200 12
C 201 12
C 202 6
C 203 2
C 204 10
C 205 16
C 206 7
C 207 6
C 208 9
C 209 25
C 210 18
C 211 18
C 212 18
C 213 22
C 214 25
C 215 17
C 216 7
C 217 11
C 218 22
C 219 5
C 220 17
C 221 12
C 222 15
C 223 7
C 224 4
C 225 4
C 226 11
C 227 9
C 228 12
C 229 17
C 230 7
C 231 18
C 232 22
C 233 9
C 234 5
C 235 9
C 236 17
C 237 26
C 238 2
C 239 26
C 240 5
C 241 14
C 242 25
C 243 10
C 244 20
C 245 22
C 246 24
C 247 5
C 248 18
C 249 1
C 250 6
C 251 26
C 252 19
C 253 5
C 254 22
C 255 26
C 256 8
C 257 10
C 258 15
C 259 21
C 260 5
C 261 18
C 262 25
C 263 5
C 264 15
C 265 7
C 266 19
C 267 16
C 268 15
C 269 16
I 4 1 3 (1,5,1) (1,-1,0,0)|(0,0,1,0)|(1,-1,-1,0)
I 2 3 4 (1,3,2) (0,1,0,0)|(-1,0,1,0)
I 4 1 5 (2,5,1) (0,-1,-1,0)
