D (8,-1,-1) (2,4,0)
D (6,7,8) (2,4,2)
D (3,9,-1) (4,1,2)
D (9,-1,-1) (5,0,3)
D (3,-1,-1) (1,5,1)
D (9,-1,-1) (3,3,5)
D (9,-1,-1) (4,0,1)
D (9,-1,-1) (0,5,2)
D (3,9,-1) (1,5,5)
D (6,-1,-1) (5,5,0)
D (3,9,-1) (2,0,0)
D (8,-1,-1) (5,4,4)
D (3,9,-1) (2,4,3)
D (6,7,-1) (3,1,2)
D (3,9,-1) (4,3,1)
D (6,-1,-1) (3,5,0)
D (7,8,-1) (3,0,1)
D (6,7,8) (5,4,1)
D (3,9,-1) (5,0,5)
D (7,8,3) (4,0,2)
D (3,9,-1) (2,4,1)
D (7,-1,-1) (0,5,3)
D (8,3,-1) (2,5,2)
D (6,-1,-1) (0,1,3)
D (9,-1,-1) (5,1,4)
D (6,7,8) (4,5,5)
D (6,7,8) (1,2,1)
D (6,7,-1) (0,4,2)
D (8,3,-1) (3,5,1)
D (9,-1,-1) (2,2,1)
D (8,3,9) (1,4,3)
D (9,-1,-1) (4,4,0)
D (7,-1,-1) (2,2,5)
D (6,7,8) (1,3,3)
D (8,3,-1) (4,3,0)
D (7,-1,-1) (0,3,0)
D (7,8,3) (1,4,2)
D (7,8,3) (1,4,4)
D (7,8,-1) (4,3,4)
D (6,7,-1) (0,0,0)
D (3,9,-1) (0,3,5)
D (9,-1,-1) (3,0,5)
D (7,8,3) (4,3,5)
D (3,9,-1) (3,4,3)
D (9,-1,-1) (2,1,3)
D (9,-1,-1) (5,0,0)
D (8,3,9) (2,5,4)
D (3,-1,-1) (0,3,2)
C 0 8
C 1 23
C 2 19
C 3 9
C 4 17
C 5 10
C 6 25
C 7 15
C 8 11
C 9 24
C 10 19
C 11 18
C 12 18
C 13 22
C 14 3
C 15 5
C 16 6
C 17 4
C 18 15
C 19 12
C 20 10
C 21 23
C 22 16
C 23 22
C 24 21
C 25 21
C 26 16
C 27 2
C 28 1
C 29 7
C 30 17
C 31 22
C 32 5
C 33 21
C 34 0
C 35 4
C 36 25
C 37 2
C 38 24
C 39 12
C 40 21
C 41 16
C 42 2
C 43 10
C 44 4
C 45 3
C 46 26
C 47 19
C 48 2
C 49 14
C 50 4
C 51 20
C 52 7
C 53 25
C 54 26
C 55 14
C 56 3
C 57 7
C 58 15
C 59 0
C 60 0
C 61 26
C 62 3
C 63 5
C 64 11
C 65 4
C 66 26
C 67 23
C 68 5
C 69 8
C 70 21
C 71 0
C 72 7
C 73 22
C 74 1
C 75 15
C 76 2
C 77 18
C 78 6
C 79 6
C 80 17
C 81 8
C 82 7
C 83 0
C 84 3
C 85 6
C 86 14
C 87 21
C 88 15
C 89 14
C 90 11
C 91 18
C 92 7
C 93 6
C 94 22
C 95 21
C 96 8
C 97 21
C 98 24
C 99 15
C 100 6
C 101 26
C 102 5
C 103 11
C 104 5
C 105 22
C 106 9
C 107 16
C 108 10
C 109 17
C 110 23
C 111 20
C 112 3
C 113 8
C 114 15
C 115 5
C 116 16
C 117 25
C 118 23
C 119 14
C 120 25
C 121 18
C 122 3
C 123 10
C 124 23
C 125 3
C 126 10
C 127 24
C 128 26
C 129 4
C 130 4
C 131 5
C 132 4
C 133 11
C 134 15
C 135 25
C 136 17
C 137 3
C 138 18
C 139 6
C 140 24
C 141 14
C 142 10
C 143 15
C 144 6
C 145 7
C 146 6
C 147 7
C 148 2
C 149 3
C 150 3
C 151 8
C 152 3
C 153 9
C 154 25
C 155 16
C 156 9
C 157 20
C 158 19
C 159 6
C 160 17
C 161 18
C 162 3
C 163 21
C 164 4
C 165 16
C 166 7
C 167 21
C 168 14
C 169 0
C 170 9
C 171 17
C 172 3
C 173 22
C 174 24
C 175 7
C 176 6
C 177 22
C 178 15
C 179 4
C 180 6
C 181 26
C 182 17
C 183 4
C 184 12
C 185 8
C 186 1
C 187 17
C 188 23
C 189 2
C 190 15
C 191 20
C 192 19
C 193 8
C 194 3
C 195 6
C 196 26
C 197 4
C 198 11
C 199 3
C 200 16
C 201 20
C 202 3
C 203 9
C 204 8
C 205 10
C 206 9
C 207 16
C 208 9
C 209 12
C 210 11
C 211 14
C 212 10
C 213 26
C 214 23
C 215 18
C 216 1
C 217 14
C 218 1
C 219 10
C 220 7
C 221 14
C 222 12
C 223 18
C 224 26
C 225 26
C 226 16
C 227 0
C 228 11
C 229 7
C 230 26
C 231 6
C 232 25
C 233 4
C 234 11
C 235 22
C 236 0
C 237 0
C 238 22
C 239 23
C 240 0
C 241 6
C 242 0
C 243 1
C 244 1
C 245 15
C 246 15
C 247 8
C 248 19
C 249 7
C 250 22
C 251 26
C 252 23
C 253 14
C 254 8
C 255 5
C 256 18
C 257 18
C 258 5
C 259 15
C 260 8
C 261 3
C 262 14
C 263 14
C 264 2
C 265 3
C 266 8
C 267 4
C 268 0
C 269 26
I 0 1 14 (3,4,2) (1,0,-1,0)|(1,0,1,0)
I 1 1 17 (2,0,0) (1,0,0,0)|(0,1,1,0)|(-1,0,0,0)|(0,-1,-1,0)|(1,0,-1,0)
