D (3,6,7) (0,5,0)
D (3,6,7) (0,0,1)
D (3,6,-1) (0,5,5)
D (7,-1,-1) (5,2,3)
D (3,6,-1) (3,0,1)
D (2,3,-1) (5,4,3)
D (2,3,-1) (5,0,3)
D (6,7,-1) (2,4,1)
D (6,7,-1) (5,1,4)
D (6,7,-1) (2,2,0)
D (2,3,6) (1,2,4)
D (3,6,-1) (0,2,5)
D (3,6,-1) (1,3,1)
D (3,6,-1) (2,5,1)
D (3,6,-1) (2,1,5)
D (3,-1,-1) (0,4,2)
D (3,6,7) (0,0,5)
D (2,3,-1) (3,4,1)
D (7,-1,-1) (0,2,3)
D (3,6,-1) (5,2,2)
D (3,6,-1) (1,2,2)
D (7,-1,-1) (4,0,4)
D (6,7,-1) (2,2,4)
D (6,-1,-1) (0,0,3)
D (6,7,-1) (5,5,4)
D (3,6,-1) (3,5,4)
D (2,-1,-1) (4,4,2)
D (3,6,-1) (0,3,3)
D (7,-1,-1) (0,0,4)
D (3,-1,-1) (2,4,0)
D (7,-1,-1) (0,3,0)
D (3,-1,-1) (1,3,0)
D (6,7,-1) (2,2,3)
D (3,6,-1) (1,3,2)
D (2,3,6) (4,5,0)
D (6,7,-1) (3,2,4)
D (7,-1,-1) (2,1,4)
D (7,-1,-1) (4,4,1)
D (3,6,7) (3,5,2)
D (2,3,6) (3,0,0)
C 0 20
C 1 23
C 2 17
C 3 26
C 4 0
C 5 23
C 6 17
C 7 0
C 8 4
C 9 3
C 10 11
C 11 5
C 12 2
C 13 14
C 14 22
C 15 1
C 16 4
C 17 8
C 18 22
C 19 12
C 20 12
C 21 9
C 22 11
C 23 22
C 24 0
C 25 21
C 26 24
C 27 16
C 28 18
C 29 14
C 30 20
C 31 0
C 32 20
C 33 4
C 34 19
C 35 6
C 36 23
C 37 14
C 38 17
C 39 4
C 40 1
C 41 11
C 42 3
C 43 24
C 44 7
C 45 11
C 46 17
C 47 1
C 48 7
C 49 16
C 50 22
C 51 2
C 52 24
C 53 25
C 54 8
C 55 10
C 56 19
C 57 6
C 58 7
C 59 26
C 60 26
C 61 22
C 62 14
C 63 19
C 64 16
C 65 7
C 66 7
C 67 17
C 68 6
C 69 0
C 70 21
C 71 11
C 72 10
C 73 15
C 74 24
C 75 18
C 76 0
C 77 3
C 78 6
C 79 16
C 80 1
C 81 26
C 82 16
C 83 7
C 84 22
C 85 20
C 86 16
C 87 4
C 88 7
C 89 25
C 90 1
C 91 3
C 92 20
C 93 21
C 94 26
C 95 21
C 96 7
C 97 17
C 98 12
C 99 4
C 100 9
C 101 21
C 102 5
C 103 14
C 104 20
C 105 17
C 106 7
C 107 1
C 108 16
C 109 16
C 110 4
C 111 26
C 112 21
C 113 10
C 114 3
C 115 9
C 116 10
C 117 19
C 118 26
C 119 0
C 120 20
C 121 7
C 122 21
C 123 24
C 124 4
C 125 6
C 126 18
C 127 2
C 128 19
C 129 4
C 130 11
C 131 9
C 132 19
C 133 17
C 134 12
C 135 20
C 136 26
C 137 2
C 138 3
C 139 11
C 140 24
C 141 5
C 142 2
C 143 23
C 144 6
C 145 26
C 146 26
C 147 20
C 148 4
C 149 18
C 150 22
C 151 1
C 152 1
C 153 19
C 154 20
C 155 3
C 156 3
C 157 9
C 158 21
C 159 4
C 160 5
C 161 0
C 162 0
C 163 0
C 164 0
C 165 0
C 166 0
C 167 0
C 168 0
C 169 0
C 170 0
C 171 0
C 172 0
C 173 0
C 174 0
C 175 21
C 176 10
C 177 6
C 178 4
C 179 4
C 180 2
C 181 0
C 182 1
C 183 15
C 184 1
C 185 10
C 186 22
C 187 4
C 188 23
C 189 12
C 190 7
C 191 4
C 192 9
C 193 10
C 194 7
C 195 15
C 196 9
C 197 19
C 198 15
C 199 3
C 200 11
C 201 18
C 202 25
C 203 20
C 204 5
C 205 2
C 206 5
C 207 8
C 208 19
C 209 12
C 210 21
C 211 22
C 212 23
C 213 21
C 214 21
C 215 15
I 5 1 8 (2,2,5) (0,1,0,0)|(1,-1,-1,0)
I 5 2 9 (4,2,1) (0,-1,-1,0)
