D (3,-1,-1) (3,3,5)
D (3,-1,-1) (4,2,1)
D (6,7,-1) (0,4,5)
D (7,-1,-1) (0,4,4)
D (2,3,-1) (5,5,0)
D (7,-1,-1) (1,0,4)
D (2,-1,-1) (3,3,2)
D (6,-1,-1) (1,3,1)
D (3,6,-1) (3,0,4)
D (2,-1,-1) (0,4,2)
D (6,7,-1) (1,2,1)
D (3,6,7) (1,0,1)
D (6,7,-1) (4,2,3)
D (6,7,-1) (3,4,5)
D (2,3,-1) (4,4,2)
D (7,-1,-1) (0,3,2)
D (6,7,-1) (4,5,2)
D (3,6,7) (2,3,0)
D (3,6,7) (4,1,4)
D (3,6,-1) (5,0,1)
D (2,-1,-1) (1,1,0)
D (7,-1,-1) (3,2,1)
D (3,6,-1) (3,3,1)
D (7,-1,-1) (5,3,1)
D (6,7,-1) (5,1,4)
D (6,7,-1) (2,0,3)
D (3,6,7) (2,1,4)
D (3,6,-1) (4,2,2)
D (6,7,-1) (2,5,4)
D (7,-1,-1) (2,4,3)
D (3,-1,-1) (5,4,2)
D (2,3,6) (0,5,3)
D (2,-1,-1) (0,4,3)
D (3,6,-1) (4,1,1)
D (7,-1,-1) (3,5,2)
D (7,-1,-1) (3,1,5)
D (7,-1,-1) (4,0,2)
D (3,-1,-1) (4,3,1)
D (2,-1,-1) (4,5,3)
C 0 16
C 1 23
C 2 25
C 3 19
C 4 6
C 5 26
C 6 15
C 7 21
C 8 1
C 9 15
C 10 25
C 11 5
C 12 21
C 13 21
C 14 4
C 15 1
C 16 19
C 17 12
C 18 17
C 19 5
C 20 16
C 21 16
C 22 23
C 23 11
C 24 0
C 25 20
C 26 6
C 27 14
C 28 3
C 29 26
C 30 26
C 31 0
C 32 21
C 33 4
C 34 15
C 35 22
C 36 1
C 37 8
C 38 21
C 39 19
C 40 9
C 41 7
C 42 20
C 43 14
C 44 8
C 45 24
C 46 18
C 47 12
C 48 3
C 49 0
C 50 17
C 51 11
C 52 25
C 53 25
C 54 22
C 55 19
C 56 19
C 57 15
C 58 17
C 59 2
C 60 4
C 61 22
C 62 23
C 63 15
C 64 3
C 65 10
C 66 1
C 67 26
C 68 15
C 69 3
C 70 6
C 71 9
C 72 16
C 73 18
C 74 19
C 75 1
C 76 0
C 77 0
C 78 0
C 79 0
C 80 0
C 81 0
C 82 0
C 83 0
C 84 0
C 85 0
C 86 0
C 87 0
C 88 0
C 89 0
C 90 0
C 91 0
C 92 0
C 93 0
C 94 0
C 95 0
C 96 0
C 97 0
C 98 0
C 99 0
C 100 0
C 101 0
C 102 0
C 103 0
C 104 0
C 105 0
C 106 0
C 107 0
C 108 0
C 109 0
C 110 0
C 111 0
C 112 0
C 113 0
C 114 0
C 115 0
C 116 0
C 117 0
C 118 0
C 119 0
C 120 0
C 121 0
C 122 0
C 123 0
C 124 0
C 125 0
C 126 0
C 127 0
C 128 0
C 129 0
C 130 0
C 131 0
C 132 0
C 133 0
C 134 0
C 135 0
C 136 0
C 137 0
C 138 0
C 139 0
C 140 0
C 141 0
C 142 0
C 143 0
C 144 0
C 145 0
C 146 0
C 147 0
C 148 0
C 149 0
C 150 0
C 151 0
C 152 0
C 153 0
C 154 0
C 155 0
C 156 0
C 157 0
C 158 0
C 159 0
C 160 0
C 161 0
C 162 0
C 163 0
C 164 0
C 165 0
C 166 0
C 167 0
C 168 0
C 169 0
C 170 0
C 171 0
C 172 0
C 173 0
C 174 0
C 175 0
C 176 0
C 177 0
C 178 0
C 179 0
C 180 0
C 181 0
C 182 0
C 183 0
C 184 0
C 185 0
C 186 0
C 187 0
C 188 0
C 189 0
C 190 0
C 191 0
C 192 0
C 193 0
C 194 0
C 195 0
C 196 0
C 197 0
C 198 0
C 199 0
C 200 0
C 201 0
C 202 0
C 203 0
C 204 0
C 205 0
C 206 0
C 207 0
C 208 0
C 209 0
C 210 0
C 211 0
C 212 0
C 213 0
C 214 0
C 215 3
I 2 2 28 (5,5,2) (-1,1,0,0)
I 1 1 18 (3,2,3) (0,1,1,0)|(0,0,-1,0)
I 3 1 17 (0,1,4) (1,-1,0,0)|(0,-1,1,0)|(-1,1,1,0)
