D (12,-1,-1) (0,4,3)
D (7,-1,-1) (0,5,3)
D (7,-1,-1) (1,1,0)
D (13,-1,-1) (1,1,1)
D (6,7,8) (3,1,5)
D (9,-1,-1) (5,0,4)
D (7,8,-1) (5,5,1)
D (8,9,-1) (3,4,3)
D (10,11,-1) (1,0,2)
D (7,8,-1) (5,0,1)
D (11,-1,-1) (1,5,5)
D (6,7,8) (2,2,0)
D (12,13,-1) (3,3,1)
D (7,8,9) (4,2,5)
D (9,10,-1) (4,1,5)
D (13,-1,-1) (1,3,0)
D (9,10,-1) (4,5,0)
D (13,-1,-1) (2,2,4)
D (13,-1,-1) (3,5,0)
D (13,-1,-1) (5,1,2)
D (7,8,9) (4,2,0)
D (12,13,-1) (3,3,3)
D (9,10,11) (5,4,5)
D (8,9,-1) (0,1,3)
D (7,8,9) (4,0,1)
D (7,8,-1) (5,2,2)
D (9,10,11) (3,4,5)
D (10,-1,-1) (4,5,3)
D (11,12,13) (1,1,5)
D (10,11,-1) (4,0,0)
D (6,-1,-1) (5,3,5)
D (11,12,-1) (1,4,2)
D (10,-1,-1) (2,0,5)
D (8,9,10) (4,3,0)
D (12,13,-1) (1,1,4)
D (13,-1,-1) (5,1,3)
D (12,13,-1) (4,0,5)
D (13,-1,-1) (4,4,2)
D (6,7,8) (4,2,3)
D (8,9,-1) (1,4,0)
D (12,13,-1) (2,5,3)
D (8,9,10) (2,3,5)
D (11,-1,-1) (4,1,1)
D (9,10,-1) (3,4,1)
D (13,-1,-1) (4,0,3)
D (7,8,-1) (4,2,2)
D (10,11,-1) (0,0,0)
C 0 8
C 1 14
C 2 24
C 3 19
C 4 10
C 5 2
C 6 7
C 7 21
C 8 22
C 9 22
C 10 20
C 11 17
C 12 1
C 13 22
C 14 16
C 15 17
C 16 20
C 17 14
C 18 21
C 19 7
C 20 19
C 21 14
C 22 16
C 23 21
C 24 15
C 25 3
C 26 14
C 27 19
C 28 0
C 29 0
C 30 0
C 31 0
C 32 0
C 33 0
C 34 0
C 35 0
C 36 0
C 37 0
C 38 0
C 39 0
C 40 18
C 41 16
C 42 7
C 43 10
C 44 16
C 45 8
C 46 5
C 47 10
C 48 15
C 49 9
C 50 20
C 51 20
C 52 3
C 53 5
C 54 18
C 55 26
C 56 7
C 57 21
C 58 19
C 59 10
C 60 16
C 61 14
C 62 18
C 63 10
C 64 4
C 65 11
C 66 7
C 67 0
C 68 26
C 69 6
C 70 2
C 71 2
C 72 0
C 73 16
C 74 3
C 75 19
C 76 7
C 77 2
C 78 14
C 79 10
C 80 6
C 81 15
C 82 20
C 83 4
C 84 15
C 85 24
C 86 11
C 87 20
C 88 16
C 89 15
C 90 15
C 91 2
C 92 0
C 93 10
C 94 2
C 95 24
C 96 10
C 97 26
C 98 15
C 99 23
C 100 10
C 101 19
C 102 26
C 103 10
C 104 17
C 105 12
C 106 4
C 107 22
C 108 11
C 109 25
C 110 14
C 111 14
C 112 21
C 113 2
C 114 25
C 115 19
C 116 5
C 117 0
C 118 2
C 119 5
C 120 25
C 121 4
C 122 14
C 123 23
C 124 2
C 125 9
C 126 23
C 127 20
C 128 19
C 129 2
C 130 17
C 131 9
C 132 18
C 133 0
C 134 24
C 135 15
C 136 24
C 137 5
C 138 14
C 139 14
C 140 0
C 141 3
C 142 1
C 143 0
C 144 8
C 145 26
C 146 26
C 147 18
C 148 19
C 149 21
C 150 25
C 151 17
C 152 4
C 153 19
C 154 6
C 155 16
C 156 15
C 157 2
C 158 11
C 159 8
C 160 9
C 161 4
C 162 15
C 163 20
C 164 6
C 165 2
C 166 17
C 167 3
C 168 17
C 169 8
C 170 3
C 171 7
C 172 24
C 173 1
C 174 12
C 175 18
C 176 25
C 177 20
C 178 5
C 179 18
C 180 9
C 181 24
C 182 18
C 183 4
C 184 3
C 185 11
C 186 15
C 187 1
C 188 15
C 189 2
C 190 12
C 191 22
C 192 16
C 193 5
C 194 0
C 195 8
C 196 8
C 197 17
C 198 2
C 199 23
C 200 19
C 201 26
C 202 25
C 203 4
C 204 2
C 205 17
C 206 22
C 207 4
C 208 8
C 209 23
C 210 7
C 211 16
C 212 3
C 213 4
C 214 7
C 215 25
C 216 23
C 217 5
C 218 4
C 219 20
C 220 2
C 221 4
C 222 7
C 223 0
C 224 0
C 225 0
C 226 0
C 227 0
C 228 0
C 229 0
C 230 0
C 231 0
C 232 0
C 233 0
C 234 0
C 235 0
C 236 0
C 237 0
C 238 0
C 239 0
C 240 0
C 241 0
C 242 0
C 243 0
C 244 0
C 245 0
C 246 0
C 247 0
C 248 2
C 249 22
C 250 3
C 251 18
C 252 8
C 253 22
C 254 3
C 255 8
C 256 24
C 257 10
C 258 11
C 259 19
C 260 6
C 261 15
C 262 19
C 263 19
C 264 15
C 265 22
C 266 4
C 267 20
C 268 2
C 269 22
C 270 24
C 271 6
C 272 20
C 273 15
C 274 26
C 275 10
C 276 25
C 277 22
C 278 15
C 279 15
C 280 17
C 281 14
C 282 2
C 283 22
C 284 18
C 285 7
C 286 6
C 287 15
C 288 10
C 289 19
C 290 9
C 291 16
C 292 11
C 293 4
C 294 10
C 295 19
C 296 0
C 297 1
C 298 14
C 299 15
C 300 7
C 301 0
C 302 25
C 303 24
C 304 5
C 305 16
C 306 4
C 307 18
C 308 17
C 309 7
C 310 21
C 311 7
C 312 21
C 313 19
C 314 3
C 315 16
C 316 20
C 317 0
C 318 10
C 319 17
C 320 19
C 321 22
C 322 3
C 323 25
C 324 11
C 325 3
C 326 10
C 327 18
C 328 18
C 329 5
C 330 1
C 331 21
C 332 14
C 333 6
C 334 25
C 335 12
C 336 11
C 337 21
C 338 6
C 339 22
C 340 1
C 341 15
C 342 16
C 343 15
C 344 22
C 345 21
C 346 5
C 347 18
C 348 0
C 349 3
C 350 1
C 351 2
C 352 2
C 353 26
C 354 25
C 355 6
C 356 6
C 357 6
C 358 1
C 359 23
C 360 17
C 361 17
C 362 22
C 363 16
C 364 22
C 365 25
C 366 4
C 367 12
C 368 6
C 369 4
C 370 5
C 371 4
C 372 22
C 373 15
C 374 9
C 375 26
C 376 0
C 377 25
I 5 3 3 (1,0,0) (0,1,1,0)|(-1,-1,0,0)|(1,0,-1,0)|(0,1,0,0)|(-1,-1,0,0)
I 0 2 14 (2,3,4) (1,-1,-1,0)
