D (10,-1,-1) (2,5,1)
D (9,10,11) (2,2,3)
D (11,12,13) (0,2,0)
D (7,-1,-1) (2,5,3)
D (6,7,8) (1,2,4)
D (11,12,13) (4,1,4)
D (12,13,-1) (0,2,3)
D (8,9,-1) (2,4,2)
D (9,10,11) (2,2,5)
D (7,8,-1) (1,0,4)
D (9,-1,-1) (1,4,4)
D (12,13,-1) (4,2,5)
D (8,9,10) (2,4,4)
D (9,10,-1) (5,5,3)
D (13,-1,-1) (0,2,1)
D (11,12,13) (5,4,1)
D (13,-1,-1) (3,1,5)
D (6,7,8) (4,3,4)
D (11,12,-1) (2,0,0)
D (7,8,-1) (2,5,0)
D (11,12,-1) (5,0,4)
D (7,8,-1) (3,1,2)
D (9,10,-1) (4,5,0)
D (8,9,-1) (0,3,2)
D (11,12,-1) (2,4,1)
D (13,-1,-1) (5,5,0)
D (7,-1,-1) (2,0,4)
D (9,-1,-1) (0,5,5)
D (8,9,-1) (3,2,3)
D (6,7,-1) (1,5,4)
D (12,-1,-1) (3,3,0)
D (8,9,-1) (4,1,1)
D (13,-1,-1) (0,3,0)
D (11,-1,-1) (4,3,0)
D (8,9,-1) (0,1,2)
D (8,9,10) (4,2,2)
D (6,-1,-1) (1,3,2)
D (9,10,11) (4,4,3)
D (11,-1,-1) (4,4,1)
D (10,11,-1) (2,2,4)
D (7,-1,-1) (2,5,2)
D (6,7,-1) (5,1,5)
D (6,-1,-1) (3,1,3)
D (12,13,-1) (0,5,3)
D (13,-1,-1) (2,3,1)
D (9,10,11) (1,4,3)
D (12,-1,-1) (5,4,0)
D (13,-1,-1) (0,1,0)
D (7,-1,-1) (5,1,0)
D (10,-1,-1) (2,2,2)
D (9,-1,-1) (0,4,1)
D (10,-1,-1) (2,5,5)
D (13,-1,-1) (5,1,4)
D (6,7,-1) (4,4,4)
C 0 8
C 1 15
C 2 4
C 3 0
C 4 8
C 5 25
C 6 15
C 7 18
C 8 1
C 9 20
C 10 4
C 11 26
C 12 26
C 13 7
C 14 22
C 15 8
C 16 5
C 17 6
C 18 16
C 19 16
C 20 7
C 21 0
C 22 3
C 23 24
C 24 6
C 25 26
C 26 6
C 27 21
C 28 26
C 29 20
C 30 8
C 31 2
C 32 9
C 33 25
C 34 17
C 35 11
C 36 2
C 37 1
C 38 11
C 39 16
C 40 11
C 41 6
C 42 21
C 43 19
C 44 14
C 45 25
C 46 9
C 47 4
C 48 15
C 49 7
C 50 25
C 51 11
C 52 1
C 53 0
C 54 6
C 55 26
C 56 15
C 57 18
C 58 23
C 59 23
C 60 15
C 61 1
C 62 22
C 63 14
C 64 23
C 65 23
C 66 0
C 67 25
C 68 25
C 69 5
C 70 4
C 71 14
C 72 8
C 73 2
C 74 16
C 75 6
C 76 15
C 77 2
C 78 3
C 79 22
C 80 0
C 81 5
C 82 11
C 83 12
C 84 16
C 85 25
C 86 15
C 87 0
C 88 14
C 89 19
C 90 23
C 91 23
C 92 11
C 93 1
C 94 17
C 95 3
C 96 22
C 97 23
C 98 10
C 99 2
C 100 20
C 101 17
C 102 7
C 103 6
C 104 5
C 105 18
C 106 4
C 107 4
C 108 6
C 109 12
C 110 17
C 111 6
C 112 5
C 113 3
C 114 11
C 115 19
C 116 18
C 117 26
C 118 25
C 119 22
C 120 10
C 121 22
C 122 6
C 123 22
C 124 3
C 125 20
C 126 14
C 127 5
C 128 22
C 129 11
C 130 1
C 131 20
C 132 10
C 133 0
C 134 16
C 135 21
C 136 5
C 137 20
C 138 2
C 139 4
C 140 1
C 141 3
C 142 19
C 143 6
C 144 20
C 145 21
C 146 4
C 147 15
C 148 6
C 149 15
C 150 26
C 151 1
C 152 21
C 153 5
C 154 14
C 155 18
C 156 8
C 157 19
C 158 26
C 159 26
C 160 15
C 161 25
C 162 23
C 163 20
C 164 24
C 165 23
C 166 0
C 167 10
C 168 5
C 169 18
C 170 26
C 171 23
C 172 18
C 173 11
C 174 4
C 175 23
C 176 8
C 177 18
C 178 2
C 179 0
C 180 2
C 181 23
C 182 8
C 183 22
C 184 20
C 185 16
C 186 5
C 187 21
C 188 18
C 189 5
C 190 15
C 191 22
C 192 26
C 193 1
C 194 23
C 195 23
C 196 18
C 197 21
C 198 22
C 199 2
C 200 10
C 201 15
C 202 7
C 203 1
C 204 15
C 205 18
C 206 10
C 207 19
C 208 5
C 209 6
C 210 22
C 211 8
C 212 24
C 213 25
C 214 1
C 215 1
C 216 17
C 217 21
C 218 8
C 219 2
C 220 20
C 221 15
C 222 11
C 223 8
C 224 1
C 225 2
C 226 14
C 227 12
C 228 24
C 229 15
C 230 23
C 231 8
C 232 8
C 233 23
C 234 9
C 235 26
C 236 10
C 237 18
C 238 21
C 239 14
C 240 24
C 241 5
C 242 23
C 243 3
C 244 16
C 245 7
C 246 9
C 247 25
C 248 20
C 249 12
C 250 0
C 251 0
C 252 0
C 253 0
C 254 0
C 255 0
C 256 0
C 257 0
C 258 1
C 259 19
C 260 26
C 261 0
C 262 24
C 263 8
C 264 0
C 265 0
C 266 0
C 267 0
C 268 0
C 269 0
C 270 0
C 271 0
C 272 0
C 273 0
C 274 0
C 275 0
C 276 0
C 277 0
C 278 0
C 279 0
C 280 0
C 281 0
C 282 0
C 283 0
C 284 0
C 285 0
C 286 0
C 287 0
C 288 0
C 289 0
C 290 0
C 291 0
C 292 0
C 293 0
C 294 0
C 295 0
C 296 0
C 297 0
C 298 0
C 299 0
C 300 0
C 301 0
C 302 0
C 303 0
C 304 0
C 305 0
C 306 0
C 307 0
C 308 0
C 309 0
C 310 0
C 311 0
C 312 0
C 313 0
C 314 0
C 315 0
C 316 0
C 317 0
C 318 0
C 319 0
C 320 0
C 321 0
C 322 0
C 323 0
C 324 0
C 325 0
C 326 0
C 327 0
C 328 0
C 329 16
C 330 26
C 331 12
C 332 18
C 333 7
C 334 11
C 335 2
C 336 3
C 337 26
C 338 19
C 339 18
C 340 3
C 341 6
C 342 18
C 343 10
C 344 16
C 345 21
C 346 4
C 347 20
C 348 19
C 349 3
C 350 3
C 351 15
C 352 2
C 353 14
C 354 23
C 355 5
C 356 0
C 357 26
C 358 3
C 359 2
C 360 17
C 361 8
C 362 19
C 363 4
C 364 10
C 365 21
C 366 23
C 367 12
C 368 20
C 369 7
C 370 9
C 371 3
C 372 0
C 373 4
C 374 26
C 375 26
C 376 20
C 377 11
I 0 1 17 (1,2,1) (0,0,1,0)
I 5 1 7 (1,5,1) (-1,1,0,0)|(-1,1,-1,0)
I 3 1 13 (1,2,2) (1,1,1,0)
