D (9,-1,-1) (0,5,3)
D (6,-1,-1) (4,2,2)
D (6,-1,-1) (5,0,2)
D (13,-1,-1) (0,3,1)
D (6,-1,-1) (1,3,0)
D (6,-1,-1) (0,3,4)
D (8,12,10) (3,1,4)
D (11,12,-1) (1,0,2)
D (12,13,-1) (5,5,3)
D (12,13,-1) (2,0,3)
D (13,-1,-1) (0,1,2)
D (8,-1,-1) (3,1,1)
D (13,-1,-1) (3,0,0)
D (10,11,12) (2,2,0)
D (12,-1,-1) (5,5,4)
D (9,-1,-1) (4,4,4)
D (8,-1,-1) (1,2,4)
D (8,9,10) (3,3,4)
D (12,13,-1) (1,3,4)
D (6,-1,-1) (2,2,4)
D (7,8,-1) (0,1,1)
D (12,-1,-1) (0,0,2)
D (9,10,11) (2,3,4)
D (6,-1,-1) (3,0,2)
D (6,-1,-1) (4,2,1)
D (11,12,-1) (5,2,2)
D (12,13,-1) (4,0,4)
D (9,10,11) (0,1,3)
D (6,7,-1) (1,4,0)
D (8,9,10) (3,5,1)
D (10,-1,-1) (4,4,5)
D (9,10,11) (2,4,2)
D (13,-1,-1) (4,1,1)
D (7,-1,-1) (3,3,0)
D (6,7,8) (4,3,3)
D (12,13,-1) (5,2,5)
D (11,12,13) (5,0,5)
D (11,-1,-1) (2,5,4)
D (9,10,11) (5,3,4)
D (9,10,11) (0,4,4)
D (7,8,-1) (4,2,4)
D (13,-1,-1) (0,4,1)
D (11,12,13) (1,4,2)
C 0 25
C 1 19
C 2 21
C 3 17
C 4 0
C 5 8
C 6 26
C 7 24
C 8 1
C 9 7
C 10 19
C 11 4
C 12 26
C 13 1
C 14 18
C 15 10
C 16 3
C 17 5
C 18 3
C 19 5
C 20 3
C 21 10
C 22 9
C 23 21
C 24 6
C 25 5
C 26 12
C 27 14
C 28 25
C 29 15
C 30 5
C 31 20
C 32 5
C 33 24
C 34 23
C 35 11
C 36 19
C 37 22
C 38 26
C 39 11
C 40 20
C 41 0
C 42 8
C 43 16
C 44 14
C 45 1
C 46 26
C 47 12
C 48 26
C 49 10
C 50 7
C 51 2
C 52 22
C 53 21
C 54 17
C 55 11
C 56 8
C 57 25
C 58 16
C 59 4
C 60 3
C 61 5
C 62 17
C 63 7
C 64 19
C 65 10
C 66 9
C 67 8
C 68 9
C 69 11
C 70 20
C 71 25
C 72 3
C 73 0
C 74 9
C 75 21
C 76 5
C 77 9
C 78 11
C 79 25
C 80 20
C 81 16
C 82 2
C 83 24
C 84 23
C 85 5
C 86 25
C 87 26
C 88 6
C 89 26
C 90 18
C 91 25
C 92 18
C 93 16
C 94 7
C 95 24
C 96 25
C 97 2
C 98 1
C 99 20
C 100 4
C 101 1
C 102 2
C 103 3
C 104 2
C 105 16
C 106 16
C 107 23
C 108 21
C 109 17
C 110 14
C 111 22
C 112 26
C 113 6
C 114 16
C 115 5
C 116 24
C 117 6
C 118 18
C 119 24
C 120 11
C 121 24
C 122 17
C 123 21
C 124 7
C 125 12
C 126 15
C 127 18
C 128 1
C 129 26
C 130 7
C 131 5
C 132 26
C 133 1
C 134 24
C 135 11
C 136 25
C 137 1
C 138 19
C 139 16
C 140 7
C 141 25
C 142 8
C 143 10
C 144 19
C 145 6
C 146 0
C 147 26
C 148 16
C 149 18
C 150 18
C 151 7
C 152 19
C 153 7
C 154 6
C 155 11
C 156 1
C 157 3
C 158 0
C 159 21
C 160 14
C 161 19
C 162 14
C 163 17
C 164 22
C 165 12
C 166 18
C 167 26
C 168 3
C 169 25
C 170 0
C 171 6
C 172 14
C 173 20
C 174 26
C 175 25
C 176 8
C 177 7
C 178 16
C 179 15
C 180 11
C 181 16
C 182 3
C 183 17
C 184 6
C 185 0
C 186 22
C 187 10
C 188 8
C 189 19
C 190 10
C 191 22
C 192 19
C 193 17
C 194 14
C 195 20
C 196 20
C 197 16
C 198 11
C 199 18
C 200 19
C 201 2
C 202 4
C 203 23
C 204 24
C 205 11
C 206 26
C 207 15
C 208 10
C 209 17
C 210 11
C 211 15
C 212 24
C 213 2
C 214 1
C 215 0
C 216 0
C 217 17
C 218 16
C 219 19
C 220 26
C 221 7
C 222 4
C 223 17
C 224 14
C 225 22
C 226 9
C 227 25
C 228 11
C 229 25
C 230 11
C 231 2
C 232 8
C 233 17
C 234 26
C 235 8
C 236 22
C 237 14
C 238 15
C 239 15
C 240 0
C 241 0
C 242 0
C 243 0
C 244 0
C 245 0
C 246 0
C 247 0
C 248 0
C 249 0
C 250 0
C 251 0
C 252 0
C 253 0
C 254 0
C 255 0
C 256 0
C 257 0
C 258 0
C 259 0
C 260 0
C 261 0
C 262 0
C 263 0
C 264 0
C 265 0
C 266 0
C 267 0
C 268 0
C 269 0
C 270 0
C 271 0
C 272 0
C 273 0
C 274 0
C 275 0
C 276 0
C 277 0
C 278 0
C 279 0
C 280 0
C 281 0
C 282 0
C 283 0
C 284 0
C 285 0
C 286 0
C 287 0
C 288 0
C 289 0
C 290 0
C 291 0
C 292 0
C 293 0
C 294 0
C 295 0
C 296 0
C 297 0
C 298 0
C 299 0
C 300 0
C 301 0
C 302 0
C 303 0
C 304 0
C 305 0
C 306 0
C 307 0
C 308 0
C 309 0
C 310 0
C 311 0
C 312 0
C 313 0
C 314 0
C 315 0
C 316 0
C 317 0
C 318 0
C 319 0
C 320 0
C 321 0
C 322 9
C 323 9
C 324 15
C 325 19
C 326 24
C 327 20
C 328 2
C 329 15
C 330 8
C 331 11
C 332 8
C 333 11
C 334 11
C 335 12
C 336 0
C 337 14
C 338 23
C 339 3
C 340 15
C 341 21
C 342 5
C 343 17
C 344 10
C 345 4
C 346 20
C 347 21
C 348 25
C 349 21
C 350 3
C 351 8
C 352 20
C 353 11
C 354 5
C 355 2
C 356 23
C 357 4
C 358 21
C 359 5
C 360 17
C 361 4
C 362 18
C 363 22
C 364 11
C 365 19
C 366 20
C 367 6
C 368 2
C 369 19
C 370 20
C 371 2
C 372 7
C 373 3
C 374 8
C 375 20
C 376 26
C 377 14
I 0 2 3 (3,3,2) (-1,-1,-1,0)|(1,1,1,0)|(-1,1,-1,0)|(0,1,1,0)|(1,-1,1,0)
I 5 1 4 (0,0,4) (0,-1,0,0)
I 0 3 18 (4,3,2) (-1,0,1,0)
