D (13,-1,-1) (0,4,1)
D (11,12,13) (0,0,1)
D (11,-1,-1) (3,4,3)
D (8,9,10) (3,0,2)
D (10,-1,-1) (4,2,2)
D (8,9,-1) (4,0,2)
D (13,-1,-1) (3,2,3)
D (12,13,-1) (4,4,2)
D (13,-1,-1) (2,1,4)
D (8,9,-1) (4,5,5)
D (6,-1,-1) (1,5,3)
D (10,11,12) (3,3,1)
D (13,-1,-1) (0,0,3)
D (10,11,12) (1,4,5)
D (12,-1,-1) (1,1,2)
D (13,-1,-1) (1,0,3)
D (12,13,-1) (5,0,1)
D (6,-1,-1) (0,0,4)
D (8,9,10) (3,0,5)
D (8,-1,-1) (3,0,1)
D (9,10,-1) (2,5,4)
D (12,13,-1) (4,0,1)
D (9,10,11) (3,2,5)
D (11,12,-1) (0,4,4)
D (7,8,-1) (2,5,5)
D (11,12,13) (0,4,2)
D (6,7,8) (0,3,2)
D (8,9,-1) (0,3,4)
D (6,7,-1) (2,5,2)
D (9,10,11) (4,1,0)
D (10,11,12) (2,5,3)
D (12,13,-1) (3,4,1)
D (11,12,13) (1,4,4)
D (9,-1,-1) (1,2,5)
D (9,10,-1) (4,2,3)
D (7,-1,-1) (3,4,5)
D (10,11,-1) (3,2,1)
D (9,-1,-1) (1,5,1)
D (13,-1,-1) (5,3,2)
D (10,-1,-1) (4,4,5)
D (13,-1,-1) (5,5,4)
D (12,13,-1) (3,1,5)
D (8,9,-1) (4,4,0)
D (10,-1,-1) (3,2,4)
D (13,-1,-1) (3,1,4)
D (6,-1,-1) (3,3,0)
D (8,-1,-1) (4,1,4)
D (7,8,9) (4,0,4)
D (13,-1,-1) (1,0,4)
D (8,-1,-1) (1,4,2)
D (11,-1,-1) (0,1,2)
D (8,-1,-1) (3,5,4)
D (12,13,-1) (3,0,3)
D (8,-1,-1) (4,3,1)
D (9,10,-1) (1,3,2)
C 0 7
C 1 14
C 2 19
C 3 20
C 4 14
C 5 21
C 6 4
C 7 0
C 8 0
C 9 0
C 10 12
C 11 20
C 12 10
C 13 3
C 14 6
C 15 8
C 16 11
C 17 20
C 18 2
C 19 2
C 20 19
C 21 24
C 22 4
C 23 4
C 24 4
C 25 9
C 26 8
C 27 3
C 28 25
C 29 14
C 30 8
C 31 2
C 32 22
C 33 25
C 34 19
C 35 23
C 36 1
C 37 1
C 38 15
C 39 7
C 40 15
C 41 5
C 42 1
C 43 19
C 44 19
C 45 11
C 46 0
C 47 2
C 48 2
C 49 18
C 50 14
C 51 10
C 52 20
C 53 26
C 54 10
C 55 25
C 56 25
C 57 25
C 58 19
C 59 22
C 60 12
C 61 2
C 62 21
C 63 20
C 64 9
C 65 21
C 66 2
C 67 0
C 68 12
C 69 18
C 70 15
C 71 7
C 72 22
C 73 26
C 74 12
C 75 22
C 76 4
C 77 15
C 78 16
C 79 7
C 80 7
C 81 10
C 82 21
C 83 1
C 84 4
C 85 12
C 86 0
C 87 16
C 88 0
C 89 16
C 90 24
C 91 24
C 92 6
C 93 22
C 94 22
C 95 6
C 96 8
C 97 14
C 98 23
C 99 17
C 100 8
C 101 16
C 102 4
C 103 7
C 104 2
C 105 11
C 106 12
C 107 21
C 108 21
C 109 12
C 110 4
C 111 8
C 112 9
C 113 14
C 114 24
C 115 25
C 116 10
C 117 7
C 118 25
C 119 20
C 120 18
C 121 5
C 122 20
C 123 26
C 124 6
C 125 2
C 126 5
C 127 2
C 128 14
C 129 11
C 130 20
C 131 12
C 132 7
C 133 17
C 134 12
C 135 23
C 136 10
C 137 20
C 138 14
C 139 22
C 140 14
C 141 20
C 142 24
C 143 15
C 144 17
C 145 4
C 146 12
C 147 9
C 148 25
C 149 6
C 150 10
C 151 18
C 152 23
C 153 0
C 154 16
C 155 15
C 156 3
C 157 26
C 158 17
C 159 0
C 160 0
C 161 0
C 162 0
C 163 0
C 164 0
C 165 0
C 166 0
C 167 0
C 168 0
C 169 0
C 170 0
C 171 0
C 172 0
C 173 0
C 174 0
C 175 0
C 176 0
C 177 0
C 178 0
C 179 0
C 180 0
C 181 0
C 182 0
C 183 0
C 184 0
C 185 0
C 186 0
C 187 0
C 188 0
C 189 0
C 190 0
C 191 0
C 192 0
C 193 0
C 194 0
C 195 0
C 196 0
C 197 0
C 198 0
C 199 0
C 200 0
C 201 0
C 202 0
C 203 0
C 204 0
C 205 0
C 206 0
C 207 0
C 208 0
C 209 0
C 210 0
C 211 0
C 212 0
C 213 0
C 214 0
C 215 0
C 216 0
C 217 0
C 218 0
C 219 0
C 220 0
C 221 0
C 222 0
C 223 0
C 224 0
C 225 0
C 226 0
C 227 0
C 228 0
C 229 0
C 230 0
C 231 0
C 232 0
C 233 0
C 234 0
C 235 0
C 236 0
C 237 0
C 238 0
C 239 0
C 240 0
C 241 0
C 242 0
C 243 0
C 244 0
C 245 0
C 246 0
C 247 0
C 248 0
C 249 0
C 250 0
C 251 0
C 252 0
C 253 0
C 254 0
C 255 0
C 256 0
C 257 0
C 258 0
C 259 0
C 260 0
C 261 0
C 262 0
C 263 0
C 264 0
C 265 0
C 266 0
C 267 0
C 268 0
C 269 0
C 270 0
C 271 0
C 272 11
C 273 18
C 274 6
C 275 11
C 276 17
C 277 1
C 278 15
C 279 1
C 280 1
C 281 23
C 282 25
C 283 21
C 284 14
C 285 24
C 286 3
C 287 5
C 288 17
C 289 14
C 290 11
C 291 10
C 292 4
C 293 22
C 294 9
C 295 15
C 296 7
C 297 15
C 298 25
C 299 16
C 300 20
C 301 23
C 302 3
C 303 21
C 304 16
C 305 16
C 306 10
C 307 26
C 308 14
C 309 18
C 310 26
C 311 2
C 312 10
C 313 17
C 314 9
C 315 19
C 316 16
C 317 8
C 318 15
C 319 23
C 320 14
C 321 21
C 322 21
C 323 24
C 324 21
C 325 1
C 326 3
C 327 10
C 328 24
C 329 4
C 330 25
C 331 6
C 332 8
C 333 2
C 334 24
C 335 11
C 336 22
C 337 24
C 338 10
C 339 2
C 340 24
C 341 14
C 342 17
C 343 24
C 344 20
C 345 12
C 346 14
C 347 17
C 348 1
C 349 18
C 350 14
C 351 23
C 352 18
C 353 22
C 354 7
C 355 25
C 356 25
C 357 6
C 358 15
C 359 6
C 360 4
C 361 26
C 362 18
C 363 23
C 364 24
C 365 14
C 366 8
C 367 1
C 368 1
C 369 2
C 370 4
C 371 5
C 372 7
C 373 25
C 374 2
C 375 0
C 376 5
C 377 5
I 5 1 2 (2,0,2) (-1,-1,-1,0)
I 0 1 1 (3,1,3) (1,0,-1,0)
I 0 1 16 (2,3,4) (-1,0,-1,0)
