D (12,-1,-1) (0,4,5)
D (7,8,9) (5,3,1)
D (8,9,-1) (3,4,4)
D (6,7,-1) (3,4,0)
D (8,9,-1) (3,5,5)
D (9,10,-1) (5,3,0)
D (9,-1,-1) (4,4,5)
D (10,11,-1) (3,4,3)
D (11,12,-1) (2,2,1)
D (11,12,13) (4,4,0)
D (6,7,-1) (2,2,3)
D (10,11,-1) (1,5,1)
D (13,-1,-1) (5,5,0)
D (13,-1,-1) (2,0,2)
D (11,12,-1) (4,1,0)
D (12,13,-1) (3,3,0)
D (7,8,-1) (3,0,4)
D (9,10,11) (1,5,0)
D (9,10,-1) (0,5,2)
D (9,-1,-1) (3,0,2)
D (7,8,9) (4,3,3)
D (6,7,8) (1,1,2)
D (13,-1,-1) (3,3,5)
D (13,-1,-1) (0,1,4)
D (6,-1,-1) (4,4,1)
D (9,10,-1) (1,0,3)
D (13,-1,-1) (0,5,3)
D (12,-1,-1) (0,3,3)
D (12,13,-1) (3,5,0)
D (12,13,-1) (5,4,1)
D (9,10,-1) (0,3,4)
D (13,-1,-1) (2,3,2)
D (10,-1,-1) (2,2,4)
D (10,11,12) (4,2,3)
D (11,-1,-1) (3,0,5)
D (12,13,-1) (2,4,1)
D (10,-1,-1) (0,5,1)
D (11,12,13) (3,2,3)
D (8,9,10) (0,0,4)
D (6,-1,-1) (3,3,4)
D (6,7,-1) (0,1,3)
D (6,7,-1) (2,3,1)
D (6,7,8) (2,1,4)
D (12,13,-1) (0,4,2)
D (13,-1,-1) (5,5,3)
D (9,10,11) (2,0,1)
D (11,-1,-1) (3,1,5)
D (6,7,-1) (1,5,2)
D (10,11,12) (1,0,4)
D (6,-1,-1) (0,3,2)
D (9,10,-1) (0,4,3)
D (10,11,-1) (2,1,2)
D (11,12,13) (1,2,4)
D (9,10,-1) (4,5,0)
C 0 25
C 1 22
C 2 26
C 3 26
C 4 23
C 5 19
C 6 4
C 7 23
C 8 19
C 9 20
C 10 0
C 11 5
C 12 20
C 13 3
C 14 3
C 15 22
C 16 19
C 17 6
C 18 0
C 19 0
C 20 5
C 21 11
C 22 4
C 23 1
C 24 9
C 25 24
C 26 10
C 27 11
C 28 0
C 29 0
C 30 0
C 31 0
C 32 0
C 33 0
C 34 0
C 35 0
C 36 0
C 37 0
C 38 0
C 39 0
C 40 0
C 41 0
C 42 0
C 43 0
C 44 0
C 45 0
C 46 0
C 47 0
C 48 0
C 49 0
C 50 0
C 51 0
C 52 0
C 53 0
C 54 0
C 55 0
C 56 0
C 57 0
C 58 0
C 59 0
C 60 14
C 61 2
C 62 5
C 63 2
C 64 21
C 65 3
C 66 2
C 67 19
C 68 2
C 69 21
C 70 25
C 71 9
C 72 17
C 73 3
C 74 1
C 75 3
C 76 10
C 77 5
C 78 24
C 79 16
C 80 0
C 81 15
C 82 17
C 83 10
C 84 4
C 85 24
C 86 0
C 87 0
C 88 17
C 89 17
C 90 0
C 91 4
C 92 24
C 93 25
C 94 5
C 95 26
C 96 0
C 97 12
C 98 0
C 99 4
C 100 3
C 101 7
C 102 23
C 103 16
C 104 8
C 105 3
C 106 8
C 107 4
C 108 25
C 109 0
C 110 25
C 111 8
C 112 24
C 113 3
C 114 26
C 115 16
C 116 2
C 117 11
C 118 18
C 119 22
C 120 19
C 121 11
C 122 9
C 123 26
C 124 23
C 125 3
C 126 25
C 127 7
C 128 22
C 129 1
C 130 21
C 131 17
C 132 20
C 133 0
C 134 8
C 135 12
C 136 0
C 137 25
C 138 22
C 139 8
C 140 6
C 141 21
C 142 19
C 143 10
C 144 21
C 145 22
C 146 11
C 147 6
C 148 17
C 149 8
C 150 16
C 151 15
C 152 7
C 153 7
C 154 8
C 155 4
C 156 20
C 157 7
C 158 4
C 159 21
C 160 3
C 161 23
C 162 9
C 163 21
C 164 4
C 165 12
C 166 22
C 167 4
C 168 6
C 169 26
C 170 15
C 171 21
C 172 4
C 173 12
C 174 12
C 175 7
C 176 10
C 177 22
C 178 0
C 179 8
C 180 0
C 181 0
C 182 18
C 183 0
C 184 1
C 185 14
C 186 20
C 187 11
C 188 14
C 189 14
C 190 0
C 191 0
C 192 0
C 193 0
C 194 0
C 195 0
C 196 0
C 197 0
C 198 0
C 199 0
C 200 0
C 201 0
C 202 0
C 203 0
C 204 0
C 205 0
C 206 0
C 207 0
C 208 0
C 209 0
C 210 0
C 211 0
C 212 0
C 213 0
C 214 0
C 215 0
C 216 0
C 217 0
C 218 0
C 219 0
C 220 0
C 221 0
C 222 0
C 223 0
C 224 0
C 225 0
C 226 0
C 227 0
C 228 0
C 229 0
C 230 0
C 231 0
C 232 0
C 233 0
C 234 0
C 235 0
C 236 0
C 237 0
C 238 0
C 239 0
C 240 0
C 241 0
C 242 0
C 243 0
C 244 0
C 245 0
C 246 0
C 247 0
C 248 0
C 249 0
C 250 0
C 251 0
C 252 0
C 253 0
C 254 0
C 255 0
C 256 0
C 257 0
C 258 0
C 259 0
C 260 0
C 261 0
C 262 0
C 263 0
C 264 0
C 265 0
C 266 0
C 267 0
C 268 0
C 269 0
C 270 0
C 271 0
C 272 0
C 273 0
C 274 3
C 275 16
C 276 25
C 277 22
C 278 5
C 279 12
C 280 6
C 281 5
C 282 5
C 283 18
C 284 9
C 285 12
C 286 1
C 287 3
C 288 23
C 289 19
C 290 24
C 291 3
C 292 10
C 293 18
C 294 9
C 295 19
C 296 24
C 297 9
C 298 22
C 299 9
C 300 6
C 301 12
C 302 24
C 303 24
C 304 5
C 305 2
C 306 23
C 307 22
C 308 16
C 309 22
C 310 11
C 311 11
C 312 10
C 313 8
C 314 9
C 315 21
C 316 1
C 317 0
C 318 22
C 319 8
C 320 12
C 321 11
C 322 26
C 323 12
C 324 0
C 325 5
C 326 25
C 327 4
C 328 17
C 329 22
C 330 16
C 331 0
C 332 5
C 333 12
C 334 10
C 335 5
C 336 8
C 337 5
C 338 19
C 339 25
C 340 26
C 341 0
C 342 17
C 343 24
C 344 20
C 345 16
C 346 4
C 347 15
C 348 12
C 349 22
C 350 19
C 351 1
C 352 17
C 353 26
C 354 24
C 355 6
C 356 4
C 357 7
C 358 6
C 359 24
C 360 25
C 361 9
C 362 26
C 363 16
C 364 22
C 365 22
C 366 1
C 367 19
C 368 7
C 369 8
C 370 18
C 371 24
C 372 6
C 373 24
C 374 6
C 375 15
C 376 17
C 377 25
I 0 2 13 (5,4,2) (-1,-1,-1,0)|(0,0,0,0)|(-1,-1,-1,0)|(1,-1,0,0)|(0,-1,1,0)
I 4 1 17 (5,4,2) (-1,-1,1,0)
I 5 1 8 (0,2,0) (-1,0,-1,0)
