D (12,13,-1) (1,4,3)
D (6,7,-1) (1,0,0)
D (9,-1,-1) (1,0,5)
D (11,12,-1) (3,0,0)
D (6,7,8) (4,0,1)
D (9,-1,-1) (3,4,5)
D (11,12,-1) (5,3,1)
D (9,10,11) (3,3,2)
D (6,7,-1) (1,5,3)
D (7,8,-1) (2,2,1)
D (13,-1,-1) (4,5,1)
D (9,10,11) (1,4,2)
D (9,10,11) (1,2,4)
D (12,13,-1) (1,2,5)
D (6,7,8) (3,5,1)
D (13,-1,-1) (4,1,4)
D (13,-1,-1) (0,0,4)
D (13,-1,-1) (5,0,2)
D (11,-1,-1) (4,4,3)
D (10,11,-1) (0,4,4)
D (10,-1,-1) (5,1,0)
D (8,-1,-1) (1,3,1)
D (11,-1,-1) (5,2,0)
D (9,10,11) (0,5,5)
D (13,-1,-1) (3,4,2)
D (13,-1,-1) (2,4,0)
D (10,11,12) (4,3,3)
D (8,9,10) (1,4,0)
D (11,12,13) (1,1,2)
D (6,7,8) (2,4,3)
D (8,9,10) (3,0,1)
C 0 5
C 1 0
C 2 0
C 3 0
C 4 0
C 5 0
C 6 0
C 7 0
C 8 0
C 9 0
C 10 0
C 11 0
C 12 0
C 13 0
C 14 0
C 15 0
C 16 0
C 17 0
C 18 0
C 19 0
C 20 0
C 21 0
C 22 0
C 23 0
C 24 0
C 25 0
C 26 0
C 27 0
C 28 0
C 29 0
C 30 24
C 31 14
C 32 11
C 33 3
C 34 7
C 35 6
C 36 8
C 37 26
C 38 24
C 39 16
C 40 22
C 41 0
C 42 0
C 43 0
C 44 0
C 45 0
C 46 0
C 47 0
C 48 0
C 49 0
C 50 0
C 51 0
C 52 0
C 53 0
C 54 0
C 55 0
C 56 0
C 57 0
C 58 0
C 59 0
C 60 0
C 61 0
C 62 0
C 63 0
C 64 0
C 65 0
C 66 0
C 67 0
C 68 0
C 69 0
C 70 0
C 71 0
C 72 0
C 73 0
C 74 0
C 75 0
C 76 0
C 77 0
C 78 0
C 79 0
C 80 0
C 81 0
C 82 0
C 83 0
C 84 0
C 85 0
C 86 0
C 87 0
C 88 0
C 89 0
C 90 0
C 91 0
C 92 0
C 93 0
C 94 0
C 95 0
C 96 0
C 97 0
C 98 0
C 99 0
C 100 0
C 101 0
C 102 0
C 103 4
C 104 1
C 105 25
C 106 6
C 107 17
C 108 6
C 109 23
C 110 25
C 111 3
C 112 9
C 113 12
C 114 22
C 115 17
C 116 3
C 117 0
C 118 25
C 119 21
C 120 11
C 121 1
C 122 8
C 123 17
C 124 2
C 125 5
C 126 14
C 127 0
C 128 0
C 129 0
C 130 0
C 131 0
C 132 0
C 133 0
C 134 0
C 135 0
C 136 0
C 137 0
C 138 0
C 139 0
C 140 0
C 141 0
C 142 0
C 143 0
C 144 0
C 145 0
C 146 0
C 147 0
C 148 0
C 149 0
C 150 0
C 151 0
C 152 0
C 153 0
C 154 0
C 155 0
C 156 0
C 157 0
C 158 0
C 159 0
C 160 0
C 161 0
C 162 0
C 163 0
C 164 0
C 165 0
C 166 0
C 167 0
C 168 0
C 169 0
C 170 0
C 171 0
C 172 0
C 173 0
C 174 0
C 175 0
C 176 0
C 177 0
C 178 0
C 179 0
C 180 0
C 181 0
C 182 0
C 183 0
C 184 0
C 185 0
C 186 0
C 187 0
C 188 0
C 189 0
C 190 0
C 191 0
C 192 0
C 193 0
C 194 0
C 195 0
C 196 0
C 197 0
C 198 0
C 199 0
C 200 0
C 201 0
C 202 0
C 203 0
C 204 0
C 205 0
C 206 0
C 207 0
C 208 0
C 209 0
C 210 14
C 211 6
C 212 0
C 213 0
C 214 0
C 215 0
C 216 0
C 217 14
C 218 12
C 219 3
C 220 14
C 221 0
C 222 4
C 223 8
C 224 9
C 225 25
C 226 2
C 227 10
C 228 10
C 229 9
C 230 0
C 231 11
C 232 8
C 233 8
C 234 16
C 235 20
C 236 6
C 237 7
C 238 19
C 239 4
C 240 1
C 241 5
C 242 3
C 243 15
C 244 4
C 245 20
C 246 0
C 247 0
C 248 0
C 249 0
C 250 0
C 251 0
C 252 0
C 253 0
C 254 0
C 255 0
C 256 0
C 257 0
C 258 0
C 259 0
C 260 0
C 261 0
C 262 0
C 263 0
C 264 0
C 265 0
C 266 3
C 267 24
C 268 11
C 269 14
C 270 21
C 271 15
C 272 4
C 273 21
C 274 20
C 275 20
C 276 2
C 277 18
C 278 19
C 279 2
C 280 16
C 281 18
C 282 20
C 283 11
C 284 25
C 285 8
C 286 14
C 287 23
C 288 21
C 289 12
C 290 2
C 291 9
C 292 10
C 293 11
C 294 14
C 295 16
C 296 6
C 297 14
C 298 18
C 299 2
C 300 15
C 301 4
C 302 19
C 303 19
C 304 6
C 305 26
C 306 7
C 307 2
C 308 23
C 309 24
C 310 26
C 311 5
C 312 5
C 313 7
C 314 11
C 315 12
C 316 22
C 317 3
C 318 3
C 319 23
C 320 2
C 321 2
C 322 1
C 323 5
C 324 7
C 325 22
C 326 23
C 327 9
C 328 0
C 329 3
C 330 23
C 331 8
C 332 1
C 333 2
C 334 20
C 335 21
C 336 2
C 337 1
C 338 4
C 339 9
C 340 7
C 341 1
C 342 15
C 343 18
C 344 3
C 345 0
C 346 15
C 347 7
C 348 2
C 349 12
C 350 16
C 351 4
C 352 25
C 353 8
C 354 26
C 355 12
C 356 14
C 357 8
C 358 9
C 359 6
C 360 16
C 361 0
C 362 0
C 363 0
C 364 0
C 365 0
C 366 0
C 367 0
C 368 0
C 369 6
C 370 19
C 371 17
C 372 20
C 373 10
C 374 15
C 375 3
C 376 10
C 377 4
I 0 1 17 (0,2,3) (1,1,0,0)
I 3 2 8 (4,2,3) (1,-1,0,0)
