D (8,-1,-1) (4,2,4)
D (11,-1,-1) (3,5,4)
D (12,13,-1) (5,5,4)
D (9,10,11) (2,5,5)
D (10,-1,-1) (5,0,5)
D (12,13,-1) (1,4,3)
D (12,13,-1) (0,5,3)
D (10,-1,-1) (4,4,5)
D (12,13,-1) (4,0,4)
D (12,13,-1) (4,3,0)
D (11,12,13) (2,2,2)
D (7,8,-1) (2,1,2)
D (11,-1,-1) (3,5,0)
D (6,7,8) (4,0,5)
D (10,11,12) (5,2,4)
D (12,13,-1) (1,1,3)
D (8,-1,-1) (1,2,3)
D (11,12,13) (0,3,1)
D (8,9,-1) (4,1,5)
D (8,9,10) (5,3,2)
D (10,11,12) (1,3,1)
D (8,9,10) (2,5,4)
D (7,8,9) (4,2,5)
D (8,-1,-1) (5,2,1)
D (6,7,8) (0,2,4)
D (10,11,12) (0,0,4)
D (10,-1,-1) (3,4,5)
D (13,-1,-1) (1,5,2)
D (9,-1,-1) (2,0,1)
D (9,10,11) (0,5,0)
D (6,7,-1) (5,0,4)
D (11,-1,-1) (0,2,5)
D (9,-1,-1) (3,3,3)
D (10,11,-1) (0,0,0)
D (9,-1,-1) (5,3,4)
D (6,7,8) (1,2,4)
D (10,-1,-1) (2,2,0)
D (12,-1,-1) (5,3,3)
C 0 3
C 1 25
C 2 20
C 3 1
C 4 22
C 5 21
C 6 20
C 7 9
C 8 18
C 9 6
C 10 15
C 11 15
C 12 10
C 13 0
C 14 0
C 15 0
C 16 0
C 17 0
C 18 0
C 19 0
C 20 0
C 21 0
C 22 0
C 23 0
C 24 0
C 25 0
C 26 0
C 27 0
C 28 0
C 29 0
C 30 0
C 31 0
C 32 0
C 33 0
C 34 0
C 35 0
C 36 0
C 37 0
C 38 0
C 39 0
C 40 0
C 41 0
C 42 0
C 43 0
C 44 0
C 45 0
C 46 0
C 47 0
C 48 0
C 49 0
C 50 0
C 51 0
C 52 0
C 53 0
C 54 0
C 55 0
C 56 0
C 57 0
C 58 0
C 59 0
C 60 0
C 61 0
C 62 0
C 63 0
C 64 0
C 65 0
C 66 0
C 67 0
C 68 0
C 69 0
C 70 0
C 71 0
C 72 0
C 73 0
C 74 0
C 75 0
C 76 0
C 77 0
C 78 0
C 79 0
C 80 0
C 81 0
C 82 0
C 83 0
C 84 0
C 85 0
C 86 0
C 87 0
C 88 0
C 89 0
C 90 0
C 91 0
C 92 15
C 93 6
C 94 17
C 95 21
C 96 0
C 97 0
C 98 0
C 99 0
C 100 0
C 101 0
C 102 0
C 103 0
C 104 0
C 105 0
C 106 0
C 107 0
C 108 0
C 109 0
C 110 0
C 111 0
C 112 0
C 113 0
C 114 0
C 115 0
C 116 0
C 117 0
C 118 0
C 119 0
C 120 0
C 121 0
C 122 0
C 123 0
C 124 0
C 125 0
C 126 0
C 127 0
C 128 0
C 129 0
C 130 0
C 131 0
C 132 0
C 133 0
C 134 0
C 135 0
C 136 0
C 137 0
C 138 0
C 139 0
C 140 0
C 141 0
C 142 0
C 143 0
C 144 0
C 145 0
C 146 0
C 147 0
C 148 5
C 149 0
C 150 0
C 151 0
C 152 0
C 153 0
C 154 0
C 155 0
C 156 0
C 157 0
C 158 0
C 159 0
C 160 0
C 161 0
C 162 0
C 163 22
C 164 14
C 165 11
C 166 7
C 167 2
C 168 20
C 169 20
C 170 2
C 171 17
C 172 15
C 173 11
C 174 25
C 175 14
C 176 7
C 177 5
C 178 7
C 179 6
C 180 26
C 181 19
C 182 26
C 183 18
C 184 7
C 185 0
C 186 0
C 187 0
C 188 0
C 189 0
C 190 0
C 191 0
C 192 0
C 193 0
C 194 0
C 195 0
C 196 0
C 197 0
C 198 0
C 199 0
C 200 0
C 201 0
C 202 0
C 203 0
C 204 0
C 205 0
C 206 0
C 207 0
C 208 0
C 209 0
C 210 0
C 211 0
C 212 0
C 213 0
C 214 0
C 215 0
C 216 0
C 217 0
C 218 0
C 219 0
C 220 0
C 221 0
C 222 0
C 223 0
C 224 0
C 225 0
C 226 0
C 227 0
C 228 0
C 229 0
C 230 0
C 231 0
C 232 0
C 233 0
C 234 0
C 235 0
C 236 0
C 237 0
C 238 0
C 239 0
C 240 0
C 241 0
C 242 0
C 243 0
C 244 0
C 245 0
C 246 0
C 247 0
C 248 0
C 249 0
C 250 0
C 251 3
C 252 14
C 253 18
C 254 12
C 255 23
C 256 19
C 257 16
C 258 15
C 259 9
C 260 10
C 261 26
C 262 6
C 263 0
C 264 24
C 265 23
C 266 9
C 267 4
C 268 17
C 269 25
C 270 20
C 271 12
C 272 8
C 273 20
C 274 3
C 275 17
C 276 23
C 277 22
C 278 26
C 279 26
C 280 15
C 281 5
C 282 0
C 283 0
C 284 0
C 285 0
C 286 0
C 287 0
C 288 0
C 289 0
C 290 0
C 291 0
C 292 0
C 293 0
C 294 0
C 295 0
C 296 0
C 297 0
C 298 0
C 299 0
C 300 0
C 301 0
C 302 0
C 303 0
C 304 0
C 305 0
C 306 0
C 307 0
C 308 0
C 309 0
C 310 0
C 311 0
C 312 0
C 313 0
C 314 0
C 315 0
C 316 0
C 317 0
C 318 0
C 319 0
C 320 0
C 321 0
C 322 0
C 323 0
C 324 0
C 325 0
C 326 0
C 327 0
C 328 0
C 329 1
C 330 0
C 331 3
C 332 19
C 333 12
C 334 10
C 335 6
C 336 10
C 337 8
C 338 12
C 339 17
C 340 20
C 341 14
C 342 20
C 343 9
C 344 10
C 345 16
C 346 4
C 347 10
C 348 23
C 349 7
C 350 10
C 351 16
C 352 3
C 353 18
C 354 23
C 355 15
C 356 14
C 357 0
C 358 6
C 359 19
C 360 17
C 361 22
C 362 10
C 363 10
C 364 1
C 365 12
C 366 1
C 367 2
C 368 1
C 369 22
C 370 25
C 371 22
C 372 10
C 373 19
C 374 19
C 375 9
C 376 25
C 377 26
I 0 1 19 (2,2,3) (-1,1,-1,0)|(0,1,-1,0)|(1,-1,-1,0)
I 5 3 7 (5,4,4) (1,1,-1,0)|(1,1,1,0)
I 2 3 20 (2,1,4) (-1,1,0,0)|(-1,0,0,0)|(1,0,1,0)
