D (9,10,11) (4,0,1)
D (10,11,-1) (0,3,2)
D (10,11,-1) (4,4,4)
D (13,-1,-1) (4,1,3)
D (12,13,-1) (2,3,3)
D (13,-1,-1) (0,0,3)
D (8,9,10) (3,1,4)
D (13,-1,-1) (0,2,5)
D (8,9,-1) (5,0,0)
D (9,10,11) (2,4,0)
D (6,-1,-1) (5,3,0)
D (13,-1,-1) (3,2,5)
D (7,8,-1) (1,1,5)
D (9,10,-1) (5,5,0)
D (13,-1,-1) (5,4,4)
D (9,-1,-1) (4,1,5)
D (11,12,13) (5,1,0)
D (7,8,9) (3,2,4)
D (11,12,-1) (0,0,1)
D (7,-1,-1) (2,1,1)
D (6,-1,-1) (4,3,4)
D (7,8,-1) (0,3,1)
D (13,-1,-1) (2,0,4)
D (13,-1,-1) (1,0,1)
D (10,-1,-1) (4,3,0)
D (10,11,-1) (1,4,4)
D (8,-1,-1) (5,0,1)
D (10,-1,-1) (2,1,4)
D (11,12,13) (3,2,3)
D (11,12,13) (0,5,3)
D (9,10,11) (3,4,1)
D (13,-1,-1) (4,2,4)
D (6,7,8) (1,4,1)
D (9,-1,-1) (2,2,4)
D (11,12,-1) (5,4,2)
D (9,10,11) (1,1,4)
D (7,8,-1) (2,1,0)
D (8,9,10) (4,2,1)
D (11,-1,-1) (5,1,3)
D (6,7,-1) (0,4,3)
D (8,9,-1) (1,2,5)
D (9,10,11) (1,4,5)
D (13,-1,-1) (2,3,2)
D (8,9,10) (3,1,5)
D (13,-1,-1) (4,2,3)
D (10,11,-1) (0,2,1)
D (12,-1,-1) (1,5,3)
C 0 3
C 1 10
C 2 7
C 3 24
C 4 3
C 5 19
C 6 18
C 7 8
C 8 18
C 9 15
C 10 22
C 11 7
C 12 22
C 13 8
C 14 2
C 15 4
C 16 8
C 17 25
C 18 26
C 19 11
C 20 11
C 21 6
C 22 11
C 23 20
C 24 1
C 25 3
C 26 26
C 27 3
C 28 23
C 29 17
C 30 10
C 31 25
C 32 12
C 33 15
C 34 1
C 35 20
C 36 2
C 37 17
C 38 8
C 39 3
C 40 10
C 41 26
C 42 23
C 43 0
C 44 9
C 45 14
C 46 11
C 47 8
C 48 20
C 49 5
C 50 17
C 51 26
C 52 26
C 53 2
C 54 21
C 55 4
C 56 9
C 57 10
C 58 11
C 59 17
C 60 21
C 61 23
C 62 0
C 63 26
C 64 4
C 65 3
C 66 21
C 67 9
C 68 15
C 69 5
C 70 16
C 71 6
C 72 26
C 73 5
C 74 15
C 75 9
C 76 22
C 77 24
C 78 3
C 79 3
C 80 11
C 81 12
C 82 1
C 83 0
C 84 0
C 85 0
C 86 0
C 87 0
C 88 0
C 89 0
C 90 0
C 91 0
C 92 0
C 93 0
C 94 0
C 95 0
C 96 0
C 97 0
C 98 0
C 99 0
C 100 0
C 101 0
C 102 0
C 103 0
C 104 0
C 105 0
C 106 0
C 107 0
C 108 0
C 109 0
C 110 0
C 111 0
C 112 0
C 113 0
C 114 0
C 115 0
C 116 0
C 117 0
C 118 0
C 119 0
C 120 0
C 121 0
C 122 0
C 123 0
C 124 0
C 125 0
C 126 0
C 127 0
C 128 0
C 129 0
C 130 0
C 131 0
C 132 0
C 133 0
C 134 0
C 135 0
C 136 0
C 137 0
C 138 11
C 139 2
C 140 19
C 141 25
C 142 4
C 143 8
C 144 4
C 145 17
C 146 2
C 147 22
C 148 0
C 149 7
C 150 21
C 151 6
C 152 20
C 153 15
C 154 22
C 155 24
C 156 0
C 157 0
C 158 0
C 159 0
C 160 0
C 161 0
C 162 0
C 163 0
C 164 0
C 165 0
C 166 0
C 167 0
C 168 0
C 169 0
C 170 0
C 171 0
C 172 0
C 173 0
C 174 0
C 175 0
C 176 0
C 177 0
C 178 0
C 179 0
C 180 0
C 181 0
C 182 0
C 183 0
C 184 0
C 185 0
C 186 0
C 187 0
C 188 0
C 189 0
C 190 0
C 191 11
C 192 0
C 193 2
C 194 7
C 195 4
C 196 20
C 197 4
C 198 9
C 199 4
C 200 24
C 201 18
C 202 23
C 203 23
C 204 0
C 205 17
C 206 16
C 207 19
C 208 26
C 209 12
C 210 12
C 211 11
C 212 25
C 213 26
C 214 4
C 215 5
C 216 7
C 217 3
C 218 14
C 219 6
C 220 2
C 221 1
C 222 23
C 223 1
C 224 19
C 225 22
C 226 20
C 227 21
C 228 1
C 229 6
C 230 7
C 231 5
C 232 25
C 233 7
C 234 19
C 235 16
C 236 19
C 237 5
C 238 25
C 239 26
C 240 1
C 241 18
C 242 15
C 243 26
C 244 2
C 245 6
C 246 15
C 247 8
C 248 24
C 249 1
C 250 8
C 251 11
C 252 7
C 253 23
C 254 22
C 255 17
C 256 18
C 257 8
C 258 22
C 259 2
C 260 22
C 261 8
C 262 0
C 263 4
C 264 11
C 265 18
C 266 9
C 267 10
C 268 26
C 269 5
C 270 23
C 271 8
C 272 23
C 273 7
C 274 26
C 275 26
C 276 21
C 277 15
C 278 21
C 279 7
C 280 0
C 281 1
C 282 2
C 283 3
C 284 0
C 285 24
C 286 20
C 287 2
C 288 8
C 289 22
C 290 8
C 291 2
C 292 0
C 293 0
C 294 0
C 295 0
C 296 0
C 297 0
C 298 0
C 299 0
C 300 0
C 301 0
C 302 0
C 303 0
C 304 0
C 305 0
C 306 0
C 307 22
C 308 9
C 309 25
C 310 19
C 311 15
C 312 19
C 313 8
C 314 17
C 315 0
C 316 11
C 317 17
C 318 25
C 319 23
C 320 17
C 321 12
C 322 19
C 323 23
C 324 2
C 325 3
C 326 18
C 327 24
C 328 4
C 329 19
C 330 4
C 331 0
C 332 3
C 333 14
C 334 20
C 335 21
C 336 1
C 337 5
C 338 20
C 339 4
C 340 26
C 341 16
C 342 18
C 343 17
C 344 0
C 345 2
C 346 5
C 347 26
C 348 11
C 349 12
C 350 26
C 351 22
C 352 9
C 353 26
C 354 3
C 355 21
C 356 7
C 357 18
C 358 3
C 359 0
C 360 20
C 361 12
C 362 7
C 363 6
C 364 4
C 365 19
C 366 8
C 367 5
C 368 23
C 369 24
C 370 3
C 371 20
C 372 2
C 373 25
C 374 6
C 375 22
C 376 10
C 377 10
I 0 1 13 (1,2,1) (0,1,0,0)|(0,-1,0,0)
I 4 2 10 (2,2,3) (0,1,0,0)
I 3 1 17 (1,2,1) (1,-1,1,0)|(0,-1,-1,0)
