D (12,-1,-1) (4,5,0)
D (13,-1,-1) (1,3,1)
D (13,-1,-1) (0,1,2)
D (12,13,-1) (4,2,2)
D (9,10,11) (3,1,2)
D (9,-1,-1) (5,3,3)
D (6,-1,-1) (3,3,5)
D (12,-1,-1) (3,2,4)
D (8,9,-1) (0,3,0)
D (8,9,-1) (2,4,1)
D (6,7,-1) (4,2,3)
D (9,10,11) (1,5,1)
D (11,12,13) (5,4,0)
D (6,7,-1) (5,2,0)
D (7,8,9) (4,0,0)
D (7,-1,-1) (3,4,3)
D (8,-1,-1) (2,2,2)
D (10,11,-1) (4,2,1)
D (10,12,-1) (0,1,0)
D (9,-1,-1) (2,3,1)
D (7,8,9) (2,4,5)
D (13,-1,-1) (2,1,5)
D (12,-1,-1) (0,1,5)
D (12,13,-1) (2,0,5)
D (11,12,-1) (0,2,3)
D (8,9,10) (4,0,1)
D (12,13,-1) (1,5,0)
D (11,12,13) (0,3,3)
D (8,9,10) (1,1,4)
D (7,8,-1) (4,3,4)
D (9,10,11) (3,0,2)
D (8,-1,-1) (2,4,4)
D (13,-1,-1) (0,5,0)
D (11,-1,-1) (1,4,4)
D (7,8,9) (1,1,2)
D (7,8,-1) (0,5,5)
D (7,8,9) (0,0,5)
D (12,13,-1) (3,4,2)
D (7,-1,-1) (5,4,4)
D (7,-1,-1) (4,3,3)
D (11,-1,-1) (5,0,4)
D (10,-1,-1) (1,0,1)
D (13,-1,-1) (0,0,1)
D (8,9,-1) (0,2,0)
D (7,8,9) (1,5,4)
D (12,-1,-1) (1,0,3)
D (10,-1,-1) (2,0,4)
D (10,11,-1) (0,2,1)
D (6,-1,-1) (2,5,5)
D (6,7,-1) (4,2,0)
D (7,8,-1) (5,0,3)
D (12,13,-1) (5,0,2)
D (6,7,8) (2,3,3)
D (6,7,8) (1,5,5)
D (10,-1,-1) (3,1,4)
D (7,8,-1) (4,0,3)
D (6,-1,-1) (0,4,1)
D (9,10,-1) (5,4,5)
D (12,13,-1) (2,3,2)
D (13,-1,-1) (0,4,3)
D (7,8,-1) (3,1,0)
D (13,-1,-1) (3,2,2)
D (9,10,11) (3,5,1)
D (12,13,-1) (4,0,2)
D (8,9,10) (5,5,1)
D (8,9,10) (3,0,5)
D (13,-1,-1) (2,2,3)
D (6,-1,-1) (3,2,0)
D (10,-1,-1) (0,1,3)
D (6,-1,-1) (4,5,5)
D (10,-1,-1) (5,1,0)
C 0 3
C 1 5
C 2 8
C 3 23
C 4 21
C 5 4
C 6 20
C 7 8
C 8 15
C 9 20
C 10 0
C 11 3
C 12 11
C 13 8
C 14 25
C 15 0
C 16 1
C 17 15
C 18 7
C 19 1
C 20 1
C 21 3
C 22 8
C 23 17
C 24 14
C 25 12
C 26 11
C 27 3
C 28 19
C 29 12
C 30 6
C 31 1
C 32 23
C 33 4
C 34 7
C 35 26
C 36 6
C 37 5
C 38 19
C 39 1
C 40 22
C 41 0
C 42 8
C 43 12
C 44 4
C 45 18
C 46 22
C 47 17
C 48 15
C 49 16
C 50 26
C 51 26
C 52 24
C 53 9
C 54 4
C 55 24
C 56 26
C 57 0
C 58 23
C 59 1
C 60 10
C 61 5
C 62 20
C 63 9
C 64 26
C 65 22
C 66 10
C 67 8
C 68 3
C 69 15
C 70 16
C 71 11
C 72 6
C 73 0
C 74 23
C 75 0
C 76 19
C 77 1
C 78 4
C 79 6
C 80 7
C 81 21
C 82 12
C 83 6
C 84 22
C 85 25
C 86 18
C 87 8
C 88 8
C 89 2
C 90 25
C 91 1
C 92 2
C 93 19
C 94 15
C 95 4
C 96 19
C 97 5
C 98 18
C 99 15
C 100 4
C 101 12
C 102 10
C 103 23
C 104 8
C 105 14
C 106 16
C 107 14
C 108 17
C 109 14
C 110 24
C 111 12
C 112 16
C 113 15
C 114 7
C 115 23
C 116 9
C 117 12
C 118 5
C 119 12
C 120 24
C 121 11
C 122 4
C 123 22
C 124 18
C 125 23
C 126 9
C 127 8
C 128 26
C 129 0
C 130 12
C 131 25
C 132 6
C 133 0
C 134 0
C 135 0
C 136 0
C 137 0
C 138 0
C 139 0
C 140 0
C 141 0
C 142 0
C 143 0
C 144 0
C 145 0
C 146 0
C 147 0
C 148 0
C 149 0
C 150 0
C 151 0
C 152 0
C 153 0
C 154 0
C 155 0
C 156 0
C 157 0
C 158 0
C 159 0
C 160 0
C 161 0
C 162 0
C 163 0
C 164 0
C 165 0
C 166 0
C 167 0
C 168 0
C 169 0
C 170 0
C 171 0
C 172 0
C 173 0
C 174 0
C 175 0
C 176 0
C 177 0
C 178 0
C 179 0
C 180 0
C 181 0
C 182 0
C 183 0
C 184 0
C 185 0
C 186 0
C 187 0
C 188 0
C 189 0
C 190 0
C 191 0
C 192 0
C 193 0
C 194 0
C 195 0
C 196 0
C 197 0
C 198 0
C 199 0
C 200 0
C 201 0
C 202 0
C 203 0
C 204 0
C 205 0
C 206 0
C 207 0
C 208 0
C 209 0
C 210 0
C 211 0
C 212 0
C 213 0
C 214 0
C 215 0
C 216 0
C 217 0
C 218 0
C 219 0
C 220 0
C 221 0
C 222 0
C 223 0
C 224 0
C 225 0
C 226 0
C 227 0
C 228 0
C 229 0
C 230 0
C 231 0
C 232 0
C 233 0
C 234 0
C 235 0
C 236 0
C 237 0
C 238 0
C 239 0
C 240 0
C 241 0
C 242 0
C 243 0
C 244 0
C 245 0
C 246 0
C 247 0
C 248 0
C 249 0
C 250 0
C 251 0
C 252 0
C 253 0
C 254 0
C 255 0
C 256 0
C 257 0
C 258 0
C 259 0
C 260 0
C 261 0
C 262 0
C 263 0
C 264 0
C 265 0
C 266 0
C 267 0
C 268 0
C 269 0
C 270 0
C 271 0
C 272 0
C 273 0
C 274 0
C 275 0
C 276 0
C 277 0
C 278 0
C 279 0
C 280 0
C 281 0
C 282 0
C 283 0
C 284 0
C 285 0
C 286 0
C 287 0
C 288 0
C 289 0
C 290 0
C 291 0
C 292 0
C 293 0
C 294 0
C 295 25
C 296 26
C 297 22
C 298 23
C 299 14
C 300 7
C 301 7
C 302 5
C 303 18
C 304 9
C 305 11
C 306 18
C 307 8
C 308 12
C 309 17
C 310 4
C 311 5
C 312 22
C 313 9
C 314 4
C 315 18
C 316 16
C 317 2
C 318 21
C 319 2
C 320 15
C 321 15
C 322 9
C 323 20
C 324 26
C 325 1
C 326 15
C 327 14
C 328 7
C 329 10
C 330 2
C 331 12
C 332 17
C 333 23
C 334 3
C 335 3
C 336 14
C 337 7
C 338 22
C 339 8
C 340 19
C 341 7
C 342 19
C 343 10
C 344 10
C 345 23
C 346 20
C 347 21
C 348 14
C 349 4
C 350 26
C 351 22
C 352 18
C 353 11
C 354 9
C 355 24
C 356 12
C 357 8
C 358 14
C 359 0
C 360 5
C 361 17
C 362 16
C 363 17
C 364 4
C 365 24
C 366 22
C 367 23
C 368 9
C 369 12
C 370 26
C 371 10
C 372 5
C 373 22
C 374 12
C 375 0
C 376 25
C 377 18
I 0 3 4 (4,4,3) (-1,-1,1,0)|(0,1,-1,0)|(1,0,-1,0)|(0,0,-1,0)
I 3 2 2 (1,2,1) (1,0,-1,0)|(0,-1,1,0)
I 5 1 4 (4,2,2) (1,0,0,0)
