D (11,-1,-1) (2,4,3)
D (9,10,-1) (3,1,3)
D (6,-1,-1) (0,0,2)
D (8,9,10) (4,3,3)
D (6,-1,-1) (4,5,3)
D (10,11,-1) (1,0,0)
D (8,9,10) (4,4,5)
D (11,-1,-1) (4,3,4)
D (8,9,-1) (2,5,0)
D (13,-1,-1) (2,5,3)
D (8,-1,-1) (0,0,3)
D (9,-1,-1) (0,1,0)
D (13,-1,-1) (4,3,5)
D (9,10,11) (0,5,4)
D (6,-1,-1) (1,3,1)
D (13,-1,-1) (1,2,1)
D (10,-1,-1) (1,4,2)
D (8,9,10) (0,5,5)
D (8,-1,-1) (2,2,2)
D (10,11,12) (4,2,3)
D (8,9,-1) (2,0,5)
D (11,12,13) (2,4,2)
D (12,13,-1) (1,3,2)
D (6,7,8) (3,0,2)
D (10,11,-1) (3,4,4)
D (11,12,-1) (4,2,4)
D (12,13,-1) (0,1,2)
D (8,-1,-1) (4,5,0)
D (13,-1,-1) (1,2,0)
D (10,-1,-1) (5,4,2)
D (13,-1,-1) (3,3,2)
D (13,-1,-1) (1,5,4)
C 0 7
C 1 2
C 2 17
C 3 15
C 4 0
C 5 21
C 6 4
C 7 8
C 8 19
C 9 19
C 10 14
C 11 9
C 12 10
C 13 12
C 14 8
C 15 24
C 16 21
C 17 19
C 18 21
C 19 26
C 20 22
C 21 24
C 22 23
C 23 16
C 24 20
C 25 11
C 26 11
C 27 11
C 28 1
C 29 4
C 30 0
C 31 21
C 32 11
C 33 17
C 34 19
C 35 21
C 36 24
C 37 12
C 38 10
C 39 21
C 40 15
C 41 4
C 42 14
C 43 11
C 44 1
C 45 7
C 46 10
C 47 24
C 48 6
C 49 22
C 50 25
C 51 6
C 52 25
C 53 0
C 54 3
C 55 21
C 56 18
C 57 15
C 58 22
C 59 25
C 60 19
C 61 16
C 62 14
C 63 7
C 64 7
C 65 7
C 66 11
C 67 26
C 68 24
C 69 15
C 70 10
C 71 7
C 72 1
C 73 0
C 74 0
C 75 0
C 76 0
C 77 7
C 78 3
C 79 22
C 80 25
C 81 22
C 82 8
C 83 20
C 84 8
C 85 18
C 86 0
C 87 20
C 88 20
C 89 20
C 90 15
C 91 5
C 92 1
C 93 8
C 94 0
C 95 16
C 96 10
C 97 12
C 98 12
C 99 9
C 100 11
C 101 7
C 102 20
C 103 1
C 104 24
C 105 6
C 106 22
C 107 17
C 108 20
C 109 19
C 110 25
C 111 1
C 112 7
C 113 4
C 114 11
C 115 6
C 116 11
C 117 10
C 118 12
C 119 2
C 120 19
C 121 10
C 122 26
C 123 10
C 124 14
C 125 4
C 126 1
C 127 14
C 128 22
C 129 16
C 130 14
C 131 2
C 132 17
C 133 16
C 134 2
C 135 22
C 136 14
C 137 14
C 138 22
C 139 19
C 140 22
C 141 18
C 142 25
C 143 6
C 144 25
C 145 7
C 146 12
C 147 2
C 148 19
C 149 26
C 150 26
C 151 7
C 152 17
C 153 3
C 154 26
C 155 20
C 156 21
C 157 22
C 158 14
C 159 22
C 160 26
C 161 26
C 162 21
C 163 23
C 164 12
C 165 26
C 166 24
C 167 26
C 168 8
C 169 10
C 170 10
C 171 18
C 172 18
C 173 3
C 174 21
C 175 15
C 176 0
C 177 8
C 178 20
C 179 25
C 180 17
C 181 11
C 182 7
C 183 26
C 184 20
C 185 17
C 186 16
C 187 19
C 188 24
C 189 9
C 190 26
C 191 20
C 192 3
C 193 3
C 194 15
C 195 9
C 196 17
C 197 17
C 198 25
C 199 2
C 200 24
C 201 10
C 202 18
C 203 2
C 204 12
C 205 22
C 206 0
C 207 20
C 208 12
C 209 20
C 210 0
C 211 6
C 212 7
C 213 3
C 214 20
C 215 8
C 216 25
C 217 24
C 218 19
C 219 4
C 220 2
C 221 24
C 222 20
C 223 11
C 224 4
C 225 9
C 226 17
C 227 18
C 228 3
C 229 18
C 230 15
C 231 22
C 232 10
C 233 4
C 234 14
C 235 8
C 236 14
C 237 23
C 238 7
C 239 10
C 240 11
C 241 22
C 242 7
C 243 0
C 244 19
C 245 26
C 246 2
C 247 6
C 248 6
C 249 24
C 250 12
C 251 3
C 252 4
C 253 17
C 254 15
C 255 5
C 256 15
C 257 19
C 258 16
C 259 6
C 260 5
C 261 15
C 262 5
C 263 18
C 264 0
C 265 11
C 266 20
C 267 17
C 268 17
C 269 25
C 270 19
C 271 19
C 272 25
C 273 14
C 274 5
C 275 16
C 276 7
C 277 1
C 278 10
C 279 26
C 280 22
C 281 15
C 282 11
C 283 16
C 284 4
C 285 21
C 286 21
C 287 18
C 288 18
C 289 1
C 290 2
C 291 7
C 292 12
C 293 12
C 294 18
C 295 5
C 296 22
C 297 10
C 298 9
C 299 23
C 300 26
C 301 26
C 302 14
C 303 20
C 304 23
C 305 1
C 306 11
C 307 5
C 308 15
C 309 26
C 310 12
C 311 10
C 312 0
C 313 0
C 314 0
C 315 0
C 316 0
C 317 0
C 318 0
C 319 0
C 320 0
C 321 0
C 322 0
C 323 0
C 324 0
C 325 0
C 326 0
C 327 0
C 328 0
C 329 0
C 330 0
C 331 0
C 332 0
C 333 0
C 334 0
C 335 0
C 336 0
C 337 0
C 338 0
C 339 0
C 340 0
C 341 0
C 342 0
C 343 0
C 344 0
C 345 0
C 346 0
C 347 0
C 348 0
C 349 0
C 350 0
C 351 0
C 352 0
C 353 0
C 354 0
C 355 0
C 356 0
C 357 0
C 358 0
C 359 0
C 360 0
C 361 0
C 362 0
C 363 0
C 364 0
C 365 0
C 366 7
C 367 6
C 368 1
C 369 23
C 370 15
C 371 0
C 372 0
C 373 1
C 374 21
C 375 21
C 376 21
C 377 17
I 4 3 18 (2,5,0) (1,1,0,0)|(1,1,0,0)|(-1,0,-1,0)
I 4 3 18 (2,5,0) (1,-1,0,0)|(1,1,0,0)|(-1,0,-1,0)|(0,1,1,0)
I 1 3 6 (1,0,4) (1,0,-1,0)
