D (12,13,-1) (3,3,0)
D (7,8,9) (1,0,3)
D (11,12,-1) (3,4,2)
D (7,-1,-1) (5,4,3)
D (12,13,-1) (3,0,1)
D (10,11,12) (1,4,2)
D (10,-1,-1) (4,4,5)
D (12,13,-1) (4,3,4)
D (7,-1,-1) (5,4,5)
D (12,-1,-1) (1,3,5)
D (6,7,-1) (1,2,3)
D (8,-1,-1) (3,5,3)
D (9,10,-1) (5,1,5)
D (12,13,-1) (1,5,4)
D (10,11,12) (1,4,0)
D (12,13,-1) (5,2,4)
D (12,-1,-1) (2,0,1)
D (7,-1,-1) (1,2,5)
D (9,10,11) (5,1,1)
D (6,-1,-1) (5,0,1)
D (8,9,10) (4,2,4)
D (13,-1,-1) (0,2,5)
D (8,9,-1) (4,2,0)
D (10,-1,-1) (5,0,5)
D (13,-1,-1) (5,5,2)
D (11,12,-1) (4,5,1)
D (9,10,11) (0,0,2)
D (11,-1,-1) (5,0,3)
D (10,-1,-1) (1,5,2)
D (12,13,-1) (0,2,0)
D (9,-1,-1) (3,4,5)
D (8,9,10) (0,0,4)
D (12,13,-1) (0,5,3)
D (11,12,-1) (0,4,4)
D (12,-1,-1) (1,1,2)
D (8,9,10) (2,3,0)
D (12,13,-1) (1,4,3)
D (6,7,-1) (5,3,0)
D (11,12,-1) (0,3,0)
D (11,-1,-1) (2,1,3)
D (10,11,12) (0,3,3)
D (10,11,-1) (1,1,0)
D (11,-1,-1) (5,4,0)
D (6,-1,-1) (2,4,4)
D (13,-1,-1) (1,1,3)
D (8,9,10) (3,4,1)
D (10,11,12) (5,5,1)
D (11,12,-1) (2,0,0)
D (13,-1,-1) (3,3,4)
D (6,7,8) (1,1,4)
D (13,-1,-1) (4,0,1)
D (9,-1,-1) (3,0,2)
D (6,-1,-1) (2,1,4)
D (7,8,-1) (2,5,4)
D (6,7,-1) (0,4,0)
D (6,7,8) (4,0,0)
C 0 20
C 1 14
C 2 16
C 3 16
C 4 9
C 5 0
C 6 3
C 7 6
C 8 22
C 9 23
C 10 17
C 11 23
C 12 5
C 13 16
C 14 9
C 15 26
C 16 10
C 17 4
C 18 10
C 19 17
C 20 26
C 21 14
C 22 19
C 23 25
C 24 10
C 25 18
C 26 26
C 27 7
C 28 17
C 29 1
C 30 6
C 31 14
C 32 8
C 33 26
C 34 19
C 35 1
C 36 19
C 37 16
C 38 23
C 39 3
C 40 2
C 41 3
C 42 9
C 43 5
C 44 0
C 45 26
C 46 25
C 47 22
C 48 16
C 49 9
C 50 25
C 51 24
C 52 23
C 53 8
C 54 3
C 55 8
C 56 20
C 57 7
C 58 0
C 59 4
C 60 24
C 61 22
C 62 1
C 63 20
C 64 24
C 65 4
C 66 23
C 67 4
C 68 25
C 69 0
C 70 26
C 71 1
C 72 17
C 73 11
C 74 6
C 75 2
C 76 18
C 77 20
C 78 10
C 79 18
C 80 8
C 81 20
C 82 20
C 83 12
C 84 23
C 85 3
C 86 14
C 87 3
C 88 7
C 89 4
C 90 24
C 91 12
C 92 21
C 93 24
C 94 5
C 95 24
C 96 17
C 97 22
C 98 26
C 99 2
C 100 20
C 101 12
C 102 26
C 103 18
C 104 16
C 105 25
C 106 19
C 107 12
C 108 1
C 109 18
C 110 5
C 111 22
C 112 22
C 113 23
C 114 14
C 115 1
C 116 19
C 117 25
C 118 7
C 119 12
C 120 20
C 121 21
C 122 4
C 123 26
C 124 21
C 125 6
C 126 24
C 127 17
C 128 6
C 129 19
C 130 18
C 131 15
C 132 20
C 133 25
C 134 18
C 135 24
C 136 2
C 137 21
C 138 11
C 139 0
C 140 22
C 141 9
C 142 23
C 143 24
C 144 6
C 145 26
C 146 11
C 147 10
C 148 5
C 149 0
C 150 18
C 151 20
C 152 15
C 153 24
C 154 20
C 155 8
C 156 5
C 157 3
C 158 11
C 159 11
C 160 3
C 161 21
C 162 8
C 163 25
C 164 16
C 165 14
C 166 5
C 167 19
C 168 17
C 169 21
C 170 9
C 171 6
C 172 9
C 173 3
C 174 21
C 175 17
C 176 0
C 177 9
C 178 20
C 179 2
C 180 9
C 181 17
C 182 3
C 183 18
C 184 0
C 185 26
C 186 14
C 187 25
C 188 0
C 189 9
C 190 26
C 191 19
C 192 9
C 193 17
C 194 17
C 195 16
C 196 22
C 197 5
C 198 11
C 199 19
C 200 5
C 201 0
C 202 6
C 203 14
C 204 20
C 205 10
C 206 2
C 207 20
C 208 10
C 209 25
C 210 1
C 211 19
C 212 9
C 213 20
C 214 14
C 215 10
C 216 12
C 217 17
C 218 14
C 219 2
C 220 23
C 221 9
C 222 25
C 223 12
C 224 19
C 225 8
C 226 4
C 227 1
C 228 21
C 229 19
C 230 3
C 231 0
C 232 9
C 233 22
C 234 0
C 235 0
C 236 0
C 237 0
C 238 0
C 239 0
C 240 0
C 241 0
C 242 0
C 243 0
C 244 0
C 245 0
C 246 0
C 247 0
C 248 0
C 249 0
C 250 0
C 251 0
C 252 0
C 253 0
C 254 0
C 255 0
C 256 0
C 257 0
C 258 0
C 259 0
C 260 0
C 261 0
C 262 0
C 263 0
C 264 0
C 265 0
C 266 0
C 267 0
C 268 0
C 269 0
C 270 0
C 271 0
C 272 0
C 273 0
C 274 0
C 275 0
C 276 0
C 277 0
C 278 0
C 279 0
C 280 0
C 281 0
C 282 0
C 283 0
C 284 0
C 285 0
C 286 0
C 287 0
C 288 0
C 289 0
C 290 0
C 291 0
C 292 0
C 293 0
C 294 0
C 295 0
C 296 0
C 297 7
C 298 18
C 299 18
C 300 25
C 301 7
C 302 14
C 303 8
C 304 24
C 305 0
C 306 24
C 307 1
C 308 23
C 309 6
C 310 21
C 311 23
C 312 10
C 313 19
C 314 15
C 315 23
C 316 25
C 317 25
C 318 26
C 319 16
C 320 5
C 321 26
C 322 3
C 323 18
C 324 6
C 325 21
C 326 2
C 327 12
C 328 11
C 329 14
C 330 6
C 331 6
C 332 0
C 333 5
C 334 0
C 335 16
C 336 2
C 337 19
C 338 17
C 339 3
C 340 3
C 341 7
C 342 7
C 343 11
C 344 7
C 345 26
C 346 22
C 347 23
C 348 9
C 349 26
C 350 10
C 351 25
C 352 11
C 353 0
C 354 14
C 355 3
C 356 5
C 357 15
C 358 5
C 359 10
C 360 14
C 361 4
C 362 6
C 363 17
C 364 9
C 365 17
C 366 23
C 367 25
C 368 25
C 369 19
C 370 4
C 371 15
C 372 24
C 373 21
C 374 20
C 375 7
C 376 20
C 377 19
I 5 2 3 (3,5,2) (-1,0,1,0)|(1,1,-1,0)|(-1,1,-1,0)|(-1,0,-1,0)
I 0 2 15 (4,2,2) (0,-1,-1,0)|(1,0,0,0)|(1,1,1,0)
I 4 3 20 (4,4,2) (-1,0,1,0)
