D (11,12,13) (5,5,3)
D (7,8,9) (2,1,3)
D (6,7,8) (3,3,4)
D (6,7,-1) (0,0,2)
D (6,-1,-1) (0,4,4)
D (9,-1,-1) (1,5,2)
D (7,8,-1) (4,1,2)
D (8,9,-1) (4,4,3)
D (7,-1,-1) (1,3,0)
D (6,-1,-1) (0,1,4)
D (12,13,-1) (3,0,4)
D (9,10,-1) (3,5,4)
D (12,13,-1) (0,1,5)
D (13,-1,-1) (3,4,0)
D (12,13,-1) (5,2,4)
D (11,12,-1) (0,5,3)
D (11,12,-1) (5,2,1)
D (10,11,12) (1,3,2)
D (8,-1,-1) (0,4,2)
D (10,11,-1) (4,2,1)
D (7,8,-1) (1,2,0)
D (11,12,13) (0,3,1)
D (11,12,-1) (4,4,5)
D (7,8,-1) (1,4,1)
D (12,13,-1) (1,3,4)
D (9,10,-1) (1,0,1)
D (12,-1,-1) (2,4,5)
D (10,11,-1) (1,2,5)
D (7,8,-1) (3,1,0)
D (11,-1,-1) (4,0,0)
D (7,8,9) (4,2,2)
D (11,-1,-1) (0,3,4)
D (6,7,8) (0,5,0)
D (11,12,-1) (5,3,2)
D (12,13,-1) (1,5,4)
D (13,-1,-1) (2,2,4)
D (10,11,-1) (5,5,1)
D (11,-1,-1) (1,3,1)
D (10,11,-1) (3,5,5)
D (7,-1,-1) (3,2,5)
D (8,9,-1) (0,1,2)
D (13,-1,-1) (3,2,3)
D (10,11,12) (3,3,5)
D (6,-1,-1) (2,0,2)
D (10,-1,-1) (2,0,3)
D (13,-1,-1) (1,5,1)
D (8,-1,-1) (2,3,1)
D (9,10,-1) (5,4,0)
D (9,10,-1) (2,5,5)
D (9,13,-1) (0,4,1)
D (7,-1,-1) (2,1,4)
D (10,11,12) (0,2,2)
D (12,13,-1) (0,3,2)
D (6,-1,-1) (5,3,5)
D (11,12,-1) (5,5,2)
C 0 24
C 1 14
C 2 19
C 3 20
C 4 7
C 5 6
C 6 25
C 7 2
C 8 12
C 9 15
C 10 11
C 11 6
C 12 26
C 13 11
C 14 22
C 15 4
C 16 20
C 17 4
C 18 7
C 19 17
C 20 1
C 21 12
C 22 6
C 23 0
C 24 0
C 25 0
C 26 0
C 27 0
C 28 0
C 29 0
C 30 0
C 31 0
C 32 0
C 33 0
C 34 0
C 35 0
C 36 0
C 37 0
C 38 0
C 39 0
C 40 0
C 41 0
C 42 0
C 43 12
C 44 21
C 45 25
C 46 0
C 47 22
C 48 19
C 49 6
C 50 19
C 51 16
C 52 17
C 53 8
C 54 14
C 55 2
C 56 18
C 57 15
C 58 8
C 59 10
C 60 19
C 61 1
C 62 20
C 63 18
C 64 14
C 65 5
C 66 23
C 67 3
C 68 12
C 69 16
C 70 19
C 71 5
C 72 24
C 73 20
C 74 9
C 75 9
C 76 12
C 77 17
C 78 21
C 79 26
C 80 17
C 81 15
C 82 3
C 83 16
C 84 26
C 85 8
C 86 11
C 87 15
C 88 4
C 89 0
C 90 6
C 91 24
C 92 9
C 93 23
C 94 11
C 95 20
C 96 6
C 97 11
C 98 2
C 99 14
C 100 5
C 101 17
C 102 12
C 103 11
C 104 8
C 105 0
C 106 0
C 107 0
C 108 0
C 109 0
C 110 0
C 111 0
C 112 0
C 113 0
C 114 0
C 115 0
C 116 0
C 117 0
C 118 0
C 119 0
C 120 0
C 121 0
C 122 0
C 123 0
C 124 0
C 125 0
C 126 0
C 127 0
C 128 0
C 129 0
C 130 0
C 131 0
C 132 0
C 133 0
C 134 0
C 135 0
C 136 0
C 137 0
C 138 0
C 139 0
C 140 0
C 141 0
C 142 0
C 143 0
C 144 0
C 145 0
C 146 0
C 147 0
C 148 0
C 149 23
C 150 21
C 151 24
C 152 18
C 153 20
C 154 7
C 155 17
C 156 9
C 157 16
C 158 12
C 159 12
C 160 12
C 161 7
C 162 0
C 163 12
C 164 9
C 165 19
C 166 1
C 167 26
C 168 4
C 169 20
C 170 3
C 171 0
C 172 11
C 173 21
C 174 23
C 175 22
C 176 17
C 177 4
C 178 15
C 179 25
C 180 22
C 181 17
C 182 10
C 183 14
C 184 9
C 185 10
C 186 11
C 187 18
C 188 23
C 189 3
C 190 4
C 191 26
C 192 6
C 193 25
C 194 18
C 195 6
C 196 8
C 197 18
C 198 18
C 199 18
C 200 20
C 201 5
C 202 2
C 203 2
C 204 14
C 205 18
C 206 16
C 207 0
C 208 0
C 209 0
C 210 0
C 211 0
C 212 19
C 213 21
C 214 22
C 215 6
C 216 15
C 217 2
C 218 20
C 219 3
C 220 8
C 221 16
C 222 24
C 223 0
C 224 8
C 225 22
C 226 20
C 227 10
C 228 24
C 229 20
C 230 2
C 231 0
C 232 10
C 233 12
C 234 16
C 235 22
C 236 0
C 237 0
C 238 5
C 239 1
C 240 17
C 241 19
C 242 23
C 243 11
C 244 14
C 245 25
C 246 26
C 247 23
C 248 24
C 249 0
C 250 24
C 251 5
C 252 10
C 253 3
C 254 26
C 255 26
C 256 12
C 257 7
C 258 2
C 259 0
C 260 12
C 261 2
C 262 0
C 263 0
C 264 0
C 265 0
C 266 0
C 267 0
C 268 0
C 269 0
C 270 0
C 271 0
C 272 0
C 273 0
C 274 0
C 275 0
C 276 0
C 277 0
C 278 0
C 279 0
C 280 0
C 281 0
C 282 0
C 283 0
C 284 0
C 285 0
C 286 0
C 287 0
C 288 0
C 289 0
C 290 0
C 291 0
C 292 0
C 293 0
C 294 0
C 295 0
C 296 0
C 297 0
C 298 0
C 299 0
C 300 0
C 301 0
C 302 0
C 303 0
C 304 0
C 305 0
C 306 0
C 307 0
C 308 0
C 309 0
C 310 0
C 311 0
C 312 0
C 313 0
C 314 0
C 315 0
C 316 0
C 317 0
C 318 0
C 319 0
C 320 0
C 321 0
C 322 0
C 323 0
C 324 0
C 325 0
C 326 0
C 327 0
C 328 0
C 329 0
C 330 0
C 331 0
C 332 0
C 333 0
C 334 0
C 335 0
C 336 0
C 337 0
C 338 0
C 339 0
C 340 0
C 341 0
C 342 0
C 343 0
C 344 12
C 345 0
C 346 0
C 347 0
C 348 0
C 349 0
C 350 0
C 351 0
C 352 0
C 353 0
C 354 0
C 355 0
C 356 0
C 357 0
C 358 0
C 359 0
C 360 0
C 361 25
C 362 12
C 363 23
C 364 19
C 365 15
C 366 18
C 367 9
C 368 5
C 369 16
C 370 0
C 371 17
C 372 0
C 373 26
C 374 5
C 375 7
C 376 5
C 377 4
I 0 1 5 (3,2,0) (1,1,0,0)|(-1,-1,0,0)
I 0 1 8 (3,4,5) (0,-1,-1,0)
