D (10,11,12) (2,5,4)
D (6,7,8) (1,5,0)
D (13,-1,-1) (4,0,5)
D (10,-1,-1) (3,0,3)
D (13,-1,-1) (0,2,3)
D (13,-1,-1) (4,1,0)
D (6,7,8) (2,5,0)
D (12,-1,-1) (5,0,2)
D (6,7,8) (1,3,5)
D (9,10,11) (3,1,2)
D (13,-1,-1) (1,5,4)
D (9,-1,-1) (4,1,5)
D (12,-1,-1) (1,2,1)
D (9,10,11) (2,1,2)
D (9,10,-1) (3,2,5)
D (7,8,9) (5,0,5)
D (8,-1,-1) (1,4,2)
D (13,-1,-1) (4,5,3)
D (10,11,12) (4,3,4)
D (7,8,9) (0,0,0)
D (13,-1,-1) (0,0,5)
D (7,-1,-1) (0,5,2)
D (12,13,-1) (5,5,5)
D (9,10,11) (4,1,4)
D (11,-1,-1) (1,0,4)
D (10,-1,-1) (1,1,5)
D (8,-1,-1) (4,5,5)
D (9,10,-1) (1,5,5)
D (6,7,-1) (5,5,2)
D (9,10,-1) (4,0,1)
D (12,-1,-1) (4,2,5)
D (9,-1,-1) (5,0,1)
D (6,7,-1) (5,4,3)
D (8,9,-1) (2,2,1)
D (6,7,8) (2,3,1)
D (6,-1,-1) (2,5,1)
D (11,-1,-1) (3,0,0)
D (6,7,-1) (3,4,2)
D (13,-1,-1) (0,2,4)
D (11,12,-1) (0,3,0)
D (7,8,-1) (2,5,2)
D (9,10,-1) (0,4,1)
D (12,13,-1) (0,2,2)
D (10,-1,-1) (0,2,1)
D (13,-1,-1) (5,2,0)
D (12,-1,-1) (3,5,4)
D (8,9,10) (3,5,0)
D (12,-1,-1) (4,5,2)
D (9,10,-1) (5,5,1)
D (13,-1,-1) (2,4,5)
D (11,-1,-1) (0,0,2)
D (6,7,8) (3,4,3)
D (6,-1,-1) (0,5,3)
D (13,-1,-1) (5,1,3)
D (9,-1,-1) (5,3,3)
D (11,-1,-1) (4,4,1)
D (6,7,8) (2,3,2)
D (10,11,12) (5,4,2)
D (11,12,13) (3,2,2)
D (11,12,-1) (3,3,5)
C 0 20
C 1 5
C 2 10
C 3 5
C 4 8
C 5 21
C 6 11
C 7 2
C 8 1
C 9 17
C 10 24
C 11 21
C 12 0
C 13 24
C 14 7
C 15 5
C 16 22
C 17 22
C 18 7
C 19 0
C 20 2
C 21 0
C 22 0
C 23 0
C 24 0
C 25 0
C 26 0
C 27 0
C 28 0
C 29 0
C 30 0
C 31 0
C 32 0
C 33 0
C 34 0
C 35 0
C 36 0
C 37 0
C 38 0
C 39 0
C 40 0
C 41 0
C 42 0
C 43 0
C 44 0
C 45 0
C 46 0
C 47 0
C 48 0
C 49 0
C 50 0
C 51 0
C 52 0
C 53 0
C 54 0
C 55 0
C 56 0
C 57 0
C 58 0
C 59 0
C 60 0
C 61 0
C 62 0
C 63 0
C 64 23
C 65 0
C 66 0
C 67 0
C 68 0
C 69 0
C 70 0
C 71 0
C 72 0
C 73 0
C 74 0
C 75 0
C 76 0
C 77 0
C 78 0
C 79 0
C 80 0
C 81 0
C 82 0
C 83 0
C 84 0
C 85 0
C 86 0
C 87 0
C 88 0
C 89 0
C 90 0
C 91 0
C 92 0
C 93 0
C 94 0
C 95 0
C 96 0
C 97 0
C 98 0
C 99 0
C 100 0
C 101 0
C 102 0
C 103 0
C 104 0
C 105 22
C 106 19
C 107 19
C 108 11
C 109 11
C 110 5
C 111 2
C 112 20
C 113 15
C 114 0
C 115 16
C 116 5
C 117 6
C 118 25
C 119 17
C 120 20
C 121 18
C 122 15
C 123 4
C 124 8
C 125 18
C 126 12
C 127 7
C 128 26
C 129 22
C 130 8
C 131 24
C 132 4
C 133 1
C 134 9
C 135 24
C 136 9
C 137 8
C 138 0
C 139 0
C 140 0
C 141 0
C 142 0
C 143 0
C 144 0
C 145 0
C 146 0
C 147 0
C 148 0
C 149 0
C 150 0
C 151 0
C 152 0
C 153 0
C 154 0
C 155 0
C 156 0
C 157 0
C 158 0
C 159 0
C 160 0
C 161 0
C 162 0
C 163 0
C 164 0
C 165 0
C 166 0
C 167 0
C 168 0
C 169 0
C 170 0
C 171 0
C 172 0
C 173 0
C 174 0
C 175 0
C 176 0
C 177 0
C 178 0
C 179 0
C 180 0
C 181 0
C 182 0
C 183 0
C 184 0
C 185 0
C 186 0
C 187 0
C 188 0
C 189 0
C 190 0
C 191 0
C 192 0
C 193 0
C 194 0
C 195 0
C 196 0
C 197 0
C 198 0
C 199 0
C 200 0
C 201 0
C 202 0
C 203 0
C 204 0
C 205 0
C 206 0
C 207 0
C 208 0
C 209 0
C 210 0
C 211 0
C 212 0
C 213 0
C 214 0
C 215 0
C 216 0
C 217 0
C 218 0
C 219 0
C 220 0
C 221 0
C 222 0
C 223 0
C 224 0
C 225 0
C 226 0
C 227 10
C 228 0
C 229 10
C 230 25
C 231 20
C 232 7
C 233 11
C 234 6
C 235 19
C 236 16
C 237 23
C 238 0
C 239 9
C 240 26
C 241 15
C 242 12
C 243 19
C 244 18
C 245 7
C 246 26
C 247 11
C 248 2
C 249 22
C 250 20
C 251 18
C 252 20
C 253 16
C 254 9
C 255 10
C 256 2
C 257 12
C 258 6
C 259 18
C 260 1
C 261 14
C 262 3
C 263 0
C 264 25
C 265 18
C 266 21
C 267 9
C 268 9
C 269 2
C 270 1
C 271 16
C 272 1
C 273 25
C 274 19
C 275 17
C 276 26
C 277 21
C 278 9
C 279 20
C 280 8
C 281 8
C 282 15
C 283 26
C 284 9
C 285 23
C 286 15
C 287 26
C 288 5
C 289 11
C 290 5
C 291 2
C 292 26
C 293 12
C 294 6
C 295 18
C 296 1
C 297 18
C 298 21
C 299 3
C 300 5
C 301 17
C 302 2
C 303 4
C 304 3
C 305 12
C 306 12
C 307 12
C 308 10
C 309 0
C 310 9
C 311 19
C 312 26
C 313 2
C 314 16
C 315 0
C 316 21
C 317 7
C 318 5
C 319 1
C 320 24
C 321 8
C 322 25
C 323 16
C 324 7
C 325 16
C 326 4
C 327 7
C 328 14
C 329 1
C 330 9
C 331 7
C 332 12
C 333 4
C 334 3
C 335 8
C 336 7
C 337 7
C 338 25
C 339 25
C 340 26
C 341 20
C 342 24
C 343 1
C 344 15
C 345 15
C 346 7
C 347 15
C 348 11
C 349 23
C 350 17
C 351 4
C 352 26
C 353 6
C 354 21
C 355 20
C 356 2
C 357 15
C 358 4
C 359 3
C 360 1
C 361 7
C 362 11
C 363 14
C 364 24
C 365 18
C 366 19
C 367 18
C 368 18
C 369 4
C 370 0
C 371 18
C 372 26
C 373 17
C 374 24
C 375 1
C 376 8
C 377 2
I 0 1 15 (0,0,4) (1,1,0,0)|(0,-1,1,0)|(0,1,0,0)
I 1 2 4 (1,4,0) (0,1,0,0)
I 0 3 3 (0,4,1) (1,-1,0,0)
