D (13,-1,-1) (1,5,2)
D (9,-1,-1) (3,3,1)
D (12,13,-1) (2,1,5)
D (11,12,13) (2,4,4)
D (7,-1,-1) (5,1,3)
D (8,9,-1) (3,0,4)
D (10,-1,-1) (5,5,5)
D (7,8,9) (3,1,0)
D (11,-1,-1) (0,1,0)
D (12,-1,-1) (0,1,1)
D (9,10,11) (0,5,1)
D (13,-1,-1) (0,2,3)
D (11,-1,-1) (1,1,0)
D (6,7,-1) (3,4,5)
D (13,-1,-1) (5,0,4)
D (9,-1,-1) (3,3,0)
D (12,13,-1) (0,1,3)
D (8,-1,-1) (3,0,5)
D (6,-1,-1) (5,2,3)
D (12,13,-1) (4,1,5)
D (10,11,-1) (1,1,2)
D (9,10,-1) (4,0,3)
D (11,12,13) (1,2,1)
D (8,9,10) (0,1,5)
D (10,11,12) (5,5,2)
D (8,9,-1) (0,0,0)
D (12,13,-1) (3,5,4)
D (12,9,-1) (4,3,5)
D (7,8,9) (2,0,5)
D (6,7,8) (3,3,5)
D (6,7,-1) (2,0,3)
D (12,-1,-1) (5,5,0)
D (11,-1,-1) (3,0,2)
D (6,7,8) (2,1,0)
D (8,9,10) (4,1,3)
D (6,7,-1) (3,3,3)
D (7,8,-1) (5,2,5)
D (11,12,13) (1,1,4)
D (9,10,11) (3,4,0)
D (12,13,-1) (0,3,3)
D (7,8,-1) (0,0,2)
D (6,7,-1) (2,2,2)
D (7,8,-1) (0,0,3)
D (8,9,-1) (2,4,2)
D (9,10,11) (0,4,2)
D (11,12,13) (1,3,5)
D (10,11,-1) (5,5,1)
D (7,8,9) (4,5,4)
D (10,-1,-1) (1,0,1)
D (11,12,13) (1,4,1)
D (6,7,8) (3,3,2)
D (9,-1,-1) (1,5,4)
D (10,11,12) (3,4,2)
D (8,9,10) (5,0,5)
D (12,-1,-1) (4,1,2)
D (7,-1,-1) (4,5,5)
D (11,12,13) (1,0,0)
D (6,-1,-1) (2,2,0)
D (6,7,-1) (0,2,0)
D (12,-1,-1) (1,0,2)
D (9,10,11) (5,4,5)
C 0 4
C 1 2
C 2 16
C 3 17
C 4 24
C 5 1
C 6 21
C 7 17
C 8 7
C 9 23
C 10 19
C 11 24
C 12 10
C 13 5
C 14 20
C 15 7
C 16 10
C 17 23
C 18 20
C 19 16
C 20 19
C 21 23
C 22 0
C 23 0
C 24 0
C 25 0
C 26 0
C 27 0
C 28 0
C 29 0
C 30 0
C 31 0
C 32 0
C 33 0
C 34 0
C 35 0
C 36 0
C 37 0
C 38 0
C 39 20
C 40 10
C 41 2
C 42 19
C 43 21
C 44 22
C 45 7
C 46 7
C 47 20
C 48 2
C 49 11
C 50 9
C 51 1
C 52 26
C 53 25
C 54 9
C 55 24
C 56 18
C 57 0
C 58 0
C 59 0
C 60 0
C 61 0
C 62 0
C 63 0
C 64 0
C 65 0
C 66 0
C 67 0
C 68 0
C 69 0
C 70 0
C 71 0
C 72 0
C 73 0
C 74 0
C 75 0
C 76 0
C 77 0
C 78 0
C 79 0
C 80 0
C 81 0
C 82 0
C 83 0
C 84 0
C 85 0
C 86 0
C 87 0
C 88 0
C 89 0
C 90 0
C 91 0
C 92 0
C 93 0
C 94 0
C 95 0
C 96 0
C 97 0
C 98 0
C 99 0
C 100 0
C 101 0
C 102 0
C 103 0
C 104 0
C 105 0
C 106 0
C 107 0
C 108 0
C 109 0
C 110 0
C 111 0
C 112 0
C 113 0
C 114 0
C 115 0
C 116 0
C 117 0
C 118 0
C 119 0
C 120 0
C 121 0
C 122 0
C 123 0
C 124 0
C 125 0
C 126 0
C 127 0
C 128 0
C 129 0
C 130 0
C 131 0
C 132 0
C 133 0
C 134 0
C 135 0
C 136 0
C 137 0
C 138 0
C 139 0
C 140 0
C 141 0
C 142 0
C 143 0
C 144 0
C 145 0
C 146 0
C 147 0
C 148 0
C 149 0
C 150 0
C 151 0
C 152 0
C 153 0
C 154 0
C 155 0
C 156 0
C 157 24
C 158 0
C 159 21
C 160 6
C 161 6
C 162 16
C 163 6
C 164 10
C 165 5
C 166 19
C 167 3
C 168 8
C 169 26
C 170 16
C 171 8
C 172 9
C 173 26
C 174 8
C 175 14
C 176 1
C 177 3
C 178 17
C 179 26
C 180 22
C 181 24
C 182 18
C 183 6
C 184 8
C 185 20
C 186 10
C 187 19
C 188 21
C 189 14
C 190 20
C 191 5
C 192 15
C 193 26
C 194 21
C 195 1
C 196 5
C 197 3
C 198 17
C 199 10
C 200 12
C 201 23
C 202 0
C 203 1
C 204 21
C 205 15
C 206 19
C 207 21
C 208 12
C 209 7
C 210 19
C 211 16
C 212 24
C 213 1
C 214 0
C 215 17
C 216 9
C 217 26
C 218 21
C 219 6
C 220 24
C 221 3
C 222 7
C 223 2
C 224 0
C 225 0
C 226 0
C 227 0
C 228 0
C 229 0
C 230 0
C 231 0
C 232 0
C 233 0
C 234 0
C 235 0
C 236 0
C 237 0
C 238 0
C 239 0
C 240 0
C 241 0
C 242 0
C 243 0
C 244 0
C 245 0
C 246 0
C 247 0
C 248 0
C 249 0
C 250 0
C 251 0
C 252 0
C 253 0
C 254 0
C 255 0
C 256 0
C 257 0
C 258 0
C 259 0
C 260 0
C 261 0
C 262 0
C 263 0
C 264 0
C 265 0
C 266 0
C 267 0
C 268 0
C 269 0
C 270 0
C 271 0
C 272 0
C 273 0
C 274 0
C 275 0
C 276 0
C 277 0
C 278 0
C 279 0
C 280 0
C 281 0
C 282 0
C 283 0
C 284 0
C 285 0
C 286 0
C 287 0
C 288 0
C 289 0
C 290 0
C 291 0
C 292 0
C 293 0
C 294 0
C 295 0
C 296 0
C 297 0
C 298 0
C 299 0
C 300 0
C 301 0
C 302 0
C 303 0
C 304 0
C 305 0
C 306 0
C 307 0
C 308 0
C 309 0
C 310 0
C 311 4
C 312 8
C 313 5
C 314 3
C 315 10
C 316 14
C 317 1
C 318 14
C 319 15
C 320 7
C 321 22
C 322 14
C 323 9
C 324 1
C 325 16
C 326 16
C 327 2
C 328 25
C 329 20
C 330 12
C 331 1
C 332 19
C 333 14
C 334 21
C 335 21
C 336 8
C 337 0
C 338 12
C 339 24
C 340 26
C 341 17
C 342 19
C 343 4
C 344 1
C 345 15
C 346 22
C 347 22
C 348 24
C 349 8
C 350 8
C 351 19
C 352 16
C 353 23
C 354 10
C 355 7
C 356 26
C 357 8
C 358 5
C 359 3
C 360 16
C 361 5
C 362 6
C 363 3
C 364 2
C 365 0
C 366 5
C 367 17
C 368 26
C 369 7
C 370 7
C 371 26
C 372 5
C 373 24
C 374 18
C 375 0
C 376 18
C 377 19
I 0 1 17 (0,5,5) (1,-1,0,0)|(-1,1,-1,0)
I 0 1 10 (2,3,5) (-1,-1,0,0)|(1,1,-1,0)
I 2 3 19 (3,0,3) (-1,0,0,0)
