D (9,10,11) (2,2,1)
D (9,10,11) (4,4,2)
D (10,-1,-1) (4,2,2)
D (9,10,11) (1,2,1)
D (13,-1,-1) (0,5,3)
D (10,11,12) (3,1,3)
D (11,12,13) (2,0,0)
D (8,-1,-1) (4,0,2)
D (7,8,9) (1,1,3)
D (11,12,-1) (0,4,5)
D (9,10,-1) (2,3,0)
D (6,7,8) (1,4,5)
D (10,11,-1) (0,1,3)
D (6,7,-1) (3,0,5)
D (9,10,-1) (3,3,5)
D (10,11,-1) (5,2,5)
D (13,-1,-1) (4,5,3)
D (11,12,9) (1,1,1)
D (11,12,13) (1,4,0)
D (7,8,-1) (0,4,2)
D (11,12,-1) (0,4,1)
D (13,-1,-1) (2,4,4)
D (7,8,-1) (4,3,5)
D (11,12,13) (3,4,0)
D (9,-1,-1) (4,4,0)
D (10,11,12) (1,0,3)
D (10,11,-1) (5,3,3)
D (10,11,12) (2,5,2)
D (13,-1,-1) (3,2,5)
D (6,7,8) (4,4,4)
D (6,7,8) (0,2,1)
D (12,-1,-1) (0,1,5)
D (9,10,11) (0,1,1)
D (9,10,11) (2,2,5)
D (10,-1,-1) (4,5,5)
D (9,-1,-1) (5,3,5)
D (6,7,-1) (1,5,4)
D (7,8,-1) (4,1,5)
D (11,12,13) (5,5,2)
D (10,11,-1) (2,0,5)
D (12,13,-1) (3,5,4)
D (6,7,-1) (0,1,4)
C 0 1
C 1 8
C 2 0
C 3 7
C 4 14
C 5 7
C 6 10
C 7 1
C 8 19
C 9 22
C 10 6
C 11 19
C 12 9
C 13 9
C 14 9
C 15 26
C 16 2
C 17 2
C 18 9
C 19 12
C 20 8
C 21 2
C 22 24
C 23 26
C 24 15
C 25 3
C 26 0
C 27 0
C 28 0
C 29 0
C 30 0
C 31 0
C 32 0
C 33 0
C 34 0
C 35 0
C 36 0
C 37 0
C 38 0
C 39 0
C 40 6
C 41 18
C 42 25
C 43 7
C 44 15
C 45 24
C 46 5
C 47 15
C 48 9
C 49 7
C 50 17
C 51 6
C 52 18
C 53 6
C 54 23
C 55 20
C 56 10
C 57 6
C 58 21
C 59 22
C 60 19
C 61 19
C 62 17
C 63 3
C 64 18
C 65 7
C 66 23
C 67 1
C 68 12
C 69 21
C 70 26
C 71 22
C 72 21
C 73 17
C 74 10
C 75 26
C 76 5
C 77 0
C 78 14
C 79 9
C 80 25
C 81 4
C 82 17
C 83 9
C 84 9
C 85 26
C 86 5
C 87 6
C 88 14
C 89 6
C 90 1
C 91 10
C 92 4
C 93 20
C 94 2
C 95 2
C 96 25
C 97 22
C 98 1
C 99 0
C 100 9
C 101 18
C 102 2
C 103 20
C 104 16
C 105 14
C 106 7
C 107 16
C 108 19
C 109 9
C 110 2
C 111 11
C 112 0
C 113 19
C 114 16
C 115 6
C 116 20
C 117 8
C 118 25
C 119 23
C 120 19
C 121 7
C 122 15
C 123 18
C 124 23
C 125 25
C 126 10
C 127 4
C 128 25
C 129 19
C 130 3
C 131 23
C 132 1
C 133 6
C 134 21
C 135 3
C 136 11
C 137 1
C 138 25
C 139 19
C 140 6
C 141 5
C 142 8
C 143 21
C 144 0
C 145 22
C 146 12
C 147 4
C 148 9
C 149 9
C 150 5
C 151 7
C 152 26
C 153 3
C 154 6
C 155 10
C 156 23
C 157 12
C 158 9
C 159 6
C 160 0
C 161 0
C 162 0
C 163 0
C 164 0
C 165 0
C 166 0
C 167 0
C 168 0
C 169 0
C 170 0
C 171 0
C 172 0
C 173 0
C 174 0
C 175 0
C 176 0
C 177 0
C 178 0
C 179 0
C 180 0
C 181 0
C 182 0
C 183 0
C 184 0
C 185 0
C 186 0
C 187 0
C 188 0
C 189 0
C 190 0
C 191 0
C 192 0
C 193 0
C 194 0
C 195 0
C 196 0
C 197 0
C 198 6
C 199 0
C 200 0
C 201 0
C 202 1
C 203 15
C 204 17
C 205 22
C 206 11
C 207 5
C 208 4
C 209 21
C 210 7
C 211 8
C 212 7
C 213 6
C 214 7
C 215 20
C 216 7
C 217 5
C 218 17
C 219 15
C 220 16
C 221 25
C 222 26
C 223 8
C 224 15
C 225 21
C 226 10
C 227 16
C 228 18
C 229 4
C 230 12
C 231 17
C 232 1
C 233 15
C 234 4
C 235 22
C 236 0
C 237 15
C 238 18
C 239 4
C 240 3
C 241 20
C 242 1
C 243 4
C 244 21
C 245 21
C 246 4
C 247 15
C 248 25
C 249 22
C 250 2
C 251 1
C 252 4
C 253 12
C 254 23
C 255 22
C 256 0
C 257 26
C 258 15
C 259 19
C 260 0
C 261 0
C 262 0
C 263 0
C 264 0
C 265 0
C 266 0
C 267 0
C 268 0
C 269 0
C 270 0
C 271 0
C 272 0
C 273 0
C 274 0
C 275 0
C 276 0
C 277 0
C 278 0
C 279 0
C 280 0
C 281 0
C 282 0
C 283 0
C 284 0
C 285 0
C 286 0
C 287 0
C 288 0
C 289 0
C 290 0
C 291 0
C 292 0
C 293 0
C 294 0
C 295 0
C 296 0
C 297 0
C 298 0
C 299 0
C 300 0
C 301 0
C 302 0
C 303 0
C 304 0
C 305 0
C 306 0
C 307 0
C 308 0
C 309 0
C 310 0
C 311 0
C 312 0
C 313 0
C 314 0
C 315 0
C 316 0
C 317 0
C 318 0
C 319 0
C 320 0
C 321 0
C 322 0
C 323 0
C 324 0
C 325 0
C 326 0
C 327 0
C 328 0
C 329 0
C 330 0
C 331 0
C 332 0
C 333 0
C 334 0
C 335 0
C 336 0
C 337 0
C 338 0
C 339 0
C 340 0
C 341 0
C 342 0
C 343 0
C 344 0
C 345 0
C 346 0
C 347 0
C 348 0
C 349 0
C 350 0
C 351 0
C 352 0
C 353 0
C 354 0
C 355 0
C 356 0
C 357 0
C 358 0
C 359 0
C 360 0
C 361 0
C 362 0
C 363 0
C 364 0
C 365 0
C 366 0
C 367 0
C 368 0
C 369 0
C 370 0
C 371 0
C 372 0
C 373 0
C 374 0
C 375 0
C 376 0
C 377 0
I 0 1 12 (2,4,2) (1,0,1,0)|(1,0,-1,0)
I 4 3 1 (3,4,3) (0,0,0,0)|(0,-1,-1,0)
I 0 1 8 (3,4,5) (-1,-1,-1,0)|(-1,1,1,0)
