D (6,-1,-1) (0,0,3)
D (13,-1,-1) (3,2,5)
D (11,12,13) (0,4,5)
D (6,7,8) (0,3,2)
D (6,7,-1) (1,1,3)
D (10,11,-1) (2,4,4)
D (13,-1,-1) (4,4,5)
D (7,8,9) (3,1,3)
D (9,10,11) (5,1,3)
D (7,-1,-1) (5,4,3)
D (10,-1,-1) (3,4,0)
D (9,-1,-1) (3,1,1)
D (10,-1,-1) (3,3,2)
D (12,13,-1) (4,0,2)
D (11,-1,-1) (5,2,2)
D (6,-1,-1) (2,0,3)
D (9,10,-1) (4,1,3)
D (6,7,-1) (0,2,4)
D (9,10,11) (2,4,0)
D (13,-1,-1) (4,2,2)
D (9,10,-1) (1,3,3)
D (6,-1,-1) (5,0,2)
D (11,-1,-1) (1,5,4)
D (9,-1,-1) (3,3,0)
D (8,9,-1) (3,5,5)
D (6,-1,-1) (0,0,5)
D (6,7,-1) (3,2,2)
D (11,-1,-1) (0,3,1)
D (12,13,-1) (5,3,1)
D (10,11,12) (5,3,2)
D (11,12,13) (4,3,2)
D (12,-1,-1) (3,5,4)
D (6,7,-1) (0,5,3)
D (8,9,10) (4,5,2)
D (10,-1,-1) (3,0,2)
D (11,-1,-1) (0,4,0)
D (12,-1,-1) (1,1,4)
D (11,12,13) (5,3,0)
D (11,12,13) (1,4,1)
D (8,-1,-1) (4,4,2)
D (13,-1,-1) (5,5,5)
D (10,11,12) (3,5,0)
D (12,13,-1) (2,3,2)
C 0 11
C 1 15
C 2 15
C 3 10
C 4 5
C 5 7
C 6 12
C 7 26
C 8 16
C 9 23
C 10 22
C 11 15
C 12 10
C 13 5
C 14 6
C 15 0
C 16 2
C 17 19
C 18 10
C 19 10
C 20 1
C 21 24
C 22 8
C 23 0
C 24 2
C 25 4
C 26 17
C 27 12
C 28 18
C 29 7
C 30 16
C 31 26
C 32 0
C 33 0
C 34 0
C 35 0
C 36 0
C 37 0
C 38 0
C 39 0
C 40 0
C 41 0
C 42 0
C 43 0
C 44 0
C 45 0
C 46 0
C 47 0
C 48 0
C 49 0
C 50 0
C 51 0
C 52 0
C 53 0
C 54 0
C 55 0
C 56 0
C 57 0
C 58 0
C 59 0
C 60 0
C 61 0
C 62 0
C 63 0
C 64 0
C 65 0
C 66 0
C 67 0
C 68 0
C 69 0
C 70 0
C 71 0
C 72 0
C 73 0
C 74 0
C 75 0
C 76 0
C 77 0
C 78 0
C 79 0
C 80 0
C 81 0
C 82 0
C 83 0
C 84 0
C 85 0
C 86 0
C 87 0
C 88 0
C 89 0
C 90 0
C 91 0
C 92 0
C 93 0
C 94 0
C 95 0
C 96 0
C 97 0
C 98 0
C 99 0
C 100 0
C 101 0
C 102 0
C 103 0
C 104 0
C 105 0
C 106 0
C 107 0
C 108 0
C 109 0
C 110 0
C 111 0
C 112 0
C 113 0
C 114 0
C 115 0
C 116 0
C 117 0
C 118 11
C 119 14
C 120 1
C 121 9
C 122 14
C 123 1
C 124 24
C 125 2
C 126 12
C 127 1
C 128 14
C 129 15
C 130 6
C 131 16
C 132 5
C 133 11
C 134 17
C 135 25
C 136 10
C 137 0
C 138 0
C 139 3
C 140 9
C 141 12
C 142 15
C 143 9
C 144 9
C 145 12
C 146 20
C 147 1
C 148 6
C 149 14
C 150 11
C 151 1
C 152 5
C 153 9
C 154 0
C 155 26
C 156 23
C 157 21
C 158 22
C 159 9
C 160 7
C 161 15
C 162 20
C 163 11
C 164 4
C 165 23
C 166 9
C 167 21
C 168 9
C 169 3
C 170 3
C 171 25
C 172 5
C 173 4
C 174 5
C 175 1
C 176 25
C 177 3
C 178 23
C 179 4
C 180 15
C 181 6
C 182 14
C 183 20
C 184 11
C 185 19
C 186 12
C 187 22
C 188 19
C 189 2
C 190 0
C 191 20
C 192 14
C 193 8
C 194 17
C 195 20
C 196 3
C 197 5
C 198 25
C 199 20
C 200 21
C 201 1
C 202 7
C 203 6
C 204 21
C 205 15
C 206 21
C 207 16
C 208 22
C 209 23
C 210 12
C 211 17
C 212 2
C 213 1
C 214 18
C 215 12
C 216 12
C 217 22
C 218 16
C 219 15
C 220 5
C 221 0
C 222 0
C 223 5
C 224 7
C 225 5
C 226 25
C 227 16
C 228 11
C 229 7
C 230 12
C 231 8
C 232 11
C 233 19
C 234 23
C 235 10
C 236 9
C 237 9
C 238 21
C 239 10
C 240 4
C 241 14
C 242 2
C 243 25
C 244 7
C 245 12
C 246 9
C 247 20
C 248 22
C 249 21
C 250 25
C 251 25
C 252 4
C 253 18
C 254 22
C 255 24
C 256 6
C 257 3
C 258 23
C 259 22
C 260 6
C 261 26
C 262 17
C 263 8
C 264 19
C 265 19
C 266 4
C 267 0
C 268 3
C 269 15
C 270 16
C 271 18
C 272 16
C 273 24
C 274 15
C 275 5
C 276 8
C 277 18
C 278 4
C 279 25
C 280 23
C 281 3
C 282 5
C 283 12
C 284 12
C 285 12
C 286 17
C 287 12
C 288 3
C 289 18
C 290 20
C 291 18
C 292 25
C 293 3
C 294 26
C 295 18
C 296 25
C 297 2
C 298 7
C 299 17
C 300 22
C 301 16
C 302 3
C 303 4
C 304 3
C 305 1
C 306 1
C 307 20
C 308 8
C 309 16
C 310 12
C 311 9
C 312 3
C 313 0
C 314 1
C 315 17
C 316 24
C 317 17
C 318 20
C 319 20
C 320 0
C 321 18
C 322 15
C 323 24
C 324 1
C 325 14
C 326 19
C 327 22
C 328 24
C 329 8
C 330 5
C 331 23
C 332 12
C 333 17
C 334 4
C 335 8
C 336 15
C 337 3
C 338 4
C 339 25
C 340 20
C 341 8
C 342 19
C 343 24
C 344 14
C 345 5
C 346 23
C 347 18
C 348 11
C 349 6
C 350 16
C 351 5
C 352 12
C 353 16
C 354 6
C 355 6
C 356 20
C 357 7
C 358 22
C 359 11
C 360 23
C 361 26
C 362 14
C 363 18
C 364 21
C 365 6
C 366 8
C 367 6
C 368 25
C 369 1
C 370 16
C 371 24
C 372 18
C 373 16
C 374 6
C 375 0
C 376 20
C 377 17
I 1 1 9 (1,5,2) (1,0,0,0)|(-1,0,0,0)
I 1 1 10 (0,5,0) (-1,-1,-1,0)
I 0 1 3 (0,4,2) (0,1,0,0)
