D (8,9,10) (0,4,5)
D (7,8,9) (4,2,1)
D (13,-1,-1) (1,1,2)
D (7,-1,-1) (1,3,0)
D (7,8,9) (1,0,2)
D (8,9,-1) (0,3,2)
D (10,11,12) (2,5,3)
D (6,-1,-1) (3,3,1)
D (6,-1,-1) (0,1,0)
D (11,12,13) (0,2,4)
D (9,-1,-1) (2,1,1)
D (8,9,10) (0,5,0)
D (12,13,-1) (3,2,4)
D (13,-1,-1) (4,0,4)
D (6,7,8) (1,3,1)
D (10,11,-1) (2,1,0)
D (8,9,10) (1,3,5)
D (13,-1,-1) (5,3,1)
D (8,9,10) (3,3,5)
D (9,-1,-1) (4,2,3)
D (9,-1,-1) (5,1,3)
D (7,8,-1) (3,5,4)
D (13,-1,-1) (0,2,1)
D (13,-1,-1) (5,4,1)
D (8,9,10) (3,0,1)
D (13,-1,-1) (3,4,0)
D (9,-1,-1) (4,0,5)
D (7,8,-1) (4,0,0)
D (10,11,12) (3,2,5)
D (10,11,-1) (4,1,1)
D (13,-1,-1) (4,5,3)
D (8,-1,-1) (0,3,5)
D (12,13,-1) (4,4,0)
D (7,-1,-1) (2,5,5)
D (10,-1,-1) (5,2,4)
D (9,10,-1) (1,4,1)
D (7,8,9) (4,5,1)
D (9,10,-1) (0,5,4)
D (8,9,-1) (3,1,5)
D (11,12,13) (4,2,0)
D (8,-1,-1) (1,1,0)
D (8,9,10) (2,2,0)
D (11,-1,-1) (5,5,0)
D (10,11,12) (1,2,3)
D (8,-1,-1) (1,4,2)
D (6,7,8) (5,2,5)
D (10,11,12) (2,0,1)
D (9,10,11) (2,4,4)
D (12,-1,-1) (0,0,2)
D (6,7,8) (0,4,1)
D (6,7,-1) (0,1,2)
D (13,-1,-1) (2,1,5)
D (11,12,-1) (5,1,0)
D (13,-1,-1) (3,1,0)
D (11,-1,-1) (5,1,4)
D (8,9,10) (2,2,5)
D (7,8,9) (1,4,4)
D (9,-1,-1) (1,2,4)
D (12,13,-1) (4,0,1)
D (9,10,11) (4,5,2)
D (8,9,10) (0,0,3)
D (12,-1,-1) (0,2,5)
C 0 18
C 1 5
C 2 26
C 3 8
C 4 0
C 5 11
C 6 9
C 7 4
C 8 17
C 9 15
C 10 7
C 11 10
C 12 26
C 13 24
C 14 24
C 15 10
C 16 9
C 17 21
C 18 17
C 19 11
C 20 16
C 21 3
C 22 7
C 23 3
C 24 11
C 25 11
C 26 10
C 27 23
C 28 20
C 29 21
C 30 15
C 31 4
C 32 24
C 33 17
C 34 17
C 35 21
C 36 20
C 37 12
C 38 7
C 39 19
C 40 17
C 41 24
C 42 25
C 43 15
C 44 0
C 45 2
C 46 12
C 47 14
C 48 10
C 49 9
C 50 10
C 51 2
C 52 16
C 53 4
C 54 4
C 55 10
C 56 9
C 57 19
C 58 7
C 59 3
C 60 4
C 61 17
C 62 5
C 63 8
C 64 26
C 65 2
C 66 21
C 67 17
C 68 26
C 69 0
C 70 5
C 71 25
C 72 3
C 73 24
C 74 10
C 75 16
C 76 11
C 77 17
C 78 16
C 79 19
C 80 11
C 81 6
C 82 24
C 83 7
C 84 9
C 85 23
C 86 6
C 87 3
C 88 18
C 89 12
C 90 25
C 91 2
C 92 1
C 93 23
C 94 17
C 95 16
C 96 11
C 97 15
C 98 12
C 99 9
C 100 15
C 101 11
C 102 18
C 103 12
C 104 16
C 105 4
C 106 18
C 107 23
C 108 12
C 109 8
C 110 8
C 111 0
C 112 0
C 113 0
C 114 0
C 115 0
C 116 0
C 117 0
C 118 0
C 119 0
C 120 0
C 121 0
C 122 0
C 123 0
C 124 0
C 125 0
C 126 0
C 127 0
C 128 0
C 129 0
C 130 20
C 131 7
C 132 11
C 133 26
C 134 18
C 135 22
C 136 2
C 137 12
C 138 22
C 139 17
C 140 15
C 141 22
C 142 0
C 143 3
C 144 4
C 145 8
C 146 0
C 147 24
C 148 24
C 149 3
C 150 17
C 151 26
C 152 12
C 153 5
C 154 2
C 155 14
C 156 2
C 157 12
C 158 0
C 159 14
C 160 1
C 161 21
C 162 5
C 163 15
C 164 0
C 165 24
C 166 24
C 167 3
C 168 7
C 169 11
C 170 17
C 171 1
C 172 0
C 173 0
C 174 0
C 175 0
C 176 0
C 177 0
C 178 0
C 179 0
C 180 0
C 181 0
C 182 0
C 183 0
C 184 0
C 185 0
C 186 0
C 187 0
C 188 0
C 189 0
C 190 0
C 191 0
C 192 0
C 193 0
C 194 0
C 195 0
C 196 0
C 197 0
C 198 0
C 199 0
C 200 4
C 201 9
C 202 21
C 203 24
C 204 24
C 205 16
C 206 12
C 207 1
C 208 5
C 209 5
C 210 10
C 211 0
C 212 12
C 213 21
C 214 21
C 215 3
C 216 5
C 217 11
C 218 11
C 219 22
C 220 14
C 221 5
C 222 25
C 223 24
C 224 11
C 225 9
C 226 11
C 227 22
C 228 5
C 229 20
C 230 16
C 231 25
C 232 6
C 233 16
C 234 5
C 235 0
C 236 8
C 237 2
C 238 23
C 239 26
C 240 9
C 241 1
C 242 14
C 243 11
C 244 17
C 245 22
C 246 22
C 247 12
C 248 20
C 249 22
C 250 17
C 251 26
C 252 1
C 253 6
C 254 19
C 255 2
C 256 10
C 257 5
C 258 26
C 259 9
C 260 11
C 261 6
C 262 15
C 263 25
C 264 25
C 265 2
C 266 5
C 267 24
C 268 18
C 269 2
C 270 6
C 271 4
C 272 7
C 273 22
C 274 17
C 275 21
C 276 25
C 277 6
C 278 2
C 279 0
C 280 0
C 281 11
C 282 6
C 283 6
C 284 3
C 285 24
C 286 24
C 287 15
C 288 3
C 289 24
C 290 18
C 291 19
C 292 24
C 293 12
C 294 2
C 295 23
C 296 16
C 297 2
C 298 18
C 299 0
C 300 7
C 301 22
C 302 24
C 303 24
C 304 10
C 305 15
C 306 24
C 307 7
C 308 4
C 309 11
C 310 2
C 311 22
C 312 4
C 313 5
C 314 20
C 315 11
C 316 22
C 317 9
C 318 15
C 319 11
C 320 24
C 321 25
C 322 22
C 323 17
C 324 16
C 325 5
C 326 2
C 327 18
C 328 9
C 329 0
C 330 14
C 331 4
C 332 22
C 333 6
C 334 2
C 335 10
C 336 5
C 337 4
C 338 0
C 339 0
C 340 0
C 341 0
C 342 0
C 343 0
C 344 0
C 345 0
C 346 0
C 347 0
C 348 0
C 349 0
C 350 0
C 351 0
C 352 0
C 353 0
C 354 0
C 355 7
C 356 5
C 357 14
C 358 15
C 359 15
C 360 15
C 361 21
C 362 5
C 363 1
C 364 10
C 365 25
C 366 20
C 367 24
C 368 12
C 369 14
C 370 14
C 371 2
C 372 4
C 373 10
C 374 15
C 375 23
C 376 0
C 377 8
I 0 3 2 (2,1,3) (1,0,1,0)|(-1,0,0,0)
I 2 1 10 (2,0,4) (1,-1,0,0)
I 1 2 9 (0,1,1) (0,-1,1,0)|(0,0,1,0)
