D (6,7,8) (5,1,5)
D (7,8,9) (0,5,5)
D (12,13,-1) (2,5,4)
D (12,13,-1) (2,1,3)
D (10,11,12) (5,4,4)
D (9,10,11) (5,3,5)
D (12,-1,-1) (4,2,3)
D (8,9,-1) (0,3,1)
D (13,-1,-1) (4,5,3)
D (10,-1,-1) (0,4,2)
D (7,8,-1) (5,4,3)
D (11,12,13) (4,0,3)
D (8,9,10) (3,1,2)
D (12,13,-1) (0,5,2)
D (10,11,-1) (5,0,1)
D (6,-1,-1) (2,5,5)
D (8,-1,-1) (4,5,0)
D (12,13,-1) (0,0,5)
D (7,8,-1) (3,5,1)
D (7,8,9) (0,2,0)
D (6,7,8) (1,1,0)
D (10,11,12) (1,0,1)
D (9,-1,-1) (3,1,0)
D (6,-1,-1) (1,5,0)
D (13,-1,-1) (0,4,5)
D (11,-1,-1) (4,0,1)
D (7,8,9) (3,3,4)
D (8,9,-1) (5,5,5)
D (12,13,-1) (0,0,0)
D (10,11,-1) (1,2,0)
D (11,12,13) (4,0,5)
D (12,13,-1) (2,3,3)
D (10,11,-1) (5,1,1)
D (6,-1,-1) (2,0,5)
D (9,-1,-1) (1,0,3)
D (9,-1,-1) (1,1,4)
D (8,-1,-1) (1,4,3)
D (7,-1,-1) (3,0,4)
D (6,-1,-1) (5,5,3)
D (6,7,-1) (3,5,5)
D (11,12,-1) (0,2,1)
D (7,-1,-1) (4,4,4)
C 0 7
C 1 17
C 2 21
C 3 0
C 4 7
C 5 23
C 6 0
C 7 6
C 8 15
C 9 15
C 10 25
C 11 9
C 12 10
C 13 20
C 14 2
C 15 9
C 16 18
C 17 16
C 18 8
C 19 4
C 20 17
C 21 20
C 22 8
C 23 4
C 24 25
C 25 18
C 26 10
C 27 16
C 28 16
C 29 24
C 30 24
C 31 4
C 32 5
C 33 10
C 34 22
C 35 16
C 36 22
C 37 6
C 38 3
C 39 26
C 40 10
C 41 24
C 42 8
C 43 10
C 44 22
C 45 23
C 46 21
C 47 25
C 48 4
C 49 22
C 50 14
C 51 14
C 52 19
C 53 8
C 54 4
C 55 7
C 56 22
C 57 12
C 58 12
C 59 9
C 60 21
C 61 4
C 62 2
C 63 0
C 64 5
C 65 14
C 66 23
C 67 7
C 68 21
C 69 21
C 70 19
C 71 11
C 72 17
C 73 8
C 74 26
C 75 8
C 76 16
C 77 12
C 78 9
C 79 17
C 80 14
C 81 2
C 82 5
C 83 12
C 84 9
C 85 24
C 86 9
C 87 26
C 88 3
C 89 1
C 90 19
C 91 18
C 92 9
C 93 7
C 94 20
C 95 6
C 96 19
C 97 26
C 98 15
C 99 12
C 100 3
C 101 21
C 102 23
C 103 5
C 104 8
C 105 3
C 106 6
C 107 18
C 108 19
C 109 10
C 110 1
C 111 23
C 112 11
C 113 0
C 114 0
C 115 0
C 116 0
C 117 0
C 118 0
C 119 0
C 120 0
C 121 0
C 122 0
C 123 0
C 124 0
C 125 0
C 126 0
C 127 0
C 128 0
C 129 0
C 130 0
C 131 0
C 132 0
C 133 0
C 134 0
C 135 0
C 136 0
C 137 0
C 138 0
C 139 0
C 140 0
C 141 0
C 142 0
C 143 0
C 144 0
C 145 0
C 146 0
C 147 0
C 148 0
C 149 0
C 150 0
C 151 0
C 152 0
C 153 0
C 154 0
C 155 0
C 156 0
C 157 0
C 158 0
C 159 0
C 160 0
C 161 0
C 162 0
C 163 0
C 164 0
C 165 0
C 166 0
C 167 0
C 168 0
C 169 0
C 170 0
C 171 0
C 172 0
C 173 0
C 174 0
C 175 0
C 176 0
C 177 0
C 178 0
C 179 0
C 180 0
C 181 0
C 182 0
C 183 0
C 184 0
C 185 0
C 186 0
C 187 0
C 188 0
C 189 0
C 190 0
C 191 0
C 192 0
C 193 0
C 194 0
C 195 0
C 196 0
C 197 0
C 198 0
C 199 0
C 200 2
C 201 7
C 202 26
C 203 24
C 204 10
C 205 18
C 206 5
C 207 20
C 208 11
C 209 2
C 210 20
C 211 5
C 212 6
C 213 21
C 214 25
C 215 2
C 216 6
C 217 15
C 218 12
C 219 12
C 220 1
C 221 9
C 222 17
C 223 8
C 224 25
C 225 22
C 226 24
C 227 17
C 228 2
C 229 24
C 230 18
C 231 15
C 232 20
C 233 24
C 234 20
C 235 26
C 236 22
C 237 6
C 238 7
C 239 23
C 240 4
C 241 8
C 242 1
C 243 15
C 244 21
C 245 1
C 246 1
C 247 3
C 248 7
C 249 0
C 250 21
C 251 25
C 252 14
C 253 15
C 254 0
C 255 2
C 256 25
C 257 3
C 258 25
C 259 15
C 260 9
C 261 6
C 262 5
C 263 25
C 264 0
C 265 23
C 266 0
C 267 2
C 268 20
C 269 6
C 270 21
C 271 8
C 272 7
C 273 11
C 274 12
C 275 7
C 276 14
C 277 8
C 278 9
C 279 12
C 280 17
C 281 3
C 282 11
C 283 25
C 284 15
C 285 11
C 286 20
C 287 23
C 288 24
C 289 22
C 290 10
C 291 14
C 292 21
C 293 0
C 294 11
C 295 11
C 296 16
C 297 16
C 298 22
C 299 0
C 300 6
C 301 16
C 302 12
C 303 6
C 304 6
C 305 15
C 306 21
C 307 7
C 308 25
C 309 18
C 310 18
C 311 5
C 312 16
C 313 11
C 314 23
C 315 20
C 316 16
C 317 15
C 318 25
C 319 8
C 320 24
C 321 2
C 322 25
C 323 7
C 324 19
C 325 22
C 326 25
C 327 14
C 328 4
C 329 18
C 330 0
C 331 10
C 332 16
C 333 9
C 334 0
C 335 0
C 336 0
C 337 8
C 338 21
C 339 3
C 340 26
C 341 14
C 342 23
C 343 20
C 344 0
C 345 9
C 346 11
C 347 25
C 348 22
C 349 2
C 350 10
C 351 1
C 352 5
C 353 24
C 354 25
C 355 8
C 356 24
C 357 21
C 358 4
C 359 10
C 360 23
C 361 11
C 362 19
C 363 14
C 364 21
C 365 2
C 366 9
C 367 2
C 368 17
C 369 20
C 370 23
C 371 26
C 372 2
C 373 4
C 374 20
C 375 8
C 376 24
C 377 17
I 3 1 14 (5,1,4) (-1,0,1,0)|(1,1,-1,0)
I 0 3 16 (0,1,2) (1,1,0,0)|(0,-1,-1,0)
I 1 1 1 (3,3,3) (1,-1,1,0)
