D (11,12,13) (0,4,2)
D (8,-1,-1) (4,1,1)
D (10,11,12) (2,1,5)
D (6,-1,-1) (1,5,4)
D (10,-1,-1) (2,5,5)
D (11,12,13) (1,2,2)
D (10,-1,-1) (1,4,0)
D (7,-1,-1) (5,3,3)
D (11,-1,-1) (2,0,2)
D (9,10,11) (3,1,0)
D (11,12,-1) (3,2,4)
D (10,11,12) (0,0,0)
D (8,-1,-1) (5,2,1)
D (6,-1,-1) (1,3,3)
D (11,12,-1) (1,5,3)
D (12,13,-1) (3,4,0)
D (8,9,10) (1,4,2)
D (11,-1,-1) (4,0,5)
D (8,9,10) (5,0,3)
D (6,7,-1) (0,0,1)
D (6,7,8) (1,2,4)
D (11,12,-1) (0,0,2)
D (13,-1,-1) (4,1,5)
D (13,-1,-1) (3,1,1)
D (12,13,-1) (4,4,5)
D (13,-1,-1) (0,0,5)
D (6,7,-1) (2,3,3)
D (10,-1,-1) (1,1,1)
D (11,12,-1) (3,2,2)
D (10,11,12) (5,0,1)
D (12,13,-1) (1,1,5)
D (10,11,12) (4,5,3)
D (10,11,12) (4,4,0)
D (9,10,-1) (0,3,0)
D (7,8,9) (2,4,2)
D (12,-1,-1) (3,5,3)
D (13,-1,-1) (0,1,5)
D (12,-1,-1) (2,4,1)
D (10,11,-1) (3,3,5)
D (8,9,10) (5,4,5)
D (11,12,-1) (5,4,1)
D (11,12,-1) (3,4,2)
D (9,-1,-1) (3,4,1)
D (11,12,-1) (2,5,3)
D (8,9,-1) (2,1,0)
C 0 2
C 1 0
C 2 1
C 3 12
C 4 26
C 5 23
C 6 18
C 7 12
C 8 24
C 9 19
C 10 22
C 11 12
C 12 1
C 13 20
C 14 12
C 15 23
C 16 8
C 17 23
C 18 12
C 19 16
C 20 19
C 21 9
C 22 7
C 23 4
C 24 20
C 25 4
C 26 4
C 27 7
C 28 10
C 29 25
C 30 15
C 31 8
C 32 24
C 33 25
C 34 4
C 35 3
C 36 4
C 37 6
C 38 18
C 39 18
C 40 9
C 41 25
C 42 1
C 43 0
C 44 0
C 45 0
C 46 0
C 47 0
C 48 19
C 49 17
C 50 4
C 51 9
C 52 20
C 53 26
C 54 17
C 55 15
C 56 2
C 57 18
C 58 18
C 59 0
C 60 24
C 61 25
C 62 9
C 63 1
C 64 9
C 65 2
C 66 9
C 67 14
C 68 17
C 69 15
C 70 19
C 71 11
C 72 19
C 73 16
C 74 25
C 75 1
C 76 18
C 77 23
C 78 1
C 79 6
C 80 3
C 81 9
C 82 2
C 83 10
C 84 18
C 85 0
C 86 23
C 87 16
C 88 4
C 89 3
C 90 10
C 91 23
C 92 16
C 93 10
C 94 22
C 95 20
C 96 0
C 97 2
C 98 5
C 99 24
C 100 3
C 101 5
C 102 11
C 103 23
C 104 12
C 105 4
C 106 23
C 107 18
C 108 0
C 109 0
C 110 25
C 111 9
C 112 14
C 113 20
C 114 16
C 115 16
C 116 8
C 117 5
C 118 6
C 119 20
C 120 17
C 121 23
C 122 24
C 123 23
C 124 10
C 125 14
C 126 10
C 127 11
C 128 26
C 129 3
C 130 3
C 131 6
C 132 11
C 133 1
C 134 26
C 135 6
C 136 9
C 137 12
C 138 5
C 139 11
C 140 26
C 141 15
C 142 23
C 143 12
C 144 10
C 145 12
C 146 18
C 147 22
C 148 17
C 149 16
C 150 15
C 151 5
C 152 12
C 153 26
C 154 10
C 155 3
C 156 14
C 157 10
C 158 19
C 159 9
C 160 2
C 161 16
C 162 2
C 163 1
C 164 23
C 165 21
C 166 19
C 167 15
C 168 0
C 169 20
C 170 26
C 171 18
C 172 5
C 173 16
C 174 2
C 175 9
C 176 4
C 177 6
C 178 9
C 179 22
C 180 11
C 181 26
C 182 6
C 183 21
C 184 17
C 185 19
C 186 6
C 187 18
C 188 5
C 189 22
C 190 3
C 191 22
C 192 26
C 193 15
C 194 26
C 195 12
C 196 10
C 197 22
C 198 23
C 199 2
C 200 25
C 201 16
C 202 26
C 203 1
C 204 14
C 205 26
C 206 26
C 207 15
C 208 15
C 209 16
C 210 9
C 211 8
C 212 1
C 213 15
C 214 24
C 215 24
C 216 7
C 217 20
C 218 9
C 219 24
C 220 16
C 221 4
C 222 12
C 223 26
C 224 25
C 225 3
C 226 22
C 227 8
C 228 26
C 229 20
C 230 9
C 231 24
C 232 16
C 233 8
C 234 25
C 235 16
C 236 4
C 237 1
C 238 14
C 239 3
C 240 11
C 241 1
C 242 0
C 243 3
C 244 26
C 245 20
C 246 7
C 247 1
C 248 1
C 249 17
C 250 3
C 251 18
C 252 3
C 253 2
C 254 10
C 255 10
C 256 0
C 257 0
C 258 0
C 259 0
C 260 18
C 261 0
C 262 0
C 263 0
C 264 0
C 265 0
C 266 0
C 267 0
C 268 0
C 269 0
C 270 0
C 271 0
C 272 0
C 273 0
C 274 0
C 275 0
C 276 0
C 277 0
C 278 0
C 279 0
C 280 0
C 281 0
C 282 0
C 283 0
C 284 0
C 285 0
C 286 0
C 287 0
C 288 0
C 289 0
C 290 0
C 291 0
C 292 0
C 293 0
C 294 0
C 295 0
C 296 0
C 297 0
C 298 0
C 299 0
C 300 0
C 301 0
C 302 0
C 303 0
C 304 0
C 305 0
C 306 0
C 307 0
C 308 0
C 309 0
C 310 0
C 311 0
C 312 0
C 313 0
C 314 0
C 315 0
C 316 0
C 317 0
C 318 0
C 319 0
C 320 0
C 321 0
C 322 0
C 323 0
C 324 0
C 325 0
C 326 0
C 327 0
C 328 0
C 329 0
C 330 0
C 331 0
C 332 1
C 333 10
C 334 24
C 335 22
C 336 12
C 337 18
C 338 3
C 339 15
C 340 23
C 341 9
C 342 6
C 343 19
C 344 20
C 345 16
C 346 14
C 347 0
C 348 23
C 349 4
C 350 24
C 351 8
C 352 5
C 353 10
C 354 11
C 355 14
C 356 16
C 357 22
C 358 11
C 359 24
C 360 4
C 361 26
C 362 25
C 363 16
C 364 21
C 365 5
C 366 6
C 367 20
C 368 24
C 369 19
C 370 19
C 371 20
C 372 25
C 373 12
C 374 17
C 375 3
C 376 2
C 377 0
I 2 2 17 (2,5,1) (-1,-1,1,0)|(0,1,0,0)|(1,1,1,0)
I 0 1 20 (2,2,3) (-1,-1,-1,0)|(0,0,0,0)
I 3 1 9 (2,1,0) (1,0,0,0)|(-1,-1,1,0)|(-1,0,0,0)
