D (9,10,11) (1,0,0)
D (6,7,8) (0,2,4)
D (6,-1,-1) (1,5,4)
D (9,10,11) (5,3,5)
D (11,-1,-1) (5,1,4)
D (6,-1,-1) (4,0,3)
D (13,-1,-1) (1,5,0)
D (12,13,-1) (3,0,2)
D (12,13,-1) (2,4,1)
D (12,13,-1) (1,3,2)
D (7,8,9) (4,4,3)
D (8,-1,-1) (4,1,4)
D (11,12,-1) (0,1,2)
D (7,8,9) (3,1,3)
D (9,10,11) (0,1,3)
D (9,10,11) (1,0,2)
D (9,10,11) (3,3,3)
D (9,10,11) (3,1,1)
D (11,-1,-1) (1,3,4)
D (6,-1,-1) (5,4,2)
D (12,13,-1) (1,4,0)
D (11,12,13) (5,0,0)
D (11,-1,-1) (0,1,5)
D (10,11,-1) (5,2,1)
D (8,-1,-1) (4,3,4)
D (6,-1,-1) (2,1,0)
D (8,-1,-1) (1,2,4)
D (13,-1,-1) (4,4,2)
D (9,10,-1) (1,5,5)
D (7,13,-1) (0,4,1)
D (11,12,-1) (4,3,5)
D (9,-1,-1) (3,3,0)
D (10,-1,-1) (0,0,1)
D (13,-1,-1) (1,1,0)
D (13,-1,-1) (0,2,2)
D (10,11,12) (3,5,2)
C 0 3
C 1 8
C 2 0
C 3 10
C 4 25
C 5 17
C 6 25
C 7 10
C 8 24
C 9 2
C 10 18
C 11 26
C 12 22
C 13 12
C 14 2
C 15 7
C 16 7
C 17 22
C 18 7
C 19 10
C 20 18
C 21 14
C 22 0
C 23 0
C 24 0
C 25 0
C 26 0
C 27 0
C 28 0
C 29 0
C 30 0
C 31 0
C 32 0
C 33 0
C 34 0
C 35 0
C 36 0
C 37 0
C 38 0
C 39 0
C 40 0
C 41 0
C 42 0
C 43 0
C 44 0
C 45 0
C 46 0
C 47 0
C 48 0
C 49 0
C 50 0
C 51 0
C 52 0
C 53 0
C 54 0
C 55 0
C 56 0
C 57 0
C 58 0
C 59 0
C 60 0
C 61 0
C 62 0
C 63 0
C 64 0
C 65 0
C 66 0
C 67 0
C 68 0
C 69 0
C 70 0
C 71 0
C 72 0
C 73 0
C 74 0
C 75 0
C 76 0
C 77 0
C 78 0
C 79 0
C 80 0
C 81 0
C 82 0
C 83 0
C 84 0
C 85 0
C 86 0
C 87 0
C 88 0
C 89 0
C 90 0
C 91 0
C 92 0
C 93 0
C 94 0
C 95 0
C 96 0
C 97 0
C 98 0
C 99 0
C 100 0
C 101 0
C 102 0
C 103 0
C 104 0
C 105 0
C 106 0
C 107 0
C 108 0
C 109 0
C 110 0
C 111 0
C 112 0
C 113 0
C 114 0
C 115 24
C 116 17
C 117 3
C 118 15
C 119 9
C 120 6
C 121 12
C 122 8
C 123 24
C 124 7
C 125 24
C 126 25
C 127 20
C 128 25
C 129 15
C 130 4
C 131 8
C 132 21
C 133 21
C 134 10
C 135 3
C 136 12
C 137 0
C 138 14
C 139 6
C 140 15
C 141 23
C 142 9
C 143 4
C 144 8
C 145 8
C 146 25
C 147 11
C 148 16
C 149 4
C 150 8
C 151 9
C 152 23
C 153 9
C 154 5
C 155 7
C 156 3
C 157 19
C 158 9
C 159 1
C 160 0
C 161 16
C 162 5
C 163 0
C 164 14
C 165 24
C 166 22
C 167 6
C 168 16
C 169 12
C 170 8
C 171 0
C 172 0
C 173 0
C 174 16
C 175 4
C 176 18
C 177 24
C 178 4
C 179 4
C 180 5
C 181 18
C 182 16
C 183 18
C 184 24
C 185 8
C 186 24
C 187 19
C 188 25
C 189 23
C 190 2
C 191 11
C 192 18
C 193 10
C 194 9
C 195 23
C 196 0
C 197 0
C 198 0
C 199 0
C 200 0
C 201 0
C 202 0
C 203 0
C 204 0
C 205 0
C 206 0
C 207 0
C 208 0
C 209 0
C 210 0
C 211 0
C 212 0
C 213 0
C 214 0
C 215 0
C 216 0
C 217 0
C 218 0
C 219 0
C 220 0
C 221 0
C 222 0
C 223 0
C 224 0
C 225 0
C 226 0
C 227 0
C 228 0
C 229 0
C 230 0
C 231 0
C 232 0
C 233 0
C 234 0
C 235 0
C 236 0
C 237 0
C 238 0
C 239 0
C 240 0
C 241 0
C 242 0
C 243 0
C 244 0
C 245 0
C 246 0
C 247 0
C 248 0
C 249 0
C 250 0
C 251 0
C 252 0
C 253 0
C 254 0
C 255 0
C 256 0
C 257 0
C 258 0
C 259 0
C 260 0
C 261 0
C 262 0
C 263 0
C 264 0
C 265 0
C 266 0
C 267 0
C 268 0
C 269 0
C 270 0
C 271 0
C 272 0
C 273 0
C 274 0
C 275 0
C 276 0
C 277 0
C 278 0
C 279 0
C 280 0
C 281 0
C 282 0
C 283 0
C 284 0
C 285 0
C 286 0
C 287 0
C 288 0
C 289 0
C 290 0
C 291 0
C 292 0
C 293 0
C 294 0
C 295 0
C 296 0
C 297 25
C 298 26
C 299 1
C 300 6
C 301 14
C 302 7
C 303 4
C 304 21
C 305 4
C 306 8
C 307 1
C 308 1
C 309 0
C 310 0
C 311 0
C 312 0
C 313 0
C 314 0
C 315 0
C 316 0
C 317 0
C 318 0
C 319 0
C 320 0
C 321 0
C 322 0
C 323 0
C 324 0
C 325 0
C 326 0
C 327 0
C 328 0
C 329 0
C 330 0
C 331 0
C 332 0
C 333 0
C 334 0
C 335 0
C 336 0
C 337 0
C 338 0
C 339 0
C 340 0
C 341 0
C 342 0
C 343 0
C 344 0
C 345 0
C 346 0
C 347 0
C 348 0
C 349 0
C 350 0
C 351 0
C 352 0
C 353 0
C 354 0
C 355 0
C 356 0
C 357 0
C 358 0
C 359 0
C 360 0
C 361 0
C 362 0
C 363 0
C 364 0
C 365 0
C 366 0
C 367 0
C 368 0
C 369 2
C 370 4
C 371 23
C 372 26
C 373 4
C 374 15
C 375 25
C 376 26
C 377 9
I 0 1 19 (0,3,2) (0,-1,1,0)|(1,-1,-1,0)
I 0 1 17 (2,4,2) (0,-1,1,0)
I 0 1 17 (2,4,2) (0,-1,1,0)
