D (8,9,10) (4,3,1)
D (6,-1,-1) (0,4,3)
D (9,10,11) (5,1,3)
D (13,-1,-1) (5,3,1)
D (6,7,8) (3,4,5)
D (8,9,-1) (4,0,5)
D (12,13,-1) (5,0,3)
D (6,7,8) (2,1,1)
D (13,-1,-1) (5,0,4)
D (6,-1,-1) (1,3,1)
D (9,10,-1) (5,4,2)
D (9,-1,-1) (4,5,5)
D (13,-1,-1) (0,1,1)
D (9,10,-1) (3,3,5)
D (13,-1,-1) (5,5,2)
D (11,12,13) (2,4,5)
D (11,12,-1) (3,4,1)
D (11,-1,-1) (0,2,5)
D (6,-1,-1) (2,4,1)
D (8,9,-1) (0,3,1)
D (6,7,8) (2,0,5)
D (8,9,-1) (5,4,4)
D (10,11,-1) (3,1,4)
D (6,-1,-1) (2,2,2)
D (13,-1,-1) (3,2,5)
D (7,-1,-1) (1,3,0)
D (13,-1,-1) (1,5,3)
D (9,10,11) (1,5,1)
D (6,-1,-1) (0,0,5)
D (10,11,12) (3,0,1)
D (8,-1,-1) (1,1,1)
D (13,-1,-1) (4,4,2)
D (13,-1,-1) (1,1,3)
D (9,-1,-1) (1,3,3)
D (13,-1,-1) (2,5,5)
D (12,13,-1) (4,0,0)
D (10,-1,-1) (4,2,4)
D (8,-1,-1) (5,2,1)
D (13,-1,-1) (1,2,1)
D (11,12,-1) (5,0,2)
D (13,-1,-1) (1,4,3)
D (12,13,-1) (4,3,5)
D (10,11,12) (1,1,0)
D (8,9,-1) (2,3,1)
D (13,-1,-1) (5,5,1)
D (6,-1,-1) (1,3,5)
D (12,13,-1) (1,2,5)
D (7,-1,-1) (4,4,4)
D (13,-1,-1) (0,3,0)
D (8,9,10) (3,5,2)
D (13,-1,-1) (2,1,0)
C 0 1
C 1 9
C 2 18
C 3 21
C 4 25
C 5 3
C 6 26
C 7 11
C 8 10
C 9 18
C 10 7
C 11 22
C 12 10
C 13 22
C 14 17
C 15 5
C 16 8
C 17 15
C 18 5
C 19 0
C 20 0
C 21 0
C 22 0
C 23 0
C 24 0
C 25 0
C 26 0
C 27 0
C 28 0
C 29 0
C 30 0
C 31 0
C 32 0
C 33 0
C 34 0
C 35 0
C 36 0
C 37 9
C 38 23
C 39 18
C 40 4
C 41 16
C 42 6
C 43 19
C 44 23
C 45 2
C 46 24
C 47 20
C 48 1
C 49 2
C 50 14
C 51 4
C 52 16
C 53 3
C 54 26
C 55 7
C 56 2
C 57 7
C 58 18
C 59 24
C 60 1
C 61 4
C 62 12
C 63 18
C 64 7
C 65 5
C 66 11
C 67 1
C 68 14
C 69 25
C 70 10
C 71 14
C 72 14
C 73 16
C 74 20
C 75 5
C 76 8
C 77 5
C 78 23
C 79 10
C 80 15
C 81 1
C 82 25
C 83 7
C 84 11
C 85 12
C 86 14
C 87 7
C 88 26
C 89 21
C 90 17
C 91 5
C 92 4
C 93 11
C 94 6
C 95 20
C 96 19
C 97 9
C 98 12
C 99 4
C 100 18
C 101 1
C 102 1
C 103 21
C 104 1
C 105 9
C 106 1
C 107 16
C 108 5
C 109 17
C 110 5
C 111 21
C 112 23
C 113 16
C 114 9
C 115 22
C 116 11
C 117 23
C 118 1
C 119 12
C 120 5
C 121 8
C 122 0
C 123 1
C 124 14
C 125 22
C 126 5
C 127 16
C 128 15
C 129 14
C 130 5
C 131 16
C 132 6
C 133 14
C 134 19
C 135 23
C 136 0
C 137 16
C 138 9
C 139 20
C 140 8
C 141 23
C 142 9
C 143 6
C 144 4
C 145 1
C 146 8
C 147 19
C 148 22
C 149 12
C 150 24
C 151 17
C 152 26
C 153 25
C 154 14
C 155 20
C 156 1
C 157 15
C 158 25
C 159 4
C 160 2
C 161 24
C 162 18
C 163 8
C 164 9
C 165 11
C 166 4
C 167 20
C 168 0
C 169 0
C 170 0
C 171 2
C 172 0
C 173 9
C 174 7
C 175 16
C 176 12
C 177 6
C 178 15
C 179 14
C 180 17
C 181 12
C 182 19
C 183 19
C 184 5
C 185 19
C 186 15
C 187 16
C 188 5
C 189 20
C 190 19
C 191 1
C 192 8
C 193 23
C 194 10
C 195 15
C 196 15
C 197 24
C 198 17
C 199 5
C 200 26
C 201 5
C 202 5
C 203 6
C 204 25
C 205 5
C 206 0
C 207 0
C 208 0
C 209 0
C 210 0
C 211 0
C 212 0
C 213 0
C 214 0
C 215 0
C 216 0
C 217 0
C 218 0
C 219 0
C 220 0
C 221 0
C 222 0
C 223 0
C 224 0
C 225 0
C 226 0
C 227 0
C 228 0
C 229 0
C 230 0
C 231 0
C 232 0
C 233 0
C 234 0
C 235 0
C 236 0
C 237 0
C 238 0
C 239 0
C 240 0
C 241 0
C 242 0
C 243 0
C 244 0
C 245 0
C 246 0
C 247 0
C 248 0
C 249 0
C 250 0
C 251 0
C 252 0
C 253 0
C 254 0
C 255 0
C 256 0
C 257 0
C 258 0
C 259 0
C 260 0
C 261 0
C 262 0
C 263 0
C 264 0
C 265 0
C 266 26
C 267 5
C 268 24
C 269 10
C 270 3
C 271 3
C 272 7
C 273 23
C 274 22
C 275 2
C 276 24
C 277 15
C 278 19
C 279 4
C 280 9
C 281 3
C 282 7
C 283 14
C 284 16
C 285 7
C 286 23
C 287 26
C 288 25
C 289 8
C 290 2
C 291 0
C 292 0
C 293 0
C 294 0
C 295 0
C 296 0
C 297 0
C 298 0
C 299 0
C 300 0
C 301 0
C 302 0
C 303 0
C 304 0
C 305 0
C 306 0
C 307 0
C 308 0
C 309 0
C 310 0
C 311 0
C 312 0
C 313 0
C 314 0
C 315 0
C 316 0
C 317 0
C 318 0
C 319 0
C 320 0
C 321 0
C 322 0
C 323 0
C 324 0
C 325 0
C 326 0
C 327 0
C 328 0
C 329 0
C 330 0
C 331 0
C 332 0
C 333 0
C 334 0
C 335 0
C 336 0
C 337 0
C 338 0
C 339 0
C 340 0
C 341 0
C 342 0
C 343 0
C 344 0
C 345 0
C 346 0
C 347 0
C 348 0
C 349 0
C 350 0
C 351 0
C 352 0
C 353 0
C 354 0
C 355 0
C 356 0
C 357 0
C 358 0
C 359 0
C 360 0
C 361 0
C 362 0
C 363 0
C 364 0
C 365 0
C 366 0
C 367 0
C 368 0
C 369 0
C 370 0
C 371 0
C 372 22
C 373 22
C 374 23
C 375 7
C 376 11
C 377 20
I 1 1 14 (3,1,2) (0,1,1,0)
I 0 2 18 (2,1,0) (1,0,1,0)
