D (9,10,-1) (3,0,2)
D (11,-1,-1) (0,5,5)
D (9,10,11) (2,4,5)
D (9,10,-1) (3,2,2)
D (8,-1,-1) (4,3,1)
D (9,10,11) (0,4,3)
D (11,12,13) (2,0,3)
D (13,-1,-1) (0,1,4)
D (11,12,13) (0,4,5)
D (7,-1,-1) (2,5,5)
D (13,-1,-1) (2,0,2)
D (6,7,8) (3,4,2)
D (8,9,-1) (0,5,1)
D (6,-1,-1) (1,3,0)
D (7,8,9) (0,0,3)
D (13,-1,-1) (1,0,0)
D (6,-1,-1) (3,5,3)
D (6,7,8) (1,4,2)
D (7,8,9) (2,0,5)
D (7,-1,-1) (3,3,1)
D (7,-1,-1) (0,1,1)
D (13,-1,-1) (1,5,3)
D (9,-1,-1) (2,4,4)
D (10,11,-1) (3,1,3)
D (13,-1,-1) (4,1,4)
D (9,10,-1) (4,4,1)
D (8,-1,-1) (0,1,2)
D (9,10,-1) (5,4,2)
D (6,-1,-1) (2,4,0)
D (11,12,13) (1,3,2)
D (12,13,-1) (1,4,4)
D (8,9,-1) (1,3,5)
D (11,12,13) (2,1,5)
D (13,-1,-1) (4,1,0)
D (7,8,9) (2,2,2)
D (12,-1,-1) (4,3,4)
D (11,12,13) (0,1,5)
D (6,7,-1) (1,5,1)
D (9,10,11) (5,2,2)
D (10,11,12) (4,0,0)
D (9,-1,-1) (1,5,5)
D (7,-1,-1) (1,2,3)
D (13,-1,-1) (5,5,3)
D (12,13,-1) (5,3,5)
D (8,9,10) (0,2,3)
D (9,-1,-1) (1,1,2)
C 0 2
C 1 17
C 2 3
C 3 18
C 4 8
C 5 17
C 6 21
C 7 12
C 8 2
C 9 23
C 10 5
C 11 26
C 12 26
C 13 19
C 14 26
C 15 8
C 16 21
C 17 26
C 18 26
C 19 1
C 20 1
C 21 4
C 22 0
C 23 0
C 24 0
C 25 0
C 26 0
C 27 0
C 28 0
C 29 0
C 30 0
C 31 0
C 32 0
C 33 0
C 34 0
C 35 0
C 36 0
C 37 0
C 38 0
C 39 0
C 40 0
C 41 0
C 42 0
C 43 0
C 44 0
C 45 0
C 46 5
C 47 24
C 48 15
C 49 12
C 50 6
C 51 16
C 52 20
C 53 17
C 54 9
C 55 20
C 56 10
C 57 8
C 58 7
C 59 26
C 60 6
C 61 15
C 62 23
C 63 1
C 64 19
C 65 1
C 66 0
C 67 23
C 68 2
C 69 4
C 70 23
C 71 21
C 72 23
C 73 25
C 74 21
C 75 4
C 76 17
C 77 11
C 78 12
C 79 25
C 80 4
C 81 7
C 82 24
C 83 4
C 84 10
C 85 24
C 86 7
C 87 22
C 88 5
C 89 9
C 90 1
C 91 8
C 92 15
C 93 18
C 94 18
C 95 19
C 96 21
C 97 0
C 98 12
C 99 10
C 100 11
C 101 7
C 102 11
C 103 19
C 104 10
C 105 22
C 106 19
C 107 6
C 108 14
C 109 14
C 110 26
C 111 22
C 112 24
C 113 15
C 114 14
C 115 15
C 116 15
C 117 24
C 118 23
C 119 23
C 120 10
C 121 25
C 122 23
C 123 26
C 124 0
C 125 7
C 126 10
C 127 10
C 128 25
C 129 24
C 130 5
C 131 16
C 132 12
C 133 20
C 134 22
C 135 11
C 136 7
C 137 3
C 138 3
C 139 20
C 140 22
C 141 14
C 142 8
C 143 7
C 144 18
C 145 12
C 146 10
C 147 16
C 148 24
C 149 21
C 150 24
C 151 23
C 152 19
C 153 17
C 154 10
C 155 0
C 156 10
C 157 11
C 158 18
C 159 19
C 160 10
C 161 7
C 162 25
C 163 10
C 164 18
C 165 7
C 166 21
C 167 17
C 168 23
C 169 22
C 170 26
C 171 9
C 172 8
C 173 18
C 174 4
C 175 4
C 176 6
C 177 2
C 178 19
C 179 18
C 180 15
C 181 22
C 182 17
C 183 7
C 184 7
C 185 5
C 186 21
C 187 8
C 188 24
C 189 18
C 190 25
C 191 12
C 192 8
C 193 22
C 194 18
C 195 3
C 196 5
C 197 24
C 198 19
C 199 23
C 200 20
C 201 5
C 202 24
C 203 14
C 204 0
C 205 0
C 206 0
C 207 0
C 208 0
C 209 0
C 210 0
C 211 0
C 212 0
C 213 0
C 214 0
C 215 0
C 216 0
C 217 0
C 218 0
C 219 0
C 220 0
C 221 0
C 222 0
C 223 0
C 224 0
C 225 0
C 226 0
C 227 0
C 228 0
C 229 0
C 230 0
C 231 0
C 232 0
C 233 0
C 234 0
C 235 0
C 236 0
C 237 0
C 238 0
C 239 0
C 240 0
C 241 0
C 242 0
C 243 0
C 244 0
C 245 0
C 246 0
C 247 0
C 248 0
C 249 0
C 250 0
C 251 0
C 252 0
C 253 0
C 254 0
C 255 0
C 256 0
C 257 0
C 258 0
C 259 0
C 260 0
C 261 0
C 262 0
C 263 0
C 264 0
C 265 0
C 266 0
C 267 0
C 268 0
C 269 0
C 270 0
C 271 0
C 272 0
C 273 0
C 274 0
C 275 0
C 276 0
C 277 0
C 278 0
C 279 0
C 280 0
C 281 0
C 282 0
C 283 0
C 284 0
C 285 0
C 286 0
C 287 0
C 288 0
C 289 0
C 290 0
C 291 0
C 292 0
C 293 0
C 294 0
C 295 0
C 296 0
C 297 0
C 298 0
C 299 0
C 300 0
C 301 0
C 302 0
C 303 0
C 304 0
C 305 0
C 306 0
C 307 0
C 308 0
C 309 0
C 310 0
C 311 0
C 312 22
C 313 12
C 314 11
C 315 20
C 316 11
C 317 12
C 318 20
C 319 22
C 320 9
C 321 6
C 322 6
C 323 5
C 324 17
C 325 6
C 326 8
C 327 5
C 328 25
C 329 19
C 330 16
C 331 17
C 332 18
C 333 26
C 334 14
C 335 14
C 336 7
C 337 7
C 338 19
C 339 23
C 340 23
C 341 25
C 342 0
C 343 23
C 344 0
C 345 0
C 346 0
C 347 0
C 348 0
C 349 0
C 350 0
C 351 0
C 352 0
C 353 0
C 354 0
C 355 0
C 356 0
C 357 0
C 358 0
C 359 0
C 360 0
C 361 0
C 362 0
C 363 0
C 364 0
C 365 0
C 366 0
C 367 0
C 368 0
C 369 0
C 370 0
C 371 0
C 372 0
C 373 0
C 374 0
C 375 18
C 376 5
C 377 24
I 1 2 1 (1,2,4) (1,1,-1,0)
I 0 1 1 (3,5,4) (1,0,0,0)
I 3 3 14 (0,1,2) (0,0,1,0)
