D (11,12,-1) (4,5,5)
D (12,13,-1) (1,3,4)
D (7,8,9) (5,0,1)
D (8,-1,-1) (4,3,3)
D (12,13,-1) (2,4,4)
D (8,-1,-1) (2,4,0)
D (12,13,-1) (5,1,0)
D (10,-1,-1) (5,4,1)
D (10,-1,-1) (2,3,0)
D (10,11,-1) (1,0,4)
D (6,7,8) (4,0,2)
D (12,13,-1) (0,2,1)
D (9,10,-1) (2,5,5)
D (6,7,8) (3,1,0)
D (12,12,-1) (2,2,3)
D (9,10,11) (0,1,5)
D (12,-1,-1) (0,5,0)
D (11,12,-1) (3,1,1)
D (7,-1,-1) (4,4,2)
D (7,8,9) (3,0,5)
D (9,10,-1) (5,4,2)
D (12,13,-1) (3,3,1)
D (11,-1,-1) (1,0,1)
D (6,7,8) (4,3,2)
D (13,-1,-1) (1,1,4)
D (6,-1,-1) (0,2,2)
D (13,-1,-1) (5,2,2)
D (8,-1,-1) (1,2,3)
D (10,11,-1) (1,4,5)
D (11,12,-1) (1,0,3)
D (8,9,-1) (3,2,2)
D (7,8,9) (3,3,4)
D (13,-1,-1) (3,1,3)
D (11,12,13) (2,5,4)
D (11,12,-1) (3,4,4)
D (10,-1,-1) (2,1,5)
D (9,10,-1) (0,5,1)
D (11,12,13) (5,1,1)
D (13,-1,-1) (1,5,0)
D (10,11,12) (2,5,2)
D (10,-1,-1) (3,4,0)
D (12,13,-1) (0,2,5)
D (8,-1,-1) (5,5,1)
D (6,7,-1) (2,4,5)
D (9,10,11) (2,4,2)
D (8,9,10) (3,5,2)
D (6,7,8) (4,5,3)
D (11,12,13) (1,0,0)
D (8,9,-1) (4,2,0)
D (11,12,-1) (0,2,4)
D (10,11,12) (4,4,5)
D (6,-1,-1) (2,2,0)
D (8,9,10) (3,0,2)
D (12,-1,-1) (5,5,5)
D (7,-1,-1) (0,2,0)
D (7,8,-1) (0,4,0)
D (12,13,-1) (1,2,0)
D (7,-1,-1) (5,3,1)
D (11,12,-1) (4,0,1)
D (6,-1,-1) (4,2,1)
D (10,11,-1) (3,5,4)
D (13,-1,-1) (0,3,4)
D (9,10,11) (1,2,4)
D (11,12,-1) (2,4,3)
C 0 2
C 1 11
C 2 12
C 3 26
C 4 15
C 5 6
C 6 12
C 7 2
C 8 17
C 9 6
C 10 3
C 11 17
C 12 22
C 13 25
C 14 18
C 15 14
C 16 8
C 17 19
C 18 25
C 19 4
C 20 5
C 21 8
C 22 2
C 23 20
C 24 21
C 25 26
C 26 8
C 27 4
C 28 6
C 29 12
C 30 0
C 31 10
C 32 5
C 33 15
C 34 22
C 35 12
C 36 24
C 37 1
C 38 22
C 39 17
C 40 18
C 41 22
C 42 19
C 43 20
C 44 5
C 45 1
C 46 9
C 47 20
C 48 2
C 49 8
C 50 10
C 51 21
C 52 26
C 53 16
C 54 3
C 55 20
C 56 19
C 57 15
C 58 21
C 59 2
C 60 15
C 61 0
C 62 4
C 63 8
C 64 21
C 65 7
C 66 10
C 67 2
C 68 12
C 69 9
C 70 15
C 71 6
C 72 4
C 73 25
C 74 6
C 75 22
C 76 16
C 77 6
C 78 26
C 79 15
C 80 19
C 81 6
C 82 6
C 83 12
C 84 8
C 85 5
C 86 14
C 87 0
C 88 0
C 89 0
C 90 0
C 91 0
C 92 0
C 93 0
C 94 0
C 95 0
C 96 0
C 97 0
C 98 0
C 99 0
C 100 0
C 101 0
C 102 0
C 103 0
C 104 0
C 105 0
C 106 0
C 107 0
C 108 0
C 109 0
C 110 0
C 111 0
C 112 0
C 113 0
C 114 0
C 115 0
C 116 0
C 117 0
C 118 0
C 119 0
C 120 0
C 121 0
C 122 10
C 123 0
C 124 0
C 125 0
C 126 0
C 127 0
C 128 0
C 129 0
C 130 0
C 131 0
C 132 0
C 133 0
C 134 0
C 135 0
C 136 0
C 137 0
C 138 0
C 139 0
C 140 0
C 141 6
C 142 0
C 143 0
C 144 0
C 145 0
C 146 0
C 147 0
C 148 0
C 149 0
C 150 0
C 151 0
C 152 0
C 153 0
C 154 0
C 155 0
C 156 0
C 157 0
C 158 0
C 159 0
C 160 0
C 161 0
C 162 0
C 163 0
C 164 0
C 165 0
C 166 0
C 167 0
C 168 0
C 169 0
C 170 0
C 171 0
C 172 0
C 173 0
C 174 0
C 175 0
C 176 0
C 177 0
C 178 0
C 179 0
C 180 0
C 181 0
C 182 0
C 183 0
C 184 0
C 185 0
C 186 0
C 187 0
C 188 0
C 189 0
C 190 0
C 191 0
C 192 0
C 193 0
C 194 0
C 195 0
C 196 0
C 197 0
C 198 0
C 199 0
C 200 0
C 201 0
C 202 0
C 203 12
C 204 0
C 205 0
C 206 0
C 207 0
C 208 0
C 209 6
C 210 0
C 211 0
C 212 0
C 213 0
C 214 0
C 215 0
C 216 0
C 217 0
C 218 0
C 219 0
C 220 0
C 221 0
C 222 0
C 223 0
C 224 0
C 225 0
C 226 0
C 227 0
C 228 0
C 229 0
C 230 0
C 231 0
C 232 0
C 233 0
C 234 0
C 235 0
C 236 0
C 237 0
C 238 0
C 239 0
C 240 0
C 241 0
C 242 0
C 243 0
C 244 0
C 245 0
C 246 0
C 247 0
C 248 0
C 249 0
C 250 0
C 251 0
C 252 0
C 253 0
C 254 0
C 255 0
C 256 0
C 257 0
C 258 0
C 259 0
C 260 0
C 261 0
C 262 0
C 263 0
C 264 0
C 265 0
C 266 0
C 267 0
C 268 0
C 269 0
C 270 0
C 271 0
C 272 0
C 273 0
C 274 0
C 275 0
C 276 0
C 277 0
C 278 0
C 279 0
C 280 0
C 281 0
C 282 0
C 283 0
C 284 0
C 285 0
C 286 0
C 287 0
C 288 0
C 289 0
C 290 0
C 291 0
C 292 0
C 293 0
C 294 0
C 295 0
C 296 0
C 297 0
C 298 0
C 299 0
C 300 0
C 301 0
C 302 0
C 303 0
C 304 0
C 305 0
C 306 0
C 307 0
C 308 0
C 309 0
C 310 0
C 311 0
C 312 0
C 313 0
C 314 0
C 315 0
C 316 0
C 317 0
C 318 0
C 319 0
C 320 0
C 321 0
C 322 0
C 323 0
C 324 0
C 325 0
C 326 0
C 327 0
C 328 0
C 329 0
C 330 0
C 331 0
C 332 0
C 333 0
C 334 12
C 335 18
C 336 6
C 337 23
C 338 22
C 339 10
C 340 16
C 341 6
C 342 2
C 343 17
C 344 22
C 345 26
C 346 26
C 347 4
C 348 11
C 349 10
C 350 21
C 351 5
C 352 5
C 353 18
C 354 1
C 355 7
C 356 5
C 357 9
C 358 6
C 359 23
C 360 1
C 361 1
C 362 8
C 363 6
C 364 4
C 365 20
C 366 8
C 367 22
C 368 2
C 369 24
C 370 2
C 371 24
C 372 2
C 373 22
C 374 24
C 375 15
C 376 22
C 377 18
I 5 3 10 (2,2,5) (1,1,-1,0)
I 0 1 13 (2,3,3) (1,0,-1,0)|(-1,1,0,0)|(1,1,0,0)
I 0 3 15 (3,2,4) (-1,-1,-1,0)|(0,1,0,0)
