D (11,12,13) (5,2,4)
D (6,7,8) (4,5,4)
D (8,9,10) (4,3,1)
D (11,12,-1) (5,3,0)
D (12,13,-1) (3,4,2)
D (12,-1,-1) (0,4,4)
D (10,11,-1) (0,4,5)
D (7,-1,-1) (1,4,5)
D (7,8,9) (3,0,3)
D (8,9,10) (1,5,2)
D (8,9,-1) (3,4,5)
D (6,7,-1) (2,5,4)
D (13,-1,-1) (4,2,5)
D (13,-1,-1) (0,4,1)
D (6,7,8) (1,2,5)
D (13,-1,-1) (4,5,3)
D (8,9,-1) (4,3,5)
D (10,11,12) (3,1,5)
D (13,-1,-1) (4,2,3)
D (8,-1,-1) (3,5,3)
D (8,-1,-1) (4,0,5)
D (12,13,-1) (3,1,1)
D (13,-1,-1) (4,5,1)
D (7,8,-1) (4,2,1)
D (9,10,11) (5,2,1)
D (12,13,-1) (4,5,2)
D (12,-1,-1) (2,1,1)
D (8,9,10) (5,1,5)
D (9,10,11) (0,1,1)
D (13,-1,-1) (0,3,3)
D (9,10,-1) (3,1,4)
D (13,-1,-1) (3,3,1)
D (10,11,-1) (2,0,0)
D (9,10,-1) (4,4,5)
D (7,-1,-1) (4,3,3)
D (8,9,10) (3,0,4)
D (11,12,-1) (3,1,0)
D (12,13,-1) (5,1,0)
D (12,-1,-1) (2,3,3)
D (11,-1,-1) (4,0,4)
D (12,-1,-1) (5,5,0)
D (7,-1,-1) (3,5,2)
D (12,13,-1) (5,0,4)
D (6,7,8) (0,4,0)
D (6,-1,-1) (0,2,0)
D (13,-1,-1) (2,0,3)
D (11,12,-1) (3,4,4)
D (10,11,12) (1,0,1)
D (12,-1,-1) (1,4,3)
D (9,10,11) (0,3,4)
D (12,13,-1) (2,2,3)
D (8,9,-1) (0,0,4)
C 0 17
C 1 0
C 2 7
C 3 21
C 4 8
C 5 26
C 6 19
C 7 8
C 8 6
C 9 1
C 10 24
C 11 7
C 12 14
C 13 24
C 14 21
C 15 21
C 16 12
C 17 0
C 18 3
C 19 0
C 20 2
C 21 0
C 22 19
C 23 14
C 24 1
C 25 10
C 26 24
C 27 10
C 28 5
C 29 23
C 30 1
C 31 4
C 32 23
C 33 11
C 34 24
C 35 4
C 36 0
C 37 19
C 38 26
C 39 20
C 40 21
C 41 26
C 42 2
C 43 23
C 44 11
C 45 11
C 46 22
C 47 22
C 48 0
C 49 3
C 50 10
C 51 12
C 52 12
C 53 24
C 54 8
C 55 25
C 56 9
C 57 6
C 58 3
C 59 17
C 60 3
C 61 10
C 62 7
C 63 3
C 64 17
C 65 11
C 66 16
C 67 6
C 68 26
C 69 5
C 70 0
C 71 4
C 72 6
C 73 18
C 74 24
C 75 22
C 76 5
C 77 14
C 78 2
C 79 22
C 80 17
C 81 22
C 82 18
C 83 10
C 84 14
C 85 16
C 86 11
C 87 3
C 88 2
C 89 25
C 90 0
C 91 19
C 92 1
C 93 16
C 94 18
C 95 26
C 96 2
C 97 5
C 98 8
C 99 6
C 100 25
C 101 19
C 102 15
C 103 10
C 104 16
C 105 5
C 106 7
C 107 16
C 108 5
C 109 22
C 110 0
C 111 17
C 112 14
C 113 21
C 114 26
C 115 15
C 116 11
C 117 6
C 118 12
C 119 9
C 120 9
C 121 23
C 122 22
C 123 14
C 124 11
C 125 8
C 126 15
C 127 26
C 128 1
C 129 7
C 130 4
C 131 4
C 132 18
C 133 23
C 134 3
C 135 15
C 136 25
C 137 9
C 138 21
C 139 12
C 140 3
C 141 10
C 142 7
C 143 11
C 144 3
C 145 21
C 146 25
C 147 3
C 148 12
C 149 16
C 150 19
C 151 7
C 152 18
C 153 17
C 154 7
C 155 11
C 156 26
C 157 19
C 158 12
C 159 26
C 160 3
C 161 7
C 162 11
C 163 6
C 164 22
C 165 24
C 166 1
C 167 18
C 168 25
C 169 14
C 170 24
C 171 8
C 172 7
C 173 9
C 174 5
C 175 3
C 176 26
C 177 18
C 178 21
C 179 21
C 180 21
C 181 0
C 182 21
C 183 22
C 184 15
C 185 0
C 186 7
C 187 16
C 188 0
C 189 2
C 190 25
C 191 15
C 192 9
C 193 25
C 194 9
C 195 22
C 196 20
C 197 22
C 198 8
C 199 2
C 200 22
C 201 6
C 202 1
C 203 12
C 204 6
C 205 11
C 206 1
C 207 8
C 208 1
C 209 2
C 210 4
C 211 9
C 212 14
C 213 17
C 214 9
C 215 14
C 216 11
C 217 12
C 218 1
C 219 7
C 220 2
C 221 8
C 222 21
C 223 6
C 224 6
C 225 9
C 226 14
C 227 23
C 228 0
C 229 19
C 230 10
C 231 10
C 232 11
C 233 18
C 234 9
C 235 20
C 236 1
C 237 12
C 238 23
C 239 0
C 240 25
C 241 0
C 242 22
C 243 11
C 244 16
C 245 0
C 246 23
C 247 17
C 248 18
C 249 26
C 250 24
C 251 15
C 252 23
C 253 9
C 254 1
C 255 10
C 256 15
C 257 10
C 258 2
C 259 2
C 260 24
C 261 4
C 262 9
C 263 19
C 264 24
C 265 17
C 266 14
C 267 14
C 268 12
C 269 25
C 270 15
C 271 16
C 272 7
C 273 0
C 274 9
C 275 14
C 276 0
C 277 5
C 278 5
C 279 8
C 280 17
C 281 9
C 282 23
C 283 21
C 284 15
C 285 10
C 286 18
C 287 22
C 288 7
C 289 4
C 290 14
C 291 9
C 292 1
C 293 15
C 294 10
C 295 8
C 296 24
C 297 7
C 298 2
C 299 7
C 300 16
C 301 20
C 302 5
C 303 22
C 304 26
C 305 16
C 306 26
C 307 1
C 308 14
C 309 9
C 310 7
C 311 12
C 312 5
C 313 7
C 314 22
C 315 7
C 316 25
C 317 7
C 318 9
C 319 14
C 320 14
C 321 18
C 322 1
C 323 5
C 324 11
C 325 4
C 326 25
C 327 2
C 328 23
C 329 19
C 330 8
C 331 12
C 332 0
C 333 25
C 334 0
C 335 2
C 336 8
C 337 18
C 338 5
C 339 9
C 340 21
C 341 2
C 342 17
C 343 25
C 344 19
C 345 15
C 346 15
C 347 16
C 348 0
C 349 9
C 350 24
C 351 5
C 352 17
C 353 24
C 354 21
C 355 2
C 356 9
C 357 5
C 358 8
C 359 10
C 360 17
C 361 11
C 362 6
C 363 5
C 364 16
C 365 21
C 366 3
C 367 6
C 368 10
C 369 8
C 370 15
C 371 11
C 372 3
C 373 1
C 374 6
C 375 17
C 376 3
C 377 1
I 3 3 14 (0,1,3) (0,0,-1,0)|(0,1,-1,0)|(-1,0,-1,0)|(0,1,1,0)
I 1 1 2 (5,2,1) (0,0,0,0)|(-1,0,0,0)|(1,-1,0,0)
I 0 2 16 (2,4,0) (-1,0,0,0)|(1,1,0,0)|(0,0,-1,0)|(1,-1,-1,0)
I 1 1 16 (2,0,4) (0,1,0,0)|(0,0,0,0)|(-1,-1,-1,0)|(1,1,0,0)|(-1,0,1,0)
