D (7,8,9) (2,2,1)
D (8,-1,-1) (5,5,5)
D (9,-1,-1) (4,5,5)
D (10,11,-1) (2,5,4)
D (10,-1,-1) (5,1,2)
D (10,11,-1) (0,4,2)
D (6,7,8) (5,5,4)
D (7,-1,-1) (5,3,2)
D (8,-1,-1) (4,1,1)
D (6,7,-1) (1,3,3)
D (12,13,-1) (4,3,0)
D (7,-1,-1) (3,5,0)
D (10,11,12) (5,5,3)
D (11,-1,-1) (4,3,5)
D (11,12,-1) (1,4,2)
D (11,12,13) (0,5,5)
D (13,-1,-1) (4,1,0)
D (11,-1,-1) (5,2,2)
D (8,9,-1) (4,5,1)
D (11,-1,-1) (1,0,0)
D (11,-1,-1) (3,4,4)
D (7,8,9) (1,5,0)
D (6,-1,-1) (2,3,5)
D (12,13,-1) (1,2,4)
D (9,-1,-1) (2,0,3)
D (6,-1,-1) (1,5,4)
D (7,-1,-1) (4,0,4)
D (9,-1,-1) (3,2,3)
D (12,13,-1) (5,4,3)
D (9,10,11) (5,3,5)
D (11,12,13) (5,0,1)
D (12,-1,-1) (1,1,2)
D (8,9,10) (1,0,2)
D (8,9,-1) (2,2,2)
D (9,10,11) (5,1,3)
D (8,9,10) (0,4,1)
D (11,-1,-1) (0,5,3)
D (13,-1,-1) (4,0,2)
D (10,11,12) (3,3,0)
D (13,-1,-1) (2,3,3)
D (11,-1,-1) (0,3,5)
D (8,9,-1) (2,2,5)
D (12,-1,-1) (3,3,1)
D (8,9,10) (1,1,1)
D (7,-1,-1) (5,1,1)
D (6,7,-1) (4,0,5)
D (10,11,12) (2,1,2)
D (10,-1,-1) (5,0,0)
D (8,-1,-1) (0,2,4)
D (7,8,9) (3,4,1)
D (6,7,8) (4,4,3)
D (11,-1,-1) (5,4,4)
D (6,-1,-1) (1,5,5)
D (9,-1,-1) (5,5,1)
D (13,-1,-1) (3,2,2)
D (8,9,10) (2,0,2)
D (11,12,13) (3,1,5)
D (8,9,10) (1,5,3)
D (13,-1,-1) (5,4,0)
D (9,10,11) (2,1,3)
D (8,9,10) (3,3,3)
D (10,11,12) (0,1,2)
D (6,7,8) (1,0,4)
C 0 2
C 1 3
C 2 17
C 3 15
C 4 0
C 5 4
C 6 15
C 7 6
C 8 19
C 9 4
C 10 18
C 11 10
C 12 7
C 13 1
C 14 1
C 15 18
C 16 21
C 17 4
C 18 20
C 19 3
C 20 12
C 21 10
C 22 24
C 23 11
C 24 1
C 25 3
C 26 8
C 27 16
C 28 9
C 29 25
C 30 22
C 31 16
C 32 0
C 33 17
C 34 0
C 35 6
C 36 25
C 37 8
C 38 11
C 39 4
C 40 6
C 41 7
C 42 18
C 43 12
C 44 21
C 45 10
C 46 16
C 47 10
C 48 8
C 49 9
C 50 3
C 51 24
C 52 19
C 53 3
C 54 5
C 55 2
C 56 5
C 57 2
C 58 19
C 59 24
C 60 18
C 61 17
C 62 21
C 63 4
C 64 1
C 65 3
C 66 0
C 67 24
C 68 11
C 69 25
C 70 11
C 71 10
C 72 1
C 73 0
C 74 10
C 75 14
C 76 10
C 77 19
C 78 17
C 79 25
C 80 11
C 81 23
C 82 17
C 83 0
C 84 10
C 85 11
C 86 1
C 87 5
C 88 11
C 89 5
C 90 11
C 91 20
C 92 1
C 93 0
C 94 8
C 95 1
C 96 4
C 97 10
C 98 15
C 99 11
C 100 17
C 101 11
C 102 18
C 103 4
C 104 20
C 105 4
C 106 21
C 107 10
C 108 22
C 109 9
C 110 23
C 111 6
C 112 0
C 113 11
C 114 12
C 115 7
C 116 16
C 117 10
C 118 22
C 119 11
C 120 25
C 121 2
C 122 7
C 123 24
C 124 15
C 125 3
C 126 15
C 127 16
C 128 10
C 129 20
C 130 9
C 131 26
C 132 14
C 133 17
C 134 20
C 135 25
C 136 16
C 137 17
C 138 17
C 139 11
C 140 24
C 141 23
C 142 20
C 143 25
C 144 23
C 145 5
C 146 17
C 147 21
C 148 24
C 149 10
C 150 3
C 151 6
C 152 14
C 153 3
C 154 8
C 155 17
C 156 12
C 157 22
C 158 8
C 159 0
C 160 0
C 161 24
C 162 4
C 163 8
C 164 24
C 165 26
C 166 21
C 167 22
C 168 3
C 169 18
C 170 18
C 171 1
C 172 6
C 173 2
C 174 4
C 175 22
C 176 26
C 177 25
C 178 6
C 179 22
C 180 17
C 181 22
C 182 14
C 183 8
C 184 21
C 185 4
C 186 21
C 187 26
C 188 26
C 189 8
C 190 0
C 191 16
C 192 14
C 193 25
C 194 7
C 195 5
C 196 12
C 197 26
C 198 15
C 199 23
C 200 8
C 201 9
C 202 25
C 203 5
C 204 7
C 205 16
C 206 5
C 207 6
C 208 12
C 209 2
C 210 23
C 211 17
C 212 26
C 213 16
C 214 5
C 215 12
C 216 16
C 217 22
C 218 17
C 219 25
C 220 10
C 221 18
C 222 0
C 223 10
C 224 14
C 225 0
C 226 25
C 227 25
C 228 25
C 229 9
C 230 21
C 231 26
C 232 22
C 233 14
C 234 26
C 235 2
C 236 20
C 237 7
C 238 8
C 239 17
C 240 9
C 241 12
C 242 18
C 243 11
C 244 18
C 245 19
C 246 10
C 247 9
C 248 16
C 249 20
C 250 9
C 251 7
C 252 3
C 253 17
C 254 17
C 255 23
C 256 24
C 257 26
C 258 1
C 259 15
C 260 22
C 261 19
C 262 23
C 263 11
C 264 21
C 265 26
C 266 8
C 267 22
C 268 17
C 269 22
C 270 20
C 271 8
C 272 21
C 273 17
C 274 25
C 275 0
C 276 8
C 277 23
C 278 1
C 279 17
C 280 2
C 281 15
C 282 26
C 283 26
C 284 2
C 285 19
C 286 1
C 287 3
C 288 16
C 289 5
C 290 3
C 291 24
C 292 20
C 293 4
C 294 6
C 295 5
C 296 9
C 297 2
C 298 14
C 299 0
C 300 0
C 301 0
C 302 0
C 303 0
C 304 0
C 305 0
C 306 0
C 307 0
C 308 0
C 309 0
C 310 0
C 311 0
C 312 0
C 313 0
C 314 0
C 315 0
C 316 0
C 317 0
C 318 0
C 319 0
C 320 0
C 321 0
C 322 0
C 323 0
C 324 0
C 325 0
C 326 0
C 327 0
C 328 0
C 329 0
C 330 0
C 331 0
C 332 0
C 333 0
C 334 0
C 335 0
C 336 0
C 337 0
C 338 0
C 339 0
C 340 0
C 341 0
C 342 0
C 343 0
C 344 0
C 345 0
C 346 0
C 347 0
C 348 0
C 349 0
C 350 0
C 351 0
C 352 0
C 353 0
C 354 0
C 355 0
C 356 0
C 357 0
C 358 0
C 359 0
C 360 0
C 361 0
C 362 0
C 363 1
C 364 17
C 365 23
C 366 0
C 367 22
C 368 15
C 369 16
C 370 23
C 371 0
C 372 9
C 373 12
C 374 5
C 375 20
C 376 10
C 377 19
I 2 1 20 (3,5,1) (-1,-1,1,0)|(0,-1,1,0)|(1,1,1,0)
I 0 1 6 (1,3,3) (0,-1,0,0)
