D (12,13,-1) (5,5,2)
D (12,13,-1) (4,5,5)
D (7,-1,-1) (1,4,4)
D (8,-1,-1) (5,4,2)
D (8,9,-1) (4,0,3)
D (11,-1,-1) (3,4,0)
D (7,8,-1) (4,1,5)
D (13,-1,-1) (5,1,2)
D (12,13,-1) (3,1,4)
D (12,13,-1) (5,3,3)
D (8,9,10) (0,0,0)
D (9,10,-1) (4,5,2)
D (7,-1,-1) (0,4,1)
D (7,8,-1) (1,4,2)
D (10,11,12) (2,5,4)
D (11,12,13) (0,1,3)
D (12,-1,-1) (5,2,1)
D (7,8,9) (0,3,2)
D (8,9,-1) (5,0,4)
D (11,12,-1) (4,1,1)
D (10,11,-1) (2,3,0)
D (10,-1,-1) (3,2,1)
D (12,13,-1) (5,3,1)
D (9,-1,-1) (3,2,0)
D (12,13,-1) (4,4,1)
D (8,9,-1) (5,0,5)
D (6,7,8) (5,4,3)
D (7,-1,-1) (1,2,5)
D (12,-1,-1) (0,5,5)
D (10,11,12) (3,1,3)
D (9,10,-1) (4,0,1)
C 0 15
C 1 20
C 2 21
C 3 23
C 4 6
C 5 1
C 6 0
C 7 8
C 8 5
C 9 26
C 10 14
C 11 7
C 12 10
C 13 20
C 14 3
C 15 24
C 16 11
C 17 22
C 18 21
C 19 7
C 20 9
C 21 8
C 22 18
C 23 6
C 24 1
C 25 20
C 26 4
C 27 7
C 28 8
C 29 24
C 30 9
C 31 10
C 32 9
C 33 16
C 34 0
C 35 0
C 36 22
C 37 2
C 38 24
C 39 0
C 40 24
C 41 17
C 42 19
C 43 25
C 44 5
C 45 5
C 46 1
C 47 23
C 48 9
C 49 17
C 50 12
C 51 12
C 52 6
C 53 6
C 54 4
C 55 25
C 56 19
C 57 18
C 58 11
C 59 11
C 60 5
C 61 21
C 62 24
C 63 19
C 64 24
C 65 3
C 66 12
C 67 19
C 68 19
C 69 15
C 70 8
C 71 15
C 72 18
C 73 20
C 74 16
C 75 0
C 76 14
C 77 26
C 78 21
C 79 4
C 80 17
C 81 18
C 82 17
C 83 9
C 84 1
C 85 2
C 86 1
C 87 24
C 88 24
C 89 18
C 90 23
C 91 5
C 92 6
C 93 3
C 94 22
C 95 11
C 96 10
C 97 18
C 98 15
C 99 1
C 100 24
C 101 21
C 102 11
C 103 10
C 104 11
C 105 2
C 106 16
C 107 8
C 108 19
C 109 24
C 110 16
C 111 16
C 112 10
C 113 21
C 114 16
C 115 20
C 116 0
C 117 7
C 118 25
C 119 21
C 120 21
C 121 21
C 122 12
C 123 4
C 124 22
C 125 7
C 126 4
C 127 17
C 128 2
C 129 19
C 130 16
C 131 21
C 132 5
C 133 21
C 134 5
C 135 18
C 136 11
C 137 9
C 138 21
C 139 19
C 140 6
C 141 5
C 142 10
C 143 8
C 144 5
C 145 20
C 146 14
C 147 4
C 148 1
C 149 25
C 150 23
C 151 15
C 152 18
C 153 9
C 154 2
C 155 11
C 156 15
C 157 26
C 158 20
C 159 7
C 160 19
C 161 17
C 162 19
C 163 3
C 164 20
C 165 1
C 166 7
C 167 16
C 168 4
C 169 20
C 170 7
C 171 3
C 172 23
C 173 1
C 174 25
C 175 6
C 176 17
C 177 2
C 178 2
C 179 17
C 180 19
C 181 26
C 182 20
C 183 3
C 184 5
C 185 10
C 186 19
C 187 16
C 188 23
C 189 0
C 190 0
C 191 0
C 192 0
C 193 0
C 194 0
C 195 0
C 196 2
C 197 9
C 198 24
C 199 14
C 200 20
C 201 0
C 202 6
C 203 20
C 204 17
C 205 6
C 206 22
C 207 11
C 208 11
C 209 17
C 210 4
C 211 7
C 212 24
C 213 1
C 214 9
C 215 1
C 216 0
C 217 6
C 218 19
C 219 1
C 220 26
C 221 2
C 222 3
C 223 11
C 224 17
C 225 14
C 226 23
C 227 8
C 228 24
C 229 17
C 230 18
C 231 7
C 232 25
C 233 12
C 234 14
C 235 14
C 236 26
C 237 1
C 238 22
C 239 2
C 240 9
C 241 24
C 242 26
C 243 6
C 244 16
C 245 3
C 246 8
C 247 5
C 248 12
C 249 3
C 250 26
C 251 14
C 252 12
C 253 16
C 254 6
C 255 24
C 256 5
C 257 11
C 258 18
C 259 20
C 260 3
C 261 18
C 262 10
C 263 4
C 264 18
C 265 15
C 266 23
C 267 21
C 268 26
C 269 3
C 270 2
C 271 3
C 272 10
C 273 19
C 274 2
C 275 17
C 276 2
C 277 4
C 278 4
C 279 14
C 280 12
C 281 7
C 282 15
C 283 24
C 284 22
C 285 24
C 286 3
C 287 20
C 288 10
C 289 0
C 290 0
C 291 11
C 292 14
C 293 0
C 294 20
C 295 6
C 296 21
C 297 26
C 298 14
C 299 8
C 300 26
C 301 9
C 302 6
C 303 2
C 304 10
C 305 3
C 306 6
C 307 15
C 308 19
C 309 3
C 310 20
C 311 20
C 312 18
C 313 12
C 314 10
C 315 12
C 316 6
C 317 17
C 318 11
C 319 2
C 320 21
C 321 15
C 322 12
C 323 23
C 324 3
C 325 16
C 326 24
C 327 22
C 328 1
C 329 15
C 330 26
C 331 0
C 332 8
C 333 0
C 334 1
C 335 5
C 336 6
C 337 14
C 338 18
C 339 22
C 340 25
C 341 16
C 342 6
C 343 7
C 344 17
C 345 19
C 346 4
C 347 25
C 348 24
C 349 18
C 350 20
C 351 17
C 352 9
C 353 11
C 354 15
C 355 0
C 356 0
C 357 8
C 358 26
C 359 26
C 360 17
C 361 8
C 362 22
C 363 23
C 364 6
C 365 18
C 366 23
C 367 14
C 368 26
C 369 0
C 370 26
C 371 8
C 372 6
C 373 15
C 374 15
C 375 8
C 376 11
C 377 22
I 0 1 19 (3,4,1) (1,0,1,0)
I 5 3 18 (5,0,0) (0,0,0,0)|(0,1,1,0)
I 0 1 18 (0,2,5) (0,-1,-1,0)|(-1,1,0,0)|(0,-1,-1,0)
