D (9,10,11) (3,2,3)
D (9,10,11) (4,1,3)
D (10,11,-1) (0,5,4)
D (8,-1,-1) (1,5,5)
D (12,13,-1) (1,2,1)
D (11,-1,-1) (1,4,2)
D (8,9,10) (3,2,4)
D (6,7,8) (4,4,3)
D (8,9,-1) (5,4,5)
D (7,8,-1) (2,0,0)
D (13,-1,-1) (2,1,5)
D (6,7,-1) (2,0,5)
D (7,-1,-1) (5,2,3)
D (8,9,10) (2,4,4)
D (12,-1,-1) (0,5,1)
D (6,11,8) (0,1,1)
D (11,-1,-1) (1,0,2)
D (11,12,-1) (4,0,2)
D (13,-1,-1) (2,2,0)
D (11,12,-1) (1,3,2)
D (13,-1,-1) (2,1,2)
D (12,13,-1) (5,5,2)
D (8,9,10) (5,2,1)
D (8,-1,-1) (0,2,1)
D (9,-1,-1) (2,2,5)
D (10,11,-1) (3,0,0)
D (13,-1,-1) (3,3,0)
D (8,9,10) (1,1,3)
D (7,8,-1) (0,3,2)
D (7,-1,-1) (1,3,3)
D (13,-1,-1) (0,4,4)
D (9,-1,-1) (2,3,0)
D (7,8,9) (0,1,5)
D (9,10,11) (3,3,1)
D (7,-1,-1) (0,1,3)
D (12,-1,-1) (2,4,5)
D (10,11,12) (0,5,2)
D (7,8,9) (2,3,2)
D (11,12,13) (4,0,3)
D (9,10,-1) (1,0,4)
D (9,10,11) (5,4,2)
D (11,-1,-1) (2,0,4)
D (6,7,-1) (4,5,4)
D (7,8,9) (2,1,4)
D (6,7,-1) (0,1,4)
D (9,-1,-1) (1,4,4)
D (13,-1,-1) (4,4,1)
D (11,-1,-1) (4,3,4)
C 0 17
C 1 15
C 2 1
C 3 4
C 4 11
C 5 24
C 6 14
C 7 23
C 8 25
C 9 25
C 10 6
C 11 22
C 12 11
C 13 2
C 14 1
C 15 21
C 16 17
C 17 23
C 18 3
C 19 26
C 20 4
C 21 3
C 22 24
C 23 7
C 24 9
C 25 11
C 26 1
C 27 18
C 28 20
C 29 2
C 30 6
C 31 1
C 32 1
C 33 17
C 34 9
C 35 1
C 36 15
C 37 9
C 38 15
C 39 24
C 40 5
C 41 25
C 42 17
C 43 16
C 44 1
C 45 10
C 46 1
C 47 0
C 48 19
C 49 3
C 50 4
C 51 23
C 52 23
C 53 7
C 54 15
C 55 14
C 56 3
C 57 22
C 58 1
C 59 6
C 60 2
C 61 14
C 62 16
C 63 7
C 64 14
C 65 7
C 66 15
C 67 7
C 68 17
C 69 22
C 70 11
C 71 23
C 72 15
C 73 5
C 74 23
C 75 11
C 76 16
C 77 18
C 78 3
C 79 8
C 80 14
C 81 23
C 82 3
C 83 14
C 84 11
C 85 24
C 86 2
C 87 1
C 88 1
C 89 6
C 90 7
C 91 14
C 92 20
C 93 4
C 94 21
C 95 5
C 96 26
C 97 23
C 98 2
C 99 18
C 100 1
C 101 9
C 102 3
C 103 18
C 104 11
C 105 25
C 106 12
C 107 26
C 108 6
C 109 1
C 110 19
C 111 25
C 112 4
C 113 24
C 114 14
C 115 18
C 116 23
C 117 9
C 118 25
C 119 12
C 120 24
C 121 6
C 122 9
C 123 5
C 124 11
C 125 10
C 126 3
C 127 14
C 128 23
C 129 19
C 130 4
C 131 4
C 132 4
C 133 11
C 134 14
C 135 4
C 136 16
C 137 6
C 138 5
C 139 17
C 140 0
C 141 17
C 142 8
C 143 4
C 144 0
C 145 20
C 146 24
C 147 22
C 148 23
C 149 2
C 150 0
C 151 25
C 152 19
C 153 2
C 154 0
C 155 23
C 156 1
C 157 21
C 158 14
C 159 26
C 160 19
C 161 19
C 162 1
C 163 25
C 164 26
C 165 25
C 166 22
C 167 23
C 168 14
C 169 9
C 170 1
C 171 25
C 172 22
C 173 4
C 174 26
C 175 17
C 176 6
C 177 16
C 178 21
C 179 15
C 180 15
C 181 11
C 182 6
C 183 10
C 184 22
C 185 8
C 186 5
C 187 14
C 188 24
C 189 21
C 190 4
C 191 21
C 192 17
C 193 6
C 194 24
C 195 11
C 196 19
C 197 18
C 198 14
C 199 6
C 200 15
C 201 18
C 202 10
C 203 22
C 204 0
C 205 17
C 206 18
C 207 15
C 208 22
C 209 15
C 210 11
C 211 6
C 212 26
C 213 24
C 214 3
C 215 6
C 216 26
C 217 22
C 218 26
C 219 2
C 220 25
C 221 16
C 222 2
C 223 12
C 224 19
C 225 15
C 226 17
C 227 8
C 228 0
C 229 5
C 230 24
C 231 5
C 232 19
C 233 5
C 234 2
C 235 25
C 236 15
C 237 15
C 238 14
C 239 10
C 240 18
C 241 0
C 242 20
C 243 6
C 244 0
C 245 9
C 246 2
C 247 25
C 248 17
C 249 7
C 250 17
C 251 23
C 252 1
C 253 21
C 254 0
C 255 24
C 256 26
C 257 4
C 258 0
C 259 0
C 260 0
C 261 0
C 262 0
C 263 0
C 264 0
C 265 0
C 266 0
C 267 0
C 268 0
C 269 0
C 270 0
C 271 0
C 272 0
C 273 0
C 274 0
C 275 0
C 276 0
C 277 0
C 278 0
C 279 0
C 280 0
C 281 0
C 282 0
C 283 0
C 284 0
C 285 0
C 286 0
C 287 0
C 288 0
C 289 0
C 290 0
C 291 0
C 292 0
C 293 0
C 294 0
C 295 0
C 296 0
C 297 0
C 298 0
C 299 0
C 300 0
C 301 0
C 302 0
C 303 0
C 304 0
C 305 0
C 306 24
C 307 5
C 308 5
C 309 21
C 310 12
C 311 16
C 312 11
C 313 2
C 314 0
C 315 0
C 316 0
C 317 0
C 318 0
C 319 0
C 320 0
C 321 0
C 322 0
C 323 0
C 324 0
C 325 0
C 326 0
C 327 0
C 328 0
C 329 0
C 330 0
C 331 8
C 332 23
C 333 9
C 334 14
C 335 0
C 336 19
C 337 11
C 338 14
C 339 24
C 340 15
C 341 14
C 342 10
C 343 18
C 344 20
C 345 12
C 346 7
C 347 7
C 348 14
C 349 7
C 350 3
C 351 16
C 352 25
C 353 4
C 354 19
C 355 19
C 356 21
C 357 2
C 358 7
C 359 24
C 360 9
C 361 18
C 362 1
C 363 21
C 364 5
C 365 20
C 366 1
C 367 6
C 368 0
C 369 26
C 370 20
C 371 11
C 372 18
C 373 3
C 374 8
C 375 25
C 376 18
C 377 1
I 4 1 4 (3,1,4) (-1,-1,0,0)
I 0 3 19 (5,5,3) (-1,-1,-1,0)
I 0 1 15 (4,5,3) (0,-1,0,0)|(0,-1,1,0)|(1,1,0,0)
