D (6,-1,-1) (5,4,3)
D (9,10,-1) (0,0,1)
D (13,-1,-1) (0,5,3)
D (11,12,13) (3,1,0)
D (12,13,-1) (4,4,5)
D (13,-1,-1) (5,0,1)
D (9,10,11) (3,4,2)
D (9,-1,-1) (5,2,1)
D (6,-1,-1) (2,3,0)
D (9,-1,-1) (0,1,1)
D (10,-1,-1) (5,5,0)
D (7,-1,-1) (0,1,4)
D (10,11,-1) (5,5,2)
D (11,12,-1) (3,1,4)
D (6,7,-1) (0,3,5)
D (12,13,-1) (5,0,4)
D (11,12,13) (2,5,3)
D (13,-1,-1) (2,0,1)
D (7,8,9) (3,4,1)
D (6,-1,-1) (3,4,0)
D (8,9,10) (0,2,3)
D (9,-1,-1) (0,3,4)
D (8,9,10) (2,1,1)
D (12,13,-1) (2,4,1)
D (9,-1,-1) (2,1,2)
D (10,11,12) (0,5,1)
D (8,9,-1) (4,0,4)
D (8,-1,-1) (2,3,5)
D (8,9,-1) (0,3,2)
D (8,-1,-1) (4,2,3)
D (12,13,-1) (0,1,3)
D (13,-1,-1) (4,1,3)
D (13,-1,-1) (4,1,0)
D (8,9,10) (1,5,0)
D (6,7,-1) (1,3,3)
D (6,7,8) (5,1,2)
D (8,-1,-1) (5,5,5)
D (9,-1,-1) (2,2,5)
D (7,-1,-1) (1,3,5)
D (12,13,-1) (5,2,4)
D (9,-1,-1) (5,1,0)
D (12,-1,-1) (4,1,4)
D (11,-1,-1) (5,0,3)
D (7,8,9) (4,5,1)
D (11,12,13) (2,3,1)
D (6,-1,-1) (3,2,4)
D (10,11,-1) (4,3,0)
D (6,-1,-1) (0,4,0)
D (6,7,-1) (4,3,2)
D (11,-1,-1) (2,5,0)
D (9,-1,-1) (0,5,2)
D (11,12,-1) (2,0,5)
D (13,-1,-1) (4,2,1)
D (8,9,10) (1,1,1)
D (8,9,-1) (1,4,5)
D (6,7,-1) (4,3,1)
C 0 15
C 1 7
C 2 20
C 3 17
C 4 15
C 5 4
C 6 23
C 7 16
C 8 21
C 9 26
C 10 2
C 11 16
C 12 23
C 13 4
C 14 8
C 15 25
C 16 7
C 17 26
C 18 7
C 19 11
C 20 15
C 21 8
C 22 9
C 23 5
C 24 22
C 25 11
C 26 15
C 27 3
C 28 14
C 29 25
C 30 3
C 31 12
C 32 11
C 33 20
C 34 21
C 35 21
C 36 12
C 37 7
C 38 14
C 39 16
C 40 26
C 41 25
C 42 10
C 43 7
C 44 19
C 45 14
C 46 16
C 47 6
C 48 16
C 49 15
C 50 19
C 51 22
C 52 19
C 53 18
C 54 4
C 55 0
C 56 8
C 57 6
C 58 15
C 59 15
C 60 21
C 61 19
C 62 8
C 63 5
C 64 1
C 65 23
C 66 16
C 67 7
C 68 3
C 69 2
C 70 4
C 71 6
C 72 16
C 73 23
C 74 11
C 75 7
C 76 5
C 77 21
C 78 0
C 79 0
C 80 0
C 81 0
C 82 0
C 83 0
C 84 0
C 85 0
C 86 0
C 87 0
C 88 0
C 89 0
C 90 0
C 91 0
C 92 0
C 93 0
C 94 0
C 95 0
C 96 0
C 97 0
C 98 0
C 99 0
C 100 0
C 101 0
C 102 0
C 103 0
C 104 0
C 105 0
C 106 0
C 107 0
C 108 0
C 109 0
C 110 0
C 111 0
C 112 0
C 113 0
C 114 0
C 115 0
C 116 0
C 117 0
C 118 0
C 119 0
C 120 0
C 121 0
C 122 0
C 123 0
C 124 0
C 125 0
C 126 0
C 127 0
C 128 0
C 129 0
C 130 0
C 131 0
C 132 0
C 133 0
C 134 0
C 135 0
C 136 0
C 137 0
C 138 0
C 139 0
C 140 0
C 141 0
C 142 0
C 143 0
C 144 0
C 145 0
C 146 0
C 147 0
C 148 0
C 149 0
C 150 0
C 151 0
C 152 0
C 153 0
C 154 0
C 155 0
C 156 0
C 157 0
C 158 0
C 159 23
C 160 8
C 161 25
C 162 17
C 163 22
C 164 3
C 165 18
C 166 2
C 167 20
C 168 24
C 169 23
C 170 0
C 171 0
C 172 0
C 173 0
C 174 0
C 175 0
C 176 0
C 177 0
C 178 0
C 179 0
C 180 0
C 181 0
C 182 0
C 183 0
C 184 9
C 185 24
C 186 0
C 187 17
C 188 23
C 189 5
C 190 3
C 191 14
C 192 12
C 193 16
C 194 26
C 195 18
C 196 0
C 197 25
C 198 6
C 199 8
C 200 14
C 201 12
C 202 24
C 203 5
C 204 4
C 205 17
C 206 3
C 207 12
C 208 19
C 209 24
C 210 3
C 211 9
C 212 17
C 213 17
C 214 25
C 215 10
C 216 26
C 217 12
C 218 23
C 219 9
C 220 19
C 221 26
C 222 0
C 223 8
C 224 6
C 225 3
C 226 7
C 227 6
C 228 22
C 229 1
C 230 6
C 231 7
C 232 18
C 233 23
C 234 4
C 235 22
C 236 14
C 237 4
C 238 16
C 239 26
C 240 19
C 241 20
C 242 25
C 243 24
C 244 14
C 245 19
C 246 23
C 247 15
C 248 25
C 249 0
C 250 0
C 251 0
C 252 0
C 253 0
C 254 0
C 255 0
C 256 0
C 257 0
C 258 0
C 259 0
C 260 0
C 261 0
C 262 0
C 263 0
C 264 0
C 265 0
C 266 0
C 267 0
C 268 0
C 269 0
C 270 0
C 271 0
C 272 0
C 273 0
C 274 0
C 275 0
C 276 0
C 277 0
C 278 0
C 279 0
C 280 10
C 281 23
C 282 12
C 283 19
C 284 26
C 285 10
C 286 23
C 287 10
C 288 1
C 289 2
C 290 25
C 291 4
C 292 4
C 293 15
C 294 23
C 295 11
C 296 3
C 297 14
C 298 1
C 299 11
C 300 6
C 301 24
C 302 14
C 303 4
C 304 3
C 305 17
C 306 15
C 307 9
C 308 19
C 309 18
C 310 21
C 311 18
C 312 3
C 313 19
C 314 18
C 315 17
C 316 0
C 317 0
C 318 0
C 319 0
C 320 0
C 321 0
C 322 0
C 323 0
C 324 0
C 325 0
C 326 0
C 327 0
C 328 0
C 329 0
C 330 0
C 331 0
C 332 0
C 333 0
C 334 0
C 335 0
C 336 0
C 337 0
C 338 0
C 339 0
C 340 0
C 341 0
C 342 0
C 343 0
C 344 0
C 345 0
C 346 0
C 347 0
C 348 0
C 349 4
C 350 15
C 351 17
C 352 21
C 353 1
C 354 23
C 355 16
C 356 6
C 357 14
C 358 24
C 359 24
C 360 11
C 361 9
C 362 0
C 363 19
C 364 11
C 365 17
C 366 4
C 367 12
C 368 2
C 369 11
C 370 5
C 371 17
C 372 23
C 373 26
C 374 16
C 375 22
C 376 22
C 377 12
I 0 1 12 (5,1,3) (-1,1,-1,0)|(-1,0,0,0)
I 1 1 11 (4,0,5) (1,0,1,0)
I 2 1 3 (3,2,4) (0,-1,0,0)
