D (12,13,-1) (2,4,4)
D (10,-1,-1) (3,0,2)
D (9,10,-1) (2,4,0)
D (13,-1,-1) (3,0,1)
D (9,10,11) (5,0,4)
D (12,13,-1) (3,1,0)
D (12,13,-1) (3,1,3)
D (11,12,-1) (4,1,1)
D (12,13,-1) (0,1,5)
D (8,9,-1) (0,2,3)
D (7,8,9) (4,5,5)
D (9,-1,-1) (3,2,3)
D (6,7,8) (5,1,1)
D (10,-1,-1) (3,4,3)
D (12,13,-1) (1,5,5)
D (9,10,11) (1,0,2)
D (11,12,-1) (2,2,0)
D (8,9,-1) (0,4,2)
D (11,-1,-1) (0,2,4)
D (12,13,-1) (0,4,3)
D (10,-1,-1) (1,4,0)
D (13,-1,-1) (4,4,4)
D (13,-1,-1) (2,5,3)
D (12,13,-1) (4,4,3)
D (7,-1,-1) (5,5,2)
D (8,9,-1) (0,2,2)
D (7,8,9) (4,3,4)
D (7,8,-1) (5,0,3)
D (9,-1,-1) (3,0,0)
D (6,7,8) (2,2,5)
D (6,7,-1) (0,2,5)
D (13,-1,-1) (5,1,4)
D (6,-1,-1) (1,5,0)
D (12,13,-1) (5,5,1)
D (10,11,-1) (1,0,3)
D (11,-1,-1) (0,0,5)
D (10,11,12) (0,0,4)
D (7,8,-1) (2,5,2)
D (9,10,11) (0,1,4)
D (6,7,-1) (0,1,2)
D (9,-1,-1) (5,3,4)
D (10,11,-1) (0,3,0)
D (8,-1,-1) (1,0,5)
D (9,10,11) (2,3,0)
D (7,-1,-1) (1,2,1)
D (6,7,-1) (2,1,4)
D (8,9,10) (5,3,0)
D (10,11,12) (0,4,1)
D (13,-1,-1) (1,2,2)
D (12,13,-1) (4,5,2)
D (12,-1,-1) (2,5,5)
D (10,11,12) (5,2,1)
D (9,10,11) (1,2,4)
D (11,12,13) (5,5,5)
D (9,10,-1) (3,3,5)
D (11,12,13) (3,4,4)
D (10,-1,-1) (1,0,1)
D (13,-1,-1) (5,0,1)
D (8,9,-1) (4,5,0)
D (9,-1,-1) (5,3,3)
D (8,9,10) (4,2,1)
D (9,-1,-1) (2,0,1)
D (13,-1,-1) (0,3,3)
D (7,8,-1) (4,5,1)
D (12,13,-1) (4,0,4)
D (13,-1,-1) (1,3,2)
D (12,13,-1) (3,5,1)
D (8,9,-1) (4,3,5)
D (7,-1,-1) (0,5,1)
D (11,12,-1) (0,1,3)
D (9,-1,-1) (0,3,1)
D (13,-1,-1) (5,1,2)
D (9,10,-1) (0,3,2)
C 0 8
C 1 17
C 2 15
C 3 10
C 4 9
C 5 1
C 6 5
C 7 14
C 8 20
C 9 3
C 10 20
C 11 12
C 12 17
C 13 22
C 14 17
C 15 10
C 16 1
C 17 2
C 18 8
C 19 17
C 20 7
C 21 6
C 22 12
C 23 12
C 24 23
C 25 15
C 26 23
C 27 8
C 28 12
C 29 8
C 30 12
C 31 3
C 32 19
C 33 2
C 34 14
C 35 14
C 36 12
C 37 26
C 38 16
C 39 0
C 40 5
C 41 9
C 42 15
C 43 9
C 44 10
C 45 12
C 46 14
C 47 20
C 48 26
C 49 10
C 50 15
C 51 2
C 52 19
C 53 7
C 54 5
C 55 21
C 56 24
C 57 1
C 58 17
C 59 23
C 60 10
C 61 18
C 62 7
C 63 19
C 64 25
C 65 18
C 66 22
C 67 19
C 68 23
C 69 26
C 70 23
C 71 24
C 72 7
C 73 22
C 74 12
C 75 8
C 76 18
C 77 22
C 78 18
C 79 12
C 80 26
C 81 11
C 82 1
C 83 1
C 84 10
C 85 23
C 86 12
C 87 15
C 88 17
C 89 8
C 90 18
C 91 12
C 92 9
C 93 2
C 94 6
C 95 16
C 96 24
C 97 23
C 98 12
C 99 14
C 100 7
C 101 15
C 102 22
C 103 1
C 104 25
C 105 2
C 106 17
C 107 26
C 108 20
C 109 22
C 110 24
C 111 19
C 112 21
C 113 10
C 114 15
C 115 17
C 116 8
C 117 18
C 118 16
C 119 0
C 120 22
C 121 25
C 122 2
C 123 10
C 124 1
C 125 16
C 126 24
C 127 18
C 128 11
C 129 17
C 130 8
C 131 17
C 132 15
C 133 1
C 134 20
C 135 4
C 136 7
C 137 6
C 138 6
C 139 18
C 140 19
C 141 26
C 142 6
C 143 15
C 144 6
C 145 21
C 146 23
C 147 6
C 148 11
C 149 5
C 150 9
C 151 15
C 152 7
C 153 1
C 154 17
C 155 21
C 156 18
C 157 18
C 158 23
C 159 23
C 160 1
C 161 22
C 162 24
C 163 8
C 164 5
C 165 10
C 166 0
C 167 14
C 168 4
C 169 16
C 170 23
C 171 9
C 172 4
C 173 14
C 174 10
C 175 17
C 176 12
C 177 19
C 178 10
C 179 20
C 180 1
C 181 1
C 182 12
C 183 4
C 184 1
C 185 15
C 186 12
C 187 24
C 188 10
C 189 22
C 190 25
C 191 20
C 192 9
C 193 23
C 194 9
C 195 7
C 196 1
C 197 25
C 198 10
C 199 5
C 200 10
C 201 17
C 202 18
C 203 7
C 204 0
C 205 8
C 206 4
C 207 22
C 208 25
C 209 26
C 210 19
C 211 9
C 212 25
C 213 16
C 214 10
C 215 19
C 216 24
C 217 22
C 218 25
C 219 20
C 220 15
C 221 1
C 222 11
C 223 25
C 224 18
C 225 9
C 226 1
C 227 14
C 228 26
C 229 25
C 230 8
C 231 21
C 232 19
C 233 11
C 234 15
C 235 25
C 236 26
C 237 7
C 238 2
C 239 2
C 240 23
C 241 26
C 242 15
C 243 7
C 244 24
C 245 6
C 246 5
C 247 10
C 248 22
C 249 17
C 250 7
C 251 2
C 252 7
C 253 25
C 254 6
C 255 9
C 256 2
C 257 22
C 258 22
C 259 2
C 260 18
C 261 17
C 262 0
C 263 21
C 264 9
C 265 11
C 266 1
C 267 21
C 268 1
C 269 7
C 270 19
C 271 2
C 272 26
C 273 8
C 274 16
C 275 23
C 276 18
C 277 26
C 278 25
C 279 25
C 280 18
C 281 6
C 282 20
C 283 18
C 284 7
C 285 6
C 286 14
C 287 5
C 288 11
C 289 0
C 290 0
C 291 1
C 292 20
C 293 1
C 294 14
C 295 24
C 296 23
C 297 0
C 298 2
C 299 8
C 300 26
C 301 5
C 302 25
C 303 16
C 304 9
C 305 25
C 306 4
C 307 2
C 308 15
C 309 3
C 310 2
C 311 3
C 312 17
C 313 15
C 314 1
C 315 21
C 316 10
C 317 10
C 318 25
C 319 11
C 320 25
C 321 0
C 322 5
C 323 21
C 324 5
C 325 2
C 326 10
C 327 22
C 328 15
C 329 18
C 330 17
C 331 1
C 332 19
C 333 6
C 334 18
C 335 2
C 336 21
C 337 9
C 338 9
C 339 5
C 340 3
C 341 11
C 342 6
C 343 9
C 344 8
C 345 6
C 346 4
C 347 15
C 348 24
C 349 24
C 350 6
C 351 16
C 352 1
C 353 24
C 354 8
C 355 19
C 356 0
C 357 14
C 358 11
C 359 14
C 360 1
C 361 18
C 362 12
C 363 26
C 364 18
C 365 17
C 366 17
C 367 6
C 368 11
C 369 2
C 370 21
C 371 3
C 372 23
C 373 2
C 374 20
C 375 8
C 376 0
C 377 5
I 2 1 3 (1,4,0) (-1,0,-1,0)
I 0 2 19 (2,2,3) (0,0,1,0)|(1,-1,0,0)
I 5 3 5 (5,0,0) (1,0,0,0)|(1,0,0,0)
