D (13,-1,-1) (4,2,4)
D (7,-1,-1) (4,3,3)
D (13,-1,-1) (4,1,4)
D (10,11,12) (2,5,4)
D (11,12,13) (2,1,3)
D (7,8,9) (1,3,2)
D (6,-1,-1) (5,0,3)
D (9,10,-1) (3,0,3)
D (12,-1,-1) (1,0,2)
D (11,12,13) (4,3,1)
D (12,13,-1) (1,2,4)
D (12,-1,-1) (1,0,5)
D (6,7,8) (1,4,2)
D (12,-1,-1) (5,1,0)
D (11,12,13) (0,0,0)
D (7,-1,-1) (0,2,5)
D (11,12,13) (3,0,0)
D (11,12,-1) (3,2,5)
D (10,-1,-1) (4,4,3)
D (13,-1,-1) (4,3,5)
D (13,-1,-1) (5,0,5)
D (11,-1,-1) (3,4,5)
D (7,8,-1) (3,2,1)
D (8,9,-1) (2,2,1)
D (10,11,12) (5,3,0)
D (6,-1,-1) (1,5,4)
D (13,-1,-1) (4,3,0)
D (7,8,-1) (1,3,4)
D (9,-1,-1) (1,0,1)
D (10,11,-1) (2,1,4)
D (13,-1,-1) (0,3,0)
D (13,-1,-1) (2,0,0)
D (8,-1,-1) (5,5,0)
D (6,-1,-1) (5,2,4)
D (12,13,-1) (3,3,2)
D (7,8,9) (2,1,5)
D (6,7,8) (3,3,1)
D (8,9,10) (0,1,4)
D (6,7,-1) (0,4,5)
D (10,11,-1) (1,0,4)
D (11,12,13) (0,4,2)
D (9,10,-1) (0,5,5)
D (13,-1,-1) (0,4,3)
D (8,-1,-1) (2,5,0)
D (9,-1,-1) (3,1,4)
D (8,-1,-1) (2,3,0)
D (11,12,-1) (2,4,3)
D (12,13,-1) (3,2,2)
C 0 1
C 1 6
C 2 11
C 3 20
C 4 24
C 5 11
C 6 9
C 7 12
C 8 9
C 9 4
C 10 5
C 11 24
C 12 18
C 13 23
C 14 7
C 15 16
C 16 9
C 17 11
C 18 26
C 19 12
C 20 22
C 21 6
C 22 25
C 23 7
C 24 9
C 25 5
C 26 4
C 27 17
C 28 19
C 29 21
C 30 7
C 31 19
C 32 20
C 33 9
C 34 21
C 35 15
C 36 16
C 37 19
C 38 21
C 39 3
C 40 21
C 41 22
C 42 4
C 43 14
C 44 15
C 45 10
C 46 2
C 47 26
C 48 0
C 49 15
C 50 5
C 51 9
C 52 12
C 53 26
C 54 20
C 55 21
C 56 11
C 57 11
C 58 20
C 59 8
C 60 26
C 61 6
C 62 8
C 63 21
C 64 22
C 65 15
C 66 9
C 67 21
C 68 26
C 69 5
C 70 8
C 71 12
C 72 3
C 73 10
C 74 16
C 75 12
C 76 20
C 77 5
C 78 11
C 79 0
C 80 0
C 81 0
C 82 0
C 83 0
C 84 0
C 85 0
C 86 0
C 87 0
C 88 0
C 89 0
C 90 0
C 91 0
C 92 0
C 93 0
C 94 0
C 95 0
C 96 0
C 97 0
C 98 0
C 99 0
C 100 0
C 101 0
C 102 0
C 103 0
C 104 0
C 105 0
C 106 0
C 107 0
C 108 0
C 109 0
C 110 0
C 111 0
C 112 0
C 113 0
C 114 0
C 115 0
C 116 0
C 117 0
C 118 0
C 119 0
C 120 0
C 121 0
C 122 0
C 123 0
C 124 0
C 125 0
C 126 0
C 127 0
C 128 0
C 129 0
C 130 0
C 131 0
C 132 0
C 133 0
C 134 0
C 135 0
C 136 0
C 137 0
C 138 0
C 139 0
C 140 0
C 141 0
C 142 0
C 143 0
C 144 0
C 145 0
C 146 0
C 147 0
C 148 0
C 149 0
C 150 0
C 151 0
C 152 0
C 153 0
C 154 0
C 155 0
C 156 0
C 157 0
C 158 0
C 159 0
C 160 0
C 161 0
C 162 0
C 163 0
C 164 0
C 165 0
C 166 0
C 167 0
C 168 0
C 169 0
C 170 0
C 171 0
C 172 0
C 173 0
C 174 0
C 175 0
C 176 0
C 177 0
C 178 0
C 179 0
C 180 0
C 181 0
C 182 0
C 183 0
C 184 0
C 185 0
C 186 0
C 187 0
C 188 0
C 189 0
C 190 0
C 191 0
C 192 0
C 193 0
C 194 0
C 195 0
C 196 0
C 197 0
C 198 0
C 199 0
C 200 0
C 201 0
C 202 0
C 203 0
C 204 0
C 205 0
C 206 0
C 207 0
C 208 0
C 209 0
C 210 0
C 211 0
C 212 0
C 213 0
C 214 0
C 215 0
C 216 0
C 217 0
C 218 0
C 219 0
C 220 0
C 221 0
C 222 0
C 223 0
C 224 0
C 225 0
C 226 0
C 227 0
C 228 0
C 229 0
C 230 0
C 231 0
C 232 0
C 233 0
C 234 0
C 235 0
C 236 0
C 237 0
C 238 0
C 239 0
C 240 0
C 241 0
C 242 0
C 243 0
C 244 0
C 245 0
C 246 0
C 247 0
C 248 0
C 249 0
C 250 0
C 251 0
C 252 0
C 253 0
C 254 0
C 255 0
C 256 0
C 257 0
C 258 23
C 259 9
C 260 6
C 261 12
C 262 7
C 263 1
C 264 14
C 265 20
C 266 20
C 267 15
C 268 16
C 269 12
C 270 2
C 271 10
C 272 21
C 273 17
C 274 22
C 275 10
C 276 6
C 277 19
C 278 25
C 279 12
C 280 10
C 281 15
C 282 2
C 283 21
C 284 14
C 285 0
C 286 3
C 287 4
C 288 12
C 289 5
C 290 0
C 291 16
C 292 12
C 293 2
C 294 23
C 295 5
C 296 7
C 297 19
C 298 19
C 299 5
C 300 17
C 301 26
C 302 26
C 303 16
C 304 17
C 305 22
C 306 12
C 307 2
C 308 20
C 309 16
C 310 2
C 311 5
C 312 4
C 313 15
C 314 19
C 315 7
C 316 7
C 317 11
C 318 19
C 319 2
C 320 21
C 321 14
C 322 26
C 323 7
C 324 24
C 325 5
C 326 11
C 327 18
C 328 8
C 329 15
C 330 21
C 331 10
C 332 4
C 333 0
C 334 21
C 335 14
C 336 23
C 337 1
C 338 5
C 339 16
C 340 5
C 341 6
C 342 7
C 343 26
C 344 15
C 345 8
C 346 26
C 347 10
C 348 14
C 349 2
C 350 26
C 351 14
C 352 5
C 353 25
C 354 3
C 355 21
C 356 19
C 357 20
C 358 22
C 359 17
C 360 1
C 361 9
C 362 19
C 363 26
C 364 15
C 365 16
C 366 1
C 367 17
C 368 17
C 369 16
C 370 7
C 371 8
C 372 6
C 373 12
C 374 7
C 375 12
C 376 18
C 377 1
I 2 3 18 (0,3,2) (0,-1,0,0)|(0,1,0,0)|(0,1,0,0)
I 3 2 19 (2,3,4) (0,0,0,0)|(-1,1,1,0)
I 0 1 7 (3,1,2) (1,0,0,0)|(0,0,-1,0)|(-1,0,1,0)|(0,-1,0,0)
