D (11,12,-1) (0,1,0)
D (6,-1,-1) (4,1,4)
D (10,-1,-1) (0,4,4)
D (6,-1,-1) (0,3,2)
D (9,10,11) (0,0,1)
D (11,12,13) (2,3,1)
D (10,11,12) (0,1,3)
D (9,10,-1) (3,3,0)
D (13,-1,-1) (4,0,2)
D (10,-1,-1) (3,0,4)
D (12,13,-1) (1,5,2)
D (8,9,-1) (1,4,3)
D (9,10,11) (4,4,0)
D (8,-1,-1) (2,0,2)
D (13,-1,-1) (3,3,2)
D (12,13,-1) (0,5,2)
D (8,-1,-1) (0,1,5)
D (6,7,-1) (2,5,1)
D (6,7,-1) (2,2,4)
D (13,-1,-1) (3,5,4)
D (9,10,11) (0,3,0)
D (12,13,-1) (0,4,5)
D (9,10,11) (4,4,4)
D (11,12,13) (1,5,0)
D (7,8,9) (4,4,1)
D (12,13,-1) (5,2,5)
D (8,9,10) (4,5,1)
D (7,-1,-1) (2,0,1)
D (8,9,-1) (4,1,1)
D (6,7,-1) (2,0,5)
C 0 20
C 1 5
C 2 23
C 3 4
C 4 3
C 5 20
C 6 8
C 7 4
C 8 0
C 9 0
C 10 0
C 11 0
C 12 0
C 13 0
C 14 0
C 15 0
C 16 0
C 17 0
C 18 0
C 19 0
C 20 0
C 21 0
C 22 0
C 23 0
C 24 0
C 25 0
C 26 0
C 27 0
C 28 0
C 29 0
C 30 0
C 31 0
C 32 0
C 33 0
C 34 0
C 35 0
C 36 7
C 37 19
C 38 14
C 39 23
C 40 15
C 41 5
C 42 9
C 43 4
C 44 14
C 45 25
C 46 26
C 47 19
C 48 24
C 49 1
C 50 3
C 51 0
C 52 15
C 53 22
C 54 18
C 55 12
C 56 9
C 57 14
C 58 25
C 59 8
C 60 9
C 61 6
C 62 12
C 63 7
C 64 5
C 65 2
C 66 21
C 67 9
C 68 24
C 69 3
C 70 11
C 71 16
C 72 17
C 73 19
C 74 24
C 75 16
C 76 4
C 77 12
C 78 4
C 79 5
C 80 15
C 81 5
C 82 0
C 83 24
C 84 2
C 85 5
C 86 20
C 87 23
C 88 25
C 89 25
C 90 24
C 91 14
C 92 2
C 93 2
C 94 1
C 95 24
C 96 26
C 97 11
C 98 23
C 99 7
C 100 5
C 101 5
C 102 12
C 103 19
C 104 26
C 105 21
C 106 4
C 107 19
C 108 16
C 109 9
C 110 7
C 111 0
C 112 0
C 113 0
C 114 0
C 115 0
C 116 0
C 117 0
C 118 0
C 119 0
C 120 0
C 121 0
C 122 0
C 123 0
C 124 0
C 125 0
C 126 0
C 127 0
C 128 0
C 129 0
C 130 0
C 131 0
C 132 0
C 133 0
C 134 0
C 135 0
C 136 0
C 137 0
C 138 0
C 139 0
C 140 0
C 141 0
C 142 0
C 143 0
C 144 0
C 145 0
C 146 0
C 147 0
C 148 0
C 149 0
C 150 0
C 151 0
C 152 0
C 153 0
C 154 0
C 155 0
C 156 0
C 157 0
C 158 0
C 159 0
C 160 0
C 161 0
C 162 0
C 163 0
C 164 0
C 165 0
C 166 0
C 167 0
C 168 0
C 169 0
C 170 0
C 171 0
C 172 0
C 173 0
C 174 0
C 175 0
C 176 0
C 177 0
C 178 0
C 179 0
C 180 0
C 181 0
C 182 0
C 183 0
C 184 0
C 185 0
C 186 0
C 187 0
C 188 0
C 189 0
C 190 0
C 191 0
C 192 0
C 193 0
C 194 0
C 195 0
C 196 0
C 197 0
C 198 0
C 199 0
C 200 0
C 201 0
C 202 0
C 203 0
C 204 0
C 205 0
C 206 0
C 207 0
C 208 0
C 209 0
C 210 0
C 211 0
C 212 0
C 213 0
C 214 0
C 215 0
C 216 0
C 217 0
C 218 0
C 219 0
C 220 0
C 221 0
C 222 0
C 223 0
C 224 0
C 225 0
C 226 0
C 227 0
C 228 0
C 229 0
C 230 0
C 231 0
C 232 0
C 233 0
C 234 0
C 235 0
C 236 0
C 237 0
C 238 0
C 239 0
C 240 0
C 241 0
C 242 0
C 243 0
C 244 0
C 245 0
C 246 0
C 247 0
C 248 0
C 249 0
C 250 0
C 251 0
C 252 0
C 253 0
C 254 0
C 255 0
C 256 0
C 257 0
C 258 0
C 259 0
C 260 0
C 261 0
C 262 0
C 263 0
C 264 0
C 265 0
C 266 0
C 267 0
C 268 0
C 269 0
C 270 0
C 271 0
C 272 0
C 273 0
C 274 0
C 275 0
C 276 0
C 277 0
C 278 0
C 279 0
C 280 0
C 281 0
C 282 0
C 283 0
C 284 0
C 285 0
C 286 0
C 287 0
C 288 0
C 289 0
C 290 0
C 291 0
C 292 0
C 293 0
C 294 0
C 295 0
C 296 0
C 297 0
C 298 0
C 299 0
C 300 0
C 301 0
C 302 0
C 303 0
C 304 0
C 305 0
C 306 0
C 307 0
C 308 0
C 309 0
C 310 0
C 311 0
C 312 0
C 313 0
C 314 0
C 315 0
C 316 0
C 317 0
C 318 0
C 319 0
C 320 0
C 321 0
C 322 0
C 323 0
C 324 0
C 325 0
C 326 0
C 327 0
C 328 0
C 329 0
C 330 0
C 331 0
C 332 0
C 333 0
C 334 0
C 335 0
C 336 0
C 337 0
C 338 0
C 339 0
C 340 0
C 341 0
C 342 0
C 343 0
C 344 0
C 345 0
C 346 0
C 347 15
C 348 20
C 349 15
C 350 11
C 351 0
C 352 6
C 353 7
C 354 17
C 355 4
C 356 16
C 357 18
C 358 25
C 359 5
C 360 1
C 361 12
C 362 21
C 363 1
C 364 2
C 365 10
C 366 24
C 367 4
C 368 3
C 369 2
C 370 5
C 371 18
C 372 19
C 373 0
C 374 9
C 375 12
C 376 10
C 377 1
I 3 1 5 (2,4,3) (0,1,0,0)|(0,-1,0,0)|(-1,-1,1,0)
I 2 1 2 (5,3,2) (-1,0,1,0)|(1,0,-1,0)|(-1,1,0,0)
I 0 1 8 (4,3,3) (-1,1,-1,0)|(0,1,0,0)
