D (10,11,-1) (5,2,2)
D (12,-1,-1) (5,2,1)
D (6,-1,-1) (2,4,0)
D (6,-1,-1) (1,2,3)
D (11,12,-1) (4,4,3)
D (12,13,-1) (5,2,5)
D (7,8,9) (2,1,1)
D (6,7,8) (0,4,4)
D (12,-1,-1) (3,0,1)
D (10,-1,-1) (1,3,1)
D (7,8,9) (2,0,4)
D (9,10,-1) (1,1,0)
D (9,10,-1) (1,5,5)
D (11,-1,-1) (0,4,2)
D (9,10,-1) (1,3,0)
D (7,8,-1) (1,2,0)
D (13,-1,-1) (5,1,2)
D (7,8,-1) (4,1,2)
D (7,8,-1) (1,1,4)
D (13,-1,-1) (0,0,0)
D (8,-1,-1) (1,4,1)
D (8,9,-1) (0,3,5)
D (7,8,-1) (1,4,2)
D (7,8,-1) (2,5,4)
D (12,-1,-1) (2,5,2)
D (12,13,-1) (3,0,4)
D (8,-1,-1) (0,1,3)
D (8,-1,-1) (2,2,4)
D (6,7,8) (4,3,3)
D (7,8,9) (5,4,2)
D (12,13,-1) (1,1,3)
D (13,-1,-1) (1,1,2)
D (9,10,11) (3,3,4)
D (9,10,-1) (5,5,2)
D (7,-1,-1) (3,3,0)
D (8,-1,-1) (0,0,4)
D (9,10,-1) (2,5,3)
D (11,12,-1) (4,0,1)
D (10,11,12) (2,4,5)
D (6,7,-1) (0,4,1)
D (8,-1,-1) (1,0,5)
D (13,-1,-1) (5,3,5)
D (10,-1,-1) (3,2,2)
D (6,7,8) (0,1,4)
D (12,13,-1) (3,0,5)
D (9,-1,-1) (3,5,3)
D (7,-1,-1) (4,3,0)
D (11,12,13) (2,3,2)
D (7,8,-1) (3,5,0)
D (13,-1,-1) (4,1,1)
D (7,-1,-1) (4,1,5)
D (8,-1,-1) (0,2,3)
D (9,6,-1) (4,0,2)
D (6,7,8) (3,3,2)
D (9,10,11) (3,4,2)
D (11,12,-1) (4,5,2)
D (8,9,-1) (3,0,2)
D (13,-1,-1) (1,4,5)
D (8,9,-1) (2,3,4)
D (7,8,9) (2,2,2)
D (7,-1,-1) (5,5,5)
D (7,8,9) (0,3,1)
D (8,9,10) (2,2,1)
D (10,-1,-1) (2,5,0)
D (11,12,13) (0,5,1)
D (8,9,10) (5,4,0)
D (13,-1,-1) (2,2,5)
D (9,-1,-1) (5,5,0)
D (10,11,-1) (5,0,0)
D (8,-1,-1) (2,0,3)
D (6,7,-1) (5,1,4)
D (13,-1,-1) (2,3,1)
C 0 24
C 1 11
C 2 0
C 3 0
C 4 0
C 5 0
C 6 0
C 7 0
C 8 0
C 9 0
C 10 0
C 11 0
C 12 0
C 13 0
C 14 0
C 15 0
C 16 0
C 17 0
C 18 0
C 19 0
C 20 0
C 21 0
C 22 0
C 23 0
C 24 0
C 25 0
C 26 0
C 27 0
C 28 0
C 29 0
C 30 0
C 31 0
C 32 0
C 33 0
C 34 0
C 35 0
C 36 0
C 37 0
C 38 0
C 39 0
C 40 0
C 41 0
C 42 0
C 43 0
C 44 0
C 45 0
C 46 0
C 47 0
C 48 0
C 49 0
C 50 0
C 51 0
C 52 0
C 53 0
C 54 0
C 55 0
C 56 0
C 57 0
C 58 0
C 59 0
C 60 0
C 61 0
C 62 0
C 63 0
C 64 0
C 65 0
C 66 0
C 67 0
C 68 0
C 69 0
C 70 0
C 71 0
C 72 0
C 73 0
C 74 0
C 75 0
C 76 0
C 77 0
C 78 0
C 79 0
C 80 0
C 81 0
C 82 0
C 83 0
C 84 0
C 85 0
C 86 0
C 87 0
C 88 0
C 89 0
C 90 0
C 91 0
C 92 0
C 93 0
C 94 0
C 95 0
C 96 0
C 97 0
C 98 0
C 99 0
C 100 0
C 101 0
C 102 0
C 103 0
C 104 0
C 105 0
C 106 0
C 107 0
C 108 0
C 109 0
C 110 0
C 111 0
C 112 14
C 113 19
C 114 14
C 115 22
C 116 10
C 117 18
C 118 12
C 119 25
C 120 14
C 121 14
C 122 3
C 123 26
C 124 7
C 125 14
C 126 25
C 127 1
C 128 12
C 129 2
C 130 11
C 131 23
C 132 8
C 133 26
C 134 1
C 135 26
C 136 25
C 137 8
C 138 12
C 139 7
C 140 15
C 141 26
C 142 15
C 143 21
C 144 12
C 145 1
C 146 0
C 147 10
C 148 3
C 149 12
C 150 19
C 151 20
C 152 9
C 153 8
C 154 10
C 155 10
C 156 15
C 157 11
C 158 0
C 159 1
C 160 20
C 161 0
C 162 7
C 163 17
C 164 15
C 165 4
C 166 8
C 167 23
C 168 19
C 169 16
C 170 11
C 171 3
C 172 22
C 173 16
C 174 6
C 175 26
C 176 22
C 177 2
C 178 10
C 179 18
C 180 23
C 181 26
C 182 4
C 183 18
C 184 10
C 185 17
C 186 10
C 187 18
C 188 4
C 189 22
C 190 17
C 191 17
C 192 20
C 193 10
C 194 18
C 195 25
C 196 17
C 197 26
C 198 15
C 199 2
C 200 0
C 201 6
C 202 2
C 203 2
C 204 17
C 205 1
C 206 18
C 207 21
C 208 22
C 209 5
C 210 9
C 211 16
C 212 12
C 213 25
C 214 12
C 215 2
C 216 14
C 217 16
C 218 6
C 219 3
C 220 25
C 221 16
C 222 21
C 223 6
C 224 2
C 225 12
C 226 16
C 227 24
C 228 21
C 229 6
C 230 16
C 231 7
C 232 12
C 233 9
C 234 1
C 235 12
C 236 26
C 237 23
C 238 2
C 239 8
C 240 14
C 241 6
C 242 16
C 243 14
C 244 12
C 245 12
C 246 15
C 247 4
C 248 19
C 249 26
C 250 6
C 251 16
C 252 19
C 253 4
C 254 6
C 255 5
C 256 26
C 257 3
C 258 1
C 259 24
C 260 24
C 261 21
C 262 1
C 263 4
C 264 6
C 265 21
C 266 17
C 267 21
C 268 18
C 269 18
C 270 15
C 271 3
C 272 4
C 273 8
C 274 20
C 275 2
C 276 24
C 277 22
C 278 20
C 279 3
C 280 6
C 281 2
C 282 8
C 283 26
C 284 14
C 285 12
C 286 16
C 287 15
C 288 8
C 289 22
C 290 21
C 291 18
C 292 9
C 293 4
C 294 26
C 295 23
C 296 8
C 297 15
C 298 15
C 299 10
C 300 7
C 301 1
C 302 10
C 303 12
C 304 4
C 305 3
C 306 6
C 307 8
C 308 11
C 309 2
C 310 22
C 311 10
C 312 18
C 313 21
C 314 23
C 315 24
C 316 26
C 317 10
C 318 26
C 319 18
C 320 12
C 321 20
C 322 9
C 323 19
C 324 17
C 325 7
C 326 20
C 327 17
C 328 25
C 329 8
C 330 19
C 331 23
C 332 2
C 333 7
C 334 1
C 335 17
C 336 1
C 337 3
C 338 23
C 339 20
C 340 18
C 341 7
C 342 25
C 343 0
C 344 20
C 345 10
C 346 2
C 347 25
C 348 6
C 349 10
C 350 8
C 351 8
C 352 7
C 353 0
C 354 22
C 355 1
C 356 12
C 357 24
C 358 3
C 359 6
C 360 1
C 361 14
C 362 25
C 363 1
C 364 2
C 365 24
C 366 14
C 367 26
C 368 8
C 369 14
C 370 8
C 371 22
C 372 11
C 373 25
C 374 21
C 375 23
C 376 20
C 377 21
I 2 3 4 (1,0,0) (0,1,1,0)|(-1,1,1,0)|(1,-1,-1,0)
I 5 2 12 (4,1,1) (1,0,-1,0)|(1,1,1,0)
I 4 2 7 (0,0,5) (1,-1,1,0)|(1,0,0,0)|(-1,-1,-1,0)|(0,1,1,0)|(-1,-1,1,0)
