D (11,-1,-1) (5,3,1)
D (7,-1,-1) (4,4,0)
D (12,-1,-1) (2,5,5)
D (7,8,-1) (5,0,0)
D (11,-1,-1) (3,2,3)
D (11,12,-1) (0,3,0)
D (9,-1,-1) (5,5,4)
D (9,10,-1) (5,1,0)
D (7,8,9) (5,0,3)
D (9,-1,-1) (0,2,4)
D (7,8,9) (4,5,0)
D (6,7,-1) (5,5,5)
D (7,8,9) (3,5,5)
D (10,11,-1) (0,0,3)
D (13,-1,-1) (3,3,1)
D (12,-1,-1) (4,1,4)
D (12,-1,-1) (4,0,1)
D (10,-1,-1) (2,1,2)
D (8,9,10) (4,3,5)
D (6,7,8) (2,2,2)
D (11,-1,-1) (2,0,4)
D (10,11,12) (3,2,5)
D (7,8,9) (4,2,2)
D (10,11,12) (4,3,3)
D (13,-1,-1) (0,4,2)
D (11,12,-1) (0,1,0)
D (7,8,-1) (5,2,4)
D (13,-1,-1) (2,4,5)
D (13,-1,-1) (4,2,5)
D (9,10,-1) (1,2,0)
D (8,9,10) (4,0,5)
D (13,-1,-1) (4,2,0)
D (13,-1,-1) (5,3,0)
D (11,12,13) (2,3,3)
D (10,11,-1) (5,5,1)
D (12,-1,-1) (1,5,5)
D (10,-1,-1) (1,3,4)
D (11,-1,-1) (3,5,2)
D (7,8,-1) (1,5,1)
D (12,13,-1) (5,2,1)
D (7,-1,-1) (4,5,1)
D (13,-1,-1) (3,5,4)
D (10,11,12) (1,3,5)
D (8,-1,-1) (0,2,3)
D (13,-1,-1) (0,5,1)
D (6,7,8) (0,1,2)
D (9,-1,-1) (4,5,3)
D (8,9,-1) (4,3,0)
D (12,13,-1) (5,0,5)
D (12,-1,-1) (1,0,1)
D (7,8,-1) (0,0,0)
D (11,-1,-1) (0,1,1)
D (10,11,-1) (4,4,5)
D (9,-1,-1) (2,4,1)
D (6,7,8) (1,2,3)
D (9,10,11) (1,3,1)
D (10,-1,-1) (5,1,5)
D (11,12,13) (3,5,1)
D (13,-1,-1) (5,2,3)
D (12,13,-1) (3,1,0)
D (10,-1,-1) (3,5,0)
D (11,-1,-1) (5,3,3)
D (13,-1,-1) (5,5,2)
D (8,9,-1) (0,0,1)
D (10,11,13) (2,4,0)
D (10,11,-1) (5,3,4)
D (12,13,-1) (2,0,2)
D (11,12,-1) (2,1,3)
D (8,9,-1) (4,2,1)
D (9,10,-1) (0,2,2)
D (10,11,-1) (3,2,2)
D (12,13,-1) (5,5,0)
D (11,-1,-1) (1,5,2)
C 0 4
C 1 17
C 2 0
C 3 0
C 4 0
C 5 0
C 6 0
C 7 0
C 8 0
C 9 0
C 10 0
C 11 0
C 12 0
C 13 0
C 14 0
C 15 0
C 16 0
C 17 0
C 18 0
C 19 0
C 20 0
C 21 0
C 22 0
C 23 0
C 24 0
C 25 0
C 26 0
C 27 0
C 28 0
C 29 0
C 30 0
C 31 0
C 32 0
C 33 0
C 34 0
C 35 0
C 36 0
C 37 0
C 38 0
C 39 0
C 40 0
C 41 0
C 42 0
C 43 0
C 44 0
C 45 0
C 46 0
C 47 0
C 48 0
C 49 0
C 50 0
C 51 0
C 52 0
C 53 0
C 54 0
C 55 0
C 56 0
C 57 0
C 58 0
C 59 0
C 60 0
C 61 0
C 62 0
C 63 0
C 64 0
C 65 0
C 66 0
C 67 0
C 68 0
C 69 0
C 70 0
C 71 0
C 72 0
C 73 0
C 74 0
C 75 0
C 76 0
C 77 0
C 78 0
C 79 0
C 80 0
C 81 0
C 82 0
C 83 0
C 84 0
C 85 0
C 86 0
C 87 0
C 88 0
C 89 0
C 90 0
C 91 0
C 92 16
C 93 12
C 94 8
C 95 6
C 96 9
C 97 2
C 98 16
C 99 0
C 100 16
C 101 19
C 102 6
C 103 15
C 104 16
C 105 3
C 106 5
C 107 14
C 108 5
C 109 25
C 110 16
C 111 24
C 112 3
C 113 6
C 114 12
C 115 1
C 116 25
C 117 6
C 118 0
C 119 0
C 120 18
C 121 8
C 122 19
C 123 7
C 124 18
C 125 23
C 126 17
C 127 14
C 128 8
C 129 6
C 130 21
C 131 21
C 132 1
C 133 11
C 134 19
C 135 6
C 136 25
C 137 16
C 138 10
C 139 26
C 140 6
C 141 20
C 142 24
C 143 11
C 144 9
C 145 1
C 146 15
C 147 11
C 148 15
C 149 14
C 150 3
C 151 25
C 152 12
C 153 12
C 154 7
C 155 26
C 156 21
C 157 15
C 158 20
C 159 21
C 160 16
C 161 2
C 162 7
C 163 3
C 164 25
C 165 11
C 166 0
C 167 14
C 168 10
C 169 11
C 170 4
C 171 2
C 172 2
C 173 8
C 174 5
C 175 6
C 176 25
C 177 9
C 178 24
C 179 5
C 180 17
C 181 0
C 182 22
C 183 15
C 184 23
C 185 17
C 186 1
C 187 16
C 188 5
C 189 18
C 190 11
C 191 3
C 192 5
C 193 24
C 194 7
C 195 17
C 196 12
C 197 3
C 198 22
C 199 21
C 200 7
C 201 14
C 202 5
C 203 17
C 204 25
C 205 0
C 206 9
C 207 7
C 208 16
C 209 21
C 210 21
C 211 6
C 212 17
C 213 20
C 214 1
C 215 10
C 216 10
C 217 15
C 218 18
C 219 3
C 220 9
C 221 12
C 222 5
C 223 4
C 224 2
C 225 16
C 226 2
C 227 15
C 228 24
C 229 19
C 230 8
C 231 7
C 232 3
C 233 4
C 234 4
C 235 2
C 236 23
C 237 18
C 238 20
C 239 25
C 240 25
C 241 26
C 242 20
C 243 10
C 244 23
C 245 6
C 246 5
C 247 21
C 248 20
C 249 9
C 250 0
C 251 24
C 252 7
C 253 0
C 254 2
C 255 14
C 256 23
C 257 16
C 258 14
C 259 24
C 260 22
C 261 6
C 262 23
C 263 19
C 264 18
C 265 16
C 266 8
C 267 14
C 268 18
C 269 7
C 270 8
C 271 9
C 272 1
C 273 3
C 274 20
C 275 12
C 276 11
C 277 2
C 278 14
C 279 23
C 280 0
C 281 7
C 282 10
C 283 6
C 284 2
C 285 16
C 286 11
C 287 0
C 288 0
C 289 0
C 290 0
C 291 0
C 292 0
C 293 0
C 294 0
C 295 0
C 296 0
C 297 0
C 298 0
C 299 0
C 300 0
C 301 0
C 302 0
C 303 0
C 304 0
C 305 0
C 306 0
C 307 0
C 308 0
C 309 0
C 310 0
C 311 0
C 312 0
C 313 0
C 314 0
C 315 0
C 316 0
C 317 0
C 318 0
C 319 0
C 320 0
C 321 0
C 322 0
C 323 0
C 324 0
C 325 0
C 326 0
C 327 0
C 328 0
C 329 0
C 330 0
C 331 0
C 332 0
C 333 0
C 334 0
C 335 0
C 336 0
C 337 0
C 338 0
C 339 0
C 340 0
C 341 0
C 342 0
C 343 0
C 344 0
C 345 0
C 346 0
C 347 0
C 348 0
C 349 0
C 350 0
C 351 0
C 352 0
C 353 0
C 354 0
C 355 0
C 356 0
C 357 0
C 358 12
C 359 23
C 360 1
C 361 15
C 362 9
C 363 23
C 364 25
C 365 10
C 366 10
C 367 10
C 368 16
C 369 1
C 370 5
C 371 23
C 372 7
C 373 7
C 374 12
C 375 8
C 376 11
C 377 15
I 1 2 17 (2,2,0) (0,0,1,0)
I 4 3 10 (5,3,3) (0,-1,-1,0)
I 4 3 10 (5,3,3) (-1,-1,-1,0)
