D (8,9,-1) (0,1,2)
D (9,-1,-1) (0,0,4)
D (12,-1,-1) (4,0,4)
D (12,13,-1) (0,5,1)
D (12,13,-1) (4,4,4)
D (6,-1,-1) (2,3,2)
D (12,-1,-1) (3,5,0)
D (8,9,10) (2,5,1)
D (10,11,-1) (5,0,5)
D (13,-1,-1) (2,2,1)
D (6,-1,-1) (4,4,2)
D (8,-1,-1) (5,3,1)
D (10,-1,-1) (2,1,2)
D (9,-1,-1) (3,5,1)
D (11,-1,-1) (5,5,3)
D (9,-1,-1) (0,1,5)
D (7,-1,-1) (4,4,3)
D (9,10,11) (3,0,0)
D (6,-1,-1) (4,0,2)
D (6,-1,-1) (3,3,1)
D (6,7,-1) (3,0,3)
D (6,7,8) (1,4,3)
D (8,9,-1) (3,1,1)
D (7,-1,-1) (0,2,0)
D (12,13,-1) (0,5,2)
D (8,-1,-1) (5,5,2)
D (9,-1,-1) (0,0,2)
D (6,7,8) (2,4,5)
D (13,-1,-1) (2,4,1)
D (13,-1,-1) (1,0,0)
D (8,-1,-1) (4,2,4)
D (9,-1,-1) (4,0,1)
D (10,-1,-1) (5,0,1)
D (9,10,11) (2,3,3)
D (11,12,-1) (5,1,2)
D (10,-1,-1) (4,3,5)
D (10,11,-1) (2,0,0)
D (7,8,-1) (1,0,2)
D (11,-1,-1) (2,1,5)
D (10,-1,-1) (5,2,3)
D (8,9,10) (0,4,0)
D (8,9,-1) (1,1,3)
D (13,-1,-1) (4,0,5)
C 0 8
C 1 25
C 2 25
C 3 4
C 4 18
C 5 18
C 6 7
C 7 4
C 8 19
C 9 7
C 10 21
C 11 20
C 12 11
C 13 3
C 14 19
C 15 7
C 16 9
C 17 24
C 18 8
C 19 21
C 20 12
C 21 26
C 22 9
C 23 21
C 24 25
C 25 10
C 26 20
C 27 4
C 28 15
C 29 14
C 30 6
C 31 1
C 32 7
C 33 11
C 34 20
C 35 25
C 36 9
C 37 21
C 38 11
C 39 17
C 40 15
C 41 23
C 42 3
C 43 21
C 44 15
C 45 5
C 46 24
C 47 3
C 48 18
C 49 16
C 50 6
C 51 5
C 52 5
C 53 18
C 54 12
C 55 25
C 56 12
C 57 3
C 58 19
C 59 26
C 60 17
C 61 0
C 62 0
C 63 0
C 64 0
C 65 0
C 66 0
C 67 0
C 68 0
C 69 0
C 70 0
C 71 0
C 72 0
C 73 0
C 74 0
C 75 0
C 76 0
C 77 0
C 78 0
C 79 0
C 80 0
C 81 0
C 82 0
C 83 0
C 84 0
C 85 0
C 86 0
C 87 0
C 88 0
C 89 0
C 90 0
C 91 0
C 92 0
C 93 0
C 94 0
C 95 0
C 96 0
C 97 0
C 98 0
C 99 0
C 100 0
C 101 0
C 102 0
C 103 0
C 104 0
C 105 0
C 106 0
C 107 0
C 108 0
C 109 0
C 110 0
C 111 0
C 112 0
C 113 0
C 114 0
C 115 0
C 116 0
C 117 0
C 118 0
C 119 0
C 120 0
C 121 0
C 122 0
C 123 0
C 124 0
C 125 0
C 126 0
C 127 0
C 128 0
C 129 0
C 130 0
C 131 0
C 132 0
C 133 0
C 134 0
C 135 0
C 136 0
C 137 0
C 138 0
C 139 0
C 140 0
C 141 0
C 142 0
C 143 0
C 144 0
C 145 0
C 146 0
C 147 0
C 148 0
C 149 0
C 150 0
C 151 0
C 152 0
C 153 0
C 154 0
C 155 0
C 156 0
C 157 0
C 158 10
C 159 7
C 160 9
C 161 6
C 162 22
C 163 14
C 164 24
C 165 6
C 166 16
C 167 3
C 168 16
C 169 22
C 170 20
C 171 23
C 172 25
C 173 23
C 174 22
C 175 14
C 176 23
C 177 9
C 178 14
C 179 8
C 180 6
C 181 6
C 182 15
C 183 20
C 184 18
C 185 6
C 186 15
C 187 4
C 188 5
C 189 9
C 190 11
C 191 12
C 192 18
C 193 9
C 194 0
C 195 19
C 196 24
C 197 25
C 198 26
C 199 10
C 200 7
C 201 25
C 202 15
C 203 22
C 204 14
C 205 22
C 206 6
C 207 6
C 208 16
C 209 2
C 210 12
C 211 21
C 212 17
C 213 15
C 214 9
C 215 17
C 216 16
C 217 21
C 218 16
C 219 19
C 220 17
C 221 4
C 222 15
C 223 19
C 224 5
C 225 16
C 226 7
C 227 12
C 228 21
C 229 2
C 230 24
C 231 4
C 232 21
C 233 4
C 234 3
C 235 20
C 236 21
C 237 22
C 238 19
C 239 11
C 240 5
C 241 12
C 242 15
C 243 1
C 244 7
C 245 25
C 246 9
C 247 20
C 248 3
C 249 20
C 250 1
C 251 20
C 252 11
C 253 17
C 254 14
C 255 23
C 256 25
C 257 24
C 258 19
C 259 9
C 260 6
C 261 16
C 262 22
C 263 7
C 264 23
C 265 0
C 266 0
C 267 0
C 268 0
C 269 0
C 270 0
C 271 0
C 272 0
C 273 0
C 274 0
C 275 0
C 276 0
C 277 0
C 278 0
C 279 0
C 280 0
C 281 0
C 282 0
C 283 0
C 284 0
C 285 0
C 286 0
C 287 0
C 288 0
C 289 0
C 290 0
C 291 0
C 292 0
C 293 0
C 294 0
C 295 0
C 296 0
C 297 0
C 298 0
C 299 0
C 300 0
C 301 0
C 302 0
C 303 0
C 304 0
C 305 0
C 306 0
C 307 0
C 308 0
C 309 0
C 310 0
C 311 0
C 312 0
C 313 0
C 314 0
C 315 0
C 316 0
C 317 0
C 318 0
C 319 0
C 320 0
C 321 0
C 322 0
C 323 0
C 324 0
C 325 0
C 326 0
C 327 0
C 328 0
C 329 0
C 330 0
C 331 0
C 332 0
C 333 0
C 334 0
C 335 0
C 336 0
C 337 0
C 338 0
C 339 0
C 340 0
C 341 0
C 342 0
C 343 0
C 344 16
C 345 17
C 346 17
C 347 7
C 348 17
C 349 21
C 350 6
C 351 8
C 352 17
C 353 4
C 354 23
C 355 10
C 356 9
C 357 3
C 358 14
C 359 6
C 360 8
C 361 2
C 362 18
C 363 16
C 364 6
C 365 7
C 366 8
C 367 5
C 368 0
C 369 0
C 370 0
C 371 0
C 372 0
C 373 0
C 374 0
C 375 0
C 376 10
C 377 7
I 1 2 9 (1,2,1) (0,1,1,0)
I 0 1 2 (5,5,2) (-1,-1,0,0)
