D (9,-1,-1) (4,5,2)
D (8,-1,-1) (2,5,0)
D (11,12,-1) (0,4,1)
D (9,10,11) (0,2,3)
D (10,11,12) (3,0,3)
D (8,-1,-1) (3,2,5)
D (11,-1,-1) (5,0,0)
D (10,-1,-1) (4,2,2)
D (12,13,-1) (1,3,4)
D (11,-1,-1) (2,5,1)
D (12,13,-1) (5,3,2)
D (7,8,-1) (2,4,2)
D (11,-1,-1) (1,1,4)
D (6,7,-1) (5,2,2)
D (8,9,10) (5,1,2)
D (11,12,13) (5,1,1)
D (10,11,12) (4,5,1)
D (12,13,-1) (3,2,3)
D (12,-1,-1) (3,2,4)
D (12,13,-1) (5,5,5)
D (7,-1,-1) (3,4,1)
D (10,11,12) (5,2,0)
D (6,-1,-1) (3,5,4)
D (8,9,10) (0,2,1)
D (11,12,13) (1,3,1)
D (8,9,-1) (4,3,0)
D (11,-1,-1) (0,3,0)
D (10,11,-1) (4,0,3)
D (10,11,12) (1,3,0)
D (12,13,-1) (5,4,2)
D (9,-1,-1) (2,5,3)
D (12,-1,-1) (5,4,1)
D (9,-1,-1) (2,2,4)
D (12,-1,-1) (2,4,3)
D (10,11,12) (5,3,3)
D (6,7,8) (4,1,1)
D (11,-1,-1) (1,0,4)
D (12,13,-1) (3,0,0)
D (10,11,12) (0,1,3)
D (12,13,-1) (4,4,4)
D (7,-1,-1) (4,5,5)
D (11,12,-1) (3,1,4)
D (10,11,12) (5,1,4)
D (12,13,-1) (2,1,1)
D (10,-1,-1) (1,0,5)
D (11,-1,-1) (2,0,0)
D (7,8,9) (0,4,0)
D (6,7,8) (5,1,3)
D (6,7,-1) (4,0,1)
D (8,9,-1) (3,4,5)
D (12,13,-1) (4,4,3)
D (8,9,-1) (0,0,3)
D (10,11,-1) (1,5,1)
D (8,9,-1) (0,3,5)
D (6,7,-1) (3,1,3)
D (11,12,-1) (5,4,3)
D (10,11,12) (2,2,5)
D (6,7,8) (1,4,1)
D (9,10,11) (5,3,1)
D (7,8,-1) (0,4,4)
D (12,13,-1) (4,3,5)
D (9,10,11) (5,2,1)
D (13,-1,-1) (0,5,0)
D (8,9,-1) (2,5,5)
D (10,11,-1) (4,3,3)
D (13,-1,-1) (3,4,3)
C 0 26
C 1 8
C 2 23
C 3 14
C 4 14
C 5 21
C 6 24
C 7 12
C 8 19
C 9 21
C 10 15
C 11 20
C 12 11
C 13 19
C 14 17
C 15 9
C 16 1
C 17 1
C 18 3
C 19 8
C 20 5
C 21 1
C 22 19
C 23 10
C 24 26
C 25 8
C 26 26
C 27 14
C 28 25
C 29 11
C 30 7
C 31 10
C 32 14
C 33 24
C 34 23
C 35 10
C 36 12
C 37 12
C 38 14
C 39 5
C 40 18
C 41 18
C 42 19
C 43 8
C 44 24
C 45 1
C 46 6
C 47 5
C 48 20
C 49 11
C 50 7
C 51 15
C 52 1
C 53 26
C 54 3
C 55 4
C 56 6
C 57 16
C 58 5
C 59 21
C 60 15
C 61 20
C 62 3
C 63 2
C 64 24
C 65 14
C 66 16
C 67 18
C 68 8
C 69 11
C 70 7
C 71 0
C 72 0
C 73 0
C 74 0
C 75 0
C 76 0
C 77 0
C 78 0
C 79 0
C 80 0
C 81 0
C 82 0
C 83 0
C 84 0
C 85 0
C 86 0
C 87 0
C 88 0
C 89 0
C 90 0
C 91 0
C 92 0
C 93 0
C 94 0
C 95 0
C 96 0
C 97 0
C 98 0
C 99 0
C 100 0
C 101 0
C 102 0
C 103 0
C 104 0
C 105 0
C 106 0
C 107 0
C 108 0
C 109 0
C 110 0
C 111 0
C 112 0
C 113 0
C 114 0
C 115 0
C 116 0
C 117 0
C 118 0
C 119 0
C 120 19
C 121 2
C 122 14
C 123 6
C 124 12
C 125 26
C 126 7
C 127 14
C 128 25
C 129 9
C 130 24
C 131 21
C 132 5
C 133 23
C 134 15
C 135 23
C 136 7
C 137 4
C 138 9
C 139 18
C 140 19
C 141 16
C 142 8
C 143 5
C 144 12
C 145 18
C 146 0
C 147 23
C 148 25
C 149 22
C 150 19
C 151 8
C 152 26
C 153 11
C 154 19
C 155 1
C 156 9
C 157 21
C 158 11
C 159 5
C 160 23
C 161 4
C 162 17
C 163 9
C 164 14
C 165 19
C 166 15
C 167 3
C 168 3
C 169 25
C 170 3
C 171 25
C 172 10
C 173 15
C 174 26
C 175 6
C 176 9
C 177 8
C 178 12
C 179 0
C 180 0
C 181 0
C 182 0
C 183 0
C 184 0
C 185 0
C 186 0
C 187 0
C 188 0
C 189 0
C 190 0
C 191 0
C 192 0
C 193 0
C 194 0
C 195 0
C 196 0
C 197 0
C 198 0
C 199 0
C 200 0
C 201 0
C 202 0
C 203 0
C 204 0
C 205 0
C 206 0
C 207 0
C 208 0
C 209 0
C 210 0
C 211 0
C 212 0
C 213 0
C 214 0
C 215 0
C 216 0
C 217 0
C 218 0
C 219 0
C 220 0
C 221 0
C 222 0
C 223 0
C 224 0
C 225 0
C 226 0
C 227 0
C 228 0
C 229 0
C 230 0
C 231 0
C 232 0
C 233 0
C 234 0
C 235 0
C 236 0
C 237 0
C 238 0
C 239 0
C 240 0
C 241 0
C 242 0
C 243 0
C 244 0
C 245 0
C 246 0
C 247 0
C 248 0
C 249 0
C 250 0
C 251 0
C 252 0
C 253 0
C 254 0
C 255 0
C 256 0
C 257 0
C 258 0
C 259 0
C 260 0
C 261 0
C 262 0
C 263 0
C 264 0
C 265 0
C 266 0
C 267 0
C 268 0
C 269 0
C 270 0
C 271 0
C 272 0
C 273 0
C 274 0
C 275 0
C 276 0
C 277 0
C 278 0
C 279 0
C 280 0
C 281 0
C 282 0
C 283 0
C 284 0
C 285 0
C 286 0
C 287 0
C 288 0
C 289 0
C 290 0
C 291 0
C 292 0
C 293 0
C 294 0
C 295 0
C 296 0
C 297 15
C 298 9
C 299 21
C 300 17
C 301 3
C 302 15
C 303 20
C 304 1
C 305 22
C 306 14
C 307 5
C 308 20
C 309 7
C 310 17
C 311 24
C 312 6
C 313 11
C 314 11
C 315 15
C 316 19
C 317 26
C 318 1
C 319 10
C 320 5
C 321 2
C 322 3
C 323 6
C 324 1
C 325 11
C 326 1
C 327 1
C 328 9
C 329 1
C 330 26
C 331 16
C 332 3
C 333 4
C 334 2
C 335 2
C 336 14
C 337 19
C 338 3
C 339 14
C 340 11
C 341 10
C 342 16
C 343 22
C 344 20
C 345 5
C 346 19
C 347 21
C 348 8
C 349 16
C 350 17
C 351 6
C 352 3
C 353 14
C 354 9
C 355 4
C 356 20
C 357 2
C 358 0
C 359 14
C 360 9
C 361 2
C 362 4
C 363 5
C 364 10
C 365 23
C 366 10
C 367 0
C 368 1
C 369 2
C 370 0
C 371 4
C 372 5
C 373 20
C 374 26
C 375 0
C 376 6
C 377 14
I 0 2 3 (4,4,1) (0,-1,0,0)
I 0 2 19 (4,2,4) (0,-1,0,0)
I 1 1 16 (1,0,0) (-1,-1,-1,0)
