D (11,-1,-1) (1,0,3)
D (6,7,-1) (1,3,4)
D (11,12,-1) (5,2,1)
D (7,-1,-1) (0,2,1)
D (9,-1,-1) (5,2,4)
D (11,12,13) (1,1,4)
D (10,-1,-1) (5,3,4)
D (8,9,10) (0,3,1)
D (11,12,-1) (3,3,5)
D (7,8,-1) (3,4,0)
D (13,-1,-1) (3,1,2)
D (10,11,-1) (0,4,4)
D (12,13,-1) (1,5,3)
D (9,10,-1) (5,0,1)
D (12,-1,-1) (4,0,0)
D (6,7,8) (1,5,1)
D (11,-1,-1) (5,1,4)
D (10,11,-1) (5,1,3)
D (13,-1,-1) (5,2,3)
D (11,-1,-1) (2,4,0)
D (7,-1,-1) (0,3,0)
D (7,8,-1) (3,0,3)
D (8,-1,-1) (4,2,0)
D (10,11,-1) (1,0,1)
D (13,-1,-1) (2,1,4)
D (10,11,-1) (3,4,1)
D (9,10,-1) (1,5,4)
D (11,12,13) (0,4,3)
D (6,7,-1) (3,5,0)
D (7,8,9) (3,3,1)
D (8,9,-1) (3,3,3)
D (8,9,-1) (4,1,2)
D (11,12,-1) (5,3,0)
D (9,10,-1) (4,0,5)
D (8,9,-1) (0,3,4)
D (9,-1,-1) (2,0,2)
D (13,-1,-1) (2,4,3)
D (6,7,-1) (5,2,0)
D (9,10,11) (4,0,2)
D (9,-1,-1) (1,3,0)
D (9,-1,-1) (5,5,3)
D (13,-1,-1) (3,1,5)
D (7,-1,-1) (4,4,3)
D (9,10,-1) (1,3,5)
D (10,11,12) (2,1,5)
D (6,7,8) (4,0,3)
C 0 14
C 1 16
C 2 4
C 3 26
C 4 24
C 5 12
C 6 9
C 7 16
C 8 3
C 9 2
C 10 12
C 11 19
C 12 0
C 13 0
C 14 0
C 15 0
C 16 0
C 17 0
C 18 0
C 19 0
C 20 0
C 21 0
C 22 0
C 23 0
C 24 0
C 25 0
C 26 0
C 27 0
C 28 0
C 29 0
C 30 0
C 31 0
C 32 0
C 33 0
C 34 0
C 35 0
C 36 0
C 37 0
C 38 0
C 39 0
C 40 0
C 41 0
C 42 0
C 43 0
C 44 0
C 45 0
C 46 0
C 47 0
C 48 0
C 49 0
C 50 0
C 51 0
C 52 0
C 53 0
C 54 0
C 55 0
C 56 0
C 57 0
C 58 0
C 59 0
C 60 0
C 61 0
C 62 0
C 63 0
C 64 0
C 65 0
C 66 0
C 67 0
C 68 0
C 69 0
C 70 0
C 71 0
C 72 0
C 73 0
C 74 0
C 75 0
C 76 0
C 77 0
C 78 0
C 79 0
C 80 0
C 81 0
C 82 0
C 83 0
C 84 0
C 85 0
C 86 0
C 87 0
C 88 0
C 89 0
C 90 0
C 91 0
C 92 0
C 93 0
C 94 0
C 95 0
C 96 0
C 97 0
C 98 0
C 99 0
C 100 0
C 101 0
C 102 0
C 103 0
C 104 0
C 105 0
C 106 0
C 107 0
C 108 0
C 109 0
C 110 0
C 111 0
C 112 0
C 113 0
C 114 0
C 115 0
C 116 0
C 117 0
C 118 0
C 119 0
C 120 0
C 121 0
C 122 0
C 123 0
C 124 0
C 125 0
C 126 0
C 127 0
C 128 0
C 129 0
C 130 0
C 131 0
C 132 0
C 133 0
C 134 0
C 135 0
C 136 0
C 137 0
C 138 0
C 139 0
C 140 0
C 141 0
C 142 0
C 143 0
C 144 0
C 145 0
C 146 0
C 147 0
C 148 0
C 149 0
C 150 0
C 151 0
C 152 0
C 153 0
C 154 23
C 155 0
C 156 5
C 157 21
C 158 9
C 159 21
C 160 17
C 161 0
C 162 0
C 163 0
C 164 0
C 165 0
C 166 0
C 167 10
C 168 0
C 169 18
C 170 8
C 171 4
C 172 6
C 173 19
C 174 10
C 175 21
C 176 17
C 177 22
C 178 14
C 179 3
C 180 25
C 181 8
C 182 15
C 183 19
C 184 8
C 185 0
C 186 0
C 187 0
C 188 0
C 189 0
C 190 0
C 191 0
C 192 0
C 193 0
C 194 0
C 195 0
C 196 0
C 197 0
C 198 0
C 199 0
C 200 0
C 201 0
C 202 0
C 203 0
C 204 0
C 205 0
C 206 0
C 207 0
C 208 0
C 209 0
C 210 0
C 211 0
C 212 0
C 213 0
C 214 5
C 215 15
C 216 5
C 217 18
C 218 15
C 219 14
C 220 10
C 221 7
C 222 10
C 223 25
C 224 3
C 225 18
C 226 2
C 227 21
C 228 0
C 229 3
C 230 5
C 231 15
C 232 7
C 233 6
C 234 18
C 235 25
C 236 7
C 237 20
C 238 12
C 239 1
C 240 24
C 241 20
C 242 17
C 243 5
C 244 11
C 245 22
C 246 24
C 247 18
C 248 2
C 249 8
C 250 5
C 251 22
C 252 17
C 253 7
C 254 0
C 255 5
C 256 12
C 257 17
C 258 23
C 259 6
C 260 23
C 261 12
C 262 15
C 263 7
C 264 11
C 265 22
C 266 25
C 267 9
C 268 21
C 269 5
C 270 21
C 271 9
C 272 26
C 273 23
C 274 0
C 275 0
C 276 0
C 277 0
C 278 0
C 279 0
C 280 0
C 281 0
C 282 0
C 283 0
C 284 0
C 285 0
C 286 0
C 287 0
C 288 0
C 289 0
C 290 0
C 291 0
C 292 0
C 293 0
C 294 0
C 295 0
C 296 0
C 297 0
C 298 0
C 299 0
C 300 0
C 301 0
C 302 0
C 303 0
C 304 0
C 305 0
C 306 0
C 307 0
C 308 0
C 309 0
C 310 0
C 311 0
C 312 0
C 313 0
C 314 0
C 315 0
C 316 0
C 317 0
C 318 0
C 319 0
C 320 0
C 321 0
C 322 0
C 323 0
C 324 0
C 325 0
C 326 19
C 327 26
C 328 21
C 329 12
C 330 14
C 331 25
C 332 14
C 333 22
C 334 7
C 335 18
C 336 6
C 337 0
C 338 8
C 339 4
C 340 6
C 341 22
C 342 11
C 343 19
C 344 14
C 345 17
C 346 24
C 347 11
C 348 9
C 349 17
C 350 16
C 351 20
C 352 5
C 353 22
C 354 6
C 355 20
C 356 25
C 357 10
C 358 16
C 359 26
C 360 16
C 361 9
C 362 21
C 363 2
C 364 5
C 365 17
C 366 11
C 367 4
C 368 20
C 369 6
C 370 8
C 371 25
C 372 19
C 373 5
C 374 0
C 375 12
C 376 24
C 377 3
I 0 1 14 (1,4,3) (0,-1,1,0)
I 0 2 10 (2,2,1) (-1,0,1,0)
I 1 1 13 (1,4,4) (1,0,1,0)|(0,1,0,0)
