D (9,10,-1) (5,1,2)
D (7,-1,-1) (3,4,2)
D (11,12,13) (3,4,0)
D (12,13,-1) (3,3,0)
D (6,-1,-1) (2,2,1)
D (8,9,10) (2,3,1)
D (13,-1,-1) (5,4,3)
D (8,9,-1) (3,2,2)
D (8,9,-1) (1,5,0)
D (8,9,10) (3,4,5)
D (10,11,12) (4,2,5)
D (10,11,12) (5,1,3)
D (7,8,9) (1,0,0)
D (6,-1,-1) (1,5,3)
D (9,10,11) (1,1,3)
D (6,-1,-1) (1,2,5)
D (12,13,-1) (1,2,1)
D (9,-1,-1) (5,1,4)
D (9,10,-1) (4,0,1)
D (6,7,-1) (2,5,4)
D (9,-1,-1) (3,5,1)
D (6,7,-1) (5,3,5)
D (7,8,9) (3,1,3)
D (8,9,10) (4,1,2)
D (7,8,9) (3,1,5)
D (6,-1,-1) (3,0,0)
D (8,9,-1) (1,1,4)
D (10,11,12) (4,0,2)
D (13,-1,-1) (3,1,4)
D (10,11,-1) (1,3,5)
D (11,12,-1) (4,0,5)
D (13,-1,-1) (4,5,5)
D (12,-1,-1) (0,3,3)
D (8,9,-1) (1,0,1)
D (11,12,-1) (5,1,5)
D (7,8,-1) (4,5,0)
D (12,13,-1) (4,3,5)
D (8,-1,-1) (4,2,4)
D (8,9,-1) (1,1,2)
D (8,9,10) (4,0,0)
D (12,13,-1) (2,2,3)
D (7,8,-1) (2,1,0)
D (7,8,-1) (0,2,4)
D (12,13,-1) (5,0,5)
D (9,10,11) (1,2,3)
D (7,-1,-1) (4,2,3)
D (10,11,-1) (2,4,4)
D (7,-1,-1) (2,3,0)
D (6,7,-1) (5,3,4)
D (10,11,-1) (2,5,5)
D (9,10,-1) (4,1,3)
D (7,-1,-1) (4,3,0)
D (9,10,-1) (0,0,3)
D (8,9,10) (2,1,4)
D (12,-1,-1) (5,4,4)
D (8,9,-1) (0,1,5)
D (6,-1,-1) (1,4,1)
D (12,13,-1) (5,0,3)
D (9,10,-1) (4,5,1)
D (11,12,-1) (5,4,0)
D (13,-1,-1) (1,2,2)
D (6,7,-1) (0,2,0)
D (9,-1,-1) (0,1,0)
D (8,9,10) (1,3,2)
D (8,9,-1) (0,0,0)
D (6,7,8) (4,3,4)
D (13,-1,-1) (2,3,5)
D (9,10,11) (5,3,1)
D (8,9,10) (0,4,1)
D (9,-1,-1) (5,0,1)
D (8,9,-1) (2,0,0)
D (6,7,8) (2,2,0)
D (6,7,8) (1,4,2)
D (10,11,-1) (0,2,1)
D (12,13,-1) (0,3,0)
D (8,9,-1) (4,5,2)
D (12,13,-1) (5,1,0)
D (6,7,8) (0,4,5)
D (13,-1,-1) (3,2,1)
D (7,8,-1) (3,2,0)
D (9,10,-1) (5,1,1)
D (7,-1,-1) (0,1,2)
D (11,12,-1) (4,4,1)
D (13,-1,-1) (4,5,4)
D (8,9,-1) (2,2,2)
D (9,-1,-1) (0,5,2)
D (12,-1,-1) (5,2,5)
C 0 15
C 1 26
C 2 17
C 3 18
C 4 5
C 5 1
C 6 9
C 7 17
C 8 1
C 9 16
C 10 18
C 11 0
C 12 16
C 13 11
C 14 26
C 15 22
C 16 24
C 17 12
C 18 4
C 19 15
C 20 11
C 21 26
C 22 6
C 23 8
C 24 7
C 25 5
C 26 15
C 27 21
C 28 17
C 29 7
C 30 17
C 31 22
C 32 9
C 33 11
C 34 14
C 35 20
C 36 2
C 37 12
C 38 4
C 39 20
C 40 22
C 41 6
C 42 26
C 43 23
C 44 3
C 45 11
C 46 0
C 47 0
C 48 4
C 49 18
C 50 17
C 51 1
C 52 14
C 53 11
C 54 21
C 55 7
C 56 19
C 57 8
C 58 25
C 59 6
C 60 5
C 61 10
C 62 2
C 63 16
C 64 6
C 65 0
C 66 15
C 67 0
C 68 17
C 69 10
C 70 10
C 71 5
C 72 1
C 73 20
C 74 15
C 75 2
C 76 21
C 77 14
C 78 1
C 79 15
C 80 19
C 81 25
C 82 8
C 83 3
C 84 15
C 85 6
C 86 18
C 87 10
C 88 9
C 89 16
C 90 16
C 91 18
C 92 23
C 93 5
C 94 17
C 95 1
C 96 20
C 97 2
C 98 23
C 99 2
C 100 16
C 101 7
C 102 21
C 103 2
C 104 24
C 105 21
C 106 7
C 107 7
C 108 25
C 109 15
C 110 8
C 111 9
C 112 23
C 113 22
C 114 22
C 115 12
C 116 0
C 117 2
C 118 12
C 119 24
C 120 19
C 121 10
C 122 26
C 123 24
C 124 10
C 125 12
C 126 1
C 127 21
C 128 23
C 129 3
C 130 26
C 131 7
C 132 21
C 133 16
C 134 19
C 135 25
C 136 11
C 137 0
C 138 0
C 139 1
C 140 22
C 141 19
C 142 20
C 143 12
C 144 10
C 145 9
C 146 12
C 147 2
C 148 25
C 149 24
C 150 18
C 151 6
C 152 1
C 153 11
C 154 16
C 155 15
C 156 10
C 157 12
C 158 8
C 159 5
C 160 0
C 161 12
C 162 10
C 163 19
C 164 5
C 165 4
C 166 24
C 167 23
C 168 16
C 169 20
C 170 3
C 171 26
C 172 18
C 173 2
C 174 14
C 175 18
C 176 15
C 177 12
C 178 15
C 179 14
C 180 7
C 181 15
C 182 22
C 183 26
C 184 1
C 185 24
C 186 26
C 187 8
C 188 5
C 189 9
C 190 25
C 191 14
C 192 22
C 193 25
C 194 20
C 195 16
C 196 3
C 197 19
C 198 8
C 199 7
C 200 5
C 201 1
C 202 6
C 203 6
C 204 14
C 205 9
C 206 23
C 207 23
C 208 26
C 209 25
C 210 10
C 211 10
C 212 23
C 213 6
C 214 0
C 215 5
C 216 20
C 217 8
C 218 16
C 219 5
C 220 16
C 221 26
C 222 7
C 223 17
C 224 26
C 225 1
C 226 21
C 227 24
C 228 0
C 229 0
C 230 21
C 231 0
C 232 25
C 233 24
C 234 6
C 235 9
C 236 12
C 237 0
C 238 9
C 239 8
C 240 19
C 241 18
C 242 21
C 243 21
C 244 24
C 245 10
C 246 4
C 247 21
C 248 0
C 249 26
C 250 5
C 251 1
C 252 11
C 253 22
C 254 3
C 255 24
C 256 0
C 257 12
C 258 10
C 259 23
C 260 6
C 261 6
C 262 22
C 263 4
C 264 3
C 265 22
C 266 9
C 267 0
C 268 7
C 269 22
C 270 3
C 271 1
C 272 9
C 273 24
C 274 3
C 275 19
C 276 2
C 277 1
C 278 16
C 279 2
C 280 17
C 281 18
C 282 15
C 283 7
C 284 4
C 285 26
C 286 10
C 287 10
C 288 5
C 289 2
C 290 9
C 291 26
C 292 17
C 293 22
C 294 15
C 295 26
C 296 12
C 297 21
C 298 17
C 299 1
C 300 6
C 301 18
C 302 0
C 303 7
C 304 17
C 305 21
C 306 0
C 307 0
C 308 0
C 309 0
C 310 0
C 311 0
C 312 0
C 313 0
C 314 0
C 315 0
C 316 9
C 317 20
C 318 19
C 319 5
C 320 3
C 321 5
C 322 3
C 323 21
C 324 2
C 325 4
C 326 8
C 327 21
C 328 21
C 329 19
C 330 9
C 331 18
C 332 5
C 333 6
C 334 14
C 335 3
C 336 3
C 337 15
C 338 9
C 339 25
C 340 17
C 341 1
C 342 14
C 343 18
C 344 20
C 345 15
C 346 15
C 347 19
C 348 4
C 349 20
C 350 19
C 351 26
C 352 8
C 353 19
C 354 8
C 355 9
C 356 20
C 357 17
C 358 1
C 359 4
C 360 8
C 361 12
C 362 21
C 363 21
C 364 9
C 365 2
C 366 17
C 367 11
C 368 15
C 369 1
C 370 23
C 371 0
C 372 18
C 373 21
C 374 15
C 375 22
C 376 10
C 377 22
I 0 1 14 (3,2,4) (-1,1,-1,0)|(1,1,1,0)
I 1 3 8 (1,4,3) (-1,-1,-1,0)|(0,-1,0,0)|(0,1,1,0)
I 3 2 18 (1,1,2) (1,0,1,0)|(-1,-1,-1,0)|(1,1,1,0)
