D (9,10,-1) (3,1,5)
D (7,8,-1) (1,5,3)
D (7,8,-1) (0,5,5)
D (12,13,-1) (2,5,4)
D (6,7,8) (3,0,3)
D (8,-1,-1) (5,3,3)
D (12,13,-1) (4,3,5)
D (9,10,-1) (4,1,3)
D (9,10,-1) (3,3,1)
D (12,13,-1) (5,4,5)
D (9,-1,-1) (4,1,5)
D (10,11,12) (2,4,4)
D (11,12,-1) (2,0,2)
D (11,-1,-1) (3,4,2)
D (11,12,13) (3,5,1)
D (12,-1,-1) (1,1,5)
D (9,10,-1) (1,3,4)
D (12,13,-1) (2,4,5)
D (8,9,-1) (4,2,4)
D (9,-1,-1) (2,1,2)
D (12,-1,-1) (4,1,1)
D (13,-1,-1) (4,2,3)
D (11,-1,-1) (2,0,3)
D (10,-1,-1) (1,4,3)
D (12,13,-1) (3,2,0)
D (11,-1,-1) (4,5,4)
D (11,12,-1) (5,0,2)
D (9,10,11) (2,2,3)
D (9,-1,-1) (3,5,3)
D (13,-1,-1) (3,4,1)
D (10,11,-1) (4,0,5)
D (6,7,8) (0,5,2)
D (8,-1,-1) (2,3,2)
D (6,-1,-1) (5,1,4)
D (9,10,-1) (0,2,1)
D (13,-1,-1) (4,4,5)
D (11,-1,-1) (5,0,0)
D (11,-1,-1) (1,3,0)
D (13,-1,-1) (0,3,4)
D (13,-1,-1) (0,0,0)
D (13,-1,-1) (4,4,2)
D (7,-1,-1) (0,0,1)
C 0 1
C 1 6
C 2 15
C 3 7
C 4 8
C 5 21
C 6 14
C 7 11
C 8 0
C 9 0
C 10 0
C 11 0
C 12 0
C 13 0
C 14 19
C 15 18
C 16 6
C 17 25
C 18 11
C 19 24
C 20 2
C 21 24
C 22 20
C 23 7
C 24 0
C 25 0
C 26 23
C 27 9
C 28 23
C 29 21
C 30 16
C 31 18
C 32 17
C 33 0
C 34 0
C 35 0
C 36 0
C 37 0
C 38 0
C 39 0
C 40 0
C 41 0
C 42 0
C 43 0
C 44 0
C 45 0
C 46 0
C 47 0
C 48 0
C 49 0
C 50 0
C 51 0
C 52 0
C 53 0
C 54 0
C 55 0
C 56 0
C 57 0
C 58 0
C 59 0
C 60 0
C 61 0
C 62 0
C 63 0
C 64 0
C 65 0
C 66 0
C 67 0
C 68 0
C 69 0
C 70 0
C 71 0
C 72 0
C 73 0
C 74 0
C 75 0
C 76 0
C 77 0
C 78 0
C 79 0
C 80 0
C 81 0
C 82 0
C 83 0
C 84 0
C 85 0
C 86 0
C 87 0
C 88 0
C 89 0
C 90 0
C 91 0
C 92 0
C 93 0
C 94 0
C 95 0
C 96 0
C 97 0
C 98 0
C 99 25
C 100 23
C 101 19
C 102 25
C 103 12
C 104 16
C 105 3
C 106 25
C 107 0
C 108 21
C 109 21
C 110 10
C 111 19
C 112 7
C 113 11
C 114 18
C 115 9
C 116 16
C 117 14
C 118 8
C 119 0
C 120 20
C 121 15
C 122 17
C 123 4
C 124 19
C 125 10
C 126 19
C 127 15
C 128 6
C 129 10
C 130 1
C 131 14
C 132 11
C 133 18
C 134 0
C 135 9
C 136 18
C 137 6
C 138 3
C 139 3
C 140 15
C 141 16
C 142 17
C 143 24
C 144 26
C 145 23
C 146 14
C 147 23
C 148 8
C 149 18
C 150 4
C 151 17
C 152 19
C 153 11
C 154 7
C 155 19
C 156 11
C 157 17
C 158 10
C 159 0
C 160 0
C 161 0
C 162 0
C 163 0
C 164 0
C 165 0
C 166 0
C 167 0
C 168 0
C 169 0
C 170 0
C 171 0
C 172 0
C 173 0
C 174 0
C 175 0
C 176 0
C 177 0
C 178 0
C 179 0
C 180 0
C 181 0
C 182 0
C 183 0
C 184 0
C 185 0
C 186 0
C 187 0
C 188 0
C 189 0
C 190 0
C 191 0
C 192 0
C 193 0
C 194 0
C 195 0
C 196 0
C 197 0
C 198 0
C 199 0
C 200 21
C 201 20
C 202 15
C 203 12
C 204 0
C 205 0
C 206 14
C 207 19
C 208 20
C 209 8
C 210 0
C 211 17
C 212 24
C 213 4
C 214 18
C 215 22
C 216 5
C 217 22
C 218 15
C 219 9
C 220 3
C 221 9
C 222 8
C 223 25
C 224 20
C 225 10
C 226 16
C 227 25
C 228 21
C 229 14
C 230 4
C 231 14
C 232 11
C 233 4
C 234 19
C 235 2
C 236 20
C 237 14
C 238 19
C 239 14
C 240 15
C 241 0
C 242 5
C 243 26
C 244 20
C 245 6
C 246 4
C 247 22
C 248 26
C 249 23
C 250 10
C 251 16
C 252 26
C 253 2
C 254 3
C 255 24
C 256 6
C 257 9
C 258 6
C 259 17
C 260 16
C 261 20
C 262 18
C 263 6
C 264 18
C 265 22
C 266 7
C 267 4
C 268 15
C 269 11
C 270 8
C 271 6
C 272 11
C 273 16
C 274 16
C 275 14
C 276 14
C 277 4
C 278 10
C 279 17
C 280 3
C 281 24
C 282 4
C 283 7
C 284 14
C 285 12
C 286 14
C 287 0
C 288 10
C 289 23
C 290 3
C 291 23
C 292 5
C 293 16
C 294 3
C 295 20
C 296 18
C 297 17
C 298 16
C 299 2
C 300 2
C 301 6
C 302 11
C 303 0
C 304 0
C 305 0
C 306 0
C 307 0
C 308 0
C 309 0
C 310 0
C 311 0
C 312 0
C 313 0
C 314 0
C 315 0
C 316 0
C 317 0
C 318 0
C 319 0
C 320 0
C 321 0
C 322 0
C 323 0
C 324 0
C 325 0
C 326 0
C 327 0
C 328 0
C 329 0
C 330 0
C 331 0
C 332 0
C 333 0
C 334 0
C 335 0
C 336 0
C 337 0
C 338 0
C 339 0
C 340 0
C 341 0
C 342 0
C 343 0
C 344 0
C 345 0
C 346 0
C 347 0
C 348 0
C 349 0
C 350 0
C 351 0
C 352 0
C 353 0
C 354 0
C 355 0
C 356 0
C 357 0
C 358 0
C 359 0
C 360 0
C 361 0
C 362 0
C 363 19
C 364 5
C 365 21
C 366 9
C 367 7
C 368 19
C 369 14
C 370 25
C 371 1
C 372 21
C 373 5
C 374 9
C 375 16
C 376 19
C 377 18
I 0 1 4 (2,5,1) (0,-1,0,0)
I 0 2 9 (3,2,1) (0,-1,1,0)|(0,0,-1,0)
I 0 2 19 (4,1,1) (1,0,1,0)|(-1,0,0,0)
