D (9,10,-1) (0,3,3)
D (10,11,-1) (4,1,0)
D (7,8,-1) (5,2,3)
D (6,-1,-1) (1,5,4)
D (8,9,-1) (2,5,5)
D (12,13,-1) (1,5,1)
D (10,11,-1) (0,0,1)
D (8,9,-1) (5,0,3)
D (8,-1,-1) (0,0,2)
D (11,-1,-1) (4,4,3)
D (6,-1,-1) (5,0,4)
D (11,12,-1) (0,4,1)
D (6,-1,-1) (5,3,0)
D (7,8,9) (4,5,3)
D (12,13,-1) (3,5,4)
D (9,-1,-1) (1,1,2)
D (7,-1,-1) (5,1,4)
D (10,-1,-1) (2,1,0)
D (11,-1,-1) (0,4,3)
D (8,9,10) (2,5,3)
D (12,-1,-1) (1,3,0)
D (7,-1,-1) (3,1,2)
D (6,7,-1) (5,4,2)
D (11,-1,-1) (5,4,0)
D (12,13,-1) (3,5,1)
D (10,-1,-1) (2,3,0)
D (13,-1,-1) (5,1,2)
D (13,-1,-1) (5,3,3)
D (12,-1,-1) (2,4,4)
D (8,9,-1) (2,1,5)
D (13,-1,-1) (3,3,3)
D (11,12,-1) (1,0,0)
D (12,13,-1) (0,2,3)
D (7,8,-1) (3,4,3)
D (10,-1,-1) (5,5,4)
D (11,12,-1) (2,4,3)
D (9,10,11) (5,2,5)
D (11,12,-1) (3,2,3)
D (9,10,-1) (3,5,3)
D (10,11,-1) (1,4,4)
D (6,7,-1) (1,2,3)
D (13,-1,-1) (5,4,1)
D (6,7,-1) (4,1,2)
D (9,10,11) (4,1,1)
D (7,8,-1) (4,5,2)
D (13,-1,-1) (0,2,1)
D (9,10,11) (0,0,3)
C 0 19
C 1 21
C 2 17
C 3 18
C 4 26
C 5 22
C 6 16
C 7 24
C 8 17
C 9 1
C 10 4
C 11 0
C 12 0
C 13 0
C 14 0
C 15 0
C 16 0
C 17 0
C 18 0
C 19 0
C 20 0
C 21 0
C 22 0
C 23 0
C 24 0
C 25 0
C 26 0
C 27 0
C 28 0
C 29 0
C 30 0
C 31 0
C 32 0
C 33 0
C 34 0
C 35 0
C 36 4
C 37 9
C 38 15
C 39 20
C 40 5
C 41 1
C 42 11
C 43 19
C 44 21
C 45 1
C 46 19
C 47 18
C 48 9
C 49 8
C 50 25
C 51 6
C 52 16
C 53 0
C 54 16
C 55 4
C 56 12
C 57 16
C 58 14
C 59 1
C 60 10
C 61 21
C 62 23
C 63 25
C 64 18
C 65 14
C 66 8
C 67 22
C 68 8
C 69 6
C 70 3
C 71 11
C 72 22
C 73 4
C 74 18
C 75 5
C 76 16
C 77 23
C 78 14
C 79 19
C 80 0
C 81 21
C 82 9
C 83 15
C 84 3
C 85 8
C 86 20
C 87 11
C 88 19
C 89 23
C 90 21
C 91 6
C 92 16
C 93 14
C 94 20
C 95 26
C 96 0
C 97 2
C 98 17
C 99 25
C 100 10
C 101 0
C 102 0
C 103 0
C 104 0
C 105 0
C 106 0
C 107 0
C 108 0
C 109 0
C 110 0
C 111 0
C 112 0
C 113 0
C 114 0
C 115 0
C 116 0
C 117 0
C 118 0
C 119 0
C 120 0
C 121 0
C 122 0
C 123 0
C 124 0
C 125 0
C 126 0
C 127 0
C 128 0
C 129 0
C 130 0
C 131 0
C 132 0
C 133 0
C 134 0
C 135 0
C 136 0
C 137 0
C 138 0
C 139 0
C 140 0
C 141 0
C 142 0
C 143 0
C 144 0
C 145 0
C 146 0
C 147 0
C 148 0
C 149 0
C 150 0
C 151 0
C 152 0
C 153 0
C 154 0
C 155 0
C 156 0
C 157 0
C 158 0
C 159 0
C 160 0
C 161 0
C 162 0
C 163 0
C 164 0
C 165 0
C 166 0
C 167 0
C 168 0
C 169 0
C 170 0
C 171 0
C 172 0
C 173 0
C 174 0
C 175 0
C 176 0
C 177 0
C 178 0
C 179 0
C 180 0
C 181 0
C 182 0
C 183 0
C 184 0
C 185 0
C 186 0
C 187 0
C 188 0
C 189 0
C 190 0
C 191 0
C 192 24
C 193 21
C 194 0
C 195 0
C 196 0
C 197 0
C 198 0
C 199 0
C 200 0
C 201 0
C 202 0
C 203 0
C 204 0
C 205 0
C 206 0
C 207 0
C 208 0
C 209 0
C 210 0
C 211 0
C 212 0
C 213 0
C 214 0
C 215 0
C 216 0
C 217 0
C 218 0
C 219 0
C 220 0
C 221 0
C 222 0
C 223 0
C 224 0
C 225 0
C 226 0
C 227 0
C 228 0
C 229 0
C 230 0
C 231 0
C 232 0
C 233 0
C 234 0
C 235 0
C 236 0
C 237 0
C 238 10
C 239 20
C 240 22
C 241 2
C 242 21
C 243 20
C 244 15
C 245 12
C 246 21
C 247 9
C 248 12
C 249 7
C 250 21
C 251 20
C 252 4
C 253 11
C 254 9
C 255 7
C 256 3
C 257 7
C 258 3
C 259 24
C 260 23
C 261 6
C 262 5
C 263 4
C 264 11
C 265 16
C 266 24
C 267 6
C 268 16
C 269 14
C 270 2
C 271 12
C 272 14
C 273 21
C 274 15
C 275 3
C 276 23
C 277 12
C 278 15
C 279 3
C 280 9
C 281 22
C 282 21
C 283 18
C 284 21
C 285 6
C 286 25
C 287 5
C 288 5
C 289 21
C 290 7
C 291 3
C 292 0
C 293 0
C 294 0
C 295 0
C 296 0
C 297 4
C 298 5
C 299 2
C 300 3
C 301 17
C 302 11
C 303 12
C 304 14
C 305 23
C 306 1
C 307 22
C 308 23
C 309 10
C 310 6
C 311 11
C 312 10
C 313 9
C 314 8
C 315 9
C 316 0
C 317 4
C 318 0
C 319 0
C 320 0
C 321 0
C 322 0
C 323 0
C 324 0
C 325 0
C 326 0
C 327 0
C 328 0
C 329 0
C 330 0
C 331 0
C 332 0
C 333 0
C 334 0
C 335 0
C 336 0
C 337 0
C 338 0
C 339 0
C 340 0
C 341 0
C 342 0
C 343 0
C 344 0
C 345 0
C 346 0
C 347 0
C 348 0
C 349 0
C 350 0
C 351 0
C 352 0
C 353 0
C 354 0
C 355 0
C 356 0
C 357 0
C 358 0
C 359 0
C 360 0
C 361 0
C 362 0
C 363 0
C 364 0
C 365 0
C 366 0
C 367 0
C 368 0
C 369 0
C 370 0
C 371 0
C 372 0
C 373 0
C 374 0
C 375 0
C 376 0
C 377 0
I 2 2 20 (1,0,5) (-1,0,1,0)|(0,-1,1,0)|(0,0,1,0)|(0,1,0,0)
I 1 3 8 (1,1,3) (0,1,0,0)
I 0 2 6 (1,0,3) (0,1,0,0)
