D (11,12,13) (1,0,3)
D (7,8,-1) (1,3,2)
D (7,-1,-1) (0,0,4)
D (10,11,12) (3,4,2)
D (10,11,-1) (3,3,2)
D (11,12,-1) (4,2,0)
D (6,7,8) (2,2,5)
D (9,10,-1) (1,2,2)
D (10,-1,-1) (4,3,1)
D (12,13,-1) (2,5,3)
D (6,-1,-1) (3,3,0)
D (11,12,13) (0,1,3)
D (10,11,12) (4,2,5)
D (7,8,9) (3,3,5)
D (9,10,11) (1,2,0)
D (13,-1,-1) (1,0,5)
D (10,-1,-1) (4,4,1)
D (7,-1,-1) (4,0,5)
D (8,9,-1) (3,5,5)
D (10,11,-1) (4,0,2)
D (9,-1,-1) (0,0,2)
D (13,-1,-1) (3,1,3)
D (13,-1,-1) (4,3,2)
D (7,8,-1) (3,4,0)
D (10,-1,-1) (5,4,3)
D (6,7,8) (2,3,4)
D (9,10,-1) (0,3,4)
D (9,10,-1) (1,4,2)
D (11,12,-1) (0,5,2)
D (7,8,9) (0,1,0)
D (9,10,11) (4,3,0)
D (13,-1,-1) (0,1,2)
D (10,-1,-1) (2,5,2)
D (11,12,13) (3,0,0)
D (10,-1,-1) (2,4,0)
D (6,-1,-1) (4,4,0)
D (9,-1,-1) (1,3,0)
D (10,11,-1) (3,3,1)
D (8,-1,-1) (5,5,4)
D (9,-1,-1) (1,1,3)
D (8,9,10) (0,5,3)
D (11,12,-1) (5,3,2)
D (9,-1,-1) (5,0,4)
D (12,13,-1) (5,0,1)
D (8,-1,-1) (1,5,2)
D (13,-1,-1) (3,5,2)
D (8,9,-1) (4,2,4)
D (9,10,-1) (5,2,2)
D (9,10,-1) (5,3,1)
D (13,-1,-1) (0,5,4)
D (7,-1,-1) (3,2,1)
D (6,-1,-1) (5,4,1)
D (9,10,11) (4,1,3)
D (11,-1,-1) (2,0,4)
D (6,-1,-1) (1,3,4)
D (9,10,-1) (3,1,4)
D (6,7,-1) (0,1,1)
D (12,-1,-1) (0,4,2)
D (12,13,-1) (2,4,1)
D (11,8,-1) (1,0,2)
D (7,8,-1) (1,1,0)
D (12,13,-1) (4,1,2)
D (9,10,-1) (3,2,3)
D (6,7,8) (0,3,5)
D (6,-1,-1) (3,5,0)
C 0 0
C 1 0
C 2 0
C 3 0
C 4 0
C 5 0
C 6 0
C 7 0
C 8 0
C 9 0
C 10 0
C 11 0
C 12 0
C 13 0
C 14 0
C 15 0
C 16 0
C 17 6
C 18 14
C 19 12
C 20 19
C 21 18
C 22 6
C 23 11
C 24 21
C 25 2
C 26 9
C 27 5
C 28 9
C 29 0
C 30 8
C 31 18
C 32 2
C 33 5
C 34 2
C 35 0
C 36 0
C 37 0
C 38 0
C 39 0
C 40 0
C 41 0
C 42 0
C 43 0
C 44 0
C 45 0
C 46 0
C 47 0
C 48 0
C 49 0
C 50 0
C 51 0
C 52 0
C 53 0
C 54 0
C 55 0
C 56 19
C 57 14
C 58 25
C 59 24
C 60 12
C 61 8
C 62 25
C 63 10
C 64 15
C 65 3
C 66 23
C 67 5
C 68 8
C 69 12
C 70 3
C 71 21
C 72 16
C 73 3
C 74 21
C 75 17
C 76 4
C 77 9
C 78 4
C 79 0
C 80 0
C 81 0
C 82 0
C 83 0
C 84 0
C 85 0
C 86 0
C 87 0
C 88 23
C 89 0
C 90 0
C 91 0
C 92 0
C 93 0
C 94 0
C 95 0
C 96 0
C 97 0
C 98 0
C 99 0
C 100 0
C 101 0
C 102 0
C 103 0
C 104 0
C 105 0
C 106 0
C 107 0
C 108 0
C 109 0
C 110 0
C 111 0
C 112 0
C 113 0
C 114 0
C 115 0
C 116 0
C 117 0
C 118 0
C 119 0
C 120 0
C 121 0
C 122 0
C 123 0
C 124 0
C 125 0
C 126 0
C 127 0
C 128 0
C 129 0
C 130 0
C 131 0
C 132 0
C 133 0
C 134 0
C 135 14
C 136 18
C 137 0
C 138 0
C 139 5
C 140 0
C 141 17
C 142 22
C 143 15
C 144 2
C 145 9
C 146 18
C 147 23
C 148 20
C 149 6
C 150 7
C 151 10
C 152 2
C 153 3
C 154 19
C 155 15
C 156 12
C 157 24
C 158 11
C 159 1
C 160 6
C 161 10
C 162 8
C 163 25
C 164 11
C 165 0
C 166 15
C 167 26
C 168 18
C 169 24
C 170 15
C 171 23
C 172 12
C 173 16
C 174 12
C 175 25
C 176 6
C 177 26
C 178 26
C 179 2
C 180 20
C 181 16
C 182 14
C 183 18
C 184 3
C 185 0
C 186 25
C 187 7
C 188 1
C 189 10
C 190 12
C 191 22
C 192 5
C 193 21
C 194 7
C 195 4
C 196 24
C 197 3
C 198 1
C 199 24
C 200 2
C 201 0
C 202 10
C 203 10
C 204 14
C 205 5
C 206 15
C 207 0
C 208 0
C 209 0
C 210 0
C 211 0
C 212 0
C 213 0
C 214 0
C 215 0
C 216 0
C 217 0
C 218 0
C 219 0
C 220 0
C 221 0
C 222 7
C 223 11
C 224 18
C 225 15
C 226 12
C 227 22
C 228 5
C 229 10
C 230 8
C 231 18
C 232 14
C 233 9
C 234 17
C 235 20
C 236 5
C 237 15
C 238 18
C 239 14
C 240 26
C 241 17
C 242 19
C 243 0
C 244 18
C 245 10
C 246 8
C 247 16
C 248 23
C 249 23
C 250 8
C 251 11
C 252 9
C 253 21
C 254 5
C 255 11
C 256 19
C 257 15
C 258 8
C 259 16
C 260 12
C 261 4
C 262 22
C 263 5
C 264 2
C 265 4
C 266 5
C 267 1
C 268 6
C 269 19
C 270 3
C 271 0
C 272 0
C 273 8
C 274 0
C 275 18
C 276 25
C 277 0
C 278 19
C 279 23
C 280 6
C 281 7
C 282 4
C 283 6
C 284 25
C 285 6
C 286 17
C 287 22
C 288 22
C 289 19
C 290 7
C 291 12
C 292 4
C 293 2
C 294 11
C 295 20
C 296 19
C 297 0
C 298 0
C 299 0
C 300 0
C 301 0
C 302 0
C 303 0
C 304 0
C 305 0
C 306 0
C 307 0
C 308 0
C 309 0
C 310 0
C 311 0
C 312 0
C 313 0
C 314 0
C 315 0
C 316 0
C 317 0
C 318 0
C 319 0
C 320 0
C 321 0
C 322 0
C 323 0
C 324 0
C 325 0
C 326 0
C 327 0
C 328 0
C 329 0
C 330 0
C 331 0
C 332 0
C 333 0
C 334 0
C 335 0
C 336 0
C 337 0
C 338 0
C 339 0
C 340 0
C 341 0
C 342 0
C 343 0
C 344 0
C 345 0
C 346 0
C 347 0
C 348 0
C 349 0
C 350 0
C 351 0
C 352 0
C 353 0
C 354 0
C 355 0
C 356 0
C 357 0
C 358 0
C 359 0
C 360 0
C 361 0
C 362 15
C 363 0
C 364 18
C 365 24
C 366 11
C 367 20
C 368 1
C 369 25
C 370 23
C 371 5
C 372 14
C 373 4
C 374 6
C 375 26
C 376 2
C 377 19
I 0 3 8 (2,0,3) (0,1,1,0)
I 0 3 20 (3,5,0) (0,-1,1,0)
I 3 3 7 (2,4,1) (-1,-1,-1,0)
