D (10,-1,-1) (5,5,4)
D (8,9,10) (4,1,0)
D (6,7,-1) (1,0,0)
D (7,-1,-1) (0,1,3)
D (6,7,8) (1,2,5)
D (9,10,11) (4,0,2)
D (12,13,-1) (1,5,5)
D (11,12,13) (0,4,4)
D (11,-1,-1) (2,0,2)
D (6,-1,-1) (3,5,0)
D (9,10,11) (0,1,4)
D (12,13,-1) (0,5,2)
D (11,-1,-1) (3,4,0)
D (7,-1,-1) (5,0,5)
D (7,8,-1) (4,1,4)
D (12,-1,-1) (3,0,0)
D (7,-1,-1) (5,4,5)
D (13,-1,-1) (0,4,0)
D (9,-1,-1) (3,3,3)
D (13,-1,-1) (3,1,4)
D (7,8,-1) (1,1,3)
D (8,-1,-1) (5,0,1)
D (9,10,11) (5,4,4)
D (13,-1,-1) (4,2,1)
D (13,-1,-1) (5,5,5)
D (11,12,13) (0,4,3)
D (9,10,11) (0,2,4)
D (10,11,-1) (5,1,1)
D (8,10,-1) (2,2,1)
D (8,-1,-1) (4,5,3)
D (6,7,-1) (0,5,5)
D (9,10,-1) (1,4,1)
D (12,-1,-1) (0,1,2)
D (13,-1,-1) (2,3,4)
D (12,13,-1) (5,1,0)
D (8,-1,-1) (1,0,4)
D (7,8,9) (5,0,4)
D (8,-1,-1) (1,4,2)
D (13,-1,-1) (4,4,0)
D (11,-1,-1) (1,2,4)
D (8,9,10) (0,2,0)
D (11,12,-1) (3,1,5)
D (7,-1,-1) (2,1,1)
D (7,-1,-1) (2,1,3)
D (7,-1,-1) (3,3,1)
D (9,-1,-1) (2,4,5)
D (13,-1,-1) (2,5,1)
D (13,-1,-1) (1,5,4)
D (12,13,-1) (5,2,0)
D (12,13,-1) (0,2,1)
D (11,-1,-1) (3,5,5)
D (13,-1,-1) (5,3,3)
D (13,-1,-1) (1,3,0)
D (6,-1,-1) (3,1,1)
D (13,-1,-1) (2,3,5)
C 0 9
C 1 19
C 2 23
C 3 12
C 4 9
C 5 22
C 6 26
C 7 24
C 8 6
C 9 0
C 10 0
C 11 0
C 12 0
C 13 0
C 14 0
C 15 0
C 16 0
C 17 0
C 18 0
C 19 0
C 20 0
C 21 0
C 22 0
C 23 0
C 24 0
C 25 0
C 26 0
C 27 0
C 28 0
C 29 0
C 30 0
C 31 0
C 32 0
C 33 0
C 34 0
C 35 0
C 36 0
C 37 0
C 38 0
C 39 0
C 40 0
C 41 0
C 42 0
C 43 0
C 44 0
C 45 0
C 46 0
C 47 0
C 48 0
C 49 0
C 50 0
C 51 0
C 52 0
C 53 0
C 54 0
C 55 0
C 56 0
C 57 0
C 58 0
C 59 0
C 60 0
C 61 0
C 62 5
C 63 12
C 64 18
C 65 1
C 66 4
C 67 22
C 68 12
C 69 6
C 70 19
C 71 16
C 72 22
C 73 17
C 74 1
C 75 18
C 76 16
C 77 11
C 78 8
C 79 16
C 80 15
C 81 11
C 82 3
C 83 12
C 84 21
C 85 26
C 86 7
C 87 21
C 88 0
C 89 0
C 90 0
C 91 0
C 92 0
C 93 0
C 94 0
C 95 0
C 96 0
C 97 0
C 98 0
C 99 0
C 100 0
C 101 0
C 102 0
C 103 0
C 104 0
C 105 0
C 106 0
C 107 0
C 108 0
C 109 0
C 110 0
C 111 0
C 112 25
C 113 16
C 114 17
C 115 5
C 116 24
C 117 19
C 118 3
C 119 20
C 120 3
C 121 2
C 122 23
C 123 22
C 124 14
C 125 15
C 126 16
C 127 19
C 128 5
C 129 6
C 130 11
C 131 9
C 132 14
C 133 7
C 134 26
C 135 22
C 136 15
C 137 5
C 138 3
C 139 6
C 140 15
C 141 16
C 142 22
C 143 24
C 144 15
C 145 0
C 146 0
C 147 0
C 148 0
C 149 0
C 150 0
C 151 0
C 152 0
C 153 0
C 154 0
C 155 0
C 156 0
C 157 0
C 158 0
C 159 0
C 160 0
C 161 0
C 162 0
C 163 0
C 164 0
C 165 0
C 166 0
C 167 0
C 168 0
C 169 0
C 170 0
C 171 0
C 172 0
C 173 0
C 174 0
C 175 0
C 176 0
C 177 0
C 178 0
C 179 0
C 180 0
C 181 0
C 182 0
C 183 0
C 184 0
C 185 0
C 186 0
C 187 0
C 188 0
C 189 0
C 190 0
C 191 0
C 192 0
C 193 0
C 194 0
C 195 0
C 196 0
C 197 0
C 198 0
C 199 0
C 200 0
C 201 0
C 202 0
C 203 0
C 204 0
C 205 0
C 206 0
C 207 0
C 208 0
C 209 0
C 210 0
C 211 0
C 212 0
C 213 0
C 214 0
C 215 0
C 216 0
C 217 0
C 218 0
C 219 0
C 220 0
C 221 0
C 222 0
C 223 0
C 224 0
C 225 0
C 226 0
C 227 0
C 228 0
C 229 0
C 230 0
C 231 0
C 232 0
C 233 0
C 234 0
C 235 0
C 236 21
C 237 16
C 238 20
C 239 16
C 240 21
C 241 21
C 242 5
C 243 1
C 244 8
C 245 10
C 246 2
C 247 23
C 248 26
C 249 4
C 250 6
C 251 5
C 252 22
C 253 14
C 254 16
C 255 8
C 256 14
C 257 24
C 258 15
C 259 23
C 260 1
C 261 20
C 262 5
C 263 5
C 264 16
C 265 6
C 266 26
C 267 0
C 268 23
C 269 17
C 270 14
C 271 7
C 272 7
C 273 4
C 274 24
C 275 16
C 276 24
C 277 16
C 278 2
C 279 10
C 280 24
C 281 16
C 282 7
C 283 8
C 284 8
C 285 17
C 286 19
C 287 8
C 288 11
C 289 8
C 290 17
C 291 8
C 292 14
C 293 11
C 294 1
C 295 23
C 296 21
C 297 14
C 298 20
C 299 16
C 300 15
C 301 10
C 302 7
C 303 6
C 304 19
C 305 5
C 306 2
C 307 0
C 308 18
C 309 0
C 310 16
C 311 20
C 312 0
C 313 0
C 314 0
C 315 0
C 316 0
C 317 0
C 318 0
C 319 0
C 320 0
C 321 0
C 322 0
C 323 0
C 324 0
C 325 0
C 326 0
C 327 0
C 328 0
C 329 0
C 330 0
C 331 0
C 332 0
C 333 0
C 334 0
C 335 0
C 336 0
C 337 0
C 338 0
C 339 0
C 340 0
C 341 0
C 342 0
C 343 0
C 344 0
C 345 0
C 346 0
C 347 0
C 348 0
C 349 0
C 350 0
C 351 0
C 352 0
C 353 0
C 354 0
C 355 0
C 356 0
C 357 0
C 358 0
C 359 0
C 360 0
C 361 0
C 362 0
C 363 0
C 364 0
C 365 0
C 366 0
C 367 0
C 368 0
C 369 0
C 370 0
C 371 15
C 372 17
C 373 21
C 374 0
C 375 8
C 376 4
C 377 6
I 0 2 12 (1,4,5) (0,-1,0,0)|(0,1,0,0)
I 0 1 18 (4,3,4) (-1,-1,1,0)
I 4 1 20 (2,4,4) (1,-1,1,0)
