D (11,12,13) (4,1,3)
D (8,9,10) (1,0,3)
D (13,-1,-1) (2,3,3)
D (11,12,13) (2,3,0)
D (6,7,8) (0,2,4)
D (12,13,-1) (4,5,0)
D (11,9,-1) (2,4,1)
D (10,11,-1) (3,1,4)
D (13,-1,-1) (1,5,2)
D (9,10,-1) (3,5,3)
D (6,-1,-1) (1,3,5)
D (9,-1,-1) (1,2,4)
D (13,-1,-1) (2,3,2)
D (7,8,9) (2,0,4)
D (10,11,-1) (5,3,2)
D (6,7,8) (3,4,4)
D (6,-1,-1) (5,1,3)
D (6,7,-1) (5,0,5)
D (8,9,-1) (4,4,4)
D (12,13,-1) (4,2,5)
D (10,-1,-1) (4,5,2)
D (11,-1,-1) (2,0,3)
D (11,12,13) (1,4,1)
D (6,-1,-1) (1,5,4)
D (7,8,9) (4,5,4)
D (8,9,-1) (5,5,5)
D (13,-1,-1) (0,0,4)
D (7,8,9) (4,4,1)
D (9,10,-1) (5,2,2)
D (13,-1,-1) (3,5,4)
D (13,-1,-1) (5,3,4)
D (7,-1,-1) (0,2,1)
D (6,7,8) (1,2,1)
D (10,11,-1) (4,0,1)
D (8,-1,-1) (0,0,0)
D (11,12,-1) (3,3,4)
D (7,-1,-1) (5,2,1)
D (9,-1,-1) (2,5,3)
D (12,-1,-1) (2,1,5)
D (13,-1,-1) (4,3,5)
D (8,9,-1) (5,0,1)
D (12,-1,-1) (1,2,0)
D (10,11,-1) (5,1,4)
D (11,12,13) (5,1,2)
D (6,7,-1) (4,2,4)
D (7,8,-1) (3,1,3)
D (7,-1,-1) (0,2,2)
D (8,-1,-1) (1,1,5)
D (6,7,8) (4,0,4)
D (8,9,10) (2,0,5)
D (8,9,-1) (5,0,0)
D (7,8,-1) (4,2,0)
D (13,-1,-1) (4,5,1)
D (6,7,8) (5,2,4)
D (13,-1,-1) (1,3,0)
C 0 26
C 1 17
C 2 8
C 3 24
C 4 2
C 5 3
C 6 0
C 7 1
C 8 20
C 9 3
C 10 0
C 11 16
C 12 17
C 13 24
C 14 21
C 15 26
C 16 26
C 17 26
C 18 14
C 19 14
C 20 9
C 21 10
C 22 0
C 23 5
C 24 12
C 25 12
C 26 14
C 27 9
C 28 3
C 29 24
C 30 18
C 31 22
C 32 11
C 33 16
C 34 20
C 35 17
C 36 7
C 37 12
C 38 15
C 39 4
C 40 18
C 41 2
C 42 20
C 43 16
C 44 11
C 45 1
C 46 21
C 47 7
C 48 17
C 49 17
C 50 5
C 51 5
C 52 22
C 53 10
C 54 3
C 55 0
C 56 3
C 57 24
C 58 8
C 59 8
C 60 17
C 61 21
C 62 12
C 63 4
C 64 20
C 65 11
C 66 11
C 67 11
C 68 19
C 69 10
C 70 22
C 71 25
C 72 18
C 73 24
C 74 24
C 75 20
C 76 4
C 77 26
C 78 11
C 79 8
C 80 4
C 81 0
C 82 23
C 83 20
C 84 15
C 85 19
C 86 14
C 87 12
C 88 11
C 89 0
C 90 0
C 91 5
C 92 9
C 93 3
C 94 11
C 95 8
C 96 8
C 97 0
C 98 21
C 99 25
C 100 23
C 101 1
C 102 8
C 103 11
C 104 18
C 105 3
C 106 8
C 107 2
C 108 15
C 109 3
C 110 8
C 111 19
C 112 12
C 113 25
C 114 17
C 115 12
C 116 5
C 117 6
C 118 20
C 119 6
C 120 22
C 121 18
C 122 22
C 123 6
C 124 0
C 125 24
C 126 12
C 127 9
C 128 26
C 129 21
C 130 2
C 131 20
C 132 5
C 133 17
C 134 0
C 135 24
C 136 14
C 137 22
C 138 15
C 139 18
C 140 0
C 141 25
C 142 19
C 143 25
C 144 4
C 145 11
C 146 14
C 147 8
C 148 15
C 149 21
C 150 8
C 151 0
C 152 0
C 153 0
C 154 0
C 155 0
C 156 0
C 157 0
C 158 0
C 159 0
C 160 0
C 161 0
C 162 0
C 163 0
C 164 0
C 165 0
C 166 0
C 167 0
C 168 0
C 169 0
C 170 0
C 171 0
C 172 0
C 173 0
C 174 0
C 175 12
C 176 5
C 177 12
C 178 25
C 179 8
C 180 7
C 181 26
C 182 19
C 183 0
C 184 20
C 185 4
C 186 12
C 187 8
C 188 8
C 189 22
C 190 19
C 191 26
C 192 3
C 193 15
C 194 7
C 195 22
C 196 22
C 197 7
C 198 12
C 199 6
C 200 11
C 201 26
C 202 24
C 203 4
C 204 16
C 205 17
C 206 6
C 207 15
C 208 23
C 209 18
C 210 6
C 211 16
C 212 23
C 213 19
C 214 16
C 215 2
C 216 24
C 217 22
C 218 26
C 219 5
C 220 16
C 221 0
C 222 4
C 223 20
C 224 6
C 225 24
C 226 4
C 227 11
C 228 10
C 229 26
C 230 4
C 231 20
C 232 12
C 233 1
C 234 6
C 235 16
C 236 7
C 237 4
C 238 24
C 239 21
C 240 25
C 241 16
C 242 23
C 243 24
C 244 5
C 245 24
C 246 3
C 247 26
C 248 22
C 249 20
C 250 6
C 251 16
C 252 21
C 253 6
C 254 8
C 255 1
C 256 12
C 257 22
C 258 0
C 259 2
C 260 7
C 261 0
C 262 12
C 263 8
C 264 2
C 265 14
C 266 4
C 267 14
C 268 17
C 269 22
C 270 1
C 271 1
C 272 11
C 273 22
C 274 7
C 275 22
C 276 18
C 277 11
C 278 7
C 279 15
C 280 26
C 281 24
C 282 1
C 283 17
C 284 15
C 285 20
C 286 11
C 287 22
C 288 25
C 289 9
C 290 23
C 291 16
C 292 5
C 293 18
C 294 11
C 295 6
C 296 20
C 297 15
C 298 25
C 299 25
C 300 1
C 301 1
C 302 10
C 303 8
C 304 11
C 305 12
C 306 8
C 307 23
C 308 11
C 309 2
C 310 0
C 311 10
C 312 6
C 313 5
C 314 12
C 315 14
C 316 23
C 317 7
C 318 17
C 319 11
C 320 7
C 321 21
C 322 22
C 323 3
C 324 9
C 325 7
C 326 24
C 327 11
C 328 15
C 329 23
C 330 9
C 331 16
C 332 10
C 333 5
C 334 4
C 335 3
C 336 1
C 337 6
C 338 23
C 339 19
C 340 26
C 341 5
C 342 5
C 343 11
C 344 15
C 345 0
C 346 0
C 347 0
C 348 0
C 349 0
C 350 0
C 351 0
C 352 0
C 353 0
C 354 0
C 355 0
C 356 0
C 357 0
C 358 0
C 359 0
C 360 0
C 361 0
C 362 0
C 363 0
C 364 0
C 365 0
C 366 0
C 367 0
C 368 0
C 369 0
C 370 2
C 371 8
C 372 2
C 373 4
C 374 24
C 375 24
C 376 14
C 377 21
I 0 2 11 (3,2,2) (1,0,1,0)|(-1,0,-1,0)|(1,-1,0,0)
I 1 3 8 (1,0,5) (0,-1,0,0)
I 2 3 15 (2,2,3) (1,-1,-1,0)
