D (11,12,13) (0,0,3)
D (11,-1,-1) (3,0,4)
D (10,11,-1) (2,1,2)
D (13,-1,-1) (5,5,1)
D (12,13,-1) (5,4,0)
D (6,-1,-1) (1,0,2)
D (6,-1,-1) (5,2,5)
D (6,7,8) (4,2,3)
D (9,10,11) (5,2,2)
D (9,10,-1) (4,3,3)
D (12,13,-1) (2,2,1)
D (10,-1,-1) (3,4,2)
D (13,-1,-1) (2,4,2)
D (6,-1,-1) (4,0,1)
D (10,11,12) (0,0,5)
D (12,-1,-1) (0,1,4)
D (9,10,-1) (4,5,1)
D (8,9,-1) (4,3,2)
D (9,10,-1) (0,2,2)
D (9,-1,-1) (1,4,2)
D (6,-1,-1) (2,2,5)
D (12,13,-1) (1,1,4)
D (8,9,10) (0,3,0)
D (9,10,11) (4,4,1)
D (9,-1,-1) (4,1,1)
D (9,10,-1) (3,2,1)
D (10,-1,-1) (1,2,5)
D (7,8,-1) (3,0,3)
D (8,-1,-1) (2,4,1)
D (11,12,13) (5,3,2)
D (12,13,-1) (0,4,3)
D (7,-1,-1) (2,2,0)
D (11,-1,-1) (0,2,0)
D (7,8,-1) (5,1,0)
D (9,10,-1) (3,3,1)
C 0 24
C 1 19
C 2 26
C 3 6
C 4 17
C 5 15
C 6 0
C 7 1
C 8 15
C 9 22
C 10 17
C 11 12
C 12 8
C 13 26
C 14 18
C 15 21
C 16 18
C 17 0
C 18 5
C 19 9
C 20 11
C 21 12
C 22 8
C 23 21
C 24 5
C 25 0
C 26 0
C 27 0
C 28 0
C 29 0
C 30 0
C 31 0
C 32 0
C 33 0
C 34 0
C 35 0
C 36 0
C 37 0
C 38 0
C 39 0
C 40 0
C 41 0
C 42 0
C 43 0
C 44 0
C 45 0
C 46 0
C 47 0
C 48 0
C 49 0
C 50 0
C 51 0
C 52 0
C 53 0
C 54 0
C 55 0
C 56 0
C 57 0
C 58 0
C 59 0
C 60 0
C 61 0
C 62 0
C 63 0
C 64 6
C 65 0
C 66 0
C 67 0
C 68 0
C 69 0
C 70 0
C 71 0
C 72 0
C 73 0
C 74 0
C 75 0
C 76 0
C 77 0
C 78 0
C 79 0
C 80 0
C 81 0
C 82 0
C 83 0
C 84 0
C 85 0
C 86 0
C 87 0
C 88 0
C 89 0
C 90 0
C 91 0
C 92 0
C 93 0
C 94 0
C 95 0
C 96 0
C 97 0
C 98 0
C 99 0
C 100 0
C 101 0
C 102 0
C 103 0
C 104 0
C 105 0
C 106 0
C 107 0
C 108 0
C 109 0
C 110 0
C 111 0
C 112 0
C 113 0
C 114 0
C 115 0
C 116 0
C 117 0
C 118 0
C 119 0
C 120 0
C 121 0
C 122 0
C 123 0
C 124 0
C 125 0
C 126 0
C 127 0
C 128 0
C 129 0
C 130 0
C 131 0
C 132 0
C 133 0
C 134 0
C 135 0
C 136 0
C 137 0
C 138 0
C 139 0
C 140 0
C 141 0
C 142 0
C 143 0
C 144 0
C 145 0
C 146 0
C 147 0
C 148 0
C 149 0
C 150 0
C 151 0
C 152 0
C 153 0
C 154 0
C 155 0
C 156 0
C 157 0
C 158 0
C 159 0
C 160 0
C 161 0
C 162 0
C 163 0
C 164 0
C 165 0
C 166 0
C 167 0
C 168 0
C 169 0
C 170 0
C 171 0
C 172 0
C 173 0
C 174 0
C 175 0
C 176 0
C 177 0
C 178 0
C 179 0
C 180 0
C 181 0
C 182 0
C 183 0
C 184 0
C 185 0
C 186 0
C 187 0
C 188 0
C 189 0
C 190 0
C 191 0
C 192 0
C 193 0
C 194 0
C 195 0
C 196 0
C 197 0
C 198 0
C 199 0
C 200 0
C 201 0
C 202 0
C 203 0
C 204 0
C 205 0
C 206 0
C 207 0
C 208 0
C 209 17
C 210 3
C 211 6
C 212 2
C 213 0
C 214 14
C 215 23
C 216 17
C 217 6
C 218 0
C 219 23
C 220 4
C 221 23
C 222 4
C 223 11
C 224 7
C 225 10
C 226 12
C 227 26
C 228 15
C 229 3
C 230 19
C 231 5
C 232 26
C 233 17
C 234 9
C 235 19
C 236 11
C 237 19
C 238 5
C 239 2
C 240 0
C 241 3
C 242 1
C 243 20
C 244 6
C 245 0
C 246 22
C 247 4
C 248 25
C 249 10
C 250 20
C 251 5
C 252 2
C 253 8
C 254 16
C 255 5
C 256 7
C 257 24
C 258 23
C 259 1
C 260 3
C 261 25
C 262 26
C 263 16
C 264 1
C 265 20
C 266 20
C 267 16
C 268 10
C 269 5
C 270 4
C 271 16
C 272 8
C 273 16
C 274 4
C 275 12
C 276 14
C 277 26
C 278 26
C 279 24
C 280 9
C 281 3
C 282 9
C 283 16
C 284 9
C 285 14
C 286 17
C 287 6
C 288 12
C 289 15
C 290 21
C 291 3
C 292 15
C 293 4
C 294 25
C 295 24
C 296 8
C 297 3
C 298 17
C 299 23
C 300 21
C 301 17
C 302 4
C 303 8
C 304 16
C 305 12
C 306 15
C 307 10
C 308 25
C 309 7
C 310 22
C 311 24
C 312 17
C 313 21
C 314 25
C 315 9
C 316 2
C 317 0
C 318 7
C 319 9
C 320 2
C 321 20
C 322 25
C 323 18
C 324 0
C 325 19
C 326 16
C 327 14
C 328 1
C 329 1
C 330 23
C 331 8
C 332 0
C 333 26
C 334 0
C 335 4
C 336 26
C 337 16
C 338 26
C 339 4
C 340 7
C 341 17
C 342 8
C 343 9
C 344 0
C 345 14
C 346 25
C 347 2
C 348 14
C 349 24
C 350 19
C 351 16
C 352 9
C 353 3
C 354 2
C 355 20
C 356 14
C 357 24
C 358 5
C 359 22
C 360 12
C 361 4
C 362 7
C 363 6
C 364 8
C 365 15
C 366 24
C 367 9
C 368 3
C 369 8
C 370 24
C 371 6
C 372 1
C 373 17
C 374 3
C 375 7
C 376 25
C 377 19
I 0 2 1 (4,1,5) (-1,1,-1,0)|(1,-1,0,0)
I 0 2 15 (5,5,1) (-1,1,1,0)|(0,-1,0,0)|(0,0,0,0)
I 0 2 6 (2,4,3) (0,0,1,0)|(1,-1,0,0)
