D (6,7,-1) (1,1,5)
D (8,9,10) (5,3,5)
D (11,12,13) (4,3,1)
D (10,11,7) (0,2,2)
D (6,7,8) (3,3,3)
D (12,13,-1) (1,1,4)
D (12,-1,-1) (4,0,5)
D (10,-1,-1) (4,1,3)
D (6,-1,-1) (0,4,4)
D (7,8,9) (3,5,5)
D (12,-1,-1) (4,0,0)
D (6,7,-1) (4,2,3)
D (6,-1,-1) (2,5,1)
D (10,11,-1) (3,3,0)
D (6,7,8) (2,5,4)
D (13,-1,-1) (3,4,5)
D (11,12,13) (3,1,3)
D (9,10,-1) (3,5,4)
D (8,9,-1) (3,4,1)
D (8,9,10) (2,4,0)
D (6,7,8) (3,2,5)
D (10,11,12) (0,1,5)
D (9,-1,-1) (4,3,5)
D (7,8,-1) (3,1,4)
D (7,8,-1) (3,0,3)
D (11,12,-1) (2,0,1)
D (11,12,-1) (1,3,3)
D (8,-1,-1) (4,5,5)
D (11,12,13) (4,4,4)
D (7,-1,-1) (5,1,2)
D (13,-1,-1) (1,5,1)
D (9,-1,-1) (1,5,5)
D (11,12,13) (4,1,2)
D (8,9,-1) (4,5,2)
D (6,7,-1) (1,2,0)
D (8,9,10) (1,1,2)
D (11,12,13) (2,3,2)
D (6,7,8) (1,1,0)
D (7,8,-1) (0,4,5)
D (7,8,9) (0,3,2)
D (12,-1,-1) (5,2,1)
D (12,-1,-1) (0,5,4)
D (9,-1,-1) (3,1,2)
D (13,-1,-1) (4,4,5)
D (11,-1,-1) (1,4,5)
D (11,12,13) (2,5,5)
D (12,13,-1) (1,3,2)
C 0 17
C 1 12
C 2 12
C 3 21
C 4 6
C 5 7
C 6 23
C 7 19
C 8 16
C 9 6
C 10 23
C 11 21
C 12 8
C 13 6
C 14 21
C 15 2
C 16 21
C 17 1
C 18 21
C 19 26
C 20 9
C 21 11
C 22 3
C 23 15
C 24 10
C 25 26
C 26 11
C 27 18
C 28 4
C 29 10
C 30 8
C 31 8
C 32 8
C 33 9
C 34 18
C 35 0
C 36 16
C 37 10
C 38 9
C 39 0
C 40 16
C 41 2
C 42 23
C 43 16
C 44 4
C 45 10
C 46 2
C 47 23
C 48 0
C 49 6
C 50 19
C 51 11
C 52 8
C 53 4
C 54 11
C 55 17
C 56 15
C 57 2
C 58 17
C 59 0
C 60 0
C 61 0
C 62 0
C 63 0
C 64 0
C 65 0
C 66 0
C 67 0
C 68 0
C 69 0
C 70 0
C 71 0
C 72 0
C 73 0
C 74 0
C 75 0
C 76 0
C 77 0
C 78 0
C 79 0
C 80 0
C 81 0
C 82 0
C 83 0
C 84 7
C 85 2
C 86 6
C 87 14
C 88 14
C 89 15
C 90 21
C 91 24
C 92 16
C 93 9
C 94 1
C 95 4
C 96 10
C 97 15
C 98 7
C 99 20
C 100 17
C 101 10
C 102 17
C 103 0
C 104 3
C 105 5
C 106 14
C 107 19
C 108 20
C 109 17
C 110 24
C 111 6
C 112 16
C 113 11
C 114 23
C 115 18
C 116 17
C 117 5
C 118 11
C 119 25
C 120 26
C 121 9
C 122 15
C 123 1
C 124 14
C 125 10
C 126 6
C 127 5
C 128 10
C 129 12
C 130 9
C 131 3
C 132 1
C 133 12
C 134 0
C 135 0
C 136 0
C 137 0
C 138 0
C 139 0
C 140 0
C 141 0
C 142 0
C 143 0
C 144 0
C 145 0
C 146 0
C 147 0
C 148 0
C 149 0
C 150 0
C 151 0
C 152 0
C 153 0
C 154 0
C 155 0
C 156 0
C 157 0
C 158 0
C 159 0
C 160 0
C 161 0
C 162 0
C 163 0
C 164 0
C 165 0
C 166 0
C 167 0
C 168 0
C 169 0
C 170 0
C 171 0
C 172 0
C 173 0
C 174 0
C 175 0
C 176 0
C 177 0
C 178 0
C 179 0
C 180 0
C 181 0
C 182 0
C 183 0
C 184 0
C 185 0
C 186 0
C 187 0
C 188 0
C 189 0
C 190 0
C 191 0
C 192 26
C 193 5
C 194 4
C 195 20
C 196 17
C 197 8
C 198 9
C 199 9
C 200 20
C 201 7
C 202 24
C 203 3
C 204 5
C 205 11
C 206 2
C 207 22
C 208 0
C 209 0
C 210 0
C 211 0
C 212 0
C 213 0
C 214 0
C 215 0
C 216 0
C 217 0
C 218 0
C 219 0
C 220 0
C 221 0
C 222 0
C 223 0
C 224 0
C 225 0
C 226 0
C 227 0
C 228 0
C 229 0
C 230 0
C 231 0
C 232 0
C 233 0
C 234 0
C 235 0
C 236 0
C 237 0
C 238 0
C 239 0
C 240 0
C 241 0
C 242 0
C 243 0
C 244 0
C 245 0
C 246 0
C 247 0
C 248 0
C 249 0
C 250 0
C 251 0
C 252 0
C 253 0
C 254 0
C 255 0
C 256 0
C 257 0
C 258 0
C 259 0
C 260 0
C 261 0
C 262 0
C 263 0
C 264 0
C 265 0
C 266 0
C 267 0
C 268 0
C 269 0
C 270 0
C 271 0
C 272 0
C 273 0
C 274 0
C 275 0
C 276 0
C 277 0
C 278 0
C 279 0
C 280 22
C 281 2
C 282 7
C 283 12
C 284 23
C 285 26
C 286 8
C 287 22
C 288 20
C 289 22
C 290 25
C 291 22
C 292 7
C 293 18
C 294 22
C 295 25
C 296 11
C 297 20
C 298 21
C 299 20
C 300 21
C 301 9
C 302 1
C 303 24
C 304 12
C 305 3
C 306 19
C 307 14
C 308 0
C 309 1
C 310 22
C 311 10
C 312 14
C 313 0
C 314 0
C 315 0
C 316 0
C 317 0
C 318 0
C 319 0
C 320 0
C 321 0
C 322 0
C 323 0
C 324 0
C 325 0
C 326 0
C 327 0
C 328 0
C 329 0
C 330 0
C 331 0
C 332 0
C 333 0
C 334 0
C 335 0
C 336 0
C 337 0
C 338 0
C 339 0
C 340 0
C 341 0
C 342 0
C 343 0
C 344 0
C 345 0
C 346 0
C 347 0
C 348 0
C 349 0
C 350 0
C 351 0
C 352 0
C 353 0
C 354 0
C 355 0
C 356 0
C 357 0
C 358 0
C 359 0
C 360 0
C 361 0
C 362 0
C 363 0
C 364 0
C 365 0
C 366 0
C 367 0
C 368 0
C 369 0
C 370 0
C 371 0
C 372 23
C 373 25
C 374 0
C 375 21
C 376 9
C 377 25
I 2 2 1 (5,3,2) (-1,0,0,0)
I 0 2 8 (2,5,2) (0,0,1,0)|(0,0,1,0)|(1,-1,0,0)
