D (11,12,13) (2,4,1)
D (9,10,-1) (5,0,3)
D (8,9,-1) (5,4,5)
D (12,13,-1) (1,1,1)
D (13,-1,-1) (0,4,2)
D (12,13,-1) (2,2,3)
D (8,9,-1) (5,0,0)
D (6,7,-1) (1,4,3)
D (13,-1,-1) (4,1,1)
D (12,13,-1) (4,3,3)
D (6,7,8) (1,5,1)
D (7,8,-1) (4,2,2)
D (12,13,-1) (4,3,5)
D (10,-1,-1) (1,5,2)
D (13,-1,-1) (5,1,1)
D (8,9,-1) (1,0,5)
D (7,8,-1) (4,3,1)
D (12,13,-1) (0,2,0)
D (7,8,8) (2,1,3)
D (6,-1,-1) (4,5,1)
D (7,-1,-1) (3,5,4)
D (12,-1,-1) (0,1,5)
D (10,-1,-1) (0,2,5)
D (8,-1,-1) (5,3,4)
D (9,10,11) (2,4,2)
D (11,12,13) (4,0,2)
D (12,13,-1) (4,5,4)
D (10,11,12) (0,3,4)
D (9,-1,-1) (2,2,4)
D (6,-1,-1) (4,2,5)
D (11,-1,-1) (2,0,4)
D (7,8,-1) (3,2,3)
D (9,10,11) (1,0,0)
D (9,10,11) (4,1,4)
D (8,-1,-1) (1,4,0)
D (7,-1,-1) (3,2,4)
D (10,11,-1) (3,3,5)
D (6,-1,-1) (1,0,1)
D (6,7,8) (0,3,0)
D (12,13,-1) (5,3,5)
D (10,-1,-1) (1,1,2)
D (13,-1,-1) (4,5,0)
D (7,-1,-1) (3,0,5)
D (12,13,-1) (0,0,5)
D (10,11,12) (0,5,2)
D (9,10,-1) (1,0,3)
C 0 24
C 1 22
C 2 11
C 3 21
C 4 24
C 5 11
C 6 23
C 7 5
C 8 2
C 9 6
C 10 11
C 11 9
C 12 25
C 13 1
C 14 15
C 15 1
C 16 24
C 17 22
C 18 3
C 19 24
C 20 15
C 21 5
C 22 11
C 23 25
C 24 9
C 25 20
C 26 15
C 27 4
C 28 23
C 29 10
C 30 22
C 31 6
C 32 8
C 33 5
C 34 10
C 35 10
C 36 17
C 37 24
C 38 19
C 39 2
C 40 9
C 41 10
C 42 14
C 43 12
C 44 12
C 45 8
C 46 0
C 47 2
C 48 21
C 49 12
C 50 19
C 51 6
C 52 11
C 53 12
C 54 10
C 55 19
C 56 1
C 57 0
C 58 16
C 59 12
C 60 5
C 61 7
C 62 23
C 63 6
C 64 16
C 65 9
C 66 12
C 67 3
C 68 0
C 69 0
C 70 0
C 71 0
C 72 0
C 73 0
C 74 0
C 75 0
C 76 0
C 77 0
C 78 0
C 79 0
C 80 0
C 81 0
C 82 0
C 83 0
C 84 0
C 85 0
C 86 0
C 87 0
C 88 0
C 89 6
C 90 15
C 91 8
C 92 0
C 93 10
C 94 2
C 95 0
C 96 14
C 97 22
C 98 18
C 99 24
C 100 18
C 101 17
C 102 20
C 103 18
C 104 1
C 105 9
C 106 6
C 107 23
C 108 21
C 109 0
C 110 0
C 111 0
C 112 0
C 113 0
C 114 0
C 115 0
C 116 0
C 117 0
C 118 0
C 119 1
C 120 18
C 121 4
C 122 2
C 123 16
C 124 1
C 125 6
C 126 5
C 127 21
C 128 5
C 129 12
C 130 3
C 131 24
C 132 26
C 133 18
C 134 9
C 135 1
C 136 15
C 137 18
C 138 2
C 139 23
C 140 1
C 141 17
C 142 15
C 143 3
C 144 1
C 145 3
C 146 5
C 147 8
C 148 6
C 149 10
C 150 24
C 151 18
C 152 1
C 153 26
C 154 26
C 155 6
C 156 4
C 157 23
C 158 1
C 159 7
C 160 25
C 161 12
C 162 5
C 163 21
C 164 1
C 165 26
C 166 0
C 167 14
C 168 8
C 169 1
C 170 9
C 171 23
C 172 9
C 173 10
C 174 5
C 175 7
C 176 26
C 177 8
C 178 6
C 179 15
C 180 23
C 181 0
C 182 0
C 183 0
C 184 0
C 185 0
C 186 0
C 187 0
C 188 0
C 189 0
C 190 0
C 191 0
C 192 0
C 193 0
C 194 0
C 195 0
C 196 0
C 197 0
C 198 0
C 199 0
C 200 0
C 201 0
C 202 0
C 203 0
C 204 0
C 205 0
C 206 0
C 207 0
C 208 0
C 209 0
C 210 0
C 211 0
C 212 0
C 213 0
C 214 0
C 215 0
C 216 0
C 217 0
C 218 0
C 219 0
C 220 0
C 221 0
C 222 0
C 223 0
C 224 0
C 225 0
C 226 0
C 227 0
C 228 0
C 229 0
C 230 0
C 231 0
C 232 0
C 233 0
C 234 0
C 235 0
C 236 0
C 237 0
C 238 0
C 239 0
C 240 0
C 241 0
C 242 0
C 243 0
C 244 0
C 245 0
C 246 0
C 247 0
C 248 0
C 249 0
C 250 0
C 251 0
C 252 0
C 253 0
C 254 0
C 255 0
C 256 0
C 257 0
C 258 0
C 259 0
C 260 0
C 261 0
C 262 0
C 263 0
C 264 0
C 265 0
C 266 0
C 267 0
C 268 0
C 269 0
C 270 0
C 271 0
C 272 0
C 273 0
C 274 0
C 275 0
C 276 0
C 277 0
C 278 0
C 279 0
C 280 0
C 281 0
C 282 0
C 283 0
C 284 0
C 285 0
C 286 0
C 287 0
C 288 0
C 289 0
C 290 0
C 291 0
C 292 0
C 293 0
C 294 0
C 295 0
C 296 0
C 297 0
C 298 0
C 299 0
C 300 0
C 301 0
C 302 0
C 303 0
C 304 0
C 305 0
C 306 0
C 307 0
C 308 0
C 309 0
C 310 0
C 311 0
C 312 0
C 313 0
C 314 0
C 315 0
C 316 0
C 317 0
C 318 0
C 319 0
C 320 0
C 321 0
C 322 0
C 323 0
C 324 0
C 325 0
C 326 0
C 327 0
C 328 0
C 329 0
C 330 0
C 331 0
C 332 0
C 333 0
C 334 0
C 335 0
C 336 7
C 337 2
C 338 2
C 339 0
C 340 20
C 341 24
C 342 2
C 343 10
C 344 11
C 345 22
C 346 10
C 347 14
C 348 25
C 349 19
C 350 6
C 351 18
C 352 24
C 353 22
C 354 6
C 355 12
C 356 6
C 357 9
C 358 3
C 359 23
C 360 14
C 361 0
C 362 3
C 363 0
C 364 4
C 365 15
C 366 11
C 367 17
C 368 8
C 369 14
C 370 12
C 371 16
C 372 4
C 373 3
C 374 14
C 375 16
C 376 0
C 377 19
I 0 2 2 (3,2,0) (-1,1,1,0)
I 0 2 10 (2,1,2) (-1,1,-1,0)
I 5 3 9 (5,1,2) (1,1,-1,0)
