D (13,-1,-1) (3,3,1)
D (10,-1,-1) (1,1,2)
D (11,12,13) (3,0,3)
D (6,-1,-1) (2,2,2)
D (6,7,-1) (0,1,2)
D (10,-1,-1) (0,2,3)
D (11,12,-1) (0,1,5)
D (12,13,-1) (1,2,4)
D (7,-1,-1) (5,2,3)
D (11,-1,-1) (4,4,0)
D (13,-1,-1) (5,4,2)
D (13,-1,-1) (4,0,3)
D (8,-1,-1) (4,2,3)
D (13,-1,-1) (1,3,4)
D (12,13,-1) (1,0,2)
D (7,8,9) (2,0,5)
D (13,-1,-1) (5,5,4)
D (9,-1,-1) (4,3,1)
D (6,7,8) (0,3,3)
D (13,-1,-1) (4,2,0)
D (6,7,-1) (3,2,3)
D (6,7,8) (3,3,0)
D (6,7,8) (5,3,1)
D (12,13,-1) (3,1,2)
D (9,10,11) (4,5,4)
D (9,10,-1) (1,3,3)
D (8,-1,-1) (4,1,1)
D (13,-1,-1) (1,5,3)
D (7,-1,-1) (3,5,1)
D (9,10,-1) (0,4,2)
D (12,13,-1) (0,1,1)
D (6,7,8) (0,5,0)
D (12,13,-1) (2,3,1)
D (12,13,-1) (5,1,3)
D (7,8,-1) (4,2,4)
D (9,10,11) (2,4,1)
D (7,8,9) (5,0,2)
D (9,-1,-1) (5,1,5)
D (8,9,10) (4,5,5)
D (7,8,9) (5,1,2)
D (6,7,-1) (3,5,2)
D (13,-1,-1) (1,1,0)
D (8,9,-1) (1,5,2)
D (12,13,-1) (4,4,4)
D (8,9,10) (4,3,3)
D (11,12,-1) (4,0,5)
D (10,-1,-1) (2,1,5)
D (8,-1,-1) (2,5,4)
D (12,13,-1) (2,4,5)
D (7,8,9) (2,3,4)
D (7,-1,-1) (3,0,5)
D (10,-1,-1) (2,5,3)
D (11,12,-1) (1,4,4)
D (11,12,-1) (4,3,0)
D (13,-1,-1) (1,0,4)
C 0 5
C 1 12
C 2 9
C 3 2
C 4 5
C 5 10
C 6 7
C 7 11
C 8 6
C 9 1
C 10 11
C 11 18
C 12 2
C 13 7
C 14 0
C 15 26
C 16 14
C 17 7
C 18 10
C 19 15
C 20 6
C 21 0
C 22 4
C 23 24
C 24 18
C 25 9
C 26 4
C 27 11
C 28 4
C 29 23
C 30 11
C 31 20
C 32 5
C 33 19
C 34 12
C 35 11
C 36 5
C 37 6
C 38 20
C 39 17
C 40 0
C 41 26
C 42 11
C 43 0
C 44 22
C 45 0
C 46 0
C 47 0
C 48 0
C 49 0
C 50 0
C 51 0
C 52 0
C 53 0
C 54 0
C 55 0
C 56 0
C 57 0
C 58 0
C 59 0
C 60 0
C 61 0
C 62 0
C 63 0
C 64 0
C 65 0
C 66 0
C 67 0
C 68 0
C 69 0
C 70 0
C 71 0
C 72 0
C 73 0
C 74 0
C 75 0
C 76 0
C 77 0
C 78 0
C 79 0
C 80 0
C 81 0
C 82 0
C 83 0
C 84 0
C 85 0
C 86 0
C 87 0
C 88 25
C 89 1
C 90 7
C 91 4
C 92 7
C 93 7
C 94 3
C 95 5
C 96 2
C 97 8
C 98 24
C 99 20
C 100 16
C 101 11
C 102 15
C 103 22
C 104 26
C 105 6
C 106 1
C 107 20
C 108 16
C 109 7
C 110 23
C 111 16
C 112 22
C 113 19
C 114 6
C 115 25
C 116 22
C 117 7
C 118 22
C 119 5
C 120 12
C 121 8
C 122 17
C 123 0
C 124 12
C 125 16
C 126 10
C 127 6
C 128 25
C 129 11
C 130 2
C 131 4
C 132 7
C 133 14
C 134 23
C 135 19
C 136 9
C 137 0
C 138 21
C 139 10
C 140 15
C 141 17
C 142 19
C 143 22
C 144 2
C 145 24
C 146 25
C 147 21
C 148 7
C 149 4
C 150 11
C 151 18
C 152 24
C 153 0
C 154 0
C 155 0
C 156 0
C 157 0
C 158 0
C 159 0
C 160 0
C 161 0
C 162 0
C 163 0
C 164 0
C 165 0
C 166 0
C 167 0
C 168 0
C 169 0
C 170 0
C 171 0
C 172 0
C 173 0
C 174 0
C 175 0
C 176 0
C 177 0
C 178 0
C 179 0
C 180 0
C 181 0
C 182 0
C 183 22
C 184 10
C 185 23
C 186 17
C 187 25
C 188 4
C 189 10
C 190 25
C 191 8
C 192 16
C 193 3
C 194 8
C 195 19
C 196 11
C 197 26
C 198 4
C 199 8
C 200 7
C 201 17
C 202 26
C 203 16
C 204 21
C 205 1
C 206 23
C 207 3
C 208 20
C 209 5
C 210 12
C 211 24
C 212 16
C 213 19
C 214 14
C 215 9
C 216 7
C 217 15
C 218 16
C 219 2
C 220 23
C 221 0
C 222 0
C 223 0
C 224 0
C 225 0
C 226 0
C 227 0
C 228 0
C 229 0
C 230 0
C 231 2
C 232 19
C 233 24
C 234 17
C 235 21
C 236 16
C 237 23
C 238 17
C 239 20
C 240 10
C 241 3
C 242 20
C 243 17
C 244 1
C 245 8
C 246 21
C 247 19
C 248 23
C 249 14
C 250 10
C 251 16
C 252 0
C 253 23
C 254 3
C 255 1
C 256 7
C 257 18
C 258 8
C 259 11
C 260 16
C 261 21
C 262 9
C 263 15
C 264 0
C 265 11
C 266 12
C 267 26
C 268 14
C 269 12
C 270 26
C 271 22
C 272 16
C 273 20
C 274 15
C 275 2
C 276 9
C 277 12
C 278 21
C 279 11
C 280 16
C 281 0
C 282 15
C 283 2
C 284 25
C 285 11
C 286 2
C 287 20
C 288 16
C 289 4
C 290 16
C 291 9
C 292 5
C 293 15
C 294 17
C 295 10
C 296 26
C 297 19
C 298 25
C 299 10
C 300 0
C 301 12
C 302 22
C 303 14
C 304 2
C 305 6
C 306 6
C 307 7
C 308 9
C 309 8
C 310 10
C 311 24
C 312 1
C 313 12
C 314 7
C 315 21
C 316 16
C 317 14
C 318 4
C 319 8
C 320 24
C 321 19
C 322 2
C 323 18
C 324 4
C 325 18
C 326 18
C 327 24
C 328 11
C 329 0
C 330 1
C 331 3
C 332 23
C 333 15
C 334 19
C 335 10
C 336 18
C 337 3
C 338 6
C 339 10
C 340 22
C 341 22
C 342 0
C 343 15
C 344 14
C 345 17
C 346 2
C 347 17
C 348 12
C 349 16
C 350 20
C 351 9
C 352 24
C 353 3
C 354 22
C 355 21
C 356 22
C 357 15
C 358 23
C 359 18
C 360 20
C 361 12
C 362 18
C 363 6
C 364 25
C 365 20
C 366 20
C 367 26
C 368 0
C 369 10
C 370 10
C 371 19
C 372 1
C 373 16
C 374 18
C 375 4
C 376 11
C 377 18
I 4 3 11 (2,1,1) (1,0,0,0)
I 0 2 3 (0,3,0) (0,1,0,0)|(1,0,1,0)
I 0 1 10 (1,0,3) (1,0,-1,0)|(0,0,1,0)
