D (7,8,-1) (5,2,3)
D (12,-1,-1) (1,0,1)
D (10,-1,-1) (4,0,0)
D (13,-1,-1) (2,3,4)
D (9,10,11) (1,2,0)
D (7,8,-1) (5,2,4)
D (8,9,10) (5,2,0)
D (11,-1,-1) (5,0,1)
D (10,11,12) (0,1,5)
D (10,11,-1) (4,2,3)
D (11,12,-1) (3,4,3)
D (12,13,-1) (0,3,2)
D (7,-1,-1) (0,0,1)
D (12,13,-1) (0,3,1)
D (10,11,-1) (4,1,5)
D (13,-1,-1) (0,4,4)
D (7,-1,-1) (3,3,0)
D (11,12,13) (0,3,3)
D (13,-1,-1) (1,4,1)
D (7,-1,-1) (0,5,4)
D (8,-1,-1) (5,5,1)
D (10,11,12) (2,5,3)
D (9,10,-1) (3,0,2)
D (9,10,-1) (4,3,3)
D (11,12,13) (5,1,3)
D (13,-1,-1) (1,0,4)
D (6,7,-1) (5,3,2)
D (6,7,8) (3,2,4)
D (6,-1,-1) (5,1,2)
D (7,8,-1) (3,2,3)
D (13,-1,-1) (2,0,3)
D (13,-1,-1) (3,5,3)
D (12,-1,-1) (3,1,0)
D (7,-1,-1) (5,5,5)
D (9,10,-1) (4,2,1)
D (6,7,-1) (3,5,1)
D (13,-1,-1) (1,0,2)
D (6,7,-1) (1,1,3)
D (10,11,12) (1,1,1)
D (6,-1,-1) (4,0,2)
D (12,-1,-1) (1,4,2)
D (10,11,12) (0,5,0)
D (6,-1,-1) (3,4,4)
D (10,11,12) (4,4,4)
D (7,8,-1) (3,0,1)
D (9,-1,-1) (3,1,1)
D (8,9,10) (4,4,2)
D (8,9,10) (2,5,1)
D (13,-1,-1) (1,2,1)
D (12,13,-1) (5,3,5)
D (8,9,-1) (5,2,2)
D (6,7,-1) (2,4,4)
D (9,10,-1) (2,4,5)
D (8,-1,-1) (4,3,5)
D (9,10,11) (4,5,1)
D (9,10,11) (1,2,2)
D (10,11,12) (2,2,5)
D (6,7,8) (1,3,0)
D (8,9,-1) (1,5,0)
D (10,11,-1) (0,3,4)
D (6,-1,-1) (3,3,1)
D (13,-1,-1) (4,3,0)
D (11,-1,-1) (5,3,3)
D (10,11,-1) (1,4,0)
D (7,8,9) (3,5,5)
D (6,7,-1) (4,0,5)
D (12,13,-1) (2,3,1)
D (7,8,-1) (0,4,2)
C 0 17
C 1 4
C 2 20
C 3 6
C 4 18
C 5 1
C 6 12
C 7 6
C 8 6
C 9 24
C 10 14
C 11 21
C 12 16
C 13 6
C 14 18
C 15 26
C 16 19
C 17 4
C 18 22
C 19 9
C 20 2
C 21 26
C 22 25
C 23 26
C 24 19
C 25 4
C 26 11
C 27 10
C 28 20
C 29 12
C 30 12
C 31 19
C 32 22
C 33 12
C 34 15
C 35 10
C 36 21
C 37 17
C 38 15
C 39 23
C 40 0
C 41 11
C 42 15
C 43 21
C 44 5
C 45 1
C 46 17
C 47 24
C 48 18
C 49 1
C 50 0
C 51 0
C 52 0
C 53 0
C 54 0
C 55 0
C 56 0
C 57 0
C 58 0
C 59 0
C 60 0
C 61 0
C 62 0
C 63 0
C 64 0
C 65 18
C 66 1
C 67 24
C 68 25
C 69 20
C 70 9
C 71 14
C 72 4
C 73 22
C 74 26
C 75 4
C 76 2
C 77 12
C 78 25
C 79 18
C 80 25
C 81 21
C 82 20
C 83 17
C 84 15
C 85 6
C 86 10
C 87 16
C 88 19
C 89 19
C 90 7
C 91 3
C 92 25
C 93 26
C 94 3
C 95 23
C 96 4
C 97 7
C 98 8
C 99 11
C 100 12
C 101 24
C 102 19
C 103 20
C 104 23
C 105 26
C 106 14
C 107 18
C 108 25
C 109 20
C 110 0
C 111 24
C 112 1
C 113 11
C 114 17
C 115 8
C 116 24
C 117 0
C 118 0
C 119 0
C 120 0
C 121 0
C 122 0
C 123 0
C 124 0
C 125 0
C 126 0
C 127 0
C 128 0
C 129 6
C 130 0
C 131 0
C 132 0
C 133 0
C 134 0
C 135 0
C 136 0
C 137 0
C 138 0
C 139 0
C 140 0
C 141 0
C 142 0
C 143 0
C 144 0
C 145 0
C 146 0
C 147 0
C 148 0
C 149 0
C 150 0
C 151 0
C 152 0
C 153 0
C 154 0
C 155 0
C 156 0
C 157 0
C 158 0
C 159 0
C 160 0
C 161 0
C 162 0
C 163 0
C 164 0
C 165 0
C 166 0
C 167 6
C 168 25
C 169 12
C 170 20
C 171 14
C 172 1
C 173 20
C 174 10
C 175 22
C 176 8
C 177 8
C 178 8
C 179 1
C 180 11
C 181 1
C 182 21
C 183 26
C 184 19
C 185 5
C 186 9
C 187 6
C 188 26
C 189 2
C 190 7
C 191 0
C 192 12
C 193 12
C 194 1
C 195 6
C 196 6
C 197 18
C 198 0
C 199 15
C 200 7
C 201 20
C 202 8
C 203 17
C 204 4
C 205 24
C 206 4
C 207 14
C 208 20
C 209 7
C 210 16
C 211 10
C 212 15
C 213 25
C 214 4
C 215 12
C 216 17
C 217 2
C 218 25
C 219 4
C 220 0
C 221 21
C 222 12
C 223 18
C 224 4
C 225 12
C 226 23
C 227 11
C 228 6
C 229 9
C 230 9
C 231 0
C 232 7
C 233 12
C 234 9
C 235 24
C 236 18
C 237 20
C 238 2
C 239 19
C 240 21
C 241 20
C 242 16
C 243 4
C 244 0
C 245 3
C 246 11
C 247 8
C 248 2
C 249 10
C 250 5
C 251 14
C 252 26
C 253 22
C 254 12
C 255 23
C 256 9
C 257 2
C 258 22
C 259 21
C 260 21
C 261 6
C 262 11
C 263 15
C 264 0
C 265 3
C 266 19
C 267 0
C 268 0
C 269 0
C 270 0
C 271 0
C 272 0
C 273 0
C 274 0
C 275 0
C 276 0
C 277 0
C 278 0
C 279 0
C 280 0
C 281 0
C 282 0
C 283 0
C 284 0
C 285 0
C 286 0
C 287 0
C 288 0
C 289 0
C 290 0
C 291 0
C 292 0
C 293 0
C 294 0
C 295 0
C 296 0
C 297 0
C 298 0
C 299 0
C 300 0
C 301 0
C 302 0
C 303 0
C 304 0
C 305 0
C 306 0
C 307 0
C 308 0
C 309 0
C 310 0
C 311 0
C 312 0
C 313 0
C 314 0
C 315 0
C 316 0
C 317 0
C 318 0
C 319 0
C 320 0
C 321 0
C 322 0
C 323 0
C 324 0
C 325 0
C 326 0
C 327 0
C 328 0
C 329 0
C 330 0
C 331 0
C 332 0
C 333 0
C 334 0
C 335 0
C 336 0
C 337 0
C 338 0
C 339 0
C 340 0
C 341 0
C 342 0
C 343 0
C 344 0
C 345 0
C 346 0
C 347 0
C 348 0
C 349 0
C 350 0
C 351 0
C 352 0
C 353 0
C 354 0
C 355 0
C 356 0
C 357 0
C 358 0
C 359 0
C 360 0
C 361 0
C 362 0
C 363 0
C 364 0
C 365 0
C 366 0
C 367 0
C 368 0
C 369 0
C 370 0
C 371 0
C 372 0
C 373 0
C 374 0
C 375 0
C 376 0
C 377 0
I 0 3 2 (0,1,2) (0,0,-1,0)|(0,1,0,0)|(0,1,0,0)|(1,0,0,0)
I 5 3 20 (0,4,0) (0,1,-1,0)
I 3 1 8 (1,4,5) (1,-1,-1,0)
