D (6,7,8) (2,1,4)
D (8,9,-1) (5,5,1)
D (6,7,-1) (3,1,0)
D (9,10,11) (2,3,2)
D (6,-1,-1) (1,0,3)
D (9,10,11) (5,5,0)
D (9,-1,-1) (1,5,1)
D (12,13,-1) (5,3,4)
D (11,12,13) (4,4,0)
D (8,9,-1) (4,1,0)
D (12,-1,-1) (5,2,3)
D (13,-1,-1) (2,1,5)
D (7,8,9) (4,5,2)
D (7,8,-1) (0,5,5)
D (12,13,-1) (3,0,4)
D (8,9,10) (5,4,1)
D (12,-1,-1) (0,3,1)
D (6,-1,-1) (4,3,1)
D (6,7,-1) (0,3,5)
D (6,-1,-1) (3,1,4)
D (8,9,10) (1,3,1)
D (13,-1,-1) (5,0,3)
D (9,10,11) (3,5,4)
D (6,-1,-1) (5,3,0)
D (8,9,-1) (4,0,1)
D (7,8,-1) (1,2,1)
D (13,-1,-1) (5,1,4)
D (11,-1,-1) (5,5,5)
D (9,-1,-1) (0,0,0)
D (7,-1,-1) (4,0,4)
D (6,7,-1) (5,2,4)
D (11,12,13) (5,1,2)
D (7,8,-1) (1,2,5)
D (8,9,-1) (4,5,0)
D (10,-1,-1) (1,2,4)
D (9,10,-1) (1,1,2)
D (12,13,-1) (4,1,4)
D (12,13,-1) (4,4,2)
D (11,12,13) (0,4,3)
D (10,-1,-1) (0,1,1)
D (9,10,11) (0,3,0)
D (12,-1,-1) (5,1,0)
D (10,-1,-1) (1,0,0)
D (7,8,9) (4,3,4)
D (11,-1,-1) (3,0,3)
D (7,10,9) (0,3,2)
D (12,13,-1) (2,1,1)
D (8,9,10) (2,2,2)
D (6,7,8) (4,1,5)
D (9,10,-1) (4,2,2)
D (12,13,-1) (3,5,0)
D (8,9,10) (5,4,0)
D (13,12,-1) (0,2,5)
D (10,11,-1) (0,5,3)
D (11,12,13) (1,1,4)
C 0 7
C 1 25
C 2 14
C 3 0
C 4 0
C 5 0
C 6 0
C 7 0
C 8 0
C 9 0
C 10 0
C 11 0
C 12 0
C 13 0
C 14 0
C 15 0
C 16 0
C 17 0
C 18 0
C 19 0
C 20 0
C 21 0
C 22 0
C 23 0
C 24 0
C 25 0
C 26 0
C 27 0
C 28 0
C 29 0
C 30 0
C 31 0
C 32 0
C 33 0
C 34 0
C 35 0
C 36 0
C 37 0
C 38 0
C 39 6
C 40 0
C 41 0
C 42 0
C 43 0
C 44 0
C 45 0
C 46 0
C 47 0
C 48 0
C 49 0
C 50 0
C 51 0
C 52 0
C 53 0
C 54 17
C 55 0
C 56 0
C 57 0
C 58 0
C 59 0
C 60 0
C 61 0
C 62 0
C 63 0
C 64 0
C 65 0
C 66 0
C 67 0
C 68 0
C 69 0
C 70 0
C 71 0
C 72 0
C 73 0
C 74 0
C 75 0
C 76 0
C 77 0
C 78 0
C 79 0
C 80 0
C 81 0
C 82 0
C 83 0
C 84 0
C 85 0
C 86 0
C 87 0
C 88 0
C 89 0
C 90 0
C 91 0
C 92 0
C 93 0
C 94 0
C 95 0
C 96 0
C 97 0
C 98 0
C 99 0
C 100 0
C 101 0
C 102 0
C 103 0
C 104 0
C 105 0
C 106 0
C 107 0
C 108 0
C 109 0
C 110 0
C 111 0
C 112 24
C 113 16
C 114 6
C 115 21
C 116 6
C 117 14
C 118 23
C 119 19
C 120 25
C 121 23
C 122 19
C 123 6
C 124 19
C 125 7
C 126 7
C 127 4
C 128 0
C 129 21
C 130 22
C 131 20
C 132 10
C 133 18
C 134 0
C 135 4
C 136 23
C 137 14
C 138 3
C 139 24
C 140 9
C 141 14
C 142 6
C 143 1
C 144 12
C 145 17
C 146 17
C 147 7
C 148 4
C 149 24
C 150 11
C 151 6
C 152 19
C 153 18
C 154 17
C 155 3
C 156 26
C 157 8
C 158 23
C 159 19
C 160 7
C 161 7
C 162 5
C 163 23
C 164 14
C 165 14
C 166 23
C 167 22
C 168 19
C 169 3
C 170 17
C 171 7
C 172 12
C 173 12
C 174 1
C 175 20
C 176 8
C 177 24
C 178 9
C 179 12
C 180 16
C 181 9
C 182 3
C 183 15
C 184 4
C 185 6
C 186 16
C 187 2
C 188 2
C 189 2
C 190 10
C 191 17
C 192 8
C 193 21
C 194 17
C 195 1
C 196 9
C 197 19
C 198 12
C 199 25
C 200 24
C 201 16
C 202 7
C 203 20
C 204 18
C 205 8
C 206 12
C 207 5
C 208 10
C 209 19
C 210 24
C 211 6
C 212 19
C 213 3
C 214 7
C 215 9
C 216 6
C 217 7
C 218 18
C 219 7
C 220 9
C 221 3
C 222 2
C 223 3
C 224 5
C 225 21
C 226 26
C 227 14
C 228 10
C 229 16
C 230 9
C 231 10
C 232 1
C 233 19
C 234 10
C 235 5
C 236 17
C 237 14
C 238 17
C 239 2
C 240 2
C 241 15
C 242 7
C 243 2
C 244 6
C 245 24
C 246 23
C 247 9
C 248 23
C 249 9
C 250 2
C 251 1
C 252 6
C 253 18
C 254 6
C 255 5
C 256 21
C 257 25
C 258 25
C 259 10
C 260 19
C 261 17
C 262 5
C 263 25
C 264 0
C 265 0
C 266 0
C 267 0
C 268 0
C 269 0
C 270 0
C 271 0
C 272 0
C 273 0
C 274 0
C 275 0
C 276 0
C 277 0
C 278 0
C 279 0
C 280 0
C 281 0
C 282 0
C 283 0
C 284 0
C 285 0
C 286 0
C 287 0
C 288 0
C 289 0
C 290 0
C 291 0
C 292 0
C 293 0
C 294 0
C 295 0
C 296 0
C 297 0
C 298 0
C 299 0
C 300 0
C 301 0
C 302 0
C 303 0
C 304 0
C 305 0
C 306 0
C 307 0
C 308 0
C 309 0
C 310 0
C 311 0
C 312 0
C 313 0
C 314 0
C 315 0
C 316 0
C 317 0
C 318 0
C 319 0
C 320 0
C 321 0
C 322 0
C 323 0
C 324 0
C 325 0
C 326 0
C 327 0
C 328 19
C 329 0
C 330 0
C 331 0
C 332 0
C 333 0
C 334 0
C 335 0
C 336 0
C 337 0
C 338 0
C 339 0
C 340 0
C 341 0
C 342 0
C 343 0
C 344 0
C 345 0
C 346 0
C 347 0
C 348 0
C 349 0
C 350 0
C 351 0
C 352 0
C 353 0
C 354 0
C 355 0
C 356 0
C 357 0
C 358 0
C 359 0
C 360 0
C 361 0
C 362 0
C 363 0
C 364 0
C 365 0
C 366 0
C 367 0
C 368 0
C 369 0
C 370 0
C 371 0
C 372 0
C 373 0
C 374 0
C 375 0
C 376 24
C 377 3
I 1 2 12 (4,5,2) (1,1,1,0)
I 0 1 2 (4,2,4) (-1,0,0,0)|(-1,1,0,0)|(1,0,1,0)
I 1 1 8 (3,3,2) (1,-1,1,0)|(-1,1,0,0)
