D (8,9,-1) (1,2,5)
D (8,9,10) (5,2,5)
D (12,13,-1) (4,2,2)
D (9,10,11) (0,3,5)
D (7,-1,-1) (0,0,0)
D (13,-1,-1) (3,3,5)
D (8,9,10) (4,0,1)
D (9,-1,-1) (2,0,0)
D (10,-1,-1) (1,4,5)
D (10,11,-1) (0,3,0)
D (9,10,-1) (5,0,0)
D (12,13,-1) (2,5,3)
D (6,7,8) (1,0,3)
D (6,-1,-1) (2,5,4)
D (8,9,-1) (2,1,2)
D (7,-1,-1) (2,1,4)
D (12,-1,-1) (1,1,3)
D (6,-1,-1) (1,5,3)
D (6,7,8) (1,3,3)
D (10,-1,-1) (4,4,5)
D (6,7,-1) (3,5,3)
D (12,13,-1) (5,5,0)
D (8,9,-1) (2,2,1)
D (11,12,13) (4,4,3)
D (7,8,-1) (3,1,1)
D (11,-1,-1) (5,0,4)
D (7,8,9) (1,5,1)
D (12,9,-1) (1,4,2)
D (7,-1,-1) (0,5,5)
D (12,-1,-1) (2,0,5)
D (12,-1,-1) (2,1,0)
D (8,9,-1) (2,3,4)
D (8,-1,-1) (3,2,3)
D (12,-1,-1) (3,0,3)
D (7,8,9) (5,5,3)
D (13,-1,-1) (5,1,1)
D (11,-1,-1) (4,3,2)
D (6,-1,-1) (1,2,0)
D (8,9,10) (0,1,5)
D (13,-1,-1) (1,2,4)
D (11,12,13) (1,0,2)
D (10,11,12) (5,4,5)
D (12,13,-1) (0,3,4)
D (10,-1,-1) (2,0,1)
C 0 2
C 1 18
C 2 7
C 3 6
C 4 22
C 5 24
C 6 22
C 7 21
C 8 21
C 9 18
C 10 2
C 11 14
C 12 0
C 13 0
C 14 0
C 15 0
C 16 0
C 17 0
C 18 0
C 19 0
C 20 0
C 21 0
C 22 0
C 23 0
C 24 0
C 25 0
C 26 0
C 27 0
C 28 0
C 29 0
C 30 0
C 31 0
C 32 0
C 33 0
C 34 0
C 35 0
C 36 0
C 37 0
C 38 0
C 39 0
C 40 0
C 41 0
C 42 0
C 43 0
C 44 0
C 45 0
C 46 0
C 47 0
C 48 0
C 49 0
C 50 0
C 51 0
C 52 0
C 53 0
C 54 0
C 55 0
C 56 0
C 57 0
C 58 0
C 59 0
C 60 0
C 61 0
C 62 0
C 63 0
C 64 0
C 65 0
C 66 0
C 67 0
C 68 0
C 69 0
C 70 0
C 71 0
C 72 0
C 73 0
C 74 0
C 75 0
C 76 0
C 77 0
C 78 0
C 79 0
C 80 0
C 81 0
C 82 0
C 83 0
C 84 0
C 85 0
C 86 0
C 87 0
C 88 0
C 89 0
C 90 0
C 91 0
C 92 0
C 93 0
C 94 0
C 95 0
C 96 0
C 97 0
C 98 0
C 99 0
C 100 0
C 101 0
C 102 0
C 103 0
C 104 0
C 105 0
C 106 0
C 107 0
C 108 0
C 109 0
C 110 0
C 111 0
C 112 0
C 113 0
C 114 0
C 115 0
C 116 0
C 117 0
C 118 0
C 119 0
C 120 0
C 121 0
C 122 0
C 123 0
C 124 0
C 125 0
C 126 0
C 127 0
C 128 0
C 129 0
C 130 0
C 131 0
C 132 0
C 133 0
C 134 0
C 135 0
C 136 0
C 137 0
C 138 0
C 139 0
C 140 0
C 141 0
C 142 0
C 143 0
C 144 0
C 145 0
C 146 0
C 147 0
C 148 0
C 149 0
C 150 0
C 151 0
C 152 0
C 153 0
C 154 0
C 155 0
C 156 0
C 157 0
C 158 0
C 159 8
C 160 5
C 161 24
C 162 22
C 163 10
C 164 12
C 165 20
C 166 0
C 167 16
C 168 20
C 169 20
C 170 24
C 171 17
C 172 15
C 173 7
C 174 23
C 175 22
C 176 19
C 177 12
C 178 15
C 179 21
C 180 0
C 181 11
C 182 4
C 183 4
C 184 23
C 185 22
C 186 16
C 187 12
C 188 23
C 189 16
C 190 15
C 191 10
C 192 3
C 193 17
C 194 10
C 195 21
C 196 9
C 197 24
C 198 19
C 199 24
C 200 22
C 201 6
C 202 7
C 203 3
C 204 11
C 205 2
C 206 12
C 207 19
C 208 15
C 209 23
C 210 16
C 211 23
C 212 25
C 213 7
C 214 0
C 215 21
C 216 4
C 217 16
C 218 18
C 219 25
C 220 21
C 221 16
C 222 0
C 223 22
C 224 23
C 225 25
C 226 21
C 227 23
C 228 23
C 229 23
C 230 7
C 231 26
C 232 15
C 233 19
C 234 11
C 235 0
C 236 16
C 237 19
C 238 3
C 239 15
C 240 24
C 241 26
C 242 11
C 243 15
C 244 7
C 245 20
C 246 2
C 247 23
C 248 0
C 249 1
C 250 10
C 251 15
C 252 4
C 253 12
C 254 9
C 255 3
C 256 25
C 257 25
C 258 15
C 259 16
C 260 19
C 261 15
C 262 15
C 263 5
C 264 11
C 265 9
C 266 21
C 267 17
C 268 10
C 269 2
C 270 1
C 271 22
C 272 4
C 273 19
C 274 8
C 275 12
C 276 23
C 277 25
C 278 23
C 279 23
C 280 8
C 281 8
C 282 2
C 283 12
C 284 25
C 285 1
C 286 1
C 287 5
C 288 19
C 289 8
C 290 0
C 291 15
C 292 0
C 293 0
C 294 14
C 295 0
C 296 0
C 297 0
C 298 0
C 299 0
C 300 0
C 301 0
C 302 0
C 303 0
C 304 0
C 305 0
C 306 0
C 307 0
C 308 0
C 309 0
C 310 0
C 311 0
C 312 0
C 313 0
C 314 0
C 315 0
C 316 0
C 317 0
C 318 0
C 319 0
C 320 0
C 321 0
C 322 0
C 323 0
C 324 0
C 325 19
C 326 25
C 327 16
C 328 2
C 329 3
C 330 14
C 331 14
C 332 18
C 333 12
C 334 1
C 335 17
C 336 20
C 337 24
C 338 26
C 339 19
C 340 9
C 341 25
C 342 8
C 343 8
C 344 7
C 345 21
C 346 1
C 347 5
C 348 5
C 349 2
C 350 7
C 351 6
C 352 21
C 353 18
C 354 21
C 355 19
C 356 22
C 357 25
C 358 18
C 359 0
C 360 12
C 361 10
C 362 21
C 363 10
C 364 7
C 365 0
C 366 21
C 367 14
C 368 20
C 369 3
C 370 14
C 371 0
C 372 12
C 373 6
C 374 15
C 375 21
C 376 16
C 377 11
I 1 1 16 (1,5,3) (1,0,0,0)
I 1 1 16 (1,5,3) (1,0,0,0)|(0,1,-1,0)
I 0 1 8 (0,4,4) (0,0,-1,0)|(0,-1,1,0)|(1,-1,1,0)
