D (12,13,-1) (1,4,2)
D (8,-1,-1) (4,4,4)
D (7,8,-1) (2,2,5)
D (9,-1,-1) (1,4,0)
D (12,13,-1) (2,5,4)
D (10,11,12) (5,1,1)
D (6,7,-1) (1,3,5)
D (12,-1,-1) (1,1,1)
D (7,8,-1) (4,0,4)
D (13,-1,-1) (1,3,2)
D (12,13,-1) (2,0,1)
D (12,-1,-1) (3,0,0)
D (11,-1,-1) (1,5,1)
D (9,10,-1) (4,2,1)
D (11,-1,-1) (0,0,1)
D (11,12,13) (1,1,3)
D (12,13,-1) (5,5,3)
D (10,-1,-1) (4,1,0)
D (9,-1,-1) (2,0,0)
D (7,8,9) (4,2,0)
D (13,-1,-1) (3,5,5)
D (7,8,-1) (5,1,5)
D (13,-1,-1) (4,4,0)
D (11,12,-1) (2,3,1)
D (9,10,11) (1,3,4)
D (12,-1,-1) (4,5,4)
D (6,-1,-1) (4,1,3)
D (10,11,12) (2,5,5)
D (9,10,-1) (3,4,5)
D (10,11,-1) (2,2,4)
D (13,-1,-1) (2,2,2)
D (11,-1,-1) (3,3,5)
D (13,-1,-1) (2,1,3)
D (12,13,-1) (0,5,2)
D (8,-1,-1) (4,0,2)
D (8,-1,-1) (1,0,0)
D (7,8,-1) (5,2,3)
D (7,8,9) (3,0,5)
D (7,-1,-1) (5,4,5)
D (9,10,-1) (2,1,2)
D (7,8,-1) (1,4,4)
D (13,-1,-1) (0,2,1)
D (12,13,-1) (1,5,0)
D (7,-1,-1) (1,4,3)
D (12,13,-1) (5,5,1)
D (12,-1,-1) (5,2,1)
D (8,9,10) (0,3,4)
D (7,8,-1) (2,4,1)
D (7,8,9) (5,5,0)
D (13,-1,-1) (0,1,5)
D (7,8,-1) (4,2,2)
D (12,-1,-1) (1,0,2)
D (7,8,9) (4,3,0)
D (7,-1,-1) (4,1,5)
D (8,-1,-1) (2,5,1)
D (6,7,8) (3,2,1)
D (10,-1,-1) (3,4,2)
C 0 23
C 1 19
C 2 11
C 3 17
C 4 23
C 5 6
C 6 20
C 7 21
C 8 10
C 9 24
C 10 20
C 11 7
C 12 21
C 13 12
C 14 8
C 15 21
C 16 8
C 17 0
C 18 24
C 19 21
C 20 18
C 21 2
C 22 0
C 23 26
C 24 16
C 25 7
C 26 8
C 27 22
C 28 0
C 29 1
C 30 24
C 31 6
C 32 18
C 33 18
C 34 26
C 35 16
C 36 1
C 37 2
C 38 21
C 39 10
C 40 22
C 41 1
C 42 14
C 43 25
C 44 20
C 45 14
C 46 24
C 47 4
C 48 18
C 49 5
C 50 20
C 51 1
C 52 17
C 53 19
C 54 24
C 55 17
C 56 16
C 57 8
C 58 25
C 59 21
C 60 19
C 61 19
C 62 20
C 63 4
C 64 9
C 65 0
C 66 0
C 67 0
C 68 0
C 69 0
C 70 0
C 71 0
C 72 0
C 73 0
C 74 0
C 75 0
C 76 0
C 77 0
C 78 0
C 79 0
C 80 0
C 81 0
C 82 0
C 83 0
C 84 0
C 85 0
C 86 0
C 87 0
C 88 0
C 89 0
C 90 0
C 91 0
C 92 0
C 93 0
C 94 0
C 95 0
C 96 0
C 97 0
C 98 0
C 99 0
C 100 23
C 101 18
C 102 8
C 103 3
C 104 7
C 105 4
C 106 24
C 107 2
C 108 20
C 109 20
C 110 4
C 111 2
C 112 10
C 113 16
C 114 14
C 115 19
C 116 23
C 117 17
C 118 21
C 119 8
C 120 25
C 121 3
C 122 26
C 123 25
C 124 12
C 125 9
C 126 15
C 127 19
C 128 11
C 129 1
C 130 12
C 131 12
C 132 4
C 133 26
C 134 20
C 135 15
C 136 25
C 137 24
C 138 3
C 139 17
C 140 21
C 141 20
C 142 2
C 143 3
C 144 19
C 145 4
C 146 7
C 147 16
C 148 16
C 149 24
C 150 10
C 151 0
C 152 15
C 153 14
C 154 20
C 155 23
C 156 26
C 157 3
C 158 26
C 159 4
C 160 19
C 161 25
C 162 14
C 163 22
C 164 7
C 165 17
C 166 6
C 167 18
C 168 5
C 169 22
C 170 11
C 171 19
C 172 0
C 173 19
C 174 1
C 175 17
C 176 23
C 177 18
C 178 18
C 179 22
C 180 23
C 181 22
C 182 23
C 183 24
C 184 20
C 185 12
C 186 5
C 187 3
C 188 16
C 189 8
C 190 25
C 191 21
C 192 14
C 193 0
C 194 14
C 195 0
C 196 25
C 197 19
C 198 3
C 199 5
C 200 0
C 201 1
C 202 10
C 203 3
C 204 12
C 205 14
C 206 12
C 207 7
C 208 5
C 209 23
C 210 3
C 211 15
C 212 6
C 213 0
C 214 8
C 215 26
C 216 16
C 217 17
C 218 7
C 219 20
C 220 19
C 221 10
C 222 5
C 223 3
C 224 21
C 225 18
C 226 15
C 227 17
C 228 8
C 229 22
C 230 23
C 231 7
C 232 26
C 233 26
C 234 2
C 235 15
C 236 26
C 237 15
C 238 24
C 239 20
C 240 0
C 241 3
C 242 7
C 243 26
C 244 15
C 245 3
C 246 22
C 247 22
C 248 23
C 249 25
C 250 0
C 251 0
C 252 0
C 253 0
C 254 0
C 255 0
C 256 0
C 257 0
C 258 0
C 259 0
C 260 0
C 261 0
C 262 0
C 263 0
C 264 0
C 265 0
C 266 0
C 267 0
C 268 0
C 269 0
C 270 0
C 271 0
C 272 0
C 273 0
C 274 0
C 275 0
C 276 0
C 277 0
C 278 0
C 279 0
C 280 0
C 281 0
C 282 0
C 283 0
C 284 0
C 285 0
C 286 0
C 287 0
C 288 0
C 289 0
C 290 0
C 291 0
C 292 0
C 293 0
C 294 0
C 295 0
C 296 0
C 297 0
C 298 0
C 299 0
C 300 0
C 301 0
C 302 0
C 303 0
C 304 0
C 305 0
C 306 0
C 307 0
C 308 0
C 309 0
C 310 0
C 311 0
C 312 10
C 313 0
C 314 0
C 315 0
C 316 0
C 317 0
C 318 0
C 319 0
C 320 0
C 321 0
C 322 0
C 323 0
C 324 0
C 325 0
C 326 0
C 327 0
C 328 0
C 329 11
C 330 20
C 331 22
C 332 22
C 333 9
C 334 0
C 335 17
C 336 0
C 337 21
C 338 10
C 339 11
C 340 17
C 341 19
C 342 1
C 343 0
C 344 17
C 345 24
C 346 20
C 347 20
C 348 0
C 349 14
C 350 18
C 351 16
C 352 4
C 353 2
C 354 23
C 355 23
C 356 11
C 357 18
C 358 22
C 359 20
C 360 23
C 361 15
C 362 5
C 363 19
C 364 9
C 365 19
C 366 6
C 367 4
C 368 6
C 369 16
C 370 21
C 371 23
C 372 19
C 373 16
C 374 9
C 375 6
C 376 20
C 377 8
I 0 3 3 (3,0,2) (0,1,-1,0)|(0,-1,1,0)|(-1,0,1,0)|(-1,-1,0,0)
I 3 1 20 (5,4,1) (0,0,-1,0)
I 4 3 2 (0,0,2) (1,-1,-1,0)
