D (8,9,-1) (4,4,5)
D (12,13,-1) (3,3,0)
D (12,-1,-1) (3,2,3)
D (6,7,-1) (2,5,3)
D (6,7,8) (4,2,2)
D (11,12,-1) (0,0,0)
D (6,7,8) (1,0,3)
D (6,7,-1) (3,3,3)
D (11,12,13) (5,4,3)
D (8,9,-1) (4,5,3)
D (8,9,10) (0,5,3)
D (9,-1,-1) (5,5,0)
D (9,10,11) (3,3,1)
D (7,8,9) (2,2,1)
D (10,11,12) (3,5,5)
D (10,11,-1) (4,1,0)
D (10,-1,-1) (1,4,1)
D (11,12,13) (1,1,2)
D (13,-1,-1) (4,2,0)
D (13,-1,-1) (2,0,3)
D (13,-1,-1) (1,1,4)
D (9,10,-1) (5,1,1)
D (10,11,12) (3,5,3)
D (13,-1,-1) (2,0,2)
D (10,11,12) (5,5,1)
D (12,-1,-1) (2,3,1)
D (13,-1,-1) (1,4,3)
D (9,10,11) (5,2,5)
D (10,11,-1) (4,0,2)
D (7,-1,-1) (2,4,3)
D (13,-1,-1) (2,4,0)
D (6,-1,-1) (3,0,3)
D (6,7,8) (0,1,3)
D (13,-1,-1) (4,3,1)
D (8,9,10) (4,0,5)
D (13,-1,-1) (1,3,0)
D (8,-1,-1) (5,3,1)
D (11,-1,-1) (2,3,5)
D (9,-1,-1) (3,1,2)
D (10,11,12) (4,3,3)
D (10,11,12) (4,5,5)
D (6,7,8) (1,5,2)
D (13,-1,-1) (4,5,2)
D (8,9,10) (5,4,5)
D (13,-1,-1) (3,2,1)
D (11,-1,-1) (1,1,3)
D (11,12,13) (0,2,2)
D (7,8,9) (4,0,4)
D (9,-1,-1) (2,5,2)
D (7,-1,-1) (2,1,3)
D (9,-1,-1) (4,1,4)
D (9,-1,-1) (0,2,1)
D (7,8,-1) (0,4,2)
D (11,12,-1) (4,0,1)
D (13,-1,-1) (2,2,3)
D (13,-1,-1) (5,0,0)
D (12,-1,-1) (0,4,4)
D (6,-1,-1) (1,1,1)
D (9,-1,-1) (3,3,2)
D (6,7,-1) (4,5,4)
D (7,8,-1) (0,5,4)
D (9,10,11) (1,0,5)
D (11,12,-1) (2,2,2)
D (7,8,-1) (4,5,1)
D (13,-1,-1) (0,3,5)
D (10,11,-1) (4,3,5)
D (13,-1,-1) (3,1,5)
D (6,7,-1) (4,2,5)
D (12,-1,-1) (3,4,1)
D (13,-1,-1) (4,4,0)
D (10,11,-1) (3,1,0)
D (11,12,13) (2,2,5)
D (7,8,-1) (0,0,1)
C 0 21
C 1 6
C 2 12
C 3 10
C 4 12
C 5 17
C 6 20
C 7 21
C 8 18
C 9 7
C 10 2
C 11 5
C 12 18
C 13 20
C 14 17
C 15 14
C 16 9
C 17 5
C 18 17
C 19 18
C 20 2
C 21 14
C 22 15
C 23 22
C 24 1
C 25 12
C 26 3
C 27 7
C 28 17
C 29 5
C 30 5
C 31 11
C 32 21
C 33 5
C 34 7
C 35 23
C 36 21
C 37 22
C 38 19
C 39 10
C 40 12
C 41 26
C 42 5
C 43 0
C 44 0
C 45 0
C 46 17
C 47 26
C 48 23
C 49 11
C 50 6
C 51 2
C 52 1
C 53 6
C 54 9
C 55 22
C 56 24
C 57 17
C 58 18
C 59 25
C 60 7
C 61 21
C 62 3
C 63 6
C 64 4
C 65 22
C 66 24
C 67 17
C 68 1
C 69 2
C 70 4
C 71 3
C 72 1
C 73 1
C 74 19
C 75 25
C 76 25
C 77 19
C 78 7
C 79 2
C 80 5
C 81 25
C 82 25
C 83 3
C 84 5
C 85 1
C 86 3
C 87 3
C 88 6
C 89 26
C 90 18
C 91 12
C 92 1
C 93 4
C 94 15
C 95 4
C 96 24
C 97 11
C 98 10
C 99 6
C 100 3
C 101 25
C 102 23
C 103 12
C 104 7
C 105 11
C 106 14
C 107 14
C 108 24
C 109 6
C 110 23
C 111 26
C 112 23
C 113 5
C 114 23
C 115 25
C 116 14
C 117 24
C 118 15
C 119 17
C 120 8
C 121 14
C 122 11
C 123 20
C 124 9
C 125 1
C 126 4
C 127 2
C 128 17
C 129 26
C 130 21
C 131 16
C 132 11
C 133 6
C 134 14
C 135 6
C 136 22
C 137 23
C 138 21
C 139 25
C 140 19
C 141 26
C 142 2
C 143 26
C 144 25
C 145 0
C 146 9
C 147 9
C 148 15
C 149 1
C 150 0
C 151 7
C 152 18
C 153 2
C 154 9
C 155 7
C 156 6
C 157 0
C 158 11
C 159 22
C 160 25
C 161 3
C 162 7
C 163 16
C 164 17
C 165 2
C 166 4
C 167 4
C 168 8
C 169 8
C 170 18
C 171 0
C 172 14
C 173 3
C 174 0
C 175 0
C 176 0
C 177 0
C 178 0
C 179 0
C 180 0
C 181 0
C 182 0
C 183 0
C 184 0
C 185 0
C 186 0
C 187 0
C 188 0
C 189 0
C 190 0
C 191 0
C 192 0
C 193 0
C 194 0
C 195 0
C 196 0
C 197 0
C 198 0
C 199 0
C 200 0
C 201 0
C 202 0
C 203 0
C 204 0
C 205 0
C 206 0
C 207 0
C 208 0
C 209 0
C 210 0
C 211 0
C 212 0
C 213 0
C 214 0
C 215 0
C 216 0
C 217 0
C 218 0
C 219 0
C 220 0
C 221 0
C 222 0
C 223 0
C 224 0
C 225 0
C 226 0
C 227 0
C 228 10
C 229 7
C 230 5
C 231 15
C 232 10
C 233 16
C 234 1
C 235 10
C 236 17
C 237 7
C 238 7
C 239 24
C 240 21
C 241 5
C 242 11
C 243 22
C 244 23
C 245 7
C 246 1
C 247 5
C 248 24
C 249 16
C 250 2
C 251 21
C 252 21
C 253 9
C 254 8
C 255 8
C 256 16
C 257 21
C 258 23
C 259 18
C 260 10
C 261 22
C 262 7
C 263 4
C 264 9
C 265 16
C 266 3
C 267 4
C 268 3
C 269 7
C 270 3
C 271 0
C 272 0
C 273 0
C 274 0
C 275 0
C 276 0
C 277 0
C 278 0
C 279 0
C 280 0
C 281 0
C 282 0
C 283 0
C 284 0
C 285 0
C 286 0
C 287 0
C 288 0
C 289 0
C 290 0
C 291 0
C 292 0
C 293 0
C 294 0
C 295 0
C 296 0
C 297 0
C 298 0
C 299 0
C 300 10
C 301 14
C 302 24
C 303 10
C 304 8
C 305 25
C 306 8
C 307 15
C 308 2
C 309 21
C 310 25
C 311 9
C 312 9
C 313 25
C 314 4
C 315 9
C 316 12
C 317 19
C 318 16
C 319 25
C 320 4
C 321 7
C 322 22
C 323 12
C 324 0
C 325 5
C 326 16
C 327 21
C 328 14
C 329 19
C 330 26
C 331 12
C 332 16
C 333 25
C 334 7
C 335 3
C 336 16
C 337 19
C 338 21
C 339 26
C 340 1
C 341 21
C 342 5
C 343 16
C 344 3
C 345 11
C 346 23
C 347 2
C 348 23
C 349 18
C 350 0
C 351 5
C 352 16
C 353 17
C 354 20
C 355 21
C 356 2
C 357 26
C 358 21
C 359 18
C 360 12
C 361 7
C 362 26
C 363 0
C 364 12
C 365 21
C 366 12
C 367 10
C 368 9
C 369 3
C 370 15
C 371 25
C 372 10
C 373 17
C 374 24
C 375 12
C 376 26
C 377 23
I 0 2 18 (5,3,4) (-1,1,0,0)
I 5 3 8 (2,1,0) (1,1,1,0)
I 1 2 7 (0,3,1) (-1,0,-1,0)
