D (8,-1,-1) (3,5,5)
D (12,-1,-1) (5,3,4)
D (8,-1,-1) (4,4,0)
D (11,12,-1) (2,3,0)
D (7,-1,-1) (5,2,1)
D (9,-1,-1) (5,5,5)
D (13,-1,-1) (3,1,0)
D (13,-1,-1) (3,5,1)
D (7,-1,-1) (5,2,0)
D (9,-1,-1) (3,4,4)
D (8,9,10) (5,0,4)
D (6,7,-1) (3,2,3)
D (10,-1,-1) (1,1,1)
D (11,12,-1) (0,4,4)
D (6,-1,-1) (4,1,1)
D (13,-1,-1) (2,5,1)
D (8,9,-1) (4,2,1)
D (7,8,-1) (3,0,4)
D (12,13,-1) (0,4,0)
D (6,7,-1) (3,0,1)
D (6,-1,-1) (0,0,0)
D (7,8,9) (4,0,0)
D (9,10,-1) (1,5,2)
D (7,8,9) (4,3,2)
D (13,-1,-1) (5,4,5)
D (12,13,-1) (0,0,3)
D (9,-1,-1) (2,5,5)
D (12,13,-1) (2,0,3)
D (11,12,13) (0,3,0)
D (12,13,-1) (4,3,3)
D (13,-1,-1) (3,0,0)
D (7,8,9) (4,4,5)
D (10,11,-1) (1,1,0)
D (6,7,-1) (5,3,5)
D (8,9,-1) (3,1,1)
D (12,13,-1) (1,5,4)
D (9,10,11) (3,3,5)
D (12,13,-1) (4,1,5)
D (11,12,-1) (3,2,1)
D (8,9,10) (4,0,4)
D (8,9,10) (2,1,0)
D (10,-1,-1) (0,5,2)
D (11,12,13) (0,3,1)
C 0 1
C 1 15
C 2 10
C 3 17
C 4 22
C 5 22
C 6 15
C 7 3
C 8 2
C 9 15
C 10 19
C 11 3
C 12 25
C 13 14
C 14 2
C 15 7
C 16 6
C 17 8
C 18 17
C 19 26
C 20 0
C 21 25
C 22 1
C 23 18
C 24 0
C 25 10
C 26 5
C 27 5
C 28 15
C 29 16
C 30 15
C 31 16
C 32 15
C 33 0
C 34 23
C 35 12
C 36 18
C 37 12
C 38 2
C 39 14
C 40 20
C 41 14
C 42 3
C 43 0
C 44 10
C 45 2
C 46 18
C 47 10
C 48 16
C 49 25
C 50 5
C 51 0
C 52 19
C 53 17
C 54 6
C 55 4
C 56 18
C 57 25
C 58 8
C 59 0
C 60 0
C 61 0
C 62 0
C 63 0
C 64 0
C 65 0
C 66 0
C 67 0
C 68 0
C 69 0
C 70 0
C 71 0
C 72 0
C 73 0
C 74 0
C 75 0
C 76 0
C 77 0
C 78 0
C 79 0
C 80 0
C 81 0
C 82 0
C 83 0
C 84 0
C 85 12
C 86 18
C 87 0
C 88 16
C 89 16
C 90 0
C 91 3
C 92 25
C 93 20
C 94 10
C 95 0
C 96 3
C 97 18
C 98 26
C 99 1
C 100 16
C 101 21
C 102 4
C 103 26
C 104 22
C 105 5
C 106 24
C 107 16
C 108 17
C 109 3
C 110 23
C 111 25
C 112 6
C 113 0
C 114 0
C 115 17
C 116 7
C 117 3
C 118 6
C 119 3
C 120 24
C 121 11
C 122 11
C 123 11
C 124 17
C 125 26
C 126 20
C 127 3
C 128 3
C 129 22
C 130 6
C 131 5
C 132 25
C 133 8
C 134 25
C 135 8
C 136 5
C 137 6
C 138 9
C 139 10
C 140 4
C 141 18
C 142 10
C 143 0
C 144 0
C 145 0
C 146 0
C 147 0
C 148 0
C 149 0
C 150 0
C 151 0
C 152 0
C 153 0
C 154 0
C 155 0
C 156 0
C 157 0
C 158 0
C 159 0
C 160 0
C 161 0
C 162 0
C 163 0
C 164 0
C 165 0
C 166 0
C 167 0
C 168 0
C 169 0
C 170 0
C 171 0
C 172 0
C 173 0
C 174 0
C 175 0
C 176 0
C 177 0
C 178 0
C 179 0
C 180 0
C 181 0
C 182 0
C 183 0
C 184 0
C 185 0
C 186 0
C 187 0
C 188 0
C 189 0
C 190 0
C 191 0
C 192 0
C 193 0
C 194 0
C 195 0
C 196 0
C 197 0
C 198 0
C 199 0
C 200 0
C 201 0
C 202 0
C 203 0
C 204 0
C 205 0
C 206 0
C 207 0
C 208 0
C 209 0
C 210 0
C 211 0
C 212 0
C 213 0
C 214 0
C 215 0
C 216 0
C 217 0
C 218 0
C 219 0
C 220 0
C 221 0
C 222 0
C 223 0
C 224 0
C 225 0
C 226 0
C 227 0
C 228 0
C 229 0
C 230 0
C 231 0
C 232 0
C 233 0
C 234 0
C 235 0
C 236 0
C 237 0
C 238 0
C 239 0
C 240 0
C 241 0
C 242 0
C 243 0
C 244 26
C 245 21
C 246 0
C 247 8
C 248 2
C 249 18
C 250 24
C 251 14
C 252 22
C 253 2
C 254 8
C 255 5
C 256 3
C 257 18
C 258 2
C 259 10
C 260 21
C 261 3
C 262 24
C 263 9
C 264 2
C 265 26
C 266 8
C 267 3
C 268 3
C 269 20
C 270 6
C 271 26
C 272 21
C 273 2
C 274 24
C 275 20
C 276 26
C 277 20
C 278 14
C 279 8
C 280 0
C 281 0
C 282 24
C 283 22
C 284 19
C 285 0
C 286 6
C 287 25
C 288 7
C 289 9
C 290 17
C 291 10
C 292 14
C 293 1
C 294 25
C 295 22
C 296 26
C 297 19
C 298 20
C 299 11
C 300 3
C 301 26
C 302 25
C 303 14
C 304 10
C 305 9
C 306 17
C 307 25
C 308 8
C 309 6
C 310 10
C 311 11
C 312 20
C 313 11
C 314 7
C 315 1
C 316 24
C 317 15
C 318 24
C 319 12
C 320 15
C 321 23
C 322 19
C 323 7
C 324 26
C 325 23
C 326 1
C 327 25
C 328 20
C 329 8
C 330 7
C 331 2
C 332 1
C 333 11
C 334 19
C 335 26
C 336 4
C 337 3
C 338 22
C 339 24
C 340 19
C 341 1
C 342 25
C 343 12
C 344 10
C 345 4
C 346 10
C 347 4
C 348 21
C 349 12
C 350 25
C 351 0
C 352 23
C 353 9
C 354 22
C 355 0
C 356 14
C 357 9
C 358 0
C 359 0
C 360 0
C 361 0
C 362 0
C 363 0
C 364 0
C 365 0
C 366 0
C 367 0
C 368 0
C 369 21
C 370 21
C 371 16
C 372 2
C 373 20
C 374 2
C 375 22
C 376 19
C 377 18
I 5 1 15 (1,2,3) (1,-1,-1,0)
I 0 1 20 (1,0,5) (0,1,0,0)|(0,-1,-1,0)
I 2 1 17 (3,0,1) (0,0,-1,0)|(0,1,-1,0)|(-1,0,-1,0)
