D (7,8,9) (5,3,4)
D (7,-1,-1) (1,5,1)
D (8,9,10) (5,2,1)
D (9,-1,-1) (3,4,2)
D (9,-1,-1) (2,4,5)
D (10,-1,-1) (4,1,3)
D (12,13,-1) (2,2,5)
D (7,8,-1) (1,2,0)
D (8,9,10) (1,2,1)
D (12,13,-1) (3,0,1)
D (13,-1,-1) (2,2,4)
D (8,9,10) (0,1,5)
D (12,13,-1) (3,5,4)
D (12,13,-1) (0,3,0)
D (8,-1,-1) (4,0,3)
D (12,-1,-1) (4,1,2)
D (10,11,12) (2,0,5)
D (11,12,-1) (0,5,3)
D (12,13,-1) (5,4,1)
D (11,-1,-1) (4,1,5)
D (13,-1,-1) (1,4,1)
D (6,7,-1) (5,2,3)
D (9,10,-1) (3,0,2)
D (6,7,-1) (2,2,2)
D (6,7,-1) (1,4,0)
D (7,8,-1) (3,2,0)
D (8,9,10) (4,5,4)
D (6,7,-1) (4,1,0)
D (11,12,13) (1,3,3)
D (8,-1,-1) (3,1,4)
D (11,12,13) (3,0,4)
D (6,-1,-1) (3,2,4)
D (10,11,-1) (0,3,4)
D (10,11,12) (1,0,2)
D (8,9,10) (0,2,5)
D (12,-1,-1) (4,3,2)
D (9,-1,-1) (1,4,4)
D (10,11,12) (3,3,1)
D (8,-1,-1) (4,2,1)
D (8,9,10) (1,1,4)
C 0 17
C 1 18
C 2 18
C 3 19
C 4 17
C 5 2
C 6 23
C 7 5
C 8 9
C 9 26
C 10 5
C 11 0
C 12 0
C 13 0
C 14 0
C 15 0
C 16 0
C 17 0
C 18 0
C 19 0
C 20 0
C 21 0
C 22 0
C 23 0
C 24 0
C 25 0
C 26 0
C 27 0
C 28 0
C 29 0
C 30 0
C 31 0
C 32 0
C 33 0
C 34 0
C 35 0
C 36 0
C 37 0
C 38 0
C 39 0
C 40 0
C 41 0
C 42 0
C 43 0
C 44 0
C 45 0
C 46 0
C 47 0
C 48 0
C 49 0
C 50 0
C 51 0
C 52 0
C 53 0
C 54 0
C 55 0
C 56 0
C 57 0
C 58 0
C 59 0
C 60 0
C 61 0
C 62 0
C 63 0
C 64 0
C 65 0
C 66 0
C 67 0
C 68 0
C 69 0
C 70 0
C 71 0
C 72 0
C 73 0
C 74 0
C 75 0
C 76 0
C 77 0
C 78 0
C 79 0
C 80 0
C 81 0
C 82 0
C 83 0
C 84 0
C 85 0
C 86 0
C 87 0
C 88 0
C 89 0
C 90 0
C 91 0
C 92 0
C 93 0
C 94 0
C 95 0
C 96 0
C 97 0
C 98 0
C 99 0
C 100 0
C 101 0
C 102 0
C 103 0
C 104 0
C 105 0
C 106 0
C 107 0
C 108 0
C 109 0
C 110 0
C 111 0
C 112 0
C 113 0
C 114 0
C 115 0
C 116 0
C 117 0
C 118 0
C 119 0
C 120 0
C 121 0
C 122 0
C 123 0
C 124 0
C 125 0
C 126 0
C 127 0
C 128 0
C 129 0
C 130 0
C 131 0
C 132 0
C 133 0
C 134 0
C 135 0
C 136 0
C 137 0
C 138 0
C 139 0
C 140 0
C 141 0
C 142 0
C 143 0
C 144 0
C 145 0
C 146 0
C 147 0
C 148 0
C 149 0
C 150 0
C 151 0
C 152 0
C 153 0
C 154 0
C 155 0
C 156 0
C 157 0
C 158 0
C 159 0
C 160 0
C 161 0
C 162 0
C 163 0
C 164 0
C 165 0
C 166 0
C 167 0
C 168 0
C 169 0
C 170 0
C 171 0
C 172 0
C 173 0
C 174 0
C 175 0
C 176 0
C 177 0
C 178 0
C 179 0
C 180 0
C 181 0
C 182 0
C 183 0
C 184 0
C 185 0
C 186 0
C 187 0
C 188 0
C 189 0
C 190 0
C 191 0
C 192 0
C 193 0
C 194 0
C 195 0
C 196 0
C 197 0
C 198 0
C 199 0
C 200 0
C 201 0
C 202 0
C 203 0
C 204 0
C 205 0
C 206 0
C 207 0
C 208 0
C 209 0
C 210 0
C 211 0
C 212 0
C 213 0
C 214 0
C 215 0
C 216 0
C 217 0
C 218 0
C 219 0
C 220 0
C 221 0
C 222 0
C 223 0
C 224 0
C 225 0
C 226 0
C 227 0
C 228 0
C 229 0
C 230 0
C 231 0
C 232 0
C 233 0
C 234 0
C 235 0
C 236 0
C 237 0
C 238 0
C 239 0
C 240 0
C 241 0
C 242 0
C 243 0
C 244 0
C 245 0
C 246 0
C 247 0
C 248 0
C 249 0
C 250 0
C 251 0
C 252 0
C 253 0
C 254 1
C 255 14
C 256 12
C 257 3
C 258 9
C 259 21
C 260 10
C 261 6
C 262 3
C 263 19
C 264 17
C 265 17
C 266 3
C 267 0
C 268 3
C 269 4
C 270 17
C 271 25
C 272 23
C 273 16
C 274 20
C 275 26
C 276 1
C 277 20
C 278 4
C 279 3
C 280 22
C 281 17
C 282 3
C 283 8
C 284 20
C 285 18
C 286 17
C 287 14
C 288 0
C 289 15
C 290 1
C 291 16
C 292 18
C 293 10
C 294 12
C 295 16
C 296 23
C 297 0
C 298 22
C 299 17
C 300 6
C 301 2
C 302 6
C 303 26
C 304 17
C 305 8
C 306 7
C 307 14
C 308 19
C 309 5
C 310 23
C 311 2
C 312 23
C 313 22
C 314 26
C 315 14
C 316 2
C 317 17
C 318 14
C 319 19
C 320 6
C 321 22
C 322 23
C 323 17
C 324 4
C 325 15
C 326 11
C 327 24
C 328 2
C 329 15
C 330 7
C 331 25
C 332 22
C 333 19
C 334 23
C 335 22
C 336 3
C 337 5
C 338 15
C 339 14
C 340 3
C 341 14
C 342 22
C 343 3
C 344 16
C 345 10
C 346 15
C 347 21
C 348 22
C 349 6
C 350 9
C 351 24
C 352 7
C 353 6
C 354 5
C 355 1
C 356 26
C 357 17
C 358 25
C 359 8
C 360 7
C 361 0
C 362 3
C 363 1
C 364 26
C 365 3
C 366 1
C 367 0
C 368 3
C 369 15
C 370 0
C 371 2
C 372 19
C 373 23
C 374 5
C 375 20
C 376 25
C 377 8
I 0 1 3 (2,0,0) (0,1,1,0)
I 0 3 5 (1,5,4) (0,-1,1,0)
I 4 3 7 (1,0,0) (0,-1,0,0)|(0,0,1,0)|(0,1,1,0)|(0,0,0,0)|(1,-1,-1,0)
