D (13,-1,-1) (0,0,3)
D (9,10,-1) (3,3,5)
D (7,8,-1) (4,1,5)
D (6,7,-1) (5,0,4)
D (11,-1,-1) (1,2,3)
D (9,10,-1) (3,5,2)
D (13,-1,-1) (3,0,4)
D (9,10,11) (5,1,5)
D (12,13,-1) (3,1,1)
D (7,-1,-1) (3,5,5)
D (6,7,-1) (3,4,5)
D (10,-1,-1) (1,2,5)
D (11,-1,-1) (0,1,1)
D (11,12,13) (0,4,4)
D (13,-1,-1) (4,1,3)
D (7,8,-1) (3,1,5)
D (6,7,8) (0,2,0)
D (9,10,11) (3,1,0)
D (12,13,-1) (2,1,4)
D (7,-1,-1) (5,3,0)
D (6,7,8) (4,3,4)
D (8,9,10) (0,5,2)
D (10,11,-1) (1,4,0)
D (8,-1,-1) (2,0,5)
D (8,-1,-1) (3,4,2)
D (13,-1,-1) (0,3,1)
D (6,7,8) (5,1,3)
D (6,7,-1) (2,4,3)
D (7,8,9) (4,5,1)
D (10,11,12) (0,0,1)
D (6,7,-1) (2,2,4)
D (6,7,8) (4,4,2)
D (12,13,-1) (3,3,4)
C 0 18
C 1 2
C 2 24
C 3 11
C 4 20
C 5 25
C 6 5
C 7 4
C 8 4
C 9 2
C 10 7
C 11 10
C 12 0
C 13 10
C 14 11
C 15 9
C 16 5
C 17 8
C 18 9
C 19 25
C 20 10
C 21 4
C 22 11
C 23 20
C 24 19
C 25 6
C 26 15
C 27 24
C 28 17
C 29 18
C 30 8
C 31 8
C 32 9
C 33 18
C 34 11
C 35 5
C 36 7
C 37 6
C 38 11
C 39 18
C 40 17
C 41 19
C 42 23
C 43 23
C 44 0
C 45 0
C 46 0
C 47 0
C 48 0
C 49 0
C 50 0
C 51 0
C 52 0
C 53 0
C 54 0
C 55 0
C 56 0
C 57 0
C 58 0
C 59 0
C 60 0
C 61 0
C 62 0
C 63 0
C 64 0
C 65 0
C 66 0
C 67 0
C 68 0
C 69 0
C 70 0
C 71 0
C 72 0
C 73 0
C 74 4
C 75 2
C 76 17
C 77 9
C 78 2
C 79 15
C 80 1
C 81 20
C 82 0
C 83 0
C 84 3
C 85 20
C 86 16
C 87 1
C 88 9
C 89 3
C 90 8
C 91 23
C 92 24
C 93 23
C 94 19
C 95 10
C 96 14
C 97 26
C 98 17
C 99 18
C 100 1
C 101 8
C 102 23
C 103 3
C 104 5
C 105 17
C 106 26
C 107 5
C 108 11
C 109 2
C 110 21
C 111 12
C 112 2
C 113 8
C 114 4
C 115 24
C 116 5
C 117 8
C 118 4
C 119 12
C 120 7
C 121 19
C 122 7
C 123 24
C 124 19
C 125 0
C 126 5
C 127 7
C 128 6
C 129 24
C 130 4
C 131 2
C 132 24
C 133 26
C 134 21
C 135 11
C 136 17
C 137 21
C 138 21
C 139 23
C 140 15
C 141 20
C 142 10
C 143 3
C 144 12
C 145 4
C 146 12
C 147 12
C 148 14
C 149 5
C 150 16
C 151 14
C 152 6
C 153 10
C 154 10
C 155 24
C 156 24
C 157 6
C 158 25
C 159 0
C 160 6
C 161 19
C 162 15
C 163 24
C 164 15
C 165 25
C 166 11
C 167 20
C 168 25
C 169 12
C 170 4
C 171 20
C 172 26
C 173 10
C 174 22
C 175 17
C 176 22
C 177 9
C 178 26
C 179 7
C 180 7
C 181 9
C 182 1
C 183 24
C 184 21
C 185 4
C 186 20
C 187 0
C 188 23
C 189 6
C 190 26
C 191 19
C 192 4
C 193 8
C 194 10
C 195 6
C 196 24
C 197 18
C 198 14
C 199 9
C 200 16
C 201 25
C 202 5
C 203 0
C 204 3
C 205 7
C 206 23
C 207 20
C 208 24
C 209 16
C 210 25
C 211 15
C 212 25
C 213 23
C 214 11
C 215 12
C 216 23
C 217 8
C 218 9
C 219 14
C 220 14
C 221 21
C 222 10
C 223 10
C 224 9
C 225 16
C 226 8
C 227 5
C 228 10
C 229 18
C 230 8
C 231 6
C 232 21
C 233 15
C 234 3
C 235 0
C 236 10
C 237 15
C 238 26
C 239 19
C 240 23
C 241 22
C 242 20
C 243 22
C 244 14
C 245 20
C 246 1
C 247 17
C 248 21
C 249 22
C 250 5
C 251 8
C 252 16
C 253 26
C 254 4
C 255 26
C 256 1
C 257 10
C 258 4
C 259 23
C 260 5
C 261 15
C 262 0
C 263 14
C 264 16
C 265 10
C 266 18
C 267 17
C 268 1
C 269 15
C 270 17
C 271 17
C 272 17
C 273 14
C 274 10
C 275 6
C 276 11
C 277 25
C 278 2
C 279 23
C 280 4
C 281 26
C 282 12
C 283 18
C 284 2
C 285 3
C 286 6
C 287 14
C 288 17
C 289 22
C 290 24
C 291 10
C 292 15
C 293 23
C 294 20
C 295 2
C 296 16
C 297 0
C 298 7
C 299 10
C 300 8
C 301 14
C 302 2
C 303 15
C 304 5
C 305 1
C 306 10
C 307 14
C 308 26
C 309 1
C 310 11
C 311 19
C 312 15
C 313 26
C 314 17
C 315 10
C 316 22
C 317 19
C 318 22
C 319 17
C 320 0
C 321 8
C 322 4
C 323 12
C 324 25
C 325 3
C 326 2
C 327 25
C 328 17
C 329 24
C 330 10
C 331 9
C 332 26
C 333 18
C 334 8
C 335 11
C 336 19
C 337 7
C 338 18
C 339 12
C 340 16
C 341 16
C 342 1
C 343 20
C 344 4
C 345 5
C 346 21
C 347 26
C 348 8
C 349 5
C 350 19
C 351 14
C 352 22
C 353 7
C 354 0
C 355 4
C 356 14
C 357 24
C 358 5
C 359 8
C 360 6
C 361 8
C 362 16
C 363 8
C 364 23
C 365 23
C 366 22
C 367 5
C 368 5
C 369 11
C 370 21
C 371 14
C 372 7
C 373 21
C 374 21
C 375 3
C 376 11
C 377 3
I 4 1 6 (5,4,3) (-1,0,1,0)
I 3 1 6 (5,4,3) (0,0,1,0)
I 0 2 2 (3,2,3) (1,0,1,0)|(0,-1,-1,0)|(0,0,-1,0)
