D (10,11,-1) (2,0,0)
D (11,12,-1) (4,4,1)
D (9,-1,-1) (0,4,1)
D (12,-1,-1) (0,0,0)
D (6,-1,-1) (2,0,5)
D (12,13,-1) (5,4,1)
D (8,-1,-1) (2,4,5)
D (11,12,13) (2,1,0)
D (7,8,9) (2,4,4)
D (12,-1,-1) (1,5,2)
D (7,-1,-1) (3,0,4)
D (8,-1,-1) (4,1,4)
D (12,13,-1) (5,5,2)
D (9,10,-1) (1,4,4)
D (9,-1,-1) (3,1,5)
D (6,7,-1) (3,1,0)
D (12,-1,-1) (0,0,2)
D (8,-1,-1) (2,0,3)
D (8,9,10) (2,2,2)
D (9,-1,-1) (0,4,4)
D (6,-1,-1) (5,1,1)
D (10,-1,-1) (5,4,3)
D (10,11,12) (0,0,4)
D (7,8,-1) (1,5,4)
D (11,12,-1) (1,1,3)
D (10,11,-1) (4,5,5)
D (9,10,11) (2,1,4)
D (6,-1,-1) (5,1,5)
D (11,-1,-1) (3,4,5)
D (13,-1,-1) (3,3,1)
D (11,12,-1) (4,1,5)
D (6,7,8) (0,1,0)
D (6,7,8) (4,2,5)
D (11,12,-1) (5,0,4)
D (8,-1,-1) (3,1,2)
D (11,12,-1) (1,5,0)
D (7,-1,-1) (0,4,0)
D (6,7,8) (0,4,2)
D (13,-1,-1) (0,2,0)
D (11,-1,-1) (4,3,4)
D (9,-1,-1) (1,0,5)
D (6,7,-1) (1,3,2)
D (7,8,-1) (2,2,0)
D (11,12,13) (5,4,5)
D (8,9,10) (4,4,4)
D (9,10,11) (3,5,3)
D (7,8,-1) (5,2,1)
D (12,13,-1) (5,3,1)
D (11,12,13) (1,5,1)
D (10,11,-1) (2,3,2)
D (10,11,-1) (3,1,3)
D (13,-1,-1) (2,0,1)
D (9,-1,-1) (1,2,5)
D (6,7,-1) (1,2,1)
D (10,11,-1) (0,3,5)
C 0 20
C 1 25
C 2 7
C 3 21
C 4 25
C 5 0
C 6 0
C 7 0
C 8 0
C 9 0
C 10 0
C 11 0
C 12 0
C 13 0
C 14 0
C 15 0
C 16 0
C 17 0
C 18 0
C 19 0
C 20 0
C 21 0
C 22 0
C 23 0
C 24 0
C 25 0
C 26 0
C 27 0
C 28 0
C 29 0
C 30 0
C 31 0
C 32 0
C 33 0
C 34 0
C 35 0
C 36 0
C 37 0
C 38 0
C 39 0
C 40 0
C 41 0
C 42 0
C 43 0
C 44 0
C 45 0
C 46 0
C 47 0
C 48 0
C 49 0
C 50 0
C 51 0
C 52 0
C 53 0
C 54 0
C 55 0
C 56 0
C 57 0
C 58 0
C 59 0
C 60 0
C 61 0
C 62 0
C 63 0
C 64 0
C 65 0
C 66 0
C 67 0
C 68 0
C 69 0
C 70 0
C 71 0
C 72 0
C 73 0
C 74 0
C 75 0
C 76 0
C 77 0
C 78 0
C 79 0
C 80 0
C 81 0
C 82 0
C 83 0
C 84 0
C 85 0
C 86 0
C 87 0
C 88 0
C 89 0
C 90 0
C 91 0
C 92 0
C 93 0
C 94 0
C 95 0
C 96 0
C 97 0
C 98 0
C 99 0
C 100 23
C 101 3
C 102 3
C 103 17
C 104 4
C 105 15
C 106 8
C 107 10
C 108 24
C 109 0
C 110 15
C 111 10
C 112 9
C 113 0
C 114 15
C 115 20
C 116 16
C 117 15
C 118 20
C 119 19
C 120 23
C 121 7
C 122 21
C 123 6
C 124 25
C 125 4
C 126 12
C 127 4
C 128 4
C 129 24
C 130 3
C 131 11
C 132 26
C 133 17
C 134 10
C 135 15
C 136 20
C 137 24
C 138 25
C 139 3
C 140 23
C 141 17
C 142 10
C 143 8
C 144 22
C 145 11
C 146 20
C 147 19
C 148 24
C 149 23
C 150 22
C 151 23
C 152 18
C 153 8
C 154 21
C 155 0
C 156 19
C 157 8
C 158 20
C 159 21
C 160 5
C 161 24
C 162 22
C 163 9
C 164 19
C 165 15
C 166 17
C 167 16
C 168 22
C 169 25
C 170 3
C 171 20
C 172 0
C 173 0
C 174 0
C 175 0
C 176 0
C 177 0
C 178 0
C 179 0
C 180 0
C 181 0
C 182 0
C 183 0
C 184 0
C 185 0
C 186 0
C 187 0
C 188 0
C 189 0
C 190 0
C 191 0
C 192 0
C 193 0
C 194 0
C 195 0
C 196 0
C 197 0
C 198 0
C 199 0
C 200 0
C 201 0
C 202 0
C 203 0
C 204 0
C 205 0
C 206 0
C 207 0
C 208 0
C 209 0
C 210 0
C 211 0
C 212 0
C 213 0
C 214 0
C 215 0
C 216 0
C 217 0
C 218 0
C 219 0
C 220 0
C 221 0
C 222 0
C 223 0
C 224 0
C 225 0
C 226 0
C 227 0
C 228 0
C 229 0
C 230 0
C 231 0
C 232 0
C 233 0
C 234 0
C 235 0
C 236 0
C 237 0
C 238 0
C 239 0
C 240 0
C 241 0
C 242 0
C 243 0
C 244 0
C 245 0
C 246 0
C 247 0
C 248 0
C 249 0
C 250 0
C 251 0
C 252 0
C 253 0
C 254 0
C 255 0
C 256 0
C 257 0
C 258 0
C 259 0
C 260 0
C 261 9
C 262 3
C 263 9
C 264 24
C 265 17
C 266 5
C 267 17
C 268 1
C 269 1
C 270 14
C 271 4
C 272 18
C 273 20
C 274 20
C 275 2
C 276 12
C 277 20
C 278 24
C 279 25
C 280 2
C 281 8
C 282 26
C 283 12
C 284 9
C 285 4
C 286 22
C 287 2
C 288 23
C 289 21
C 290 7
C 291 19
C 292 9
C 293 23
C 294 19
C 295 3
C 296 12
C 297 25
C 298 9
C 299 22
C 300 11
C 301 17
C 302 8
C 303 25
C 304 6
C 305 25
C 306 16
C 307 8
C 308 26
C 309 20
C 310 19
C 311 22
C 312 22
C 313 18
C 314 24
C 315 0
C 316 26
C 317 22
C 318 17
C 319 9
C 320 5
C 321 18
C 322 0
C 323 9
C 324 19
C 325 2
C 326 3
C 327 2
C 328 7
C 329 6
C 330 5
C 331 7
C 332 7
C 333 17
C 334 11
C 335 21
C 336 18
C 337 18
C 338 2
C 339 2
C 340 10
C 341 9
C 342 2
C 343 16
C 344 12
C 345 0
C 346 0
C 347 26
C 348 15
C 349 18
C 350 22
C 351 8
C 352 22
C 353 19
C 354 10
C 355 12
C 356 21
C 357 6
C 358 3
C 359 17
C 360 17
C 361 24
C 362 11
C 363 23
C 364 22
C 365 11
C 366 19
C 367 12
C 368 22
C 369 3
C 370 0
C 371 18
C 372 6
C 373 23
C 374 17
C 375 15
C 376 14
C 377 19
I 0 1 6 (5,5,4) (1,0,1,0)
I 0 2 9 (3,4,3) (0,-1,-1,0)
I 0 1 6 (5,5,4) (1,0,1,0)|(1,-1,0,0)
