D (6,7,8) (5,4,5)
D (7,8,11) (5,2,5)
D (6,7,8) (2,3,1)
D (11,-1,-1) (2,2,1)
D (9,10,11) (1,3,2)
D (7,8,9) (4,5,1)
D (7,8,-1) (4,2,2)
D (8,9,-1) (4,5,0)
D (13,-1,-1) (2,5,3)
D (13,-1,-1) (3,1,0)
D (8,9,10) (5,1,0)
D (8,9,10) (2,5,0)
D (13,-1,-1) (5,4,4)
D (13,-1,-1) (5,0,5)
D (6,7,-1) (5,2,2)
D (13,-1,-1) (2,2,3)
D (9,10,-1) (1,2,4)
D (6,7,8) (4,4,4)
D (11,12,13) (5,4,3)
D (6,7,-1) (1,2,5)
D (9,-1,-1) (2,1,3)
D (13,-1,-1) (1,3,0)
D (9,10,-1) (2,4,1)
D (8,9,-1) (3,3,5)
D (11,-1,-1) (2,5,5)
D (8,-1,-1) (5,0,2)
D (13,-1,-1) (0,1,5)
D (12,-1,-1) (0,1,0)
D (9,10,-1) (5,3,1)
D (9,-1,-1) (0,0,4)
D (7,-1,-1) (1,1,2)
D (6,7,-1) (2,2,0)
D (13,-1,-1) (0,5,2)
D (11,-1,-1) (2,3,2)
D (10,11,-1) (5,2,3)
D (6,7,-1) (0,0,0)
D (10,-1,-1) (0,5,0)
D (9,-1,-1) (5,1,2)
D (8,-1,-1) (3,2,2)
D (8,-1,-1) (4,1,3)
D (13,-1,-1) (3,0,4)
D (13,-1,-1) (2,3,0)
D (8,-1,-1) (5,3,0)
D (6,-1,-1) (3,2,4)
D (11,-1,-1) (3,5,0)
D (13,-1,-1) (1,0,4)
D (10,11,-1) (2,3,5)
C 0 5
C 1 14
C 2 25
C 3 16
C 4 12
C 5 23
C 6 3
C 7 22
C 8 14
C 9 26
C 10 8
C 11 12
C 12 24
C 13 12
C 14 15
C 15 21
C 16 12
C 17 1
C 18 2
C 19 8
C 20 0
C 21 0
C 22 0
C 23 0
C 24 0
C 25 0
C 26 0
C 27 0
C 28 0
C 29 0
C 30 0
C 31 0
C 32 0
C 33 0
C 34 0
C 35 0
C 36 0
C 37 0
C 38 0
C 39 0
C 40 0
C 41 0
C 42 0
C 43 0
C 44 0
C 45 0
C 46 0
C 47 0
C 48 0
C 49 0
C 50 0
C 51 0
C 52 0
C 53 0
C 54 0
C 55 0
C 56 0
C 57 0
C 58 0
C 59 0
C 60 0
C 61 0
C 62 0
C 63 0
C 64 0
C 65 0
C 66 0
C 67 0
C 68 0
C 69 0
C 70 0
C 71 0
C 72 0
C 73 0
C 74 0
C 75 0
C 76 0
C 77 3
C 78 19
C 79 0
C 80 25
C 81 5
C 82 10
C 83 1
C 84 10
C 85 20
C 86 20
C 87 18
C 88 3
C 89 4
C 90 19
C 91 22
C 92 9
C 93 7
C 94 21
C 95 21
C 96 8
C 97 23
C 98 3
C 99 17
C 100 5
C 101 26
C 102 11
C 103 6
C 104 17
C 105 24
C 106 6
C 107 4
C 108 12
C 109 3
C 110 12
C 111 2
C 112 25
C 113 25
C 114 12
C 115 0
C 116 14
C 117 5
C 118 15
C 119 22
C 120 25
C 121 15
C 122 21
C 123 26
C 124 7
C 125 3
C 126 11
C 127 9
C 128 8
C 129 9
C 130 9
C 131 5
C 132 10
C 133 9
C 134 17
C 135 3
C 136 19
C 137 20
C 138 26
C 139 25
C 140 8
C 141 18
C 142 0
C 143 0
C 144 0
C 145 0
C 146 0
C 147 0
C 148 0
C 149 0
C 150 0
C 151 0
C 152 0
C 153 0
C 154 0
C 155 0
C 156 0
C 157 0
C 158 0
C 159 0
C 160 0
C 161 0
C 162 0
C 163 0
C 164 0
C 165 0
C 166 0
C 167 0
C 168 0
C 169 0
C 170 0
C 171 0
C 172 0
C 173 0
C 174 0
C 175 0
C 176 0
C 177 0
C 178 0
C 179 0
C 180 0
C 181 0
C 182 0
C 183 0
C 184 0
C 185 0
C 186 0
C 187 0
C 188 0
C 189 0
C 190 0
C 191 0
C 192 0
C 193 0
C 194 0
C 195 0
C 196 0
C 197 0
C 198 0
C 199 0
C 200 0
C 201 0
C 202 0
C 203 0
C 204 0
C 205 0
C 206 0
C 207 0
C 208 0
C 209 0
C 210 0
C 211 0
C 212 0
C 213 0
C 214 0
C 215 0
C 216 0
C 217 0
C 218 0
C 219 0
C 220 0
C 221 0
C 222 0
C 223 0
C 224 0
C 225 0
C 226 0
C 227 0
C 228 0
C 229 0
C 230 0
C 231 0
C 232 0
C 233 0
C 234 0
C 235 0
C 236 0
C 237 0
C 238 0
C 239 0
C 240 0
C 241 0
C 242 0
C 243 0
C 244 0
C 245 0
C 246 26
C 247 1
C 248 7
C 249 1
C 250 0
C 251 12
C 252 0
C 253 0
C 254 0
C 255 0
C 256 0
C 257 0
C 258 0
C 259 0
C 260 0
C 261 0
C 262 0
C 263 0
C 264 0
C 265 0
C 266 10
C 267 21
C 268 10
C 269 0
C 270 5
C 271 24
C 272 11
C 273 24
C 274 2
C 275 16
C 276 11
C 277 9
C 278 15
C 279 0
C 280 2
C 281 8
C 282 25
C 283 0
C 284 16
C 285 21
C 286 19
C 287 26
C 288 25
C 289 2
C 290 21
C 291 18
C 292 5
C 293 1
C 294 22
C 295 20
C 296 4
C 297 26
C 298 10
C 299 25
C 300 6
C 301 26
C 302 0
C 303 0
C 304 0
C 305 0
C 306 0
C 307 0
C 308 0
C 309 0
C 310 0
C 311 0
C 312 0
C 313 0
C 314 0
C 315 0
C 316 0
C 317 0
C 318 0
C 319 0
C 320 0
C 321 20
C 322 6
C 323 2
C 324 22
C 325 11
C 326 10
C 327 8
C 328 22
C 329 16
C 330 5
C 331 23
C 332 6
C 333 20
C 334 18
C 335 2
C 336 0
C 337 14
C 338 21
C 339 7
C 340 1
C 341 4
C 342 15
C 343 6
C 344 23
C 345 9
C 346 10
C 347 26
C 348 4
C 349 21
C 350 3
C 351 16
C 352 21
C 353 24
C 354 20
C 355 23
C 356 25
C 357 6
C 358 6
C 359 2
C 360 7
C 361 15
C 362 23
C 363 8
C 364 19
C 365 0
C 366 0
C 367 0
C 368 0
C 369 0
C 370 0
C 371 0
C 372 0
C 373 0
C 374 0
C 375 0
C 376 4
C 377 12
I 0 2 4 (0,1,1) (1,1,0,0)
I 1 2 1 (4,5,1) (1,-1,1,0)
I 3 2 1 (3,3,2) (0,1,1,0)|(1,-1,0,0)
