D (9,10,11) (5,3,0)
D (11,-1,-1) (2,2,2)
D (12,13,-1) (5,5,2)
D (7,8,-1) (0,5,2)
D (11,12,13) (2,1,3)
D (11,-1,-1) (2,0,1)
D (9,10,11) (4,0,1)
D (8,9,10) (0,2,2)
D (10,-1,-1) (1,1,5)
D (10,-1,-1) (0,3,5)
D (9,10,11) (3,2,0)
D (13,-1,-1) (3,0,3)
D (11,12,-1) (3,5,2)
D (11,-1,-1) (0,4,1)
D (11,12,13) (3,2,5)
D (8,9,-1) (0,4,4)
D (6,7,-1) (1,4,3)
D (11,12,-1) (3,5,0)
D (12,13,-1) (5,2,2)
D (12,13,-1) (5,0,0)
D (13,-1,-1) (5,4,4)
D (9,10,-1) (1,0,5)
D (11,-1,-1) (3,2,1)
D (12,13,-1) (4,1,4)
D (8,9,-1) (4,2,5)
D (11,12,-1) (4,5,3)
D (6,7,-1) (5,1,5)
D (6,7,8) (3,0,1)
D (13,-1,-1) (1,4,5)
D (12,13,-1) (1,1,0)
D (8,-1,-1) (4,2,2)
D (9,10,-1) (4,2,4)
D (13,-1,-1) (1,5,4)
D (9,-1,-1) (3,5,1)
D (12,-1,-1) (3,1,2)
D (8,9,10) (4,0,0)
D (13,-1,-1) (0,0,5)
D (9,10,11) (5,3,4)
D (6,7,-1) (0,2,0)
D (8,9,-1) (0,0,4)
D (11,12,13) (0,5,4)
D (7,8,-1) (0,5,0)
C 0 10
C 1 24
C 2 19
C 3 11
C 4 21
C 5 25
C 6 18
C 7 19
C 8 12
C 9 6
C 10 25
C 11 8
C 12 26
C 13 8
C 14 18
C 15 11
C 16 1
C 17 18
C 18 15
C 19 22
C 20 7
C 21 1
C 22 1
C 23 25
C 24 8
C 25 7
C 26 25
C 27 8
C 28 19
C 29 11
C 30 15
C 31 10
C 32 24
C 33 4
C 34 9
C 35 7
C 36 15
C 37 20
C 38 23
C 39 10
C 40 8
C 41 22
C 42 7
C 43 25
C 44 16
C 45 2
C 46 17
C 47 2
C 48 19
C 49 25
C 50 14
C 51 21
C 52 6
C 53 15
C 54 3
C 55 23
C 56 11
C 57 17
C 58 17
C 59 4
C 60 6
C 61 7
C 62 18
C 63 2
C 64 21
C 65 14
C 66 6
C 67 26
C 68 12
C 69 14
C 70 9
C 71 26
C 72 16
C 73 20
C 74 9
C 75 17
C 76 5
C 77 2
C 78 9
C 79 9
C 80 4
C 81 25
C 82 6
C 83 8
C 84 9
C 85 22
C 86 7
C 87 2
C 88 1
C 89 26
C 90 3
C 91 6
C 92 4
C 93 9
C 94 6
C 95 0
C 96 5
C 97 16
C 98 21
C 99 8
C 100 26
C 101 22
C 102 17
C 103 8
C 104 1
C 105 10
C 106 0
C 107 25
C 108 21
C 109 16
C 110 3
C 111 19
C 112 12
C 113 4
C 114 15
C 115 18
C 116 4
C 117 24
C 118 5
C 119 9
C 120 24
C 121 7
C 122 2
C 123 9
C 124 21
C 125 9
C 126 25
C 127 8
C 128 14
C 129 10
C 130 15
C 131 15
C 132 0
C 133 1
C 134 22
C 135 9
C 136 19
C 137 8
C 138 22
C 139 4
C 140 7
C 141 12
C 142 7
C 143 8
C 144 21
C 145 3
C 146 9
C 147 11
C 148 0
C 149 3
C 150 0
C 151 19
C 152 9
C 153 0
C 154 2
C 155 16
C 156 20
C 157 10
C 158 23
C 159 26
C 160 21
C 161 1
C 162 21
C 163 4
C 164 11
C 165 3
C 166 19
C 167 21
C 168 7
C 169 20
C 170 4
C 171 0
C 172 4
C 173 23
C 174 10
C 175 23
C 176 23
C 177 17
C 178 25
C 179 5
C 180 14
C 181 11
C 182 2
C 183 12
C 184 11
C 185 1
C 186 6
C 187 9
C 188 21
C 189 19
C 190 23
C 191 20
C 192 9
C 193 18
C 194 14
C 195 14
C 196 7
C 197 8
C 198 11
C 199 14
C 200 9
C 201 3
C 202 9
C 203 7
C 204 15
C 205 21
C 206 5
C 207 22
C 208 3
C 209 19
C 210 16
C 211 16
C 212 10
C 213 3
C 214 2
C 215 23
C 216 3
C 217 2
C 218 26
C 219 2
C 220 22
C 221 16
C 222 26
C 223 16
C 224 2
C 225 18
C 226 9
C 227 11
C 228 7
C 229 3
C 230 14
C 231 18
C 232 26
C 233 20
C 234 4
C 235 22
C 236 3
C 237 7
C 238 6
C 239 0
C 240 24
C 241 9
C 242 20
C 243 17
C 244 5
C 245 14
C 246 10
C 247 24
C 248 0
C 249 0
C 250 0
C 251 0
C 252 0
C 253 0
C 254 0
C 255 0
C 256 0
C 257 0
C 258 0
C 259 0
C 260 0
C 261 0
C 262 0
C 263 0
C 264 0
C 265 0
C 266 0
C 267 0
C 268 0
C 269 0
C 270 0
C 271 0
C 272 0
C 273 0
C 274 0
C 275 0
C 276 0
C 277 0
C 278 0
C 279 0
C 280 0
C 281 0
C 282 0
C 283 0
C 284 0
C 285 0
C 286 0
C 287 0
C 288 0
C 289 26
C 290 3
C 291 22
C 292 8
C 293 26
C 294 5
C 295 5
C 296 1
C 297 19
C 298 7
C 299 20
C 300 26
C 301 0
C 302 12
C 303 15
C 304 9
C 305 8
C 306 5
C 307 3
C 308 26
C 309 9
C 310 16
C 311 5
C 312 15
C 313 14
C 314 1
C 315 15
C 316 8
C 317 6
C 318 15
C 319 21
C 320 21
C 321 23
C 322 9
C 323 10
C 324 14
C 325 24
C 326 17
C 327 17
C 328 1
C 329 4
C 330 0
C 331 0
C 332 0
C 333 0
C 334 0
C 335 0
C 336 0
C 337 0
C 338 0
C 339 0
C 340 0
C 341 0
C 342 0
C 343 0
C 344 0
C 345 8
C 346 6
C 347 21
C 348 19
C 349 0
C 350 8
C 351 19
C 352 11
C 353 5
C 354 20
C 355 11
C 356 22
C 357 9
C 358 7
C 359 18
C 360 20
C 361 4
C 362 1
C 363 14
C 364 24
C 365 23
C 366 14
C 367 25
C 368 15
C 369 3
C 370 10
C 371 15
C 372 21
C 373 19
C 374 4
C 375 20
C 376 8
C 377 22
I 0 1 2 (5,2,1) (-1,-1,0,0)|(-1,-1,1,0)|(1,0,0,0)
I 5 2 12 (4,4,4) (0,0,0,0)|(0,1,1,0)|(0,1,1,0)|(0,0,1,0)
I 0 1 16 (5,2,2) (0,-1,0,0)|(1,0,-1,0)
