D (6,7,8) (2,4,5)
D (12,-1,-1) (3,3,0)
D (7,8,9) (3,4,3)
D (9,10,-1) (2,5,2)
D (11,12,13) (5,2,4)
D (9,10,11) (4,5,4)
D (10,-1,-1) (5,5,2)
D (6,7,8) (3,1,5)
D (11,12,13) (0,4,4)
D (7,-1,-1) (5,5,3)
D (7,-1,-1) (2,1,0)
D (8,9,-1) (4,1,3)
D (9,-1,-1) (3,3,5)
D (6,7,8) (3,3,3)
D (8,-1,-1) (1,3,5)
D (9,10,11) (2,2,3)
D (10,11,-1) (0,3,1)
D (8,9,10) (2,2,0)
D (6,-1,-1) (4,3,4)
D (7,8,-1) (0,3,5)
D (9,-1,-1) (5,3,4)
D (13,-1,-1) (1,1,2)
D (12,13,-1) (2,1,2)
D (6,-1,-1) (0,5,2)
D (13,-1,-1) (5,4,4)
D (13,-1,-1) (4,0,1)
D (11,-1,-1) (0,1,1)
D (11,12,13) (0,4,2)
D (11,-1,-1) (0,5,3)
D (10,-1,-1) (4,0,2)
D (13,-1,-1) (3,1,2)
D (9,10,-1) (0,2,4)
D (9,10,-1) (1,1,5)
D (7,-1,-1) (1,4,3)
D (13,-1,-1) (2,5,5)
D (6,7,-1) (0,0,1)
D (13,-1,-1) (5,1,5)
D (10,-1,-1) (1,3,1)
D (7,8,-1) (5,3,1)
D (6,7,8) (1,3,0)
D (11,-1,-1) (1,5,5)
D (12,13,-1) (4,1,0)
D (12,13,-1) (0,5,4)
D (12,13,-1) (1,4,1)
D (8,9,10) (5,0,4)
D (10,11,12) (5,5,0)
D (6,7,-1) (0,0,2)
D (8,-1,-1) (1,0,3)
D (8,-1,-1) (0,1,3)
D (10,11,12) (4,2,0)
D (11,12,13) (3,4,4)
D (7,8,-1) (2,2,4)
D (12,-1,-1) (1,0,2)
D (10,-1,-1) (5,3,5)
D (6,-1,-1) (2,3,2)
D (7,8,-1) (2,4,3)
D (11,-1,-1) (0,5,1)
C 0 10
C 1 4
C 2 1
C 3 24
C 4 19
C 5 0
C 6 0
C 7 24
C 8 24
C 9 8
C 10 15
C 11 4
C 12 9
C 13 0
C 14 21
C 15 16
C 16 8
C 17 16
C 18 25
C 19 4
C 20 4
C 21 0
C 22 16
C 23 26
C 24 16
C 25 10
C 26 19
C 27 26
C 28 23
C 29 1
C 30 1
C 31 12
C 32 21
C 33 24
C 34 19
C 35 17
C 36 24
C 37 6
C 38 25
C 39 22
C 40 24
C 41 19
C 42 19
C 43 23
C 44 0
C 45 4
C 46 23
C 47 2
C 48 21
C 49 5
C 50 7
C 51 19
C 52 1
C 53 10
C 54 6
C 55 0
C 56 0
C 57 0
C 58 0
C 59 0
C 60 0
C 61 0
C 62 0
C 63 0
C 64 0
C 65 0
C 66 0
C 67 0
C 68 0
C 69 0
C 70 0
C 71 0
C 72 0
C 73 0
C 74 0
C 75 0
C 76 0
C 77 0
C 78 0
C 79 0
C 80 0
C 81 0
C 82 0
C 83 0
C 84 0
C 85 0
C 86 0
C 87 0
C 88 0
C 89 0
C 90 0
C 91 0
C 92 0
C 93 0
C 94 0
C 95 0
C 96 0
C 97 0
C 98 0
C 99 0
C 100 0
C 101 0
C 102 0
C 103 0
C 104 0
C 105 0
C 106 0
C 107 0
C 108 0
C 109 0
C 110 0
C 111 0
C 112 9
C 113 26
C 114 6
C 115 10
C 116 22
C 117 9
C 118 16
C 119 6
C 120 20
C 121 11
C 122 4
C 123 12
C 124 1
C 125 0
C 126 9
C 127 3
C 128 18
C 129 26
C 130 6
C 131 14
C 132 17
C 133 17
C 134 5
C 135 20
C 136 17
C 137 10
C 138 24
C 139 11
C 140 17
C 141 23
C 142 22
C 143 10
C 144 6
C 145 7
C 146 12
C 147 15
C 148 17
C 149 17
C 150 1
C 151 0
C 152 12
C 153 10
C 154 9
C 155 8
C 156 25
C 157 11
C 158 11
C 159 26
C 160 15
C 161 8
C 162 24
C 163 15
C 164 12
C 165 25
C 166 1
C 167 16
C 168 7
C 169 5
C 170 18
C 171 2
C 172 23
C 173 9
C 174 6
C 175 17
C 176 0
C 177 7
C 178 14
C 179 15
C 180 21
C 181 6
C 182 14
C 183 19
C 184 24
C 185 25
C 186 14
C 187 4
C 188 3
C 189 3
C 190 4
C 191 10
C 192 9
C 193 9
C 194 17
C 195 3
C 196 0
C 197 18
C 198 8
C 199 19
C 200 12
C 201 17
C 202 19
C 203 0
C 204 14
C 205 18
C 206 21
C 207 15
C 208 26
C 209 4
C 210 23
C 211 19
C 212 16
C 213 26
C 214 17
C 215 3
C 216 22
C 217 0
C 218 26
C 219 24
C 220 10
C 221 10
C 222 5
C 223 2
C 224 26
C 225 25
C 226 1
C 227 6
C 228 24
C 229 0
C 230 19
C 231 21
C 232 18
C 233 6
C 234 22
C 235 26
C 236 20
C 237 16
C 238 20
C 239 6
C 240 10
C 241 21
C 242 5
C 243 8
C 244 9
C 245 10
C 246 26
C 247 12
C 248 16
C 249 7
C 250 4
C 251 22
C 252 14
C 253 6
C 254 19
C 255 26
C 256 4
C 257 5
C 258 7
C 259 3
C 260 5
C 261 15
C 262 17
C 263 18
C 264 20
C 265 11
C 266 19
C 267 19
C 268 20
C 269 8
C 270 7
C 271 12
C 272 24
C 273 16
C 274 6
C 275 22
C 276 3
C 277 5
C 278 26
C 279 23
C 280 3
C 281 26
C 282 19
C 283 21
C 284 18
C 285 23
C 286 9
C 287 9
C 288 7
C 289 6
C 290 21
C 291 26
C 292 26
C 293 8
C 294 17
C 295 5
C 296 11
C 297 19
C 298 3
C 299 1
C 300 7
C 301 18
C 302 19
C 303 10
C 304 5
C 305 9
C 306 14
C 307 4
C 308 9
C 309 5
C 310 12
C 311 19
C 312 7
C 313 6
C 314 6
C 315 0
C 316 18
C 317 7
C 318 15
C 319 26
C 320 1
C 321 26
C 322 1
C 323 24
C 324 5
C 325 22
C 326 10
C 327 17
C 328 12
C 329 3
C 330 7
C 331 20
C 332 0
C 333 20
C 334 15
C 335 2
C 336 14
C 337 15
C 338 6
C 339 25
C 340 23
C 341 26
C 342 6
C 343 21
C 344 18
C 345 25
C 346 14
C 347 3
C 348 15
C 349 12
C 350 16
C 351 24
C 352 4
C 353 12
C 354 17
C 355 19
C 356 24
C 357 18
C 358 12
C 359 12
C 360 10
C 361 12
C 362 15
C 363 11
C 364 10
C 365 22
C 366 19
C 367 2
C 368 5
C 369 12
C 370 26
C 371 12
C 372 3
C 373 12
C 374 23
C 375 7
C 376 21
C 377 23
I 2 3 20 (1,1,1) (1,1,1,0)|(-1,-1,0,0)
I 5 1 19 (3,0,1) (0,1,-1,0)
I 3 1 5 (3,1,0) (0,-1,-1,0)|(1,1,0,0)|(-1,1,-1,0)|(0,-1,0,0)
