D (10,11,12) (2,4,4)
D (6,-1,-1) (3,4,5)
D (9,10,11) (4,2,2)
D (12,13,-1) (4,0,5)
D (6,-1,-1) (4,1,3)
D (12,13,-1) (2,0,0)
D (13,-1,-1) (2,2,5)
D (8,-1,-1) (3,4,3)
D (9,10,-1) (1,5,3)
D (11,12,-1) (3,0,3)
D (12,13,-1) (1,3,0)
D (12,-1,-1) (4,5,2)
D (9,10,11) (1,4,0)
D (7,8,-1) (4,1,5)
D (8,9,-1) (4,4,2)
D (10,11,12) (2,3,4)
D (10,11,12) (5,2,3)
D (6,7,-1) (4,3,0)
D (13,-1,-1) (4,0,1)
D (6,-1,-1) (1,5,2)
D (13,-1,-1) (4,4,3)
D (7,8,9) (3,2,0)
D (9,-1,-1) (2,2,4)
D (8,9,10) (0,5,5)
D (13,-1,-1) (4,2,5)
D (12,-1,-1) (5,1,4)
D (8,-1,-1) (5,2,0)
D (9,10,11) (5,0,1)
D (10,11,12) (1,2,4)
D (10,11,-1) (1,3,5)
D (8,-1,-1) (0,5,3)
D (9,10,-1) (0,3,5)
D (9,10,11) (1,4,4)
D (7,-1,-1) (0,4,2)
D (9,10,-1) (5,5,2)
D (7,8,9) (5,2,2)
D (8,-1,-1) (5,3,4)
D (9,10,-1) (0,0,0)
D (10,11,12) (3,1,0)
D (12,13,-1) (1,5,0)
D (8,9,10) (5,3,3)
D (7,8,9) (4,5,1)
D (7,8,9) (0,1,3)
D (11,12,13) (1,0,1)
D (7,8,-1) (0,1,1)
D (6,7,8) (1,4,5)
D (10,-1,-1) (4,4,4)
D (10,11,12) (2,0,1)
D (6,-1,-1) (0,0,2)
D (10,11,-1) (1,1,2)
D (10,-1,-1) (4,5,3)
D (13,-1,-1) (0,4,0)
D (13,-1,-1) (4,4,0)
D (8,-1,-1) (4,3,4)
D (13,-1,-1) (5,3,0)
D (8,9,10) (4,2,3)
D (11,12,13) (3,5,5)
D (9,10,-1) (0,2,3)
D (7,8,9) (3,3,1)
D (9,-1,-1) (1,0,4)
D (12,-1,-1) (5,4,3)
D (6,7,8) (5,5,5)
D (8,9,-1) (1,2,0)
D (9,10,-1) (0,3,2)
D (10,11,12) (2,2,2)
D (8,9,10) (0,2,2)
D (7,-1,-1) (3,5,2)
D (10,11,-1) (2,3,2)
D (11,12,13) (0,2,4)
D (6,7,8) (1,3,1)
D (6,-1,-1) (2,2,3)
D (7,8,-1) (5,1,5)
D (11,12,-1) (1,0,5)
C 0 5
C 1 3
C 2 1
C 3 5
C 4 1
C 5 22
C 6 10
C 7 15
C 8 19
C 9 23
C 10 0
C 11 9
C 12 3
C 13 17
C 14 1
C 15 25
C 16 21
C 17 23
C 18 22
C 19 17
C 20 24
C 21 25
C 22 15
C 23 19
C 24 1
C 25 4
C 26 24
C 27 6
C 28 16
C 29 14
C 30 22
C 31 1
C 32 10
C 33 23
C 34 3
C 35 17
C 36 4
C 37 15
C 38 24
C 39 8
C 40 25
C 41 24
C 42 11
C 43 14
C 44 3
C 45 9
C 46 16
C 47 22
C 48 4
C 49 26
C 50 2
C 51 23
C 52 8
C 53 7
C 54 20
C 55 4
C 56 25
C 57 2
C 58 16
C 59 23
C 60 11
C 61 23
C 62 8
C 63 8
C 64 25
C 65 8
C 66 3
C 67 16
C 68 12
C 69 11
C 70 20
C 71 24
C 72 24
C 73 24
C 74 7
C 75 10
C 76 4
C 77 7
C 78 12
C 79 17
C 80 10
C 81 11
C 82 14
C 83 12
C 84 1
C 85 21
C 86 25
C 87 21
C 88 1
C 89 21
C 90 11
C 91 3
C 92 7
C 93 22
C 94 14
C 95 26
C 96 11
C 97 16
C 98 18
C 99 14
C 100 20
C 101 19
C 102 2
C 103 20
C 104 18
C 105 24
C 106 4
C 107 21
C 108 1
C 109 26
C 110 24
C 111 9
C 112 23
C 113 26
C 114 22
C 115 25
C 116 21
C 117 14
C 118 0
C 119 17
C 120 24
C 121 9
C 122 8
C 123 20
C 124 19
C 125 9
C 126 10
C 127 18
C 128 19
C 129 2
C 130 21
C 131 21
C 132 23
C 133 4
C 134 6
C 135 10
C 136 19
C 137 16
C 138 6
C 139 1
C 140 19
C 141 25
C 142 7
C 143 3
C 144 10
C 145 16
C 146 25
C 147 5
C 148 4
C 149 23
C 150 7
C 151 6
C 152 14
C 153 6
C 154 0
C 155 0
C 156 9
C 157 24
C 158 7
C 159 17
C 160 12
C 161 26
C 162 26
C 163 10
C 164 11
C 165 6
C 166 23
C 167 3
C 168 25
C 169 4
C 170 23
C 171 7
C 172 11
C 173 21
C 174 11
C 175 1
C 176 10
C 177 3
C 178 16
C 179 5
C 180 16
C 181 12
C 182 17
C 183 25
C 184 5
C 185 8
C 186 24
C 187 20
C 188 24
C 189 22
C 190 6
C 191 8
C 192 19
C 193 3
C 194 7
C 195 5
C 196 4
C 197 16
C 198 9
C 199 6
C 200 15
C 201 26
C 202 0
C 203 0
C 204 0
C 205 0
C 206 0
C 207 0
C 208 0
C 209 0
C 210 0
C 211 0
C 212 0
C 213 0
C 214 0
C 215 0
C 216 0
C 217 0
C 218 0
C 219 0
C 220 0
C 221 25
C 222 4
C 223 6
C 224 12
C 225 26
C 226 23
C 227 3
C 228 19
C 229 10
C 230 0
C 231 0
C 232 0
C 233 0
C 234 0
C 235 0
C 236 0
C 237 0
C 238 0
C 239 0
C 240 0
C 241 0
C 242 0
C 243 0
C 244 0
C 245 0
C 246 0
C 247 0
C 248 0
C 249 0
C 250 0
C 251 0
C 252 0
C 253 0
C 254 0
C 255 0
C 256 0
C 257 0
C 258 0
C 259 0
C 260 0
C 261 0
C 262 0
C 263 0
C 264 0
C 265 0
C 266 0
C 267 0
C 268 0
C 269 0
C 270 0
C 271 0
C 272 0
C 273 0
C 274 0
C 275 0
C 276 0
C 277 0
C 278 0
C 279 0
C 280 0
C 281 0
C 282 0
C 283 0
C 284 0
C 285 0
C 286 0
C 287 0
C 288 0
C 289 0
C 290 0
C 291 0
C 292 0
C 293 0
C 294 4
C 295 6
C 296 9
C 297 5
C 298 5
C 299 14
C 300 11
C 301 21
C 302 8
C 303 25
C 304 11
C 305 7
C 306 21
C 307 11
C 308 14
C 309 14
C 310 21
C 311 11
C 312 5
C 313 22
C 314 10
C 315 17
C 316 6
C 317 7
C 318 12
C 319 3
C 320 11
C 321 26
C 322 4
C 323 18
C 324 18
C 325 6
C 326 12
C 327 6
C 328 19
C 329 16
C 330 21
C 331 16
C 332 4
C 333 22
C 334 2
C 335 0
C 336 25
C 337 20
C 338 11
C 339 11
C 340 0
C 341 17
C 342 10
C 343 2
C 344 1
C 345 26
C 346 10
C 347 23
C 348 7
C 349 17
C 350 26
C 351 8
C 352 19
C 353 8
C 354 0
C 355 11
C 356 8
C 357 14
C 358 5
C 359 19
C 360 6
C 361 12
C 362 5
C 363 21
C 364 9
C 365 12
C 366 15
C 367 21
C 368 16
C 369 6
C 370 25
C 371 10
C 372 3
C 373 11
C 374 17
C 375 14
C 376 7
C 377 6
I 0 1 5 (1,1,3) (0,1,-1,0)|(-1,0,1,0)
I 3 3 16 (3,2,2) (1,1,1,0)
I 4 3 9 (2,1,4) (0,1,-1,0)
