D (11,-1,-1) (3,3,0)
D (10,-1,-1) (4,3,2)
D (11,-1,-1) (4,2,5)
D (13,-1,-1) (0,1,1)
D (12,-1,-1) (3,2,3)
D (11,12,13) (3,0,5)
D (13,-1,-1) (4,0,2)
D (11,-1,-1) (2,3,4)
D (12,13,-1) (0,5,3)
D (12,13,-1) (2,2,0)
D (9,10,11) (3,3,2)
D (11,12,13) (4,0,0)
D (13,-1,-1) (0,2,1)
D (12,9,-1) (3,5,4)
D (8,-1,-1) (4,2,4)
D (13,-1,-1) (3,1,3)
D (7,8,9) (2,5,5)
D (10,-1,-1) (3,3,3)
D (8,-1,-1) (1,5,5)
D (11,12,-1) (0,3,0)
D (12,-1,-1) (2,0,3)
D (9,10,-1) (1,2,3)
D (7,8,9) (0,4,1)
D (7,8,-1) (3,2,0)
D (11,-1,-1) (3,1,5)
D (7,-1,-1) (3,2,1)
D (13,-1,-1) (2,0,4)
D (12,13,-1) (4,1,2)
D (12,-1,-1) (4,3,1)
D (7,8,-1) (4,2,1)
D (10,11,12) (5,1,1)
D (12,-1,-1) (0,2,3)
D (12,13,-1) (1,4,1)
D (10,-1,-1) (5,5,3)
D (8,9,-1) (1,1,3)
D (7,8,9) (5,4,4)
D (13,-1,-1) (0,5,1)
D (12,13,-1) (5,4,0)
D (11,12,13) (5,3,2)
D (7,8,9) (2,5,3)
D (7,8,-1) (1,2,5)
D (6,7,8) (4,5,0)
D (8,9,-1) (0,0,2)
D (8,9,-1) (2,0,0)
D (7,-1,-1) (3,0,4)
D (8,-1,-1) (3,4,1)
D (6,7,-1) (3,0,2)
D (8,-1,-1) (0,1,3)
D (10,11,12) (1,1,2)
D (7,8,9) (1,0,3)
D (13,-1,-1) (0,1,4)
D (6,7,-1) (0,2,5)
D (7,-1,-1) (2,2,2)
C 0 14
C 1 2
C 2 17
C 3 15
C 4 20
C 5 14
C 6 2
C 7 20
C 8 9
C 9 18
C 10 11
C 11 5
C 12 17
C 13 26
C 14 2
C 15 18
C 16 12
C 17 3
C 18 24
C 19 1
C 20 3
C 21 6
C 22 6
C 23 26
C 24 9
C 25 12
C 26 24
C 27 3
C 28 19
C 29 11
C 30 25
C 31 11
C 32 23
C 33 15
C 34 14
C 35 14
C 36 4
C 37 15
C 38 21
C 39 6
C 40 23
C 41 11
C 42 12
C 43 20
C 44 2
C 45 26
C 46 10
C 47 0
C 48 18
C 49 5
C 50 3
C 51 12
C 52 22
C 53 0
C 54 15
C 55 2
C 56 17
C 57 0
C 58 0
C 59 0
C 60 0
C 61 0
C 62 0
C 63 0
C 64 0
C 65 0
C 66 0
C 67 0
C 68 0
C 69 0
C 70 0
C 71 0
C 72 0
C 73 0
C 74 0
C 75 0
C 76 0
C 77 0
C 78 0
C 79 0
C 80 0
C 81 0
C 82 0
C 83 0
C 84 0
C 85 17
C 86 22
C 87 19
C 88 19
C 89 4
C 90 2
C 91 4
C 92 26
C 93 8
C 94 18
C 95 14
C 96 9
C 97 7
C 98 2
C 99 14
C 100 7
C 101 2
C 102 21
C 103 10
C 104 17
C 105 26
C 106 4
C 107 20
C 108 21
C 109 20
C 110 20
C 111 15
C 112 25
C 113 26
C 114 17
C 115 9
C 116 7
C 117 2
C 118 18
C 119 24
C 120 19
C 121 0
C 122 9
C 123 5
C 124 2
C 125 15
C 126 12
C 127 11
C 128 14
C 129 7
C 130 12
C 131 21
C 132 15
C 133 10
C 134 18
C 135 0
C 136 14
C 137 2
C 138 3
C 139 24
C 140 18
C 141 6
C 142 23
C 143 4
C 144 15
C 145 14
C 146 12
C 147 20
C 148 22
C 149 5
C 150 9
C 151 14
C 152 10
C 153 9
C 154 10
C 155 18
C 156 8
C 157 3
C 158 24
C 159 20
C 160 14
C 161 19
C 162 21
C 163 16
C 164 3
C 165 8
C 166 26
C 167 9
C 168 17
C 169 21
C 170 4
C 171 8
C 172 22
C 173 18
C 174 23
C 175 3
C 176 19
C 177 9
C 178 24
C 179 4
C 180 15
C 181 9
C 182 17
C 183 18
C 184 17
C 185 19
C 186 24
C 187 21
C 188 15
C 189 21
C 190 23
C 191 22
C 192 14
C 193 1
C 194 25
C 195 0
C 196 0
C 197 0
C 198 0
C 199 0
C 200 0
C 201 0
C 202 0
C 203 0
C 204 0
C 205 0
C 206 0
C 207 0
C 208 0
C 209 0
C 210 0
C 211 0
C 212 0
C 213 0
C 214 0
C 215 0
C 216 0
C 217 0
C 218 0
C 219 0
C 220 0
C 221 0
C 222 0
C 223 0
C 224 0
C 225 0
C 226 0
C 227 0
C 228 0
C 229 0
C 230 0
C 231 0
C 232 0
C 233 0
C 234 0
C 235 0
C 236 0
C 237 0
C 238 0
C 239 0
C 240 0
C 241 0
C 242 0
C 243 0
C 244 0
C 245 0
C 246 0
C 247 0
C 248 0
C 249 0
C 250 0
C 251 0
C 252 0
C 253 0
C 254 0
C 255 0
C 256 0
C 257 0
C 258 0
C 259 0
C 260 0
C 261 0
C 262 0
C 263 0
C 264 0
C 265 0
C 266 0
C 267 0
C 268 0
C 269 0
C 270 0
C 271 0
C 272 0
C 273 19
C 274 16
C 275 18
C 276 24
C 277 21
C 278 3
C 279 17
C 280 25
C 281 14
C 282 26
C 283 16
C 284 5
C 285 6
C 286 22
C 287 18
C 288 3
C 289 22
C 290 12
C 291 1
C 292 11
C 293 10
C 294 5
C 295 16
C 296 7
C 297 19
C 298 8
C 299 12
C 300 12
C 301 17
C 302 0
C 303 2
C 304 8
C 305 8
C 306 2
C 307 25
C 308 24
C 309 4
C 310 14
C 311 6
C 312 24
C 313 26
C 314 14
C 315 8
C 316 21
C 317 3
C 318 16
C 319 14
C 320 16
C 321 22
C 322 0
C 323 0
C 324 0
C 325 0
C 326 0
C 327 0
C 328 0
C 329 0
C 330 0
C 331 0
C 332 0
C 333 0
C 334 0
C 335 0
C 336 0
C 337 0
C 338 0
C 339 0
C 340 0
C 341 0
C 342 0
C 343 0
C 344 0
C 345 0
C 346 0
C 347 0
C 348 0
C 349 0
C 350 0
C 351 0
C 352 0
C 353 0
C 354 0
C 355 0
C 356 0
C 357 0
C 358 0
C 359 0
C 360 0
C 361 0
C 362 0
C 363 0
C 364 0
C 365 0
C 366 0
C 367 0
C 368 0
C 369 0
C 370 0
C 371 0
C 372 0
C 373 0
C 374 0
C 375 24
C 376 22
C 377 16
I 0 3 11 (4,3,4) (-1,1,-1,0)|(0,0,0,0)|(1,0,-1,0)|(0,-1,-1,0)|(1,-1,0,0)
I 0 2 12 (1,5,1) (-1,1,1,0)
I 1 1 17 (1,3,3) (0,0,-1,0)|(0,-1,-1,0)
