D (9,10,11) (2,2,5)
D (13,-1,-1) (1,2,3)
D (8,9,-1) (0,1,0)
D (8,-1,-1) (3,4,3)
D (9,10,-1) (4,3,4)
D (10,11,-1) (1,3,0)
D (11,-1,-1) (2,0,1)
D (13,-1,-1) (1,0,5)
D (8,-1,-1) (2,5,0)
D (10,11,-1) (0,2,5)
D (13,-1,-1) (4,4,4)
D (9,10,11) (5,5,0)
D (9,10,11) (4,1,5)
D (13,-1,-1) (5,3,1)
D (11,-1,-1) (2,1,2)
D (8,-1,-1) (5,5,5)
D (7,-1,-1) (4,5,3)
D (13,-1,-1) (5,3,5)
D (11,12,-1) (2,0,2)
D (11,12,13) (4,1,3)
D (11,12,13) (0,5,0)
D (10,11,-1) (5,3,0)
D (12,13,-1) (1,5,1)
D (9,10,-1) (1,0,0)
D (11,-1,-1) (4,0,1)
D (7,8,-1) (3,3,5)
D (13,-1,-1) (3,5,1)
D (11,-1,-1) (2,0,3)
D (10,-1,-1) (5,2,0)
D (12,13,-1) (4,5,4)
D (7,-1,-1) (3,3,0)
D (12,13,-1) (2,2,3)
D (10,-1,-1) (3,1,2)
D (6,7,8) (2,2,2)
D (9,10,11) (1,3,3)
D (6,7,-1) (0,4,5)
D (9,-1,-1) (3,4,2)
D (6,-1,-1) (3,0,1)
D (12,13,-1) (5,1,5)
D (10,11,12) (4,5,2)
D (10,-1,-1) (2,1,3)
D (8,9,10) (1,0,1)
D (6,7,-1) (4,5,1)
D (12,-1,-1) (0,1,4)
D (7,-1,-1) (1,1,2)
D (13,-1,-1) (5,4,3)
D (7,-1,-1) (5,2,2)
D (13,-1,-1) (2,0,5)
D (6,-1,-1) (2,3,2)
D (7,8,-1) (1,0,3)
D (11,12,13) (4,1,0)
D (6,7,-1) (4,0,4)
D (11,12,-1) (3,2,5)
D (8,-1,-1) (4,3,5)
D (13,-1,-1) (0,2,4)
D (6,7,-1) (1,4,5)
D (12,13,-1) (4,3,2)
D (10,-1,-1) (5,2,3)
D (9,10,11) (4,0,3)
D (8,-1,-1) (3,4,1)
D (11,12,13) (1,3,2)
D (6,-1,-1) (5,0,3)
D (6,7,8) (0,2,3)
D (7,-1,-1) (3,0,3)
D (8,9,10) (1,5,3)
D (11,12,13) (0,3,5)
D (7,8,-1) (1,2,2)
D (11,-1,-1) (4,1,4)
D (10,-1,-1) (0,0,1)
D (11,12,-1) (3,2,1)
D (13,-1,-1) (1,2,4)
D (12,-1,-1) (0,3,4)
D (9,10,11) (0,0,2)
D (9,10,-1) (2,2,0)
C 0 8
C 1 26
C 2 19
C 3 26
C 4 9
C 5 0
C 6 0
C 7 20
C 8 21
C 9 22
C 10 11
C 11 16
C 12 24
C 13 22
C 14 23
C 15 3
C 16 20
C 17 6
C 18 5
C 19 14
C 20 25
C 21 2
C 22 2
C 23 1
C 24 5
C 25 0
C 26 0
C 27 0
C 28 0
C 29 0
C 30 0
C 31 0
C 32 0
C 33 0
C 34 0
C 35 0
C 36 0
C 37 0
C 38 0
C 39 0
C 40 0
C 41 0
C 42 0
C 43 0
C 44 0
C 45 0
C 46 0
C 47 0
C 48 0
C 49 0
C 50 0
C 51 0
C 52 0
C 53 0
C 54 0
C 55 0
C 56 0
C 57 0
C 58 0
C 59 0
C 60 0
C 61 0
C 62 0
C 63 0
C 64 0
C 65 0
C 66 0
C 67 0
C 68 0
C 69 0
C 70 0
C 71 0
C 72 0
C 73 0
C 74 0
C 75 0
C 76 0
C 77 0
C 78 0
C 79 0
C 80 0
C 81 0
C 82 0
C 83 0
C 84 0
C 85 0
C 86 0
C 87 0
C 88 0
C 89 0
C 90 0
C 91 0
C 92 0
C 93 0
C 94 0
C 95 0
C 96 0
C 97 0
C 98 0
C 99 0
C 100 0
C 101 0
C 102 0
C 103 0
C 104 0
C 105 0
C 106 0
C 107 0
C 108 0
C 109 0
C 110 0
C 111 0
C 112 0
C 113 0
C 114 0
C 115 0
C 116 0
C 117 0
C 118 0
C 119 0
C 120 0
C 121 0
C 122 0
C 123 0
C 124 0
C 125 0
C 126 0
C 127 0
C 128 0
C 129 0
C 130 0
C 131 0
C 132 0
C 133 0
C 134 0
C 135 0
C 136 0
C 137 0
C 138 0
C 139 0
C 140 0
C 141 0
C 142 0
C 143 0
C 144 0
C 145 0
C 146 0
C 147 0
C 148 0
C 149 0
C 150 0
C 151 0
C 152 0
C 153 0
C 154 0
C 155 0
C 156 0
C 157 0
C 158 0
C 159 0
C 160 0
C 161 0
C 162 0
C 163 0
C 164 0
C 165 0
C 166 0
C 167 0
C 168 0
C 169 0
C 170 0
C 171 0
C 172 0
C 173 0
C 174 0
C 175 0
C 176 0
C 177 0
C 178 0
C 179 0
C 180 0
C 181 0
C 182 0
C 183 0
C 184 0
C 185 0
C 186 0
C 187 0
C 188 0
C 189 0
C 190 0
C 191 0
C 192 0
C 193 0
C 194 0
C 195 0
C 196 0
C 197 0
C 198 0
C 199 0
C 200 1
C 201 20
C 202 5
C 203 11
C 204 3
C 205 12
C 206 12
C 207 18
C 208 26
C 209 4
C 210 24
C 211 26
C 212 15
C 213 20
C 214 19
C 215 4
C 216 14
C 217 25
C 218 17
C 219 14
C 220 20
C 221 15
C 222 5
C 223 8
C 224 10
C 225 26
C 226 23
C 227 2
C 228 2
C 229 14
C 230 9
C 231 4
C 232 22
C 233 5
C 234 11
C 235 3
C 236 10
C 237 12
C 238 26
C 239 7
C 240 12
C 241 14
C 242 2
C 243 1
C 244 24
C 245 6
C 246 6
C 247 15
C 248 0
C 249 6
C 250 19
C 251 3
C 252 15
C 253 7
C 254 3
C 255 8
C 256 7
C 257 1
C 258 20
C 259 2
C 260 5
C 261 14
C 262 3
C 263 2
C 264 19
C 265 19
C 266 8
C 267 12
C 268 24
C 269 17
C 270 7
C 271 8
C 272 16
C 273 1
C 274 10
C 275 21
C 276 11
C 277 1
C 278 16
C 279 18
C 280 0
C 281 0
C 282 0
C 283 0
C 284 0
C 285 0
C 286 0
C 287 0
C 288 0
C 289 0
C 290 0
C 291 0
C 292 0
C 293 0
C 294 0
C 295 0
C 296 0
C 297 0
C 298 0
C 299 0
C 300 0
C 301 0
C 302 0
C 303 0
C 304 0
C 305 0
C 306 0
C 307 0
C 308 0
C 309 0
C 310 0
C 311 22
C 312 12
C 313 22
C 314 3
C 315 4
C 316 11
C 317 19
C 318 0
C 319 0
C 320 0
C 321 0
C 322 11
C 323 9
C 324 1
C 325 14
C 326 16
C 327 6
C 328 7
C 329 8
C 330 26
C 331 15
C 332 17
C 333 7
C 334 12
C 335 9
C 336 0
C 337 23
C 338 16
C 339 5
C 340 25
C 341 22
C 342 18
C 343 0
C 344 5
C 345 24
C 346 0
C 347 17
C 348 21
C 349 6
C 350 8
C 351 20
C 352 15
C 353 22
C 354 17
C 355 11
C 356 24
C 357 18
C 358 23
C 359 20
C 360 26
C 361 1
C 362 25
C 363 11
C 364 1
C 365 5
C 366 22
C 367 23
C 368 24
C 369 17
C 370 3
C 371 9
C 372 7
C 373 26
C 374 22
C 375 5
C 376 3
C 377 18
I 3 1 19 (0,3,2) (0,-1,0,0)|(-1,-1,0,0)
I 3 2 11 (3,3,5) (0,1,1,0)
I 1 3 2 (0,0,0) (1,1,1,0)|(0,-1,-1,0)|(-1,1,0,0)|(0,0,0,0)
