D (9,10,-1) (1,0,5)
D (8,9,-1) (5,2,1)
D (9,-1,-1) (1,3,5)
D (7,-1,-1) (2,3,5)
D (6,10,8) (1,3,0)
D (8,9,-1) (1,1,1)
D (7,8,9) (1,3,1)
D (9,10,-1) (0,5,2)
D (13,-1,-1) (4,5,1)
D (11,-1,-1) (3,2,1)
D (10,11,-1) (4,4,1)
D (12,13,-1) (2,4,5)
D (11,-1,-1) (5,5,4)
D (7,-1,-1) (5,4,2)
D (9,10,11) (0,3,5)
D (8,9,-1) (5,5,3)
D (6,7,8) (2,5,0)
D (12,-1,-1) (2,3,1)
D (8,9,-1) (2,3,4)
D (12,13,-1) (1,4,2)
D (13,-1,-1) (1,2,0)
D (12,-1,-1) (3,0,3)
D (10,11,12) (3,1,5)
D (12,13,-1) (5,3,3)
D (6,7,-1) (5,3,5)
D (6,7,8) (5,1,5)
D (10,-1,-1) (3,1,4)
D (9,10,11) (2,5,1)
D (13,-1,-1) (0,0,4)
D (10,11,12) (1,4,1)
D (7,8,9) (1,0,0)
D (8,9,10) (3,3,3)
D (9,10,11) (0,2,2)
D (8,9,10) (2,0,0)
D (9,10,-1) (5,2,0)
D (7,8,-1) (2,1,2)
D (10,11,-1) (3,0,4)
D (11,12,13) (3,1,2)
D (6,-1,-1) (3,1,0)
D (12,-1,-1) (3,5,5)
D (10,-1,-1) (3,2,0)
D (6,7,8) (5,3,1)
D (10,11,12) (3,5,4)
D (13,-1,-1) (0,1,3)
D (6,7,8) (4,2,3)
D (9,-1,-1) (3,0,2)
D (11,-1,-1) (1,2,3)
D (8,9,10) (2,4,3)
D (9,10,11) (4,0,2)
D (13,-1,-1) (1,5,4)
D (13,-1,-1) (4,5,2)
D (10,-1,-1) (4,5,0)
D (10,11,12) (1,3,2)
D (10,-1,-1) (4,2,4)
D (10,-1,-1) (4,5,3)
D (8,9,-1) (2,4,4)
D (11,12,-1) (3,3,4)
D (10,11,12) (5,5,1)
D (10,11,12) (0,5,4)
D (12,13,-1) (0,0,5)
D (8,-1,-1) (0,4,5)
D (10,11,12) (2,3,3)
D (6,7,8) (2,3,2)
D (8,9,-1) (3,4,1)
D (7,8,-1) (1,5,3)
D (11,12,13) (1,0,4)
D (13,-1,-1) (0,3,4)
D (8,9,10) (3,4,4)
C 0 23
C 1 5
C 2 6
C 3 2
C 4 21
C 5 21
C 6 17
C 7 0
C 8 0
C 9 0
C 10 0
C 11 0
C 12 0
C 13 0
C 14 0
C 15 0
C 16 0
C 17 0
C 18 0
C 19 0
C 20 0
C 21 0
C 22 0
C 23 0
C 24 0
C 25 0
C 26 0
C 27 0
C 28 0
C 29 0
C 30 0
C 31 0
C 32 0
C 33 0
C 34 0
C 35 0
C 36 0
C 37 0
C 38 0
C 39 0
C 40 0
C 41 0
C 42 0
C 43 0
C 44 0
C 45 0
C 46 0
C 47 0
C 48 0
C 49 0
C 50 0
C 51 0
C 52 0
C 53 0
C 54 0
C 55 0
C 56 0
C 57 0
C 58 0
C 59 0
C 60 0
C 61 0
C 62 0
C 63 0
C 64 0
C 65 0
C 66 0
C 67 0
C 68 0
C 69 0
C 70 0
C 71 0
C 72 0
C 73 0
C 74 0
C 75 0
C 76 0
C 77 0
C 78 0
C 79 0
C 80 0
C 81 0
C 82 0
C 83 0
C 84 0
C 85 0
C 86 0
C 87 0
C 88 0
C 89 0
C 90 0
C 91 0
C 92 0
C 93 0
C 94 0
C 95 0
C 96 0
C 97 0
C 98 0
C 99 8
C 100 1
C 101 20
C 102 5
C 103 0
C 104 14
C 105 15
C 106 11
C 107 6
C 108 6
C 109 23
C 110 4
C 111 3
C 112 15
C 113 24
C 114 0
C 115 25
C 116 0
C 117 10
C 118 5
C 119 1
C 120 20
C 121 25
C 122 1
C 123 26
C 124 4
C 125 8
C 126 15
C 127 7
C 128 26
C 129 5
C 130 19
C 131 18
C 132 16
C 133 0
C 134 20
C 135 25
C 136 0
C 137 2
C 138 4
C 139 7
C 140 20
C 141 0
C 142 0
C 143 0
C 144 0
C 145 0
C 146 0
C 147 0
C 148 0
C 149 0
C 150 0
C 151 0
C 152 0
C 153 0
C 154 0
C 155 0
C 156 0
C 157 0
C 158 0
C 159 0
C 160 0
C 161 0
C 162 0
C 163 0
C 164 0
C 165 0
C 166 0
C 167 0
C 168 0
C 169 0
C 170 0
C 171 0
C 172 0
C 173 8
C 174 25
C 175 24
C 176 21
C 177 0
C 178 0
C 179 9
C 180 16
C 181 5
C 182 6
C 183 18
C 184 1
C 185 14
C 186 21
C 187 18
C 188 25
C 189 17
C 190 25
C 191 7
C 192 19
C 193 9
C 194 2
C 195 15
C 196 17
C 197 10
C 198 20
C 199 3
C 200 0
C 201 1
C 202 9
C 203 10
C 204 21
C 205 6
C 206 0
C 207 0
C 208 0
C 209 0
C 210 0
C 211 0
C 212 0
C 213 0
C 214 0
C 215 0
C 216 0
C 217 0
C 218 0
C 219 0
C 220 0
C 221 0
C 222 1
C 223 2
C 224 0
C 225 6
C 226 15
C 227 20
C 228 21
C 229 24
C 230 2
C 231 20
C 232 7
C 233 12
C 234 17
C 235 23
C 236 12
C 237 17
C 238 0
C 239 2
C 240 14
C 241 10
C 242 24
C 243 8
C 244 4
C 245 20
C 246 5
C 247 17
C 248 1
C 249 10
C 250 6
C 251 7
C 252 10
C 253 16
C 254 0
C 255 22
C 256 24
C 257 1
C 258 5
C 259 16
C 260 23
C 261 5
C 262 9
C 263 8
C 264 23
C 265 14
C 266 7
C 267 15
C 268 24
C 269 12
C 270 6
C 271 18
C 272 4
C 273 23
C 274 1
C 275 25
C 276 19
C 277 1
C 278 20
C 279 25
C 280 22
C 281 23
C 282 16
C 283 3
C 284 21
C 285 16
C 286 19
C 287 5
C 288 26
C 289 16
C 290 3
C 291 8
C 292 7
C 293 23
C 294 11
C 295 20
C 296 9
C 297 6
C 298 16
C 299 10
C 300 20
C 301 2
C 302 0
C 303 0
C 304 0
C 305 0
C 306 0
C 307 0
C 308 0
C 309 0
C 310 0
C 311 0
C 312 0
C 313 0
C 314 0
C 315 0
C 316 0
C 317 0
C 318 0
C 319 0
C 320 0
C 321 0
C 322 0
C 323 0
C 324 0
C 325 0
C 326 0
C 327 0
C 328 0
C 329 0
C 330 0
C 331 0
C 332 0
C 333 0
C 334 0
C 335 0
C 336 0
C 337 0
C 338 0
C 339 0
C 340 10
C 341 11
C 342 18
C 343 3
C 344 2
C 345 3
C 346 19
C 347 22
C 348 24
C 349 25
C 350 3
C 351 8
C 352 25
C 353 20
C 354 25
C 355 15
C 356 12
C 357 18
C 358 24
C 359 20
C 360 12
C 361 18
C 362 25
C 363 16
C 364 1
C 365 8
C 366 5
C 367 24
C 368 26
C 369 26
C 370 23
C 371 17
C 372 10
C 373 8
C 374 16
C 375 12
C 376 2
C 377 1
I 0 1 17 (4,0,1) (0,1,1,0)
I 0 1 15 (2,1,2) (0,-1,0,0)|(0,-1,1,0)|(-1,0,0,0)
I 2 1 20 (5,5,1) (0,0,1,0)
