D (6,7,-1) (2,2,0)
D (8,9,-1) (5,3,4)
D (10,11,12) (3,0,4)
D (7,-1,-1) (0,4,1)
D (12,-1,-1) (5,0,2)
D (12,13,-1) (2,0,4)
D (13,-1,-1) (1,0,4)
D (13,-1,-1) (5,2,0)
D (12,-1,-1) (0,2,4)
D (9,10,-1) (0,0,3)
D (9,-1,-1) (2,3,0)
D (10,-1,-1) (1,0,0)
D (8,9,-1) (5,4,2)
D (12,13,-1) (3,1,2)
D (11,-1,-1) (5,3,3)
D (7,8,9) (5,2,2)
D (10,-1,-1) (4,0,2)
D (8,-1,-1) (4,5,2)
D (9,-1,-1) (5,4,5)
D (12,13,-1) (0,3,2)
D (11,-1,-1) (1,0,3)
D (12,13,-1) (2,1,3)
D (10,11,-1) (1,3,3)
D (11,12,13) (4,4,1)
D (10,11,-1) (1,5,5)
D (7,8,-1) (0,0,0)
D (12,13,-1) (1,2,5)
D (7,8,9) (4,4,4)
D (13,-1,-1) (0,5,0)
D (8,9,-1) (4,4,0)
D (11,12,-1) (0,2,3)
D (6,7,-1) (0,5,3)
D (8,-1,-1) (3,4,0)
D (9,-1,-1) (2,4,2)
D (8,9,-1) (5,1,4)
D (10,-1,-1) (5,3,0)
D (9,10,11) (3,3,0)
D (10,11,-1) (0,5,5)
D (9,10,11) (4,0,1)
D (13,-1,-1) (2,1,4)
D (9,10,11) (3,1,4)
D (6,-1,-1) (1,3,4)
D (10,11,-1) (2,3,1)
D (8,-1,-1) (3,3,2)
D (7,8,9) (0,4,4)
D (8,9,-1) (0,4,2)
D (13,-1,-1) (2,5,2)
D (9,-1,-1) (2,1,1)
D (8,9,-1) (2,1,5)
D (7,-1,-1) (0,2,1)
D (9,10,11) (1,5,3)
D (13,-1,-1) (4,4,5)
D (12,-1,-1) (2,4,1)
D (7,8,-1) (4,1,1)
D (6,-1,-1) (1,4,1)
D (7,-1,-1) (0,1,1)
C 0 4
C 1 8
C 2 16
C 3 9
C 4 16
C 5 23
C 6 14
C 7 21
C 8 12
C 9 21
C 10 6
C 11 6
C 12 3
C 13 18
C 14 0
C 15 2
C 16 21
C 17 4
C 18 19
C 19 22
C 20 4
C 21 19
C 22 24
C 23 12
C 24 9
C 25 16
C 26 10
C 27 19
C 28 0
C 29 0
C 30 0
C 31 0
C 32 0
C 33 0
C 34 0
C 35 0
C 36 0
C 37 0
C 38 0
C 39 0
C 40 0
C 41 0
C 42 0
C 43 0
C 44 0
C 45 0
C 46 0
C 47 0
C 48 0
C 49 0
C 50 0
C 51 0
C 52 0
C 53 0
C 54 0
C 55 0
C 56 0
C 57 0
C 58 0
C 59 0
C 60 0
C 61 0
C 62 0
C 63 0
C 64 0
C 65 0
C 66 0
C 67 0
C 68 0
C 69 0
C 70 0
C 71 0
C 72 0
C 73 0
C 74 0
C 75 0
C 76 0
C 77 0
C 78 0
C 79 0
C 80 0
C 81 0
C 82 0
C 83 0
C 84 16
C 85 5
C 86 14
C 87 12
C 88 12
C 89 16
C 90 11
C 91 5
C 92 8
C 93 7
C 94 21
C 95 1
C 96 5
C 97 2
C 98 21
C 99 20
C 100 24
C 101 5
C 102 20
C 103 3
C 104 24
C 105 0
C 106 15
C 107 11
C 108 2
C 109 12
C 110 18
C 111 1
C 112 4
C 113 23
C 114 1
C 115 17
C 116 18
C 117 5
C 118 12
C 119 12
C 120 6
C 121 2
C 122 12
C 123 3
C 124 26
C 125 22
C 126 26
C 127 22
C 128 25
C 129 1
C 130 9
C 131 7
C 132 5
C 133 15
C 134 17
C 135 18
C 136 19
C 137 22
C 138 20
C 139 3
C 140 0
C 141 0
C 142 0
C 143 0
C 144 0
C 145 0
C 146 0
C 147 0
C 148 11
C 149 8
C 150 21
C 151 19
C 152 17
C 153 25
C 154 6
C 155 21
C 156 23
C 157 16
C 158 24
C 159 4
C 160 24
C 161 15
C 162 9
C 163 6
C 164 3
C 165 11
C 166 3
C 167 24
C 168 4
C 169 9
C 170 21
C 171 16
C 172 9
C 173 19
C 174 2
C 175 26
C 176 1
C 177 20
C 178 0
C 179 0
C 180 0
C 181 0
C 182 0
C 183 0
C 184 0
C 185 0
C 186 0
C 187 0
C 188 0
C 189 0
C 190 0
C 191 0
C 192 0
C 193 0
C 194 0
C 195 0
C 196 0
C 197 0
C 198 0
C 199 0
C 200 0
C 201 0
C 202 0
C 203 0
C 204 0
C 205 0
C 206 0
C 207 0
C 208 0
C 209 0
C 210 0
C 211 0
C 212 0
C 213 0
C 214 0
C 215 0
C 216 0
C 217 0
C 218 0
C 219 0
C 220 0
C 221 0
C 222 0
C 223 0
C 224 0
C 225 0
C 226 0
C 227 0
C 228 0
C 229 0
C 230 0
C 231 0
C 232 0
C 233 0
C 234 0
C 235 0
C 236 0
C 237 0
C 238 0
C 239 0
C 240 0
C 241 0
C 242 0
C 243 0
C 244 0
C 245 0
C 246 0
C 247 0
C 248 0
C 249 0
C 250 0
C 251 0
C 252 0
C 253 0
C 254 0
C 255 0
C 256 0
C 257 0
C 258 0
C 259 0
C 260 0
C 261 0
C 262 0
C 263 0
C 264 0
C 265 0
C 266 0
C 267 0
C 268 0
C 269 0
C 270 0
C 271 0
C 272 0
C 273 0
C 274 0
C 275 0
C 276 0
C 277 0
C 278 3
C 279 4
C 280 17
C 281 24
C 282 24
C 283 0
C 284 25
C 285 10
C 286 2
C 287 21
C 288 9
C 289 16
C 290 8
C 291 6
C 292 15
C 293 19
C 294 23
C 295 7
C 296 7
C 297 3
C 298 7
C 299 15
C 300 10
C 301 1
C 302 7
C 303 3
C 304 14
C 305 17
C 306 23
C 307 5
C 308 3
C 309 16
C 310 7
C 311 22
C 312 25
C 313 8
C 314 26
C 315 12
C 316 14
C 317 2
C 318 8
C 319 17
C 320 22
C 321 15
C 322 21
C 323 23
C 324 23
C 325 19
C 326 6
C 327 10
C 328 12
C 329 5
C 330 19
C 331 15
C 332 22
C 333 24
C 334 16
C 335 1
C 336 12
C 337 19
C 338 20
C 339 8
C 340 19
C 341 20
C 342 1
C 343 21
C 344 8
C 345 1
C 346 16
C 347 15
C 348 17
C 349 14
C 350 18
C 351 12
C 352 8
C 353 5
C 354 6
C 355 10
C 356 26
C 357 26
C 358 8
C 359 9
C 360 12
C 361 26
C 362 8
C 363 24
C 364 3
C 365 7
C 366 4
C 367 18
C 368 19
C 369 22
C 370 3
C 371 4
C 372 9
C 373 1
C 374 26
C 375 7
C 376 10
C 377 17
I 1 2 20 (2,2,2) (0,0,-1,0)
I 5 2 12 (4,4,2) (1,-1,0,0)
I 2 2 4 (4,1,5) (-1,0,0,0)
