D (11,-1,-1) (4,2,3)
D (6,7,8) (1,1,1)
D (6,7,-1) (5,1,0)
D (6,-1,-1) (3,2,1)
D (9,10,-1) (2,1,0)
D (12,-1,-1) (5,2,4)
D (10,11,-1) (3,0,3)
D (7,8,-1) (1,0,4)
D (9,10,-1) (2,2,1)
D (11,12,13) (5,4,4)
D (10,-1,-1) (5,2,3)
D (9,10,-1) (2,0,2)
D (12,13,-1) (2,0,0)
D (12,13,-1) (5,0,2)
D (8,9,10) (0,3,5)
D (12,13,-1) (3,0,4)
D (9,10,11) (1,4,5)
D (12,13,-1) (1,2,3)
D (6,7,8) (3,5,3)
D (7,8,9) (1,0,1)
D (8,-1,-1) (2,2,3)
D (10,-1,-1) (0,5,3)
D (13,-1,-1) (0,2,4)
D (10,-1,-1) (2,5,5)
D (9,-1,-1) (2,2,0)
D (10,-1,-1) (0,2,2)
D (13,-1,-1) (3,4,4)
D (11,12,13) (5,2,5)
D (7,8,-1) (3,2,5)
D (10,-1,-1) (5,5,0)
D (6,7,-1) (2,4,1)
D (13,-1,-1) (0,3,1)
D (8,-1,-1) (1,0,3)
D (11,-1,-1) (4,2,2)
D (11,12,-1) (2,3,1)
D (9,-1,-1) (1,3,2)
D (13,-1,-1) (3,2,4)
D (8,-1,-1) (0,5,2)
D (6,-1,-1) (4,0,5)
D (10,11,12) (4,5,2)
D (13,-1,-1) (0,5,0)
D (8,9,10) (5,0,4)
D (10,11,-1) (2,5,2)
D (11,12,-1) (3,2,2)
D (13,-1,-1) (0,1,4)
D (11,-1,-1) (5,1,2)
D (9,10,-1) (4,2,4)
D (6,7,-1) (1,1,4)
D (13,-1,-1) (4,5,0)
D (11,-1,-1) (3,4,2)
D (10,11,12) (4,0,0)
D (10,-1,-1) (2,0,1)
D (10,11,12) (2,1,5)
D (10,11,-1) (0,4,3)
D (11,12,-1) (4,3,3)
D (6,-1,-1) (4,2,0)
D (11,12,13) (5,4,0)
D (9,10,-1) (2,4,5)
D (7,8,-1) (5,5,1)
D (9,10,11) (4,3,2)
D (6,-1,-1) (2,4,3)
C 0 26
C 1 3
C 2 24
C 3 20
C 4 19
C 5 18
C 6 20
C 7 5
C 8 3
C 9 19
C 10 12
C 11 20
C 12 23
C 13 5
C 14 23
C 15 5
C 16 20
C 17 3
C 18 4
C 19 7
C 20 14
C 21 26
C 22 23
C 23 14
C 24 10
C 25 12
C 26 17
C 27 26
C 28 11
C 29 19
C 30 25
C 31 2
C 32 10
C 33 12
C 34 0
C 35 16
C 36 19
C 37 16
C 38 26
C 39 15
C 40 20
C 41 20
C 42 21
C 43 8
C 44 8
C 45 21
C 46 4
C 47 22
C 48 12
C 49 16
C 50 25
C 51 5
C 52 6
C 53 20
C 54 10
C 55 2
C 56 12
C 57 15
C 58 19
C 59 11
C 60 7
C 61 3
C 62 1
C 63 14
C 64 5
C 65 24
C 66 20
C 67 12
C 68 5
C 69 21
C 70 4
C 71 21
C 72 8
C 73 11
C 74 7
C 75 17
C 76 4
C 77 12
C 78 4
C 79 2
C 80 16
C 81 25
C 82 1
C 83 6
C 84 16
C 85 6
C 86 25
C 87 24
C 88 7
C 89 18
C 90 10
C 91 14
C 92 8
C 93 5
C 94 9
C 95 25
C 96 12
C 97 6
C 98 4
C 99 9
C 100 21
C 101 7
C 102 9
C 103 7
C 104 2
C 105 23
C 106 4
C 107 22
C 108 21
C 109 0
C 110 8
C 111 23
C 112 20
C 113 6
C 114 11
C 115 22
C 116 9
C 117 25
C 118 2
C 119 23
C 120 25
C 121 4
C 122 2
C 123 15
C 124 6
C 125 3
C 126 6
C 127 3
C 128 11
C 129 7
C 130 5
C 131 12
C 132 5
C 133 20
C 134 10
C 135 4
C 136 5
C 137 11
C 138 16
C 139 2
C 140 22
C 141 4
C 142 22
C 143 11
C 144 5
C 145 16
C 146 6
C 147 26
C 148 26
C 149 18
C 150 22
C 151 9
C 152 4
C 153 15
C 154 7
C 155 23
C 156 26
C 157 25
C 158 6
C 159 22
C 160 12
C 161 16
C 162 3
C 163 22
C 164 10
C 165 11
C 166 12
C 167 24
C 168 11
C 169 5
C 170 5
C 171 10
C 172 25
C 173 26
C 174 20
C 175 23
C 176 9
C 177 6
C 178 0
C 179 22
C 180 0
C 181 18
C 182 22
C 183 18
C 184 23
C 185 6
C 186 12
C 187 17
C 188 18
C 189 10
C 190 26
C 191 3
C 192 11
C 193 0
C 194 3
C 195 6
C 196 26
C 197 9
C 198 24
C 199 23
C 200 22
C 201 2
C 202 26
C 203 12
C 204 5
C 205 21
C 206 3
C 207 3
C 208 1
C 209 20
C 210 6
C 211 6
C 212 7
C 213 26
C 214 22
C 215 16
C 216 5
C 217 17
C 218 23
C 219 4
C 220 20
C 221 20
C 222 7
C 223 8
C 224 7
C 225 4
C 226 17
C 227 23
C 228 15
C 229 25
C 230 10
C 231 26
C 232 3
C 233 2
C 234 23
C 235 6
C 236 16
C 237 10
C 238 18
C 239 26
C 240 8
C 241 16
C 242 20
C 243 5
C 244 17
C 245 17
C 246 14
C 247 12
C 248 2
C 249 8
C 250 1
C 251 5
C 252 9
C 253 22
C 254 10
C 255 24
C 256 16
C 257 25
C 258 20
C 259 26
C 260 24
C 261 6
C 262 0
C 263 23
C 264 19
C 265 0
C 266 0
C 267 0
C 268 0
C 269 0
C 270 0
C 271 0
C 272 0
C 273 0
C 274 0
C 275 0
C 276 0
C 277 0
C 278 0
C 279 0
C 280 0
C 281 0
C 282 0
C 283 0
C 284 0
C 285 0
C 286 0
C 287 0
C 288 0
C 289 0
C 290 0
C 291 0
C 292 0
C 293 0
C 294 0
C 295 0
C 296 0
C 297 24
C 298 25
C 299 7
C 300 8
C 301 19
C 302 9
C 303 22
C 304 9
C 305 16
C 306 15
C 307 19
C 308 26
C 309 26
C 310 21
C 311 17
C 312 15
C 313 7
C 314 25
C 315 5
C 316 2
C 317 24
C 318 4
C 319 1
C 320 3
C 321 5
C 322 25
C 323 5
C 324 22
C 325 26
C 326 4
C 327 18
C 328 3
C 329 2
C 330 23
C 331 6
C 332 12
C 333 24
C 334 0
C 335 15
C 336 3
C 337 11
C 338 15
C 339 24
C 340 17
C 341 21
C 342 16
C 343 11
C 344 14
C 345 6
C 346 14
C 347 7
C 348 25
C 349 5
C 350 5
C 351 14
C 352 21
C 353 4
C 354 22
C 355 14
C 356 6
C 357 9
C 358 14
C 359 26
C 360 5
C 361 3
C 362 10
C 363 7
C 364 20
C 365 9
C 366 18
C 367 22
C 368 14
C 369 19
C 370 8
C 371 12
C 372 3
C 373 20
C 374 26
C 375 2
C 376 11
C 377 24
I 0 1 2 (4,5,4) (-1,0,0,0)|(1,-1,1,0)
I 5 2 15 (2,5,3) (-1,1,0,0)
I 1 1 5 (5,5,5) (-1,0,-1,0)
