D (11,12,13) (1,0,4)
D (6,7,-1) (0,2,3)
D (10,11,-1) (2,1,5)
D (11,12,13) (5,5,5)
D (9,10,11) (5,2,4)
D (8,9,-1) (1,1,3)
D (13,-1,-1) (1,2,4)
D (9,10,11) (2,1,0)
D (10,11,-1) (0,2,2)
D (6,7,8) (4,3,2)
D (6,7,8) (1,3,4)
D (11,12,-1) (5,1,3)
D (10,11,13) (2,2,0)
D (8,9,-1) (0,0,1)
D (12,-1,-1) (1,2,1)
D (8,9,-1) (3,1,1)
D (12,13,-1) (0,5,0)
D (9,-1,-1) (0,2,0)
D (12,13,-1) (4,2,1)
D (13,-1,-1) (1,3,2)
D (11,-1,-1) (0,3,0)
D (11,12,-1) (4,3,5)
D (9,-1,-1) (4,1,2)
D (6,7,8) (4,3,0)
D (11,12,13) (4,3,4)
D (12,13,-1) (5,1,4)
D (13,-1,-1) (4,3,1)
D (9,10,11) (4,1,5)
D (9,-1,-1) (0,0,5)
D (6,-1,-1) (2,2,1)
D (11,-1,-1) (0,3,4)
D (12,-1,-1) (4,3,3)
D (6,-1,-1) (3,1,5)
D (12,13,-1) (3,5,3)
D (6,7,-1) (5,2,5)
D (10,11,-1) (1,3,3)
D (8,9,10) (5,3,1)
D (13,-1,-1) (5,5,4)
D (7,8,9) (4,0,1)
D (10,-1,-1) (2,4,3)
D (9,10,11) (2,1,1)
D (7,-1,-1) (3,3,0)
D (11,12,-1) (1,5,1)
D (6,7,-1) (1,0,5)
D (12,13,-1) (5,3,2)
D (6,7,8) (0,0,2)
D (9,10,11) (5,5,2)
D (6,7,8) (0,4,5)
D (7,8,9) (5,0,3)
D (12,-1,-1) (3,2,3)
D (8,-1,-1) (1,1,2)
D (12,-1,-1) (2,1,2)
D (6,-1,-1) (0,4,2)
D (12,-1,-1) (3,4,5)
D (10,11,-1) (2,4,4)
D (9,10,-1) (1,2,3)
D (8,9,10) (2,1,3)
D (8,9,-1) (5,5,0)
C 0 15
C 1 8
C 2 21
C 3 5
C 4 16
C 5 6
C 6 26
C 7 25
C 8 12
C 9 19
C 10 3
C 11 2
C 12 2
C 13 15
C 14 25
C 15 9
C 16 8
C 17 4
C 18 15
C 19 24
C 20 9
C 21 18
C 22 19
C 23 19
C 24 15
C 25 0
C 26 7
C 27 17
C 28 5
C 29 6
C 30 26
C 31 6
C 32 11
C 33 10
C 34 22
C 35 19
C 36 4
C 37 26
C 38 17
C 39 25
C 40 16
C 41 4
C 42 2
C 43 1
C 44 15
C 45 18
C 46 24
C 47 14
C 48 17
C 49 18
C 50 0
C 51 14
C 52 18
C 53 11
C 54 1
C 55 2
C 56 16
C 57 12
C 58 12
C 59 9
C 60 11
C 61 21
C 62 9
C 63 9
C 64 19
C 65 3
C 66 18
C 67 24
C 68 3
C 69 23
C 70 6
C 71 14
C 72 8
C 73 6
C 74 10
C 75 16
C 76 15
C 77 2
C 78 15
C 79 24
C 80 21
C 81 18
C 82 23
C 83 22
C 84 24
C 85 4
C 86 22
C 87 7
C 88 6
C 89 14
C 90 18
C 91 24
C 92 0
C 93 0
C 94 0
C 95 0
C 96 0
C 97 0
C 98 0
C 99 0
C 100 0
C 101 0
C 102 0
C 103 0
C 104 0
C 105 0
C 106 0
C 107 0
C 108 0
C 109 0
C 110 0
C 111 0
C 112 0
C 113 0
C 114 0
C 115 0
C 116 0
C 117 0
C 118 0
C 119 0
C 120 0
C 121 0
C 122 0
C 123 0
C 124 0
C 125 0
C 126 0
C 127 0
C 128 0
C 129 0
C 130 0
C 131 0
C 132 0
C 133 0
C 134 0
C 135 0
C 136 20
C 137 0
C 138 0
C 139 0
C 140 0
C 141 0
C 142 0
C 143 0
C 144 0
C 145 0
C 146 0
C 147 0
C 148 0
C 149 0
C 150 0
C 151 0
C 152 0
C 153 0
C 154 0
C 155 0
C 156 0
C 157 0
C 158 16
C 159 21
C 160 7
C 161 22
C 162 16
C 163 0
C 164 0
C 165 0
C 166 0
C 167 0
C 168 0
C 169 0
C 170 0
C 171 0
C 172 0
C 173 0
C 174 0
C 175 0
C 176 0
C 177 0
C 178 0
C 179 0
C 180 0
C 181 0
C 182 0
C 183 0
C 184 0
C 185 0
C 186 0
C 187 0
C 188 0
C 189 0
C 190 0
C 191 0
C 192 0
C 193 0
C 194 0
C 195 0
C 196 0
C 197 0
C 198 0
C 199 0
C 200 0
C 201 0
C 202 0
C 203 0
C 204 0
C 205 0
C 206 0
C 207 0
C 208 0
C 209 0
C 210 0
C 211 0
C 212 0
C 213 0
C 214 0
C 215 0
C 216 0
C 217 0
C 218 0
C 219 0
C 220 0
C 221 0
C 222 0
C 223 0
C 224 0
C 225 0
C 226 0
C 227 0
C 228 0
C 229 0
C 230 0
C 231 0
C 232 0
C 233 0
C 234 0
C 235 0
C 236 0
C 237 0
C 238 0
C 239 0
C 240 0
C 241 0
C 242 0
C 243 0
C 244 0
C 245 0
C 246 0
C 247 0
C 248 18
C 249 23
C 250 4
C 251 7
C 252 10
C 253 11
C 254 16
C 255 16
C 256 9
C 257 16
C 258 26
C 259 17
C 260 10
C 261 10
C 262 24
C 263 16
C 264 7
C 265 24
C 266 17
C 267 5
C 268 6
C 269 3
C 270 12
C 271 18
C 272 20
C 273 14
C 274 6
C 275 16
C 276 2
C 277 24
C 278 10
C 279 11
C 280 6
C 281 19
C 282 20
C 283 15
C 284 25
C 285 3
C 286 11
C 287 21
C 288 16
C 289 9
C 290 16
C 291 20
C 292 5
C 293 1
C 294 2
C 295 10
C 296 23
C 297 10
C 298 17
C 299 3
C 300 22
C 301 18
C 302 2
C 303 4
C 304 19
C 305 26
C 306 6
C 307 23
C 308 0
C 309 17
C 310 10
C 311 6
C 312 15
C 313 17
C 314 9
C 315 21
C 316 9
C 317 9
C 318 5
C 319 2
C 320 23
C 321 18
C 322 20
C 323 25
C 324 8
C 325 4
C 326 7
C 327 18
C 328 14
C 329 26
C 330 0
C 331 4
C 332 18
C 333 8
C 334 0
C 335 10
C 336 23
C 337 15
C 338 21
C 339 19
C 340 7
C 341 0
C 342 15
C 343 7
C 344 15
C 345 23
C 346 17
C 347 19
C 348 26
C 349 25
C 350 19
C 351 1
C 352 25
C 353 2
C 354 19
C 355 1
C 356 25
C 357 0
C 358 25
C 359 12
C 360 12
C 361 16
C 362 8
C 363 4
C 364 8
C 365 18
C 366 20
C 367 4
C 368 5
C 369 15
C 370 8
C 371 2
C 372 22
C 373 14
C 374 15
C 375 3
C 376 15
C 377 16
I 2 2 18 (2,3,1) (1,-1,1,0)|(-1,1,-1,0)|(1,1,0,0)|(0,0,1,0)|(-1,-1,-1,0)
I 5 2 10 (2,3,0) (0,0,1,0)|(-1,1,0,0)
I 4 1 11 (3,5,5) (1,1,-1,0)
