D (8,9,10) (4,1,1)
D (10,11,-1) (2,3,0)
D (6,-1,-1) (3,0,5)
D (8,9,-1) (2,1,0)
D (6,7,-1) (4,1,0)
D (10,11,12) (4,4,1)
D (7,8,-1) (2,5,2)
D (10,11,-1) (0,3,2)
D (9,10,11) (1,4,5)
D (10,11,12) (3,3,0)
D (7,8,9) (3,1,2)
D (12,13,-1) (3,2,2)
D (10,11,12) (3,1,0)
D (6,-1,-1) (0,4,0)
D (8,9,-1) (3,5,5)
D (8,-1,-1) (2,1,3)
D (7,8,9) (5,1,2)
D (8,-1,-1) (1,0,4)
D (7,8,-1) (2,4,2)
D (12,-1,-1) (0,1,4)
D (10,11,-1) (2,1,5)
D (11,12,13) (1,1,3)
D (12,-1,-1) (5,5,4)
D (9,10,11) (4,4,4)
D (11,-1,-1) (0,4,5)
D (12,-1,-1) (3,1,5)
D (13,-1,-1) (2,3,3)
D (6,-1,-1) (4,2,1)
D (9,-1,-1) (4,5,4)
D (9,10,-1) (2,0,3)
D (13,-1,-1) (1,5,5)
D (13,-1,-1) (2,1,4)
D (9,-1,-1) (2,4,4)
D (10,11,12) (4,3,3)
D (9,10,-1) (0,3,3)
D (8,9,-1) (3,5,0)
D (13,-1,-1) (2,0,4)
D (7,8,9) (3,3,1)
D (11,12,13) (2,4,1)
D (6,7,8) (1,2,3)
D (9,10,-1) (1,0,2)
D (9,10,-1) (3,2,4)
D (8,9,-1) (3,5,2)
D (7,8,-1) (5,2,1)
D (6,-1,-1) (0,2,5)
D (8,9,10) (1,3,3)
D (11,12,13) (3,3,2)
D (13,-1,-1) (4,0,4)
D (13,-1,-1) (0,4,2)
D (11,-1,-1) (0,3,5)
D (6,12,-1) (2,4,5)
D (7,-1,-1) (1,2,2)
C 0 2
C 1 23
C 2 21
C 3 17
C 4 23
C 5 2
C 6 8
C 7 17
C 8 23
C 9 5
C 10 23
C 11 15
C 12 25
C 13 4
C 14 5
C 15 0
C 16 0
C 17 0
C 18 0
C 19 0
C 20 0
C 21 0
C 22 0
C 23 0
C 24 0
C 25 0
C 26 0
C 27 0
C 28 0
C 29 0
C 30 0
C 31 0
C 32 0
C 33 0
C 34 0
C 35 0
C 36 0
C 37 0
C 38 0
C 39 0
C 40 0
C 41 0
C 42 0
C 43 0
C 44 0
C 45 0
C 46 0
C 47 0
C 48 0
C 49 0
C 50 0
C 51 0
C 52 0
C 53 0
C 54 0
C 55 0
C 56 0
C 57 0
C 58 0
C 59 0
C 60 0
C 61 0
C 62 0
C 63 0
C 64 0
C 65 0
C 66 0
C 67 0
C 68 0
C 69 0
C 70 0
C 71 0
C 72 0
C 73 0
C 74 0
C 75 0
C 76 0
C 77 0
C 78 0
C 79 0
C 80 0
C 81 0
C 82 0
C 83 0
C 84 0
C 85 0
C 86 0
C 87 0
C 88 0
C 89 0
C 90 0
C 91 0
C 92 0
C 93 0
C 94 0
C 95 0
C 96 0
C 97 0
C 98 0
C 99 0
C 100 0
C 101 0
C 102 0
C 103 0
C 104 0
C 105 0
C 106 0
C 107 0
C 108 0
C 109 0
C 110 0
C 111 0
C 112 0
C 113 0
C 114 0
C 115 0
C 116 0
C 117 0
C 118 0
C 119 0
C 120 0
C 121 0
C 122 0
C 123 0
C 124 0
C 125 0
C 126 0
C 127 0
C 128 0
C 129 0
C 130 0
C 131 0
C 132 16
C 133 11
C 134 2
C 135 15
C 136 10
C 137 6
C 138 1
C 139 4
C 140 5
C 141 24
C 142 17
C 143 22
C 144 4
C 145 20
C 146 20
C 147 0
C 148 8
C 149 21
C 150 12
C 151 1
C 152 3
C 153 18
C 154 11
C 155 0
C 156 15
C 157 2
C 158 17
C 159 5
C 160 17
C 161 12
C 162 18
C 163 8
C 164 6
C 165 1
C 166 25
C 167 9
C 168 16
C 169 26
C 170 12
C 171 17
C 172 24
C 173 19
C 174 20
C 175 6
C 176 17
C 177 15
C 178 21
C 179 16
C 180 20
C 181 10
C 182 22
C 183 21
C 184 1
C 185 20
C 186 15
C 187 4
C 188 23
C 189 4
C 190 10
C 191 5
C 192 11
C 193 2
C 194 24
C 195 25
C 196 12
C 197 0
C 198 1
C 199 25
C 200 10
C 201 2
C 202 7
C 203 16
C 204 18
C 205 19
C 206 8
C 207 6
C 208 12
C 209 21
C 210 7
C 211 20
C 212 9
C 213 6
C 214 25
C 215 17
C 216 3
C 217 3
C 218 1
C 219 6
C 220 14
C 221 23
C 222 20
C 223 16
C 224 25
C 225 14
C 226 5
C 227 2
C 228 26
C 229 23
C 230 10
C 231 11
C 232 19
C 233 8
C 234 11
C 235 7
C 236 24
C 237 0
C 238 14
C 239 22
C 240 4
C 241 10
C 242 1
C 243 8
C 244 22
C 245 18
C 246 15
C 247 19
C 248 7
C 249 26
C 250 21
C 251 6
C 252 23
C 253 1
C 254 11
C 255 23
C 256 1
C 257 26
C 258 3
C 259 15
C 260 2
C 261 19
C 262 24
C 263 7
C 264 5
C 265 14
C 266 8
C 267 1
C 268 12
C 269 23
C 270 8
C 271 9
C 272 15
C 273 14
C 274 4
C 275 8
C 276 10
C 277 8
C 278 23
C 279 2
C 280 25
C 281 17
C 282 7
C 283 12
C 284 15
C 285 21
C 286 11
C 287 4
C 288 0
C 289 21
C 290 20
C 291 21
C 292 16
C 293 22
C 294 16
C 295 4
C 296 25
C 297 17
C 298 26
C 299 23
C 300 25
C 301 21
C 302 4
C 303 10
C 304 23
C 305 23
C 306 23
C 307 17
C 308 11
C 309 7
C 310 9
C 311 8
C 312 6
C 313 25
C 314 11
C 315 11
C 316 15
C 317 15
C 318 14
C 319 22
C 320 12
C 321 15
C 322 15
C 323 16
C 324 21
C 325 25
C 326 16
C 327 22
C 328 23
C 329 5
C 330 12
C 331 8
C 332 22
C 333 18
C 334 9
C 335 10
C 336 21
C 337 0
C 338 0
C 339 0
C 340 20
C 341 22
C 342 2
C 343 25
C 344 9
C 345 6
C 346 1
C 347 23
C 348 23
C 349 18
C 350 10
C 351 17
C 352 26
C 353 8
C 354 1
C 355 0
C 356 9
C 357 24
C 358 23
C 359 7
C 360 8
C 361 25
C 362 18
C 363 15
C 364 21
C 365 14
C 366 11
C 367 9
C 368 8
C 369 23
C 370 10
C 371 24
C 372 21
C 373 4
C 374 14
C 375 18
C 376 5
C 377 23
I 0 3 10 (3,2,3) (-1,0,0,0)|(1,0,1,0)
I 0 2 17 (5,3,4) (-1,0,0,0)|(0,0,1,0)
I 5 3 10 (3,0,2) (1,0,1,0)|(1,0,0,0)
