D (10,11,12) (0,1,2)
D (7,-1,-1) (2,0,4)
D (6,7,8) (3,4,3)
D (10,-1,-1) (2,0,5)
D (8,9,10) (3,1,5)
D (12,-1,-1) (0,3,5)
D (9,10,-1) (4,5,5)
D (11,12,13) (5,2,0)
D (11,12,-1) (2,1,1)
D (9,-1,-1) (2,2,0)
D (6,-1,-1) (4,4,3)
D (7,-1,-1) (0,2,2)
D (10,11,12) (3,4,1)
D (7,8,9) (4,4,1)
D (10,11,12) (2,5,5)
D (12,13,-1) (2,4,3)
D (10,11,12) (0,2,1)
D (8,9,-1) (5,0,1)
D (10,-1,-1) (2,5,2)
D (7,8,9) (1,0,5)
D (9,10,-1) (5,4,1)
D (11,12,13) (4,2,5)
D (11,12,-1) (3,1,0)
D (9,10,11) (4,5,4)
D (10,11,-1) (4,3,1)
D (7,8,-1) (3,2,5)
D (6,7,8) (2,4,4)
D (8,9,-1) (2,5,0)
D (7,6,-1) (3,0,0)
D (13,-1,-1) (1,0,4)
D (13,-1,-1) (3,4,2)
D (10,11,-1) (5,1,2)
D (12,-1,-1) (5,4,0)
D (13,-1,-1) (4,0,0)
D (9,-1,-1) (3,3,1)
D (8,9,10) (5,5,5)
D (12,-1,-1) (4,5,3)
D (12,-1,-1) (1,4,0)
D (10,11,12) (2,4,0)
D (7,8,-1) (3,2,2)
D (11,12,-1) (0,5,1)
D (9,10,-1) (4,3,5)
D (9,-1,-1) (2,2,2)
D (12,13,-1) (4,2,1)
D (13,-1,-1) (0,4,1)
D (9,-1,-1) (0,1,0)
C 0 7
C 1 23
C 2 10
C 3 0
C 4 9
C 5 3
C 6 14
C 7 0
C 8 0
C 9 0
C 10 0
C 11 0
C 12 0
C 13 0
C 14 0
C 15 0
C 16 0
C 17 0
C 18 0
C 19 0
C 20 0
C 21 0
C 22 0
C 23 0
C 24 0
C 25 0
C 26 0
C 27 0
C 28 0
C 29 0
C 30 0
C 31 0
C 32 0
C 33 0
C 34 0
C 35 0
C 36 0
C 37 0
C 38 0
C 39 0
C 40 0
C 41 0
C 42 0
C 43 0
C 44 0
C 45 0
C 46 0
C 47 0
C 48 0
C 49 0
C 50 0
C 51 0
C 52 0
C 53 0
C 54 0
C 55 0
C 56 0
C 57 0
C 58 0
C 59 0
C 60 0
C 61 0
C 62 0
C 63 0
C 64 0
C 65 0
C 66 0
C 67 0
C 68 0
C 69 0
C 70 0
C 71 0
C 72 0
C 73 0
C 74 0
C 75 0
C 76 0
C 77 0
C 78 0
C 79 0
C 80 0
C 81 0
C 82 0
C 83 0
C 84 0
C 85 0
C 86 0
C 87 0
C 88 0
C 89 0
C 90 0
C 91 0
C 92 0
C 93 0
C 94 0
C 95 0
C 96 0
C 97 0
C 98 0
C 99 0
C 100 0
C 101 0
C 102 0
C 103 0
C 104 0
C 105 0
C 106 0
C 107 0
C 108 0
C 109 0
C 110 0
C 111 0
C 112 0
C 113 0
C 114 0
C 115 0
C 116 0
C 117 0
C 118 0
C 119 0
C 120 0
C 121 0
C 122 0
C 123 0
C 124 0
C 125 9
C 126 10
C 127 14
C 128 2
C 129 15
C 130 1
C 131 16
C 132 26
C 133 2
C 134 8
C 135 12
C 136 18
C 137 22
C 138 0
C 139 20
C 140 20
C 141 15
C 142 10
C 143 26
C 144 7
C 145 23
C 146 21
C 147 0
C 148 0
C 149 0
C 150 0
C 151 0
C 152 0
C 153 0
C 154 0
C 155 0
C 156 0
C 157 0
C 158 0
C 159 0
C 160 0
C 161 0
C 162 0
C 163 0
C 164 0
C 165 0
C 166 0
C 167 0
C 168 0
C 169 0
C 170 0
C 171 0
C 172 0
C 173 0
C 174 0
C 175 0
C 176 0
C 177 23
C 178 16
C 179 24
C 180 3
C 181 24
C 182 1
C 183 19
C 184 20
C 185 25
C 186 19
C 187 9
C 188 9
C 189 17
C 190 16
C 191 4
C 192 25
C 193 26
C 194 25
C 195 25
C 196 5
C 197 1
C 198 7
C 199 15
C 200 4
C 201 1
C 202 1
C 203 0
C 204 15
C 205 6
C 206 5
C 207 6
C 208 14
C 209 7
C 210 8
C 211 24
C 212 23
C 213 14
C 214 11
C 215 5
C 216 22
C 217 2
C 218 11
C 219 10
C 220 6
C 221 19
C 222 5
C 223 17
C 224 24
C 225 11
C 226 8
C 227 20
C 228 15
C 229 20
C 230 23
C 231 11
C 232 16
C 233 10
C 234 12
C 235 7
C 236 16
C 237 18
C 238 12
C 239 21
C 240 20
C 241 16
C 242 2
C 243 16
C 244 14
C 245 10
C 246 8
C 247 25
C 248 19
C 249 3
C 250 4
C 251 24
C 252 3
C 253 7
C 254 24
C 255 15
C 256 5
C 257 18
C 258 16
C 259 17
C 260 1
C 261 5
C 262 9
C 263 12
C 264 15
C 265 15
C 266 19
C 267 15
C 268 9
C 269 24
C 270 14
C 271 6
C 272 3
C 273 10
C 274 6
C 275 8
C 276 10
C 277 6
C 278 23
C 279 26
C 280 23
C 281 19
C 282 6
C 283 17
C 284 23
C 285 4
C 286 18
C 287 26
C 288 7
C 289 21
C 290 19
C 291 8
C 292 4
C 293 14
C 294 11
C 295 12
C 296 26
C 297 23
C 298 14
C 299 17
C 300 18
C 301 14
C 302 2
C 303 10
C 304 26
C 305 20
C 306 8
C 307 26
C 308 9
C 309 3
C 310 25
C 311 4
C 312 1
C 313 11
C 314 17
C 315 15
C 316 0
C 317 26
C 318 1
C 319 0
C 320 18
C 321 15
C 322 25
C 323 2
C 324 11
C 325 17
C 326 1
C 327 14
C 328 4
C 329 6
C 330 4
C 331 5
C 332 5
C 333 3
C 334 24
C 335 22
C 336 4
C 337 15
C 338 21
C 339 9
C 340 15
C 341 8
C 342 22
C 343 8
C 344 18
C 345 3
C 346 0
C 347 12
C 348 11
C 349 21
C 350 19
C 351 3
C 352 18
C 353 12
C 354 23
C 355 23
C 356 4
C 357 3
C 358 17
C 359 4
C 360 7
C 361 25
C 362 14
C 363 8
C 364 21
C 365 25
C 366 12
C 367 24
C 368 21
C 369 8
C 370 23
C 371 2
C 372 0
C 373 12
C 374 6
C 375 14
C 376 15
C 377 17
I 5 2 15 (4,3,4) (0,-1,1,0)
I 5 2 15 (4,3,4) (0,0,1,0)|(-1,-1,0,0)
I 1 2 19 (2,1,3) (1,1,0,0)|(0,1,0,0)
