D (9,-1,-1) (4,4,1)
D (6,7,8) (2,3,0)
D (11,12,13) (3,3,0)
D (8,9,-1) (5,2,3)
D (9,10,-1) (2,4,4)
D (10,-1,-1) (3,0,0)
D (10,-1,-1) (4,1,2)
D (10,11,-1) (5,2,4)
D (11,12,-1) (3,4,4)
D (12,13,-1) (0,4,4)
D (12,13,-1) (5,2,0)
D (9,-1,-1) (2,3,1)
D (6,7,-1) (1,0,3)
D (10,11,-1) (3,1,3)
D (10,11,-1) (0,0,0)
D (6,-1,-1) (5,1,5)
D (12,-1,-1) (4,2,0)
D (10,-1,-1) (2,0,1)
D (7,8,-1) (5,4,3)
D (7,8,9) (3,3,1)
D (9,-1,-1) (2,2,0)
D (8,9,10) (3,3,5)
D (12,13,-1) (3,3,2)
D (11,12,13) (3,0,5)
D (6,7,-1) (3,1,5)
D (13,-1,-1) (4,2,4)
D (13,-1,-1) (4,5,3)
D (11,12,-1) (1,4,3)
D (10,11,12) (2,2,2)
D (9,10,-1) (3,5,3)
D (8,-1,-1) (3,3,3)
D (7,8,9) (1,1,0)
D (11,12,13) (1,5,4)
D (9,-1,-1) (1,4,5)
D (6,7,8) (2,0,3)
D (13,-1,-1) (4,1,1)
D (7,8,-1) (4,3,0)
D (11,12,-1) (5,4,1)
D (6,7,-1) (4,3,2)
D (7,8,9) (4,2,3)
D (13,-1,-1) (1,3,1)
D (6,-1,-1) (3,2,2)
D (12,13,-1) (4,0,1)
D (7,8,-1) (3,4,0)
D (11,12,12) (1,4,1)
D (6,7,-1) (1,0,4)
D (12,13,-1) (2,1,4)
D (10,11,12) (2,3,5)
D (9,10,-1) (5,3,3)
D (10,11,12) (0,1,3)
D (10,11,-1) (0,3,5)
D (13,-1,-1) (5,2,5)
D (9,10,11) (4,3,3)
D (13,-1,-1) (1,0,1)
D (11,12,13) (2,0,5)
D (9,-1,-1) (1,2,5)
D (8,-1,-1) (0,5,0)
D (8,9,-1) (0,2,0)
C 0 14
C 1 12
C 2 4
C 3 5
C 4 22
C 5 21
C 6 3
C 7 20
C 8 6
C 9 22
C 10 21
C 11 2
C 12 18
C 13 4
C 14 2
C 15 4
C 16 10
C 17 0
C 18 2
C 19 6
C 20 23
C 21 5
C 22 1
C 23 7
C 24 2
C 25 9
C 26 20
C 27 7
C 28 10
C 29 17
C 30 24
C 31 12
C 32 1
C 33 10
C 34 6
C 35 16
C 36 22
C 37 8
C 38 18
C 39 7
C 40 12
C 41 2
C 42 21
C 43 18
C 44 26
C 45 1
C 46 7
C 47 8
C 48 9
C 49 17
C 50 7
C 51 11
C 52 16
C 53 23
C 54 26
C 55 0
C 56 22
C 57 7
C 58 2
C 59 10
C 60 14
C 61 18
C 62 5
C 63 7
C 64 18
C 65 26
C 66 19
C 67 25
C 68 8
C 69 20
C 70 2
C 71 23
C 72 3
C 73 18
C 74 4
C 75 25
C 76 8
C 77 9
C 78 1
C 79 26
C 80 11
C 81 18
C 82 15
C 83 4
C 84 1
C 85 5
C 86 21
C 87 19
C 88 2
C 89 8
C 90 18
C 91 8
C 92 11
C 93 12
C 94 18
C 95 2
C 96 26
C 97 20
C 98 2
C 99 18
C 100 10
C 101 1
C 102 1
C 103 20
C 104 14
C 105 2
C 106 18
C 107 6
C 108 14
C 109 17
C 110 20
C 111 12
C 112 6
C 113 15
C 114 22
C 115 9
C 116 2
C 117 10
C 118 19
C 119 8
C 120 17
C 121 4
C 122 26
C 123 0
C 124 26
C 125 15
C 126 24
C 127 0
C 128 1
C 129 1
C 130 16
C 131 25
C 132 7
C 133 5
C 134 11
C 135 16
C 136 25
C 137 24
C 138 23
C 139 16
C 140 23
C 141 3
C 142 4
C 143 4
C 144 8
C 145 6
C 146 18
C 147 26
C 148 23
C 149 21
C 150 17
C 151 15
C 152 6
C 153 5
C 154 3
C 155 4
C 156 19
C 157 3
C 158 25
C 159 9
C 160 18
C 161 14
C 162 18
C 163 24
C 164 15
C 165 1
C 166 9
C 167 8
C 168 25
C 169 24
C 170 20
C 171 21
C 172 12
C 173 24
C 174 5
C 175 0
C 176 3
C 177 18
C 178 8
C 179 0
C 180 20
C 181 14
C 182 19
C 183 8
C 184 19
C 185 25
C 186 19
C 187 3
C 188 7
C 189 26
C 190 17
C 191 5
C 192 4
C 193 15
C 194 11
C 195 0
C 196 25
C 197 1
C 198 23
C 199 15
C 200 15
C 201 22
C 202 12
C 203 23
C 204 23
C 205 16
C 206 18
C 207 23
C 208 3
C 209 12
C 210 3
C 211 10
C 212 14
C 213 18
C 214 1
C 215 16
C 216 4
C 217 14
C 218 9
C 219 22
C 220 1
C 221 12
C 222 4
C 223 24
C 224 3
C 225 20
C 226 11
C 227 22
C 228 0
C 229 17
C 230 26
C 231 18
C 232 3
C 233 15
C 234 21
C 235 18
C 236 5
C 237 9
C 238 8
C 239 10
C 240 11
C 241 26
C 242 19
C 243 22
C 244 25
C 245 19
C 246 23
C 247 11
C 248 11
C 249 6
C 250 10
C 251 20
C 252 25
C 253 3
C 254 26
C 255 20
C 256 26
C 257 4
C 258 1
C 259 15
C 260 24
C 261 6
C 262 23
C 263 5
C 264 21
C 265 2
C 266 25
C 267 1
C 268 11
C 269 15
C 270 9
C 271 21
C 272 22
C 273 8
C 274 15
C 275 20
C 276 17
C 277 8
C 278 16
C 279 11
C 280 11
C 281 18
C 282 1
C 283 5
C 284 4
C 285 17
C 286 18
C 287 24
C 288 5
C 289 19
C 290 12
C 291 25
C 292 0
C 293 24
C 294 11
C 295 22
C 296 16
C 297 22
C 298 23
C 299 9
C 300 19
C 301 16
C 302 25
C 303 5
C 304 2
C 305 24
C 306 4
C 307 18
C 308 4
C 309 8
C 310 20
C 311 5
C 312 2
C 313 26
C 314 15
C 315 9
C 316 3
C 317 11
C 318 26
C 319 10
C 320 21
C 321 21
C 322 22
C 323 2
C 324 22
C 325 22
C 326 10
C 327 6
C 328 19
C 329 6
C 330 25
C 331 5
C 332 3
C 333 7
C 334 4
C 335 26
C 336 12
C 337 16
C 338 24
C 339 2
C 340 18
C 341 6
C 342 7
C 343 23
C 344 8
C 345 8
C 346 6
C 347 25
C 348 7
C 349 17
C 350 4
C 351 20
C 352 3
C 353 12
C 354 24
C 355 10
C 356 6
C 357 15
C 358 21
C 359 14
C 360 23
C 361 6
C 362 25
C 363 23
C 364 8
C 365 7
C 366 20
C 367 25
C 368 18
C 369 14
C 370 25
C 371 21
C 372 11
C 373 11
C 374 3
C 375 9
C 376 3
C 377 12
I 0 3 3 (0,3,0) (0,0,1,0)
I 5 1 13 (4,5,2) (-1,1,-1,0)|(-1,1,0,0)|(-1,-1,1,0)
I 0 3 19 (5,1,2) (-1,1,0,0)|(1,-1,1,0)|(-1,-1,-1,0)
