D (10,11,-1) (1,1,0)
D (6,7,8) (0,2,0)
D (11,-1,-1) (0,3,1)
D (6,7,8) (4,3,2)
D (9,-1,-1) (4,0,3)
D (8,-1,-1) (1,2,3)
D (8,-1,-1) (2,1,2)
D (9,-1,-1) (5,0,1)
D (8,9,10) (0,3,4)
D (9,10,11) (2,5,4)
D (11,12,13) (2,0,5)
D (6,7,8) (0,0,5)
D (9,-1,-1) (3,1,3)
D (11,12,13) (2,5,5)
D (8,9,-1) (1,3,5)
D (7,8,9) (5,1,0)
D (7,8,-1) (2,2,3)
D (11,-1,-1) (4,0,2)
D (12,-1,-1) (0,1,0)
D (11,-1,-1) (4,4,2)
D (10,11,-1) (1,0,5)
D (9,13,-1) (4,2,1)
D (11,-1,-1) (3,3,5)
D (9,10,-1) (5,4,3)
D (8,9,-1) (0,4,0)
D (10,-1,-1) (3,2,3)
D (12,13,-1) (1,3,1)
D (11,12,-1) (4,1,1)
D (8,-1,-1) (0,5,1)
D (10,11,12) (4,0,5)
D (6,7,-1) (3,4,3)
D (9,10,-1) (1,5,3)
D (12,-1,-1) (2,1,0)
D (11,12,13) (5,4,0)
D (7,-1,-1) (1,5,5)
D (13,-1,-1) (4,2,4)
D (6,7,8) (0,5,3)
D (8,-1,-1) (1,2,5)
D (6,7,8) (1,1,1)
D (6,7,-1) (3,0,3)
D (12,13,-1) (3,0,1)
D (6,-1,-1) (2,4,3)
D (6,7,-1) (5,4,4)
D (11,12,13) (1,0,2)
D (7,-1,-1) (0,3,5)
D (10,-1,-1) (1,4,2)
D (11,12,-1) (2,1,1)
D (6,7,8) (1,4,1)
D (13,-1,-1) (2,5,0)
D (9,10,11) (3,5,1)
D (12,13,-1) (5,4,2)
D (12,13,-1) (4,5,0)
D (8,9,-1) (2,4,4)
D (13,-1,-1) (2,2,2)
D (8,-1,-1) (3,5,2)
D (8,9,10) (3,2,4)
D (9,-1,-1) (1,2,4)
D (12,13,-1) (2,1,3)
D (7,8,-1) (0,2,5)
D (8,9,-1) (2,5,3)
D (12,-1,-1) (0,3,3)
D (11,12,13) (4,4,4)
D (10,11,12) (4,1,4)
D (7,8,9) (0,0,1)
D (8,9,-1) (2,0,2)
D (12,13,-1) (2,2,0)
D (6,7,-1) (2,4,1)
D (9,-1,-1) (3,1,1)
D (12,-1,-1) (2,3,5)
D (7,-1,-1) (5,0,3)
D (12,13,-1) (5,5,3)
D (8,9,10) (4,2,3)
D (7,8,9) (2,1,5)
D (7,-1,-1) (0,0,4)
D (9,-1,-1) (4,3,5)
C 0 9
C 1 18
C 2 21
C 3 7
C 4 12
C 5 21
C 6 21
C 7 20
C 8 1
C 9 26
C 10 17
C 11 25
C 12 14
C 13 14
C 14 25
C 15 14
C 16 17
C 17 9
C 18 0
C 19 21
C 20 18
C 21 0
C 22 0
C 23 0
C 24 0
C 25 0
C 26 0
C 27 0
C 28 0
C 29 0
C 30 0
C 31 0
C 32 0
C 33 0
C 34 0
C 35 19
C 36 0
C 37 0
C 38 0
C 39 0
C 40 0
C 41 0
C 42 0
C 43 0
C 44 0
C 45 0
C 46 0
C 47 0
C 48 0
C 49 0
C 50 0
C 51 0
C 52 0
C 53 0
C 54 0
C 55 0
C 56 0
C 57 0
C 58 0
C 59 0
C 60 0
C 61 0
C 62 0
C 63 0
C 64 0
C 65 0
C 66 0
C 67 0
C 68 0
C 69 0
C 70 0
C 71 0
C 72 0
C 73 0
C 74 0
C 75 0
C 76 0
C 77 0
C 78 0
C 79 0
C 80 0
C 81 0
C 82 0
C 83 0
C 84 0
C 85 0
C 86 0
C 87 0
C 88 0
C 89 0
C 90 0
C 91 0
C 92 0
C 93 0
C 94 0
C 95 0
C 96 0
C 97 0
C 98 0
C 99 0
C 100 0
C 101 0
C 102 0
C 103 0
C 104 0
C 105 0
C 106 0
C 107 0
C 108 0
C 109 0
C 110 0
C 111 0
C 112 0
C 113 0
C 114 0
C 115 0
C 116 0
C 117 0
C 118 0
C 119 0
C 120 0
C 121 0
C 122 0
C 123 0
C 124 0
C 125 0
C 126 0
C 127 0
C 128 0
C 129 0
C 130 0
C 131 0
C 132 0
C 133 0
C 134 0
C 135 0
C 136 0
C 137 0
C 138 0
C 139 0
C 140 0
C 141 0
C 142 0
C 143 0
C 144 0
C 145 0
C 146 0
C 147 0
C 148 0
C 149 0
C 150 0
C 151 0
C 152 0
C 153 0
C 154 0
C 155 0
C 156 0
C 157 0
C 158 0
C 159 0
C 160 0
C 161 0
C 162 0
C 163 0
C 164 0
C 165 0
C 166 0
C 167 0
C 168 0
C 169 0
C 170 0
C 171 0
C 172 0
C 173 0
C 174 0
C 175 0
C 176 0
C 177 0
C 178 0
C 179 0
C 180 0
C 181 0
C 182 0
C 183 0
C 184 0
C 185 0
C 186 0
C 187 0
C 188 0
C 189 0
C 190 0
C 191 0
C 192 0
C 193 0
C 194 0
C 195 0
C 196 0
C 197 0
C 198 0
C 199 0
C 200 0
C 201 0
C 202 0
C 203 0
C 204 0
C 205 0
C 206 0
C 207 0
C 208 0
C 209 0
C 210 0
C 211 0
C 212 0
C 213 0
C 214 0
C 215 0
C 216 0
C 217 0
C 218 0
C 219 18
C 220 25
C 221 1
C 222 0
C 223 6
C 224 7
C 225 21
C 226 12
C 227 1
C 228 23
C 229 7
C 230 11
C 231 14
C 232 10
C 233 22
C 234 7
C 235 0
C 236 14
C 237 23
C 238 18
C 239 24
C 240 3
C 241 17
C 242 22
C 243 17
C 244 1
C 245 2
C 246 5
C 247 3
C 248 7
C 249 16
C 250 22
C 251 22
C 252 7
C 253 6
C 254 18
C 255 26
C 256 18
C 257 20
C 258 26
C 259 26
C 260 21
C 261 6
C 262 0
C 263 0
C 264 0
C 265 0
C 266 0
C 267 0
C 268 0
C 269 0
C 270 0
C 271 0
C 272 0
C 273 0
C 274 0
C 275 0
C 276 0
C 277 0
C 278 0
C 279 0
C 280 0
C 281 0
C 282 0
C 283 0
C 284 0
C 285 0
C 286 0
C 287 0
C 288 0
C 289 0
C 290 0
C 291 0
C 292 0
C 293 0
C 294 0
C 295 0
C 296 0
C 297 0
C 298 0
C 299 0
C 300 15
C 301 12
C 302 12
C 303 1
C 304 2
C 305 0
C 306 18
C 307 3
C 308 24
C 309 0
C 310 0
C 311 0
C 312 4
C 313 19
C 314 4
C 315 2
C 316 5
C 317 16
C 318 18
C 319 2
C 320 14
C 321 16
C 322 21
C 323 2
C 324 11
C 325 4
C 326 24
C 327 10
C 328 18
C 329 6
C 330 17
C 331 17
C 332 11
C 333 7
C 334 0
C 335 17
C 336 0
C 337 8
C 338 18
C 339 12
C 340 6
C 341 26
C 342 1
C 343 12
C 344 8
C 345 20
C 346 18
C 347 17
C 348 21
C 349 24
C 350 8
C 351 2
C 352 23
C 353 10
C 354 26
C 355 10
C 356 5
C 357 22
C 358 9
C 359 11
C 360 18
C 361 3
C 362 15
C 363 5
C 364 21
C 365 8
C 366 17
C 367 17
C 368 18
C 369 10
C 370 16
C 371 20
C 372 18
C 373 11
C 374 25
C 375 23
C 376 11
C 377 8
I 1 3 4 (2,3,1) (1,0,1,0)|(0,0,-1,0)|(1,1,-1,0)
I 1 1 11 (2,0,5) (0,1,0,0)|(0,0,-1,0)|(0,-1,-1,0)
I 5 3 10 (3,0,1) (-1,-1,-1,0)
