D (9,10,11) (5,0,2)
D (7,8,9) (2,4,0)
D (10,11,12) (1,0,0)
D (9,-1,-1) (3,0,4)
D (9,10,-1) (3,4,4)
D (11,-1,-1) (3,4,1)
D (9,10,11) (1,0,1)
D (6,7,-1) (4,5,3)
D (11,12,-1) (2,3,3)
D (9,10,11) (3,1,3)
D (10,11,12) (3,0,3)
D (9,10,-1) (0,4,3)
D (12,13,-1) (5,2,3)
D (11,12,-1) (0,0,1)
D (7,8,9) (2,3,2)
D (12,13,-1) (5,4,5)
D (8,9,10) (2,0,4)
D (13,-1,-1) (2,2,4)
D (6,-1,-1) (5,0,3)
D (6,-1,-1) (4,1,1)
D (6,7,8) (0,3,3)
D (12,13,-1) (1,4,0)
D (12,13,-1) (5,2,5)
D (6,7,-1) (1,4,2)
D (6,7,-1) (1,1,1)
D (9,10,-1) (4,2,1)
D (6,-1,-1) (1,4,5)
D (9,10,11) (5,1,1)
D (12,13,-1) (1,2,0)
D (7,8,-1) (4,5,0)
D (11,-1,-1) (5,1,5)
D (8,-1,-1) (2,2,5)
D (13,-1,-1) (2,2,1)
D (10,11,12) (1,1,2)
D (10,11,-1) (0,1,0)
D (7,-1,-1) (1,5,0)
D (9,10,11) (1,2,3)
D (13,-1,-1) (3,0,1)
D (10,11,-1) (4,1,2)
D (10,11,12) (0,0,2)
D (6,7,8) (5,1,3)
D (10,11,12) (2,1,3)
D (7,-1,-1) (0,4,4)
D (10,-1,-1) (0,0,5)
D (12,13,-1) (5,3,1)
D (10,11,12) (0,3,4)
D (6,-1,-1) (4,4,1)
D (6,-1,-1) (0,4,0)
D (13,-1,-1) (5,2,2)
D (10,11,12) (0,0,3)
C 0 16
C 1 15
C 2 5
C 3 10
C 4 15
C 5 10
C 6 1
C 7 20
C 8 11
C 9 24
C 10 7
C 11 12
C 12 15
C 13 2
C 14 20
C 15 19
C 16 22
C 17 20
C 18 1
C 19 6
C 20 25
C 21 5
C 22 1
C 23 12
C 24 1
C 25 26
C 26 26
C 27 3
C 28 5
C 29 4
C 30 8
C 31 21
C 32 26
C 33 22
C 34 11
C 35 16
C 36 22
C 37 0
C 38 15
C 39 23
C 40 16
C 41 19
C 42 3
C 43 5
C 44 7
C 45 3
C 46 26
C 47 8
C 48 23
C 49 6
C 50 3
C 51 1
C 52 20
C 53 3
C 54 18
C 55 5
C 56 10
C 57 0
C 58 23
C 59 1
C 60 9
C 61 14
C 62 12
C 63 2
C 64 16
C 65 19
C 66 16
C 67 19
C 68 19
C 69 20
C 70 2
C 71 5
C 72 3
C 73 14
C 74 1
C 75 10
C 76 9
C 77 17
C 78 2
C 79 2
C 80 0
C 81 15
C 82 23
C 83 24
C 84 23
C 85 17
C 86 22
C 87 11
C 88 16
C 89 2
C 90 1
C 91 25
C 92 9
C 93 5
C 94 23
C 95 4
C 96 0
C 97 8
C 98 9
C 99 18
C 100 24
C 101 10
C 102 11
C 103 10
C 104 7
C 105 24
C 106 3
C 107 11
C 108 3
C 109 21
C 110 16
C 111 20
C 112 24
C 113 1
C 114 16
C 115 22
C 116 23
C 117 12
C 118 10
C 119 21
C 120 10
C 121 9
C 122 4
C 123 10
C 124 6
C 125 12
C 126 19
C 127 21
C 128 25
C 129 15
C 130 5
C 131 26
C 132 6
C 133 7
C 134 7
C 135 1
C 136 23
C 137 26
C 138 1
C 139 17
C 140 2
C 141 1
C 142 16
C 143 5
C 144 0
C 145 26
C 146 8
C 147 25
C 148 22
C 149 14
C 150 17
C 151 9
C 152 24
C 153 0
C 154 0
C 155 11
C 156 5
C 157 19
C 158 8
C 159 20
C 160 10
C 161 2
C 162 11
C 163 17
C 164 12
C 165 8
C 166 9
C 167 6
C 168 25
C 169 2
C 170 12
C 171 0
C 172 14
C 173 2
C 174 26
C 175 2
C 176 23
C 177 12
C 178 2
C 179 16
C 180 3
C 181 15
C 182 3
C 183 7
C 184 16
C 185 0
C 186 20
C 187 8
C 188 3
C 189 10
C 190 10
C 191 18
C 192 24
C 193 9
C 194 4
C 195 0
C 196 0
C 197 0
C 198 0
C 199 0
C 200 0
C 201 0
C 202 0
C 203 0
C 204 0
C 205 0
C 206 0
C 207 0
C 208 0
C 209 0
C 210 0
C 211 0
C 212 0
C 213 0
C 214 0
C 215 0
C 216 0
C 217 0
C 218 0
C 219 0
C 220 0
C 221 0
C 222 0
C 223 0
C 224 0
C 225 0
C 226 0
C 227 0
C 228 0
C 229 0
C 230 0
C 231 0
C 232 0
C 233 0
C 234 0
C 235 0
C 236 0
C 237 0
C 238 0
C 239 0
C 240 0
C 241 0
C 242 0
C 243 0
C 244 0
C 245 0
C 246 0
C 247 0
C 248 0
C 249 0
C 250 0
C 251 0
C 252 0
C 253 0
C 254 0
C 255 0
C 256 0
C 257 0
C 258 0
C 259 0
C 260 0
C 261 0
C 262 0
C 263 0
C 264 0
C 265 0
C 266 0
C 267 0
C 268 0
C 269 0
C 270 0
C 271 0
C 272 0
C 273 0
C 274 0
C 275 0
C 276 0
C 277 0
C 278 0
C 279 0
C 280 0
C 281 0
C 282 0
C 283 0
C 284 0
C 285 0
C 286 0
C 287 0
C 288 0
C 289 0
C 290 0
C 291 0
C 292 0
C 293 0
C 294 0
C 295 0
C 296 0
C 297 0
C 298 0
C 299 0
C 300 0
C 301 0
C 302 0
C 303 0
C 304 0
C 305 7
C 306 18
C 307 15
C 308 23
C 309 22
C 310 15
C 311 18
C 312 14
C 313 8
C 314 21
C 315 2
C 316 1
C 317 18
C 318 25
C 319 18
C 320 7
C 321 23
C 322 21
C 323 8
C 324 10
C 325 20
C 326 16
C 327 24
C 328 2
C 329 5
C 330 23
C 331 8
C 332 25
C 333 11
C 334 20
C 335 10
C 336 18
C 337 11
C 338 17
C 339 23
C 340 16
C 341 16
C 342 20
C 343 21
C 344 18
C 345 5
C 346 2
C 347 23
C 348 25
C 349 0
C 350 25
C 351 21
C 352 24
C 353 5
C 354 4
C 355 5
C 356 16
C 357 21
C 358 18
C 359 18
C 360 2
C 361 5
C 362 18
C 363 26
C 364 26
C 365 3
C 366 20
C 367 21
C 368 16
C 369 10
C 370 23
C 371 15
C 372 4
C 373 25
C 374 17
C 375 15
C 376 3
C 377 15
I 3 2 7 (4,5,5) (-1,1,1,0)
I 0 1 10 (3,2,3) (1,-1,0,0)
I 3 1 13 (3,4,5) (1,-1,0,0)|(0,1,1,0)|(0,-1,-1,0)
