D (11,12,13) (3,3,5)
D (8,9,10) (3,0,5)
D (13,-1,-1) (1,2,3)
D (7,8,-1) (4,0,3)
D (11,12,13) (5,2,2)
D (12,-1,-1) (2,3,1)
D (11,-1,-1) (0,4,3)
D (6,7,-1) (4,5,0)
D (10,11,-1) (5,0,3)
D (9,10,11) (4,2,2)
D (10,-1,-1) (5,0,2)
D (7,8,9) (0,3,1)
D (12,-1,-1) (3,2,5)
D (11,12,13) (2,4,2)
D (11,12,13) (3,2,0)
D (9,10,-1) (3,2,2)
D (13,-1,-1) (2,4,5)
D (11,12,13) (0,1,0)
D (7,8,9) (5,1,3)
D (11,12,13) (2,2,4)
D (6,7,-1) (2,0,2)
D (9,10,11) (5,0,0)
D (12,-1,-1) (0,0,4)
D (8,9,10) (2,0,3)
D (8,9,-1) (5,4,4)
D (8,-1,-1) (3,2,1)
D (13,-1,-1) (5,1,2)
D (12,-1,-1) (2,1,0)
D (6,7,-1) (3,3,2)
D (7,-1,-1) (2,0,5)
D (7,8,-1) (5,1,5)
D (11,-1,-1) (3,3,0)
D (6,-1,-1) (4,0,4)
D (9,10,11) (1,5,3)
D (13,-1,-1) (1,4,5)
D (7,8,-1) (2,2,1)
D (7,-1,-1) (4,3,1)
D (8,-1,-1) (5,5,1)
D (8,9,-1) (4,5,1)
D (8,-1,-1) (0,4,5)
D (6,7,8) (4,3,3)
D (8,-1,-1) (2,5,3)
D (7,-1,-1) (3,2,4)
D (11,-1,-1) (1,3,1)
D (9,-1,-1) (1,2,1)
D (12,13,-1) (5,1,1)
D (8,9,-1) (3,0,1)
D (10,-1,-1) (3,0,2)
D (10,11,12) (2,4,4)
C 0 19
C 1 21
C 2 17
C 3 5
C 4 16
C 5 24
C 6 3
C 7 5
C 8 7
C 9 16
C 10 4
C 11 9
C 12 22
C 13 6
C 14 22
C 15 24
C 16 11
C 17 21
C 18 22
C 19 6
C 20 16
C 21 16
C 22 0
C 23 26
C 24 10
C 25 19
C 26 7
C 27 12
C 28 26
C 29 24
C 30 2
C 31 8
C 32 23
C 33 0
C 34 24
C 35 22
C 36 12
C 37 8
C 38 26
C 39 17
C 40 16
C 41 1
C 42 18
C 43 15
C 44 16
C 45 16
C 46 10
C 47 24
C 48 24
C 49 25
C 50 21
C 51 4
C 52 2
C 53 0
C 54 23
C 55 15
C 56 23
C 57 26
C 58 10
C 59 1
C 60 24
C 61 21
C 62 25
C 63 0
C 64 5
C 65 3
C 66 22
C 67 4
C 68 9
C 69 8
C 70 23
C 71 6
C 72 26
C 73 15
C 74 18
C 75 16
C 76 14
C 77 19
C 78 24
C 79 16
C 80 1
C 81 1
C 82 3
C 83 2
C 84 15
C 85 5
C 86 0
C 87 6
C 88 12
C 89 4
C 90 25
C 91 4
C 92 1
C 93 10
C 94 8
C 95 23
C 96 16
C 97 10
C 98 11
C 99 4
C 100 5
C 101 7
C 102 16
C 103 6
C 104 22
C 105 0
C 106 0
C 107 0
C 108 0
C 109 0
C 110 0
C 111 0
C 112 0
C 113 0
C 114 0
C 115 0
C 116 0
C 117 0
C 118 0
C 119 0
C 120 0
C 121 0
C 122 0
C 123 0
C 124 0
C 125 0
C 126 0
C 127 0
C 128 0
C 129 18
C 130 23
C 131 14
C 132 15
C 133 19
C 134 9
C 135 19
C 136 8
C 137 12
C 138 9
C 139 12
C 140 22
C 141 24
C 142 7
C 143 18
C 144 8
C 145 2
C 146 11
C 147 10
C 148 8
C 149 25
C 150 14
C 151 18
C 152 18
C 153 10
C 154 12
C 155 4
C 156 1
C 157 15
C 158 16
C 159 2
C 160 11
C 161 11
C 162 25
C 163 16
C 164 3
C 165 23
C 166 8
C 167 7
C 168 5
C 169 20
C 170 16
C 171 16
C 172 26
C 173 14
C 174 14
C 175 10
C 176 18
C 177 12
C 178 26
C 179 17
C 180 18
C 181 21
C 182 5
C 183 20
C 184 26
C 185 18
C 186 2
C 187 21
C 188 5
C 189 4
C 190 5
C 191 17
C 192 6
C 193 16
C 194 26
C 195 25
C 196 2
C 197 21
C 198 11
C 199 18
C 200 10
C 201 26
C 202 21
C 203 3
C 204 1
C 205 14
C 206 3
C 207 4
C 208 18
C 209 5
C 210 25
C 211 5
C 212 25
C 213 6
C 214 18
C 215 4
C 216 7
C 217 4
C 218 4
C 219 18
C 220 19
C 221 1
C 222 23
C 223 10
C 224 8
C 225 18
C 226 7
C 227 12
C 228 22
C 229 0
C 230 17
C 231 18
C 232 22
C 233 19
C 234 6
C 235 8
C 236 16
C 237 0
C 238 24
C 239 10
C 240 9
C 241 2
C 242 17
C 243 11
C 244 17
C 245 12
C 246 14
C 247 24
C 248 15
C 249 0
C 250 23
C 251 16
C 252 7
C 253 24
C 254 12
C 255 23
C 256 19
C 257 14
C 258 2
C 259 15
C 260 25
C 261 4
C 262 10
C 263 0
C 264 0
C 265 0
C 266 0
C 267 0
C 268 0
C 269 0
C 270 0
C 271 0
C 272 0
C 273 0
C 274 0
C 275 0
C 276 0
C 277 0
C 278 0
C 279 0
C 280 0
C 281 0
C 282 0
C 283 0
C 284 0
C 285 0
C 286 0
C 287 0
C 288 0
C 289 0
C 290 0
C 291 0
C 292 0
C 293 0
C 294 0
C 295 0
C 296 0
C 297 0
C 298 0
C 299 0
C 300 0
C 301 0
C 302 0
C 303 0
C 304 0
C 305 0
C 306 0
C 307 0
C 308 0
C 309 0
C 310 0
C 311 0
C 312 0
C 313 0
C 314 0
C 315 0
C 316 0
C 317 0
C 318 0
C 319 24
C 320 12
C 321 19
C 322 21
C 323 21
C 324 16
C 325 26
C 326 23
C 327 0
C 328 0
C 329 0
C 330 0
C 331 0
C 332 0
C 333 0
C 334 0
C 335 0
C 336 0
C 337 0
C 338 0
C 339 0
C 340 0
C 341 0
C 342 0
C 343 0
C 344 0
C 345 0
C 346 0
C 347 0
C 348 0
C 349 0
C 350 0
C 351 0
C 352 0
C 353 0
C 354 0
C 355 0
C 356 0
C 357 0
C 358 0
C 359 0
C 360 0
C 361 0
C 362 0
C 363 0
C 364 9
C 365 4
C 366 17
C 367 18
C 368 6
C 369 10
C 370 10
C 371 8
C 372 14
C 373 2
C 374 1
C 375 15
C 376 17
C 377 16
I 0 2 12 (5,1,4) (-1,1,-1,0)|(1,0,0,0)
