D (12,13,-1) (2,5,5)
D (10,11,12) (1,0,1)
D (12,13,-1) (1,3,5)
D (12,-1,-1) (3,5,0)
D (12,-1,-1) (2,4,4)
D (13,-1,-1) (5,4,2)
D (9,10,11) (0,0,3)
D (9,-1,-1) (2,0,3)
D (11,12,13) (2,2,0)
D (8,9,10) (3,2,3)
D (12,13,-1) (4,3,5)
D (6,7,-1) (2,4,2)
D (7,-1,-1) (4,2,4)
D (13,-1,-1) (2,0,5)
D (13,-1,-1) (0,5,5)
D (11,12,-1) (4,3,2)
D (8,-1,-1) (4,2,1)
D (9,10,11) (2,4,0)
D (8,9,10) (1,2,2)
D (6,7,-1) (3,3,0)
D (9,-1,-1) (3,4,4)
D (11,-1,-1) (0,0,5)
D (8,9,10) (1,5,5)
D (8,9,10) (5,2,4)
D (13,-1,-1) (0,3,1)
D (11,-1,-1) (3,1,0)
D (7,8,-1) (1,2,4)
D (11,-1,-1) (5,4,5)
D (13,-1,-1) (4,4,5)
D (13,-1,-1) (3,1,3)
D (9,-1,-1) (4,0,1)
D (9,-1,-1) (5,0,1)
D (11,12,13) (5,5,5)
D (8,-1,-1) (1,1,3)
D (10,11,12) (5,0,2)
D (11,12,-1) (5,5,3)
D (7,8,9) (3,4,2)
D (6,7,8) (4,5,4)
D (9,10,-1) (2,1,5)
D (13,-1,-1) (1,5,1)
D (11,-1,-1) (3,0,4)
D (7,8,-1) (0,2,2)
D (9,10,11) (3,1,4)
D (11,12,13) (2,1,1)
D (13,-1,-1) (5,0,3)
D (12,-1,-1) (1,3,0)
D (8,9,10) (0,1,4)
D (13,-1,-1) (2,5,2)
D (7,-1,-1) (1,4,4)
D (10,11,12) (3,1,2)
D (6,-1,-1) (4,5,3)
D (9,-1,-1) (3,2,4)
D (12,13,-1) (1,1,2)
D (12,13,-1) (0,2,3)
D (8,-1,-1) (0,0,1)
D (10,-1,-1) (0,3,4)
D (12,-1,-1) (0,3,0)
D (9,10,-1) (4,1,2)
D (6,-1,-1) (2,5,3)
D (13,-1,-1) (1,0,5)
D (6,-1,-1) (2,5,0)
D (13,-1,-1) (2,4,5)
D (8,9,10) (3,2,0)
D (8,9,-1) (4,3,1)
D (11,-1,-1) (0,5,2)
D (6,7,8) (5,1,3)
D (9,10,-1) (1,1,0)
D (13,-1,-1) (0,2,1)
D (9,-1,-1) (5,1,5)
D (8,11,12) (2,2,5)
D (10,11,-1) (0,5,0)
D (8,9,-1) (3,2,1)
D (7,8,9) (3,4,3)
D (7,8,-1) (2,5,1)
D (7,8,-1) (1,2,5)
C 0 18
C 1 18
C 2 19
C 3 14
C 4 6
C 5 2
C 6 15
C 7 2
C 8 6
C 9 1
C 10 3
C 11 4
C 12 17
C 13 26
C 14 19
C 15 21
C 16 25
C 17 4
C 18 10
C 19 17
C 20 1
C 21 12
C 22 25
C 23 4
C 24 23
C 25 2
C 26 4
C 27 0
C 28 7
C 29 23
C 30 19
C 31 0
C 32 4
C 33 4
C 34 19
C 35 26
C 36 15
C 37 1
C 38 6
C 39 22
C 40 22
C 41 10
C 42 25
C 43 10
C 44 1
C 45 0
C 46 10
C 47 16
C 48 10
C 49 11
C 50 8
C 51 26
C 52 14
C 53 15
C 54 19
C 55 5
C 56 23
C 57 0
C 58 21
C 59 4
C 60 25
C 61 22
C 62 8
C 63 20
C 64 17
C 65 21
C 66 18
C 67 11
C 68 4
C 69 9
C 70 21
C 71 10
C 72 4
C 73 10
C 74 20
C 75 11
C 76 16
C 77 18
C 78 24
C 79 8
C 80 10
C 81 21
C 82 6
C 83 3
C 84 11
C 85 5
C 86 23
C 87 12
C 88 4
C 89 9
C 90 5
C 91 16
C 92 10
C 93 17
C 94 26
C 95 11
C 96 26
C 97 10
C 98 17
C 99 9
C 100 19
C 101 16
C 102 10
C 103 24
C 104 11
C 105 11
C 106 11
C 107 14
C 108 0
C 109 12
C 110 15
C 111 8
C 112 11
C 113 2
C 114 15
C 115 17
C 116 20
C 117 2
C 118 3
C 119 0
C 120 22
C 121 20
C 122 25
C 123 17
C 124 12
C 125 4
C 126 14
C 127 21
C 128 16
C 129 7
C 130 21
C 131 5
C 132 26
C 133 12
C 134 21
C 135 6
C 136 2
C 137 14
C 138 23
C 139 12
C 140 17
C 141 23
C 142 4
C 143 1
C 144 9
C 145 12
C 146 4
C 147 14
C 148 10
C 149 7
C 150 26
C 151 3
C 152 17
C 153 6
C 154 5
C 155 16
C 156 26
C 157 25
C 158 21
C 159 16
C 160 21
C 161 8
C 162 20
C 163 4
C 164 4
C 165 4
C 166 0
C 167 7
C 168 23
C 169 9
C 170 11
C 171 23
C 172 7
C 173 0
C 174 25
C 175 14
C 176 19
C 177 15
C 178 1
C 179 1
C 180 18
C 181 26
C 182 11
C 183 15
C 184 3
C 185 11
C 186 0
C 187 4
C 188 26
C 189 9
C 190 12
C 191 7
C 192 17
C 193 7
C 194 16
C 195 12
C 196 19
C 197 7
C 198 7
C 199 15
C 200 9
C 201 15
C 202 3
C 203 5
C 204 20
C 205 24
C 206 4
C 207 7
C 208 5
C 209 11
C 210 22
C 211 14
C 212 25
C 213 14
C 214 7
C 215 21
C 216 19
C 217 4
C 218 22
C 219 17
C 220 24
C 221 7
C 222 22
C 223 18
C 224 20
C 225 20
C 226 10
C 227 1
C 228 1
C 229 18
C 230 5
C 231 21
C 232 7
C 233 23
C 234 3
C 235 12
C 236 11
C 237 2
C 238 0
C 239 20
C 240 10
C 241 20
C 242 11
C 243 14
C 244 4
C 245 25
C 246 20
C 247 23
C 248 20
C 249 10
C 250 3
C 251 8
C 252 25
C 253 10
C 254 16
C 255 2
C 256 6
C 257 2
C 258 23
C 259 18
C 260 19
C 261 7
C 262 4
C 263 20
C 264 1
C 265 18
C 266 17
C 267 23
C 268 3
C 269 21
C 270 16
C 271 22
C 272 4
C 273 23
C 274 9
C 275 1
C 276 15
C 277 15
C 278 0
C 279 26
C 280 10
C 281 18
C 282 25
C 283 15
C 284 22
C 285 23
C 286 11
C 287 18
C 288 14
C 289 21
C 290 2
C 291 15
C 292 1
C 293 9
C 294 26
C 295 26
C 296 20
C 297 3
C 298 0
C 299 19
C 300 16
C 301 7
C 302 7
C 303 16
C 304 16
C 305 15
C 306 6
C 307 23
C 308 17
C 309 11
C 310 8
C 311 9
C 312 10
C 313 18
C 314 9
C 315 16
C 316 15
C 317 6
C 318 25
C 319 17
C 320 21
C 321 26
C 322 19
C 323 6
C 324 6
C 325 12
C 326 6
C 327 17
C 328 10
C 329 22
C 330 23
C 331 9
C 332 2
C 333 3
C 334 23
C 335 12
C 336 1
C 337 16
C 338 15
C 339 12
C 340 0
C 341 14
C 342 5
C 343 6
C 344 11
C 345 24
C 346 4
C 347 7
C 348 18
C 349 16
C 350 8
C 351 1
C 352 2
C 353 2
C 354 25
C 355 6
C 356 17
C 357 9
C 358 22
C 359 14
C 360 4
C 361 20
C 362 14
C 363 6
C 364 18
C 365 24
C 366 12
C 367 2
C 368 10
C 369 21
C 370 8
C 371 14
C 372 6
C 373 1
C 374 25
C 375 1
C 376 18
C 377 25
I 2 1 7 (3,5,3) (0,0,-1,0)|(1,0,1,0)|(-1,0,0,0)|(0,1,-1,0)
I 2 2 10 (4,1,3) (0,0,0,0)|(1,-1,0,0)|(-1,1,0,0)|(1,0,1,0)|(1,1,-1,0)
