D (6,7,8) (2,2,4)
D (10,11,12) (1,3,2)
D (13,-1,-1) (5,4,2)
D (10,11,12) (3,2,0)
D (8,9,-1) (5,4,3)
D (9,10,-1) (1,4,3)
D (12,13,-1) (0,0,2)
D (11,-1,-1) (3,2,5)
D (10,11,12) (2,0,4)
D (10,11,12) (4,2,4)
D (12,-1,-1) (1,4,2)
D (12,13,-1) (5,5,0)
D (9,-1,-1) (4,5,1)
D (13,-1,-1) (5,1,2)
D (8,9,10) (5,3,2)
D (6,7,8) (4,4,3)
D (8,-1,-1) (0,5,4)
D (12,13,-1) (2,0,0)
D (6,-1,-1) (0,4,2)
D (6,7,-1) (2,0,2)
D (13,-1,-1) (1,4,5)
D (10,-1,-1) (1,1,2)
D (12,-1,-1) (5,3,5)
D (9,10,11) (3,3,4)
D (10,11,-1) (0,4,1)
D (6,-1,-1) (0,1,0)
D (13,-1,-1) (4,0,2)
D (7,8,9) (4,1,3)
D (11,12,-1) (4,1,2)
D (13,-1,-1) (1,1,4)
D (8,9,-1) (4,0,1)
D (7,-1,-1) (5,5,1)
D (7,8,9) (3,5,1)
D (9,10,-1) (0,3,0)
D (6,7,-1) (1,0,0)
D (6,7,-1) (4,1,4)
D (8,9,-1) (3,2,3)
D (12,13,-1) (1,4,4)
D (9,-1,-1) (0,1,2)
D (9,-1,-1) (0,3,5)
D (12,13,-1) (0,2,1)
D (11,12,-1) (1,5,5)
D (10,11,12) (3,4,3)
C 0 14
C 1 14
C 2 6
C 3 9
C 4 19
C 5 1
C 6 21
C 7 6
C 8 15
C 9 7
C 10 16
C 11 3
C 12 8
C 13 15
C 14 25
C 15 24
C 16 22
C 17 18
C 18 22
C 19 0
C 20 0
C 21 0
C 22 0
C 23 0
C 24 0
C 25 0
C 26 0
C 27 0
C 28 0
C 29 0
C 30 0
C 31 0
C 32 0
C 33 0
C 34 0
C 35 0
C 36 0
C 37 0
C 38 0
C 39 0
C 40 0
C 41 0
C 42 0
C 43 0
C 44 0
C 45 0
C 46 0
C 47 0
C 48 0
C 49 0
C 50 0
C 51 0
C 52 0
C 53 0
C 54 0
C 55 0
C 56 0
C 57 0
C 58 0
C 59 0
C 60 0
C 61 0
C 62 0
C 63 0
C 64 0
C 65 0
C 66 0
C 67 0
C 68 0
C 69 0
C 70 0
C 71 0
C 72 0
C 73 0
C 74 0
C 75 0
C 76 0
C 77 0
C 78 0
C 79 0
C 80 0
C 81 0
C 82 0
C 83 0
C 84 0
C 85 0
C 86 0
C 87 0
C 88 0
C 89 0
C 90 0
C 91 0
C 92 0
C 93 0
C 94 0
C 95 0
C 96 0
C 97 0
C 98 0
C 99 0
C 100 0
C 101 0
C 102 0
C 103 0
C 104 0
C 105 0
C 106 0
C 107 0
C 108 0
C 109 0
C 110 0
C 111 0
C 112 0
C 113 0
C 114 0
C 115 0
C 116 0
C 117 0
C 118 0
C 119 0
C 120 0
C 121 0
C 122 0
C 123 0
C 124 0
C 125 0
C 126 0
C 127 0
C 128 0
C 129 0
C 130 0
C 131 0
C 132 0
C 133 0
C 134 0
C 135 0
C 136 0
C 137 0
C 138 0
C 139 0
C 140 0
C 141 0
C 142 0
C 143 0
C 144 0
C 145 0
C 146 0
C 147 0
C 148 0
C 149 0
C 150 0
C 151 0
C 152 0
C 153 0
C 154 0
C 155 0
C 156 0
C 157 0
C 158 0
C 159 0
C 160 0
C 161 0
C 162 0
C 163 0
C 164 0
C 165 0
C 166 0
C 167 0
C 168 0
C 169 0
C 170 0
C 171 0
C 172 0
C 173 0
C 174 24
C 175 3
C 176 4
C 177 11
C 178 21
C 179 1
C 180 14
C 181 9
C 182 4
C 183 17
C 184 3
C 185 7
C 186 0
C 187 15
C 188 19
C 189 10
C 190 5
C 191 1
C 192 17
C 193 17
C 194 21
C 195 17
C 196 8
C 197 25
C 198 6
C 199 19
C 200 21
C 201 1
C 202 15
C 203 3
C 204 23
C 205 3
C 206 1
C 207 2
C 208 12
C 209 20
C 210 14
C 211 2
C 212 7
C 213 20
C 214 15
C 215 22
C 216 10
C 217 12
C 218 5
C 219 4
C 220 23
C 221 23
C 222 8
C 223 4
C 224 4
C 225 21
C 226 6
C 227 20
C 228 23
C 229 10
C 230 23
C 231 5
C 232 0
C 233 22
C 234 23
C 235 10
C 236 24
C 237 2
C 238 23
C 239 26
C 240 1
C 241 15
C 242 14
C 243 10
C 244 24
C 245 6
C 246 18
C 247 17
C 248 6
C 249 9
C 250 2
C 251 2
C 252 12
C 253 8
C 254 18
C 255 3
C 256 4
C 257 10
C 258 19
C 259 15
C 260 17
C 261 3
C 262 14
C 263 1
C 264 17
C 265 21
C 266 9
C 267 23
C 268 6
C 269 24
C 270 0
C 271 7
C 272 2
C 273 25
C 274 15
C 275 14
C 276 11
C 277 12
C 278 0
C 279 26
C 280 19
C 281 15
C 282 24
C 283 14
C 284 1
C 285 22
C 286 11
C 287 15
C 288 9
C 289 18
C 290 9
C 291 9
C 292 4
C 293 25
C 294 23
C 295 14
C 296 3
C 297 18
C 298 15
C 299 8
C 300 6
C 301 25
C 302 5
C 303 18
C 304 12
C 305 14
C 306 12
C 307 22
C 308 21
C 309 25
C 310 26
C 311 22
C 312 11
C 313 22
C 314 20
C 315 7
C 316 1
C 317 7
C 318 0
C 319 0
C 320 0
C 321 0
C 322 0
C 323 0
C 324 0
C 325 0
C 326 0
C 327 0
C 328 0
C 329 0
C 330 0
C 331 0
C 332 0
C 333 0
C 334 0
C 335 0
C 336 0
C 337 0
C 338 0
C 339 0
C 340 0
C 341 0
C 342 0
C 343 0
C 344 0
C 345 0
C 346 0
C 347 0
C 348 0
C 349 0
C 350 0
C 351 0
C 352 5
C 353 20
C 354 7
C 355 4
C 356 10
C 357 18
C 358 21
C 359 6
C 360 24
C 361 12
C 362 12
C 363 8
C 364 3
C 365 14
C 366 3
C 367 10
C 368 11
C 369 3
C 370 8
C 371 18
C 372 22
C 373 16
C 374 18
C 375 7
C 376 9
C 377 10
I 5 2 8 (5,2,2) (1,0,1,0)
I 5 2 8 (2,2,0) (1,0,1,0)|(0,1,-1,0)|(0,0,0,0)
I 0 2 1 (2,4,4) (0,-1,0,0)
