D (9,10,11) (1,4,0)
D (8,9,-1) (3,4,4)
D (10,-1,-1) (2,3,0)
D (11,12,13) (3,5,4)
D (12,13,-1) (3,4,2)
D (9,-1,-1) (4,4,5)
D (12,13,-1) (4,3,3)
D (8,-1,-1) (4,0,0)
D (12,13,-1) (5,3,2)
D (8,9,10) (3,1,3)
D (12,13,-1) (5,5,3)
D (12,13,-1) (4,1,4)
D (10,11,-1) (4,2,3)
D (10,11,12) (4,1,2)
D (13,-1,-1) (2,1,4)
D (11,-1,-1) (1,2,3)
D (11,-1,-1) (0,1,1)
D (12,13,-1) (4,2,4)
D (10,11,12) (0,1,4)
D (12,7,-1) (0,2,4)
D (7,8,-1) (4,5,3)
D (13,-1,-1) (1,2,4)
D (13,-1,-1) (0,3,2)
D (7,8,9) (5,5,4)
D (8,-1,-1) (2,2,3)
D (11,12,13) (5,2,5)
D (9,10,11) (0,5,5)
D (9,10,-1) (4,2,5)
D (12,13,-1) (3,3,3)
D (11,12,-1) (5,5,5)
D (8,-1,-1) (2,5,5)
D (10,11,12) (0,2,1)
D (11,-1,-1) (5,4,3)
D (11,12,-1) (3,5,0)
D (12,-1,-1) (3,1,4)
D (9,10,-1) (0,4,2)
D (13,-1,-1) (2,1,0)
D (13,-1,-1) (0,5,3)
D (11,-1,-1) (1,3,0)
D (11,12,13) (1,3,1)
D (13,-1,-1) (3,0,0)
D (11,12,-1) (3,0,1)
D (6,7,-1) (3,3,5)
D (10,-1,-1) (2,5,3)
D (12,13,-1) (4,0,5)
D (8,-1,-1) (5,5,0)
D (9,10,-1) (1,5,1)
D (10,11,12) (1,2,2)
D (9,-1,-1) (1,5,2)
D (9,10,-1) (4,5,1)
D (6,7,8) (5,0,3)
D (9,10,11) (4,4,2)
D (12,-1,-1) (2,4,1)
D (9,10,-1) (2,2,2)
D (10,11,12) (3,3,2)
D (6,-1,-1) (5,2,2)
D (9,10,11) (4,2,0)
D (12,-1,-1) (3,0,5)
D (11,-1,-1) (1,3,3)
D (10,11,12) (5,1,0)
D (7,8,9) (0,2,5)
D (13,-1,-1) (4,5,5)
D (11,12,-1) (4,5,2)
D (7,8,9) (2,4,2)
D (9,10,-1) (4,4,0)
D (9,-1,-1) (4,1,1)
D (10,11,-1) (4,4,4)
D (13,-1,-1) (1,0,2)
D (6,7,-1) (5,2,4)
D (8,-1,-1) (5,2,1)
D (7,8,-1) (4,5,4)
D (11,-1,-1) (4,0,3)
D (12,13,-1) (2,5,4)
D (10,11,-1) (4,3,1)
D (11,12,13) (0,5,0)
D (7,8,9) (5,4,2)
D (10,11,12) (5,0,4)
D (6,7,8) (3,5,2)
D (11,12,13) (1,0,0)
D (10,11,-1) (3,2,0)
D (8,9,-1) (0,4,4)
D (12,13,-1) (2,0,2)
D (9,10,11) (4,1,0)
D (7,11,-1) (2,4,0)
D (10,-1,-1) (1,2,1)
D (9,10,-1) (4,3,0)
D (8,-1,-1) (0,3,1)
D (12,13,-1) (2,2,1)
D (10,11,-1) (0,4,3)
D (8,9,10) (2,4,4)
D (11,12,-1) (5,5,1)
D (10,11,-1) (0,5,1)
D (11,12,13) (1,1,2)
D (7,-1,-1) (4,5,0)
D (10,-1,-1) (1,4,3)
D (9,-1,-1) (0,3,5)
D (12,13,-1) (1,4,1)
D (7,8,9) (3,2,4)
D (6,-1,-1) (4,3,5)
D (13,-1,-1) (0,1,2)
C 0 15
C 1 5
C 2 8
C 3 1
C 4 2
C 5 16
C 6 4
C 7 22
C 8 9
C 9 8
C 10 9
C 11 0
C 12 0
C 13 0
C 14 0
C 15 0
C 16 0
C 17 0
C 18 0
C 19 0
C 20 0
C 21 0
C 22 0
C 23 0
C 24 0
C 25 0
C 26 0
C 27 0
C 28 0
C 29 0
C 30 0
C 31 0
C 32 0
C 33 0
C 34 0
C 35 0
C 36 0
C 37 0
C 38 2
C 39 0
C 40 0
C 41 0
C 42 0
C 43 0
C 44 0
C 45 0
C 46 0
C 47 0
C 48 0
C 49 0
C 50 0
C 51 21
C 52 16
C 53 15
C 54 6
C 55 23
C 56 24
C 57 7
C 58 17
C 59 20
C 60 10
C 61 25
C 62 4
C 63 16
C 64 22
C 65 26
C 66 21
C 67 0
C 68 19
C 69 1
C 70 10
C 71 8
C 72 19
C 73 5
C 74 9
C 75 1
C 76 3
C 77 22
C 78 16
C 79 0
C 80 5
C 81 25
C 82 18
C 83 11
C 84 12
C 85 16
C 86 15
C 87 24
C 88 12
C 89 23
C 90 0
C 91 18
C 92 0
C 93 0
C 94 0
C 95 0
C 96 0
C 97 0
C 98 0
C 99 0
C 100 0
C 101 0
C 102 0
C 103 0
C 104 0
C 105 0
C 106 0
C 107 0
C 108 0
C 109 0
C 110 0
C 111 0
C 112 0
C 113 0
C 114 0
C 115 0
C 116 0
C 117 0
C 118 0
C 119 0
C 120 0
C 121 0
C 122 0
C 123 0
C 124 0
C 125 0
C 126 0
C 127 0
C 128 0
C 129 0
C 130 0
C 131 0
C 132 0
C 133 0
C 134 0
C 135 0
C 136 0
C 137 0
C 138 0
C 139 0
C 140 0
C 141 0
C 142 0
C 143 0
C 144 0
C 145 0
C 146 0
C 147 0
C 148 0
C 149 0
C 150 0
C 151 0
C 152 0
C 153 0
C 154 0
C 155 0
C 156 0
C 157 0
C 158 0
C 159 0
C 160 0
C 161 0
C 162 0
C 163 0
C 164 0
C 165 0
C 166 0
C 167 0
C 168 0
C 169 0
C 170 0
C 171 0
C 172 0
C 173 0
C 174 0
C 175 0
C 176 0
C 177 0
C 178 0
C 179 0
C 180 0
C 181 0
C 182 0
C 183 0
C 184 0
C 185 0
C 186 0
C 187 0
C 188 0
C 189 0
C 190 0
C 191 0
C 192 0
C 193 0
C 194 0
C 195 0
C 196 0
C 197 0
C 198 0
C 199 0
C 200 0
C 201 0
C 202 0
C 203 0
C 204 0
C 205 0
C 206 0
C 207 0
C 208 0
C 209 0
C 210 0
C 211 0
C 212 0
C 213 0
C 214 0
C 215 0
C 216 0
C 217 0
C 218 0
C 219 0
C 220 0
C 221 0
C 222 0
C 223 0
C 224 0
C 225 0
C 226 0
C 227 0
C 228 0
C 229 0
C 230 18
C 231 25
C 232 5
C 233 24
C 234 25
C 235 18
C 236 19
C 237 26
C 238 12
C 239 6
C 240 23
C 241 19
C 242 2
C 243 2
C 244 8
C 245 0
C 246 10
C 247 17
C 248 6
C 249 2
C 250 5
C 251 22
C 252 19
C 253 5
C 254 17
C 255 0
C 256 6
C 257 1
C 258 20
C 259 11
C 260 11
C 261 10
C 262 15
C 263 17
C 264 8
C 265 15
C 266 0
C 267 21
C 268 25
C 269 25
C 270 6
C 271 16
C 272 23
C 273 15
C 274 22
C 275 0
C 276 11
C 277 4
C 278 6
C 279 10
C 280 11
C 281 26
C 282 25
C 283 9
C 284 3
C 285 26
C 286 14
C 287 14
C 288 25
C 289 24
C 290 15
C 291 23
C 292 11
C 293 10
C 294 11
C 295 14
C 296 22
C 297 9
C 298 7
C 299 14
C 300 7
C 301 19
C 302 8
C 303 15
C 304 22
C 305 26
C 306 3
C 307 24
C 308 25
C 309 22
C 310 12
C 311 10
C 312 9
C 313 26
C 314 17
C 315 17
C 316 5
C 317 23
C 318 1
C 319 3
C 320 7
C 321 12
C 322 8
C 323 1
C 324 4
C 325 14
C 326 9
C 327 16
C 328 0
C 329 0
C 330 0
C 331 0
C 332 0
C 333 0
C 334 0
C 335 0
C 336 0
C 337 0
C 338 0
C 339 0
C 340 0
C 341 0
C 342 0
C 343 0
C 344 0
C 345 0
C 346 0
C 347 0
C 348 0
C 349 0
C 350 0
C 351 0
C 352 0
C 353 0
C 354 0
C 355 0
C 356 0
C 357 0
C 358 7
C 359 23
C 360 4
C 361 8
C 362 2
C 363 14
C 364 20
C 365 15
C 366 9
C 367 1
C 368 16
C 369 3
C 370 25
C 371 17
C 372 7
C 373 3
C 374 4
C 375 25
C 376 8
C 377 15
I 5 3 2 (3,0,3) (1,1,0,0)
I 5 1 11 (5,2,4) (-1,1,1,0)
I 0 2 4 (1,5,0) (1,0,1,0)
