D (8,-1,-1) (3,1,3)
D (7,8,-1) (3,4,5)
D (13,-1,-1) (2,3,5)
D (10,-1,-1) (4,2,5)
D (8,9,-1) (4,5,5)
D (12,13,-1) (1,0,2)
D (8,9,-1) (5,5,4)
D (8,9,-1) (0,2,2)
D (10,-1,-1) (5,1,0)
D (13,-1,-1) (1,1,5)
D (12,13,-1) (4,3,2)
D (10,11,-1) (5,0,1)
D (13,-1,-1) (4,3,0)
D (10,-1,-1) (5,3,2)
D (9,10,-1) (1,4,2)
D (11,12,13) (1,2,3)
D (11,12,-1) (3,2,3)
D (6,7,8) (2,5,5)
D (8,9,-1) (5,5,2)
D (8,9,10) (5,5,5)
D (9,10,-1) (2,1,1)
D (9,10,11) (4,4,1)
D (9,-1,-1) (5,4,1)
D (8,9,-1) (3,5,2)
D (10,11,-1) (0,4,1)
D (6,7,-1) (1,1,3)
D (13,-1,-1) (4,0,2)
D (10,-1,-1) (2,2,1)
D (9,10,11) (2,1,0)
D (8,9,10) (3,2,1)
D (6,-1,-1) (5,4,3)
D (10,11,12) (4,0,3)
D (9,10,-1) (1,0,4)
D (6,-1,-1) (3,0,4)
D (11,12,13) (2,5,2)
D (13,-1,-1) (0,0,0)
D (7,8,-1) (3,4,0)
D (13,-1,-1) (5,0,2)
D (10,-1,-1) (3,0,0)
D (12,13,-1) (4,0,1)
D (6,7,8) (5,2,2)
D (12,13,-1) (0,5,2)
D (10,11,12) (2,0,1)
D (12,13,-1) (3,5,1)
D (6,7,8) (0,3,2)
D (9,10,-1) (0,5,5)
D (10,11,12) (3,0,1)
D (7,8,9) (4,3,4)
D (12,13,-1) (5,2,5)
D (13,-1,-1) (1,3,3)
D (6,7,-1) (5,4,4)
D (12,13,-1) (5,0,3)
D (7,8,9) (2,0,3)
D (7,8,12) (0,2,0)
C 0 26
C 1 14
C 2 18
C 3 11
C 4 5
C 5 19
C 6 5
C 7 16
C 8 20
C 9 1
C 10 16
C 11 7
C 12 15
C 13 4
C 14 17
C 15 12
C 16 24
C 17 7
C 18 22
C 19 20
C 20 21
C 21 4
C 22 9
C 23 21
C 24 6
C 25 11
C 26 23
C 27 6
C 28 6
C 29 26
C 30 9
C 31 0
C 32 0
C 33 0
C 34 0
C 35 0
C 36 0
C 37 0
C 38 0
C 39 0
C 40 0
C 41 0
C 42 0
C 43 0
C 44 0
C 45 0
C 46 0
C 47 20
C 48 12
C 49 5
C 50 19
C 51 15
C 52 7
C 53 21
C 54 1
C 55 2
C 56 11
C 57 16
C 58 24
C 59 2
C 60 5
C 61 3
C 62 15
C 63 16
C 64 4
C 65 8
C 66 0
C 67 10
C 68 22
C 69 25
C 70 9
C 71 14
C 72 3
C 73 26
C 74 1
C 75 2
C 76 19
C 77 16
C 78 22
C 79 10
C 80 23
C 81 23
C 82 18
C 83 26
C 84 19
C 85 17
C 86 7
C 87 15
C 88 2
C 89 25
C 90 6
C 91 2
C 92 0
C 93 7
C 94 7
C 95 0
C 96 0
C 97 0
C 98 0
C 99 0
C 100 0
C 101 0
C 102 0
C 103 0
C 104 0
C 105 0
C 106 0
C 107 0
C 108 0
C 109 0
C 110 0
C 111 0
C 112 0
C 113 0
C 114 0
C 115 0
C 116 0
C 117 0
C 118 0
C 119 0
C 120 0
C 121 0
C 122 0
C 123 0
C 124 0
C 125 0
C 126 0
C 127 0
C 128 0
C 129 0
C 130 0
C 131 0
C 132 0
C 133 0
C 134 0
C 135 0
C 136 0
C 137 0
C 138 0
C 139 0
C 140 0
C 141 0
C 142 0
C 143 0
C 144 0
C 145 0
C 146 0
C 147 0
C 148 0
C 149 0
C 150 0
C 151 0
C 152 0
C 153 0
C 154 0
C 155 0
C 156 0
C 157 0
C 158 0
C 159 0
C 160 0
C 161 0
C 162 0
C 163 0
C 164 0
C 165 0
C 166 0
C 167 0
C 168 0
C 169 0
C 170 0
C 171 0
C 172 0
C 173 0
C 174 0
C 175 0
C 176 0
C 177 0
C 178 0
C 179 9
C 180 26
C 181 21
C 182 11
C 183 26
C 184 26
C 185 1
C 186 8
C 187 12
C 188 26
C 189 10
C 190 23
C 191 22
C 192 9
C 193 4
C 194 22
C 195 3
C 196 11
C 197 26
C 198 15
C 199 18
C 200 6
C 201 17
C 202 4
C 203 11
C 204 18
C 205 24
C 206 26
C 207 5
C 208 24
C 209 5
C 210 26
C 211 9
C 212 15
C 213 24
C 214 0
C 215 20
C 216 17
C 217 7
C 218 20
C 219 20
C 220 21
C 221 7
C 222 24
C 223 6
C 224 11
C 225 21
C 226 6
C 227 3
C 228 0
C 229 23
C 230 7
C 231 17
C 232 15
C 233 14
C 234 23
C 235 11
C 236 9
C 237 17
C 238 25
C 239 6
C 240 0
C 241 3
C 242 20
C 243 11
C 244 14
C 245 8
C 246 5
C 247 17
C 248 25
C 249 0
C 250 5
C 251 26
C 252 2
C 253 1
C 254 6
C 255 22
C 256 9
C 257 24
C 258 5
C 259 7
C 260 11
C 261 10
C 262 15
C 263 19
C 264 23
C 265 10
C 266 25
C 267 5
C 268 10
C 269 4
C 270 3
C 271 24
C 272 9
C 273 19
C 274 26
C 275 0
C 276 26
C 277 25
C 278 16
C 279 16
C 280 17
C 281 4
C 282 21
C 283 3
C 284 4
C 285 18
C 286 2
C 287 16
C 288 21
C 289 26
C 290 19
C 291 16
C 292 8
C 293 24
C 294 24
C 295 16
C 296 5
C 297 10
C 298 9
C 299 12
C 300 8
C 301 23
C 302 0
C 303 5
C 304 2
C 305 24
C 306 7
C 307 2
C 308 7
C 309 18
C 310 26
C 311 12
C 312 15
C 313 8
C 314 10
C 315 18
C 316 26
C 317 16
C 318 4
C 319 12
C 320 1
C 321 16
C 322 26
C 323 19
C 324 7
C 325 0
C 326 9
C 327 26
C 328 6
C 329 18
C 330 10
C 331 7
C 332 17
C 333 2
C 334 5
C 335 9
C 336 11
C 337 10
C 338 25
C 339 9
C 340 16
C 341 0
C 342 0
C 343 0
C 344 0
C 345 0
C 346 0
C 347 0
C 348 0
C 349 0
C 350 0
C 351 0
C 352 0
C 353 0
C 354 0
C 355 0
C 356 0
C 357 0
C 358 0
C 359 0
C 360 0
C 361 0
C 362 0
C 363 0
C 364 0
C 365 0
C 366 0
C 367 0
C 368 0
C 369 0
C 370 0
C 371 0
C 372 0
C 373 0
C 374 0
C 375 0
C 376 0
C 377 0
I 2 1 17 (2,3,3) (0,1,-1,0)
I 0 1 12 (0,5,3) (1,0,1,0)
I 0 2 10 (5,4,4) (-1,0,-1,0)
