D (9,-1,-1) (4,3,2)
D (11,-1,-1) (1,4,0)
D (11,12,-1) (3,0,3)
D (6,7,-1) (3,4,5)
D (6,-1,-1) (1,0,3)
D (8,-1,-1) (1,0,0)
D (10,11,-1) (5,0,1)
D (13,-1,-1) (1,5,0)
D (8,9,-1) (0,5,1)
D (12,13,-1) (2,3,4)
D (12,13,-1) (4,0,2)
D (13,-1,-1) (3,5,4)
D (9,10,-1) (4,3,3)
D (6,7,8) (3,3,0)
D (9,-1,-1) (2,4,1)
D (13,-1,-1) (4,0,3)
D (6,-1,-1) (2,5,5)
D (10,11,12) (4,4,3)
D (13,-1,-1) (0,3,3)
D (11,12,13) (1,3,4)
D (8,9,-1) (2,1,4)
D (6,7,8) (4,0,1)
D (9,-1,-1) (5,4,5)
D (6,7,8) (0,5,4)
D (9,10,11) (5,4,4)
D (12,13,-1) (3,5,2)
D (8,9,10) (5,0,3)
D (12,-1,-1) (2,0,0)
D (6,-1,-1) (4,1,0)
D (11,12,13) (0,0,0)
D (9,10,-1) (4,5,2)
D (7,8,9) (0,1,1)
D (13,-1,-1) (0,0,1)
D (12,13,-1) (2,5,3)
D (9,10,11) (3,3,4)
D (10,11,-1) (0,4,4)
D (9,10,11) (3,0,4)
D (11,12,13) (3,0,0)
D (13,-1,-1) (3,1,3)
D (11,12,13) (5,3,0)
D (11,12,-1) (0,4,0)
D (7,8,-1) (5,4,3)
C 0 10
C 1 23
C 2 21
C 3 4
C 4 23
C 5 19
C 6 14
C 7 0
C 8 23
C 9 7
C 10 11
C 11 10
C 12 3
C 13 18
C 14 20
C 15 5
C 16 1
C 17 1
C 18 6
C 19 20
C 20 5
C 21 5
C 22 10
C 23 8
C 24 26
C 25 24
C 26 22
C 27 10
C 28 10
C 29 1
C 30 6
C 31 8
C 32 26
C 33 5
C 34 7
C 35 11
C 36 6
C 37 7
C 38 20
C 39 17
C 40 15
C 41 20
C 42 21
C 43 7
C 44 26
C 45 20
C 46 1
C 47 8
C 48 20
C 49 15
C 50 19
C 51 12
C 52 2
C 53 17
C 54 18
C 55 4
C 56 18
C 57 24
C 58 11
C 59 0
C 60 0
C 61 3
C 62 22
C 63 5
C 64 10
C 65 21
C 66 23
C 67 10
C 68 24
C 69 22
C 70 8
C 71 10
C 72 18
C 73 20
C 74 26
C 75 8
C 76 9
C 77 22
C 78 16
C 79 0
C 80 0
C 81 0
C 82 0
C 83 0
C 84 0
C 85 0
C 86 0
C 87 0
C 88 0
C 89 0
C 90 0
C 91 0
C 92 26
C 93 5
C 94 14
C 95 20
C 96 11
C 97 23
C 98 0
C 99 0
C 100 1
C 101 16
C 102 9
C 103 23
C 104 15
C 105 12
C 106 14
C 107 11
C 108 5
C 109 21
C 110 7
C 111 23
C 112 21
C 113 22
C 114 3
C 115 18
C 116 9
C 117 23
C 118 8
C 119 4
C 120 24
C 121 0
C 122 25
C 123 14
C 124 21
C 125 12
C 126 10
C 127 24
C 128 10
C 129 2
C 130 10
C 131 26
C 132 10
C 133 5
C 134 16
C 135 0
C 136 1
C 137 18
C 138 4
C 139 18
C 140 14
C 141 10
C 142 10
C 143 4
C 144 0
C 145 25
C 146 24
C 147 4
C 148 9
C 149 25
C 150 3
C 151 8
C 152 25
C 153 12
C 154 0
C 155 0
C 156 0
C 157 0
C 158 0
C 159 0
C 160 0
C 161 0
C 162 0
C 163 0
C 164 0
C 165 0
C 166 0
C 167 0
C 168 0
C 169 0
C 170 0
C 171 0
C 172 0
C 173 0
C 174 0
C 175 12
C 176 9
C 177 11
C 178 0
C 179 8
C 180 16
C 181 23
C 182 25
C 183 3
C 184 16
C 185 25
C 186 26
C 187 4
C 188 8
C 189 16
C 190 10
C 191 12
C 192 15
C 193 3
C 194 7
C 195 16
C 196 6
C 197 0
C 198 2
C 199 1
C 200 20
C 201 4
C 202 16
C 203 17
C 204 11
C 205 6
C 206 23
C 207 10
C 208 2
C 209 3
C 210 11
C 211 16
C 212 17
C 213 9
C 214 7
C 215 4
C 216 7
C 217 14
C 218 26
C 219 2
C 220 0
C 221 25
C 222 4
C 223 24
C 224 11
C 225 0
C 226 23
C 227 3
C 228 3
C 229 9
C 230 23
C 231 21
C 232 2
C 233 9
C 234 1
C 235 4
C 236 17
C 237 21
C 238 21
C 239 11
C 240 26
C 241 22
C 242 5
C 243 0
C 244 0
C 245 0
C 246 0
C 247 0
C 248 0
C 249 0
C 250 0
C 251 0
C 252 0
C 253 0
C 254 0
C 255 0
C 256 0
C 257 0
C 258 0
C 259 0
C 260 0
C 261 0
C 262 0
C 263 0
C 264 0
C 265 0
C 266 0
C 267 0
C 268 0
C 269 0
C 270 0
C 271 0
C 272 0
C 273 0
C 274 0
C 275 0
C 276 0
C 277 0
C 278 0
C 279 0
C 280 0
C 281 0
C 282 0
C 283 0
C 284 0
C 285 0
C 286 0
C 287 0
C 288 0
C 289 0
C 290 0
C 291 0
C 292 0
C 293 12
C 294 4
C 295 23
C 296 11
C 297 12
C 298 7
C 299 9
C 300 24
C 301 4
C 302 0
C 303 1
C 304 24
C 305 15
C 306 7
C 307 9
C 308 3
C 309 18
C 310 25
C 311 20
C 312 14
C 313 4
C 314 17
C 315 6
C 316 20
C 317 16
C 318 22
C 319 15
C 320 22
C 321 4
C 322 26
C 323 18
C 324 15
C 325 5
C 326 9
C 327 26
C 328 14
C 329 7
C 330 0
C 331 24
C 332 15
C 333 7
C 334 14
C 335 0
C 336 25
C 337 4
C 338 1
C 339 22
C 340 0
C 341 22
C 342 2
C 343 3
C 344 17
C 345 22
C 346 18
C 347 2
C 348 20
C 349 14
C 350 5
C 351 22
C 352 10
C 353 0
C 354 26
C 355 23
C 356 2
C 357 9
C 358 4
C 359 18
C 360 18
C 361 26
C 362 7
C 363 18
C 364 22
C 365 0
C 366 21
C 367 19
C 368 1
C 369 0
C 370 0
C 371 3
C 372 24
C 373 1
C 374 5
C 375 24
C 376 19
C 377 19
I 0 1 15 (5,2,5) (-1,0,-1,0)|(-1,1,1,0)
I 0 2 4 (3,1,0) (1,-1,1,0)
I 0 2 8 (4,5,0) (0,-1,0,0)|(-1,1,1,0)
