D (10,11,12) (5,5,1)
D (12,-1,-1) (1,4,3)
D (13,-1,-1) (5,0,4)
D (11,12,13) (2,3,2)
D (13,-1,-1) (1,3,0)
D (13,-1,-1) (3,3,0)
D (11,12,-1) (4,2,2)
D (11,-1,-1) (0,4,4)
D (11,12,13) (5,3,3)
D (13,-1,-1) (1,3,1)
D (10,11,12) (3,4,5)
D (8,13,-1) (5,5,0)
D (12,13,-1) (2,2,4)
D (9,10,11) (2,4,5)
D (6,-1,-1) (3,5,0)
D (13,-1,-1) (5,4,5)
D (7,8,-1) (4,5,4)
D (13,-1,-1) (1,3,5)
D (13,-1,-1) (1,5,0)
D (10,11,12) (5,0,5)
D (8,-1,-1) (3,3,5)
D (10,11,9) (2,0,0)
D (6,7,-1) (2,2,0)
D (12,13,-1) (0,5,5)
D (8,9,-1) (2,3,0)
D (12,-1,-1) (1,1,1)
D (9,10,-1) (2,0,4)
D (8,-1,-1) (3,4,4)
D (6,-1,-1) (3,0,5)
D (8,9,10) (1,3,4)
D (6,7,8) (2,5,5)
D (12,13,-1) (5,1,0)
D (7,-1,-1) (1,3,2)
D (8,9,10) (2,5,0)
D (6,-1,-1) (0,3,1)
D (10,-1,-1) (5,2,3)
D (13,-1,-1) (4,2,4)
D (11,-1,-1) (0,3,2)
D (10,11,-1) (4,3,3)
D (6,-1,-1) (0,1,1)
D (11,-1,-1) (1,5,1)
D (10,-1,-1) (3,5,2)
D (8,9,10) (0,5,3)
D (7,8,-1) (2,3,4)
C 0 22
C 1 2
C 2 4
C 3 17
C 4 23
C 5 12
C 6 16
C 7 12
C 8 20
C 9 5
C 10 12
C 11 24
C 12 26
C 13 18
C 14 25
C 15 20
C 16 22
C 17 4
C 18 0
C 19 9
C 20 8
C 21 11
C 22 15
C 23 10
C 24 12
C 25 26
C 26 20
C 27 14
C 28 17
C 29 26
C 30 18
C 31 21
C 32 23
C 33 9
C 34 9
C 35 25
C 36 8
C 37 15
C 38 24
C 39 4
C 40 11
C 41 23
C 42 5
C 43 25
C 44 15
C 45 25
C 46 16
C 47 15
C 48 2
C 49 21
C 50 20
C 51 19
C 52 24
C 53 22
C 54 7
C 55 6
C 56 24
C 57 7
C 58 21
C 59 12
C 60 14
C 61 5
C 62 21
C 63 12
C 64 23
C 65 14
C 66 10
C 67 2
C 68 3
C 69 26
C 70 14
C 71 20
C 72 0
C 73 6
C 74 7
C 75 25
C 76 18
C 77 6
C 78 8
C 79 15
C 80 11
C 81 18
C 82 26
C 83 17
C 84 12
C 85 23
C 86 12
C 87 0
C 88 26
C 89 7
C 90 8
C 91 23
C 92 21
C 93 3
C 94 3
C 95 8
C 96 23
C 97 15
C 98 18
C 99 4
C 100 10
C 101 26
C 102 10
C 103 20
C 104 20
C 105 26
C 106 3
C 107 25
C 108 5
C 109 21
C 110 8
C 111 0
C 112 23
C 113 5
C 114 24
C 115 22
C 116 4
C 117 2
C 118 4
C 119 16
C 120 26
C 121 6
C 122 15
C 123 12
C 124 16
C 125 9
C 126 15
C 127 1
C 128 23
C 129 12
C 130 10
C 131 6
C 132 18
C 133 5
C 134 15
C 135 3
C 136 1
C 137 6
C 138 23
C 139 21
C 140 18
C 141 20
C 142 7
C 143 26
C 144 4
C 145 8
C 146 2
C 147 10
C 148 25
C 149 10
C 150 21
C 151 25
C 152 20
C 153 7
C 154 11
C 155 12
C 156 10
C 157 21
C 158 10
C 159 15
C 160 17
C 161 19
C 162 19
C 163 24
C 164 10
C 165 17
C 166 6
C 167 2
C 168 8
C 169 20
C 170 22
C 171 0
C 172 19
C 173 9
C 174 17
C 175 4
C 176 12
C 177 11
C 178 19
C 179 20
C 180 12
C 181 22
C 182 3
C 183 9
C 184 8
C 185 21
C 186 17
C 187 15
C 188 15
C 189 5
C 190 6
C 191 23
C 192 3
C 193 2
C 194 6
C 195 23
C 196 22
C 197 26
C 198 22
C 199 0
C 200 12
C 201 3
C 202 7
C 203 11
C 204 16
C 205 15
C 206 16
C 207 14
C 208 14
C 209 23
C 210 25
C 211 1
C 212 2
C 213 1
C 214 4
C 215 18
C 216 22
C 217 16
C 218 12
C 219 18
C 220 22
C 221 12
C 222 21
C 223 20
C 224 24
C 225 19
C 226 5
C 227 17
C 228 19
C 229 17
C 230 3
C 231 0
C 232 20
C 233 18
C 234 21
C 235 10
C 236 26
C 237 1
C 238 8
C 239 15
C 240 16
C 241 6
C 242 23
C 243 20
C 244 23
C 245 12
C 246 5
C 247 26
C 248 21
C 249 9
C 250 22
C 251 4
C 252 20
C 253 16
C 254 9
C 255 24
C 256 10
C 257 17
C 258 22
C 259 20
C 260 3
C 261 11
C 262 17
C 263 21
C 264 9
C 265 11
C 266 16
C 267 1
C 268 18
C 269 25
C 270 17
C 271 12
C 272 21
C 273 12
C 274 26
C 275 20
C 276 11
C 277 25
C 278 2
C 279 14
C 280 12
C 281 17
C 282 8
C 283 9
C 284 7
C 285 22
C 286 16
C 287 23
C 288 1
C 289 26
C 290 5
C 291 6
C 292 17
C 293 23
C 294 19
C 295 4
C 296 11
C 297 17
C 298 26
C 299 7
C 300 12
C 301 0
C 302 9
C 303 19
C 304 24
C 305 21
C 306 7
C 307 26
C 308 16
C 309 26
C 310 6
C 311 16
C 312 7
C 313 26
C 314 1
C 315 12
C 316 23
C 317 24
C 318 21
C 319 22
C 320 1
C 321 17
C 322 15
C 323 1
C 324 21
C 325 14
C 326 11
C 327 22
C 328 23
C 329 2
C 330 14
C 331 15
C 332 8
C 333 2
C 334 26
C 335 0
C 336 23
C 337 8
C 338 12
C 339 25
C 340 22
C 341 9
C 342 19
C 343 0
C 344 14
C 345 12
C 346 18
C 347 15
C 348 1
C 349 2
C 350 21
C 351 1
C 352 11
C 353 7
C 354 25
C 355 5
C 356 7
C 357 3
C 358 4
C 359 20
C 360 19
C 361 26
C 362 14
C 363 5
C 364 5
C 365 17
C 366 21
C 367 11
C 368 2
C 369 4
C 370 22
C 371 0
C 372 21
C 373 3
C 374 0
C 375 1
C 376 16
C 377 16
I 0 2 6 (0,4,5) (-1,-1,0,0)
I 0 1 20 (2,2,3) (0,0,-1,0)|(0,1,0,0)|(1,0,0,0)|(-1,-1,-1,0)|(1,1,1,0)
