D (13,-1,-1) (2,0,4)
D (7,8,9) (3,3,2)
D (7,-1,-1) (3,2,5)
D (8,-1,-1) (4,2,0)
D (9,10,11) (2,1,4)
D (7,-1,-1) (1,5,0)
D (10,11,12) (3,5,1)
D (11,-1,-1) (5,2,2)
D (7,8,-1) (5,2,4)
D (6,-1,-1) (3,1,2)
D (10,-1,-1) (4,1,5)
D (6,7,8) (5,4,1)
D (13,-1,-1) (5,1,2)
D (6,7,8) (4,0,3)
D (13,-1,-1) (3,0,3)
D (10,-1,-1) (2,2,2)
D (7,8,-1) (2,3,3)
D (13,-1,-1) (1,5,3)
D (11,12,-1) (1,1,2)
D (6,7,8) (0,0,1)
D (11,12,13) (3,4,3)
D (10,11,-1) (2,4,4)
D (12,-1,-1) (0,1,2)
D (8,9,10) (1,5,5)
D (11,12,13) (2,1,1)
D (12,13,-1) (3,2,2)
D (6,-1,-1) (2,3,0)
D (10,11,12) (0,5,1)
D (11,12,-1) (0,4,1)
D (13,-1,-1) (0,3,2)
D (10,-1,-1) (0,1,4)
D (9,10,11) (4,1,1)
D (9,10,-1) (3,3,3)
D (8,9,-1) (3,2,0)
D (11,-1,-1) (0,3,4)
D (6,-1,-1) (1,0,1)
D (12,-1,-1) (2,3,1)
D (10,-1,-1) (1,0,3)
D (9,10,-1) (5,0,4)
D (6,-1,-1) (0,2,2)
D (10,-1,-1) (2,3,2)
D (9,-1,-1) (3,3,1)
D (7,-1,-1) (1,2,1)
D (6,7,-1) (3,0,0)
D (10,-1,-1) (0,1,5)
D (8,9,-1) (5,0,0)
D (13,-1,-1) (1,1,3)
D (7,-1,-1) (3,3,4)
D (9,10,11) (4,3,0)
D (9,-1,-1) (0,2,4)
D (7,-1,-1) (1,0,4)
D (12,13,-1) (1,2,4)
D (11,12,-1) (0,5,2)
D (13,-1,-1) (5,0,2)
D (7,8,-1) (3,4,1)
C 0 21
C 1 4
C 2 14
C 3 5
C 4 16
C 5 6
C 6 25
C 7 12
C 8 0
C 9 16
C 10 9
C 11 24
C 12 14
C 13 8
C 14 11
C 15 17
C 16 20
C 17 19
C 18 11
C 19 5
C 20 10
C 21 4
C 22 14
C 23 0
C 24 20
C 25 3
C 26 16
C 27 12
C 28 0
C 29 8
C 30 10
C 31 17
C 32 9
C 33 26
C 34 18
C 35 12
C 36 18
C 37 0
C 38 6
C 39 19
C 40 25
C 41 22
C 42 1
C 43 10
C 44 4
C 45 20
C 46 25
C 47 8
C 48 17
C 49 4
C 50 2
C 51 5
C 52 7
C 53 5
C 54 23
C 55 20
C 56 22
C 57 10
C 58 11
C 59 5
C 60 23
C 61 2
C 62 2
C 63 5
C 64 23
C 65 21
C 66 4
C 67 24
C 68 3
C 69 20
C 70 21
C 71 0
C 72 11
C 73 11
C 74 17
C 75 12
C 76 8
C 77 0
C 78 15
C 79 9
C 80 9
C 81 12
C 82 24
C 83 21
C 84 11
C 85 3
C 86 24
C 87 2
C 88 3
C 89 24
C 90 23
C 91 1
C 92 5
C 93 19
C 94 1
C 95 26
C 96 19
C 97 10
C 98 21
C 99 18
C 100 16
C 101 18
C 102 1
C 103 20
C 104 24
C 105 26
C 106 9
C 107 23
C 108 11
C 109 1
C 110 22
C 111 1
C 112 23
C 113 14
C 114 14
C 115 6
C 116 17
C 117 10
C 118 5
C 119 3
C 120 8
C 121 24
C 122 11
C 123 15
C 124 15
C 125 4
C 126 1
C 127 0
C 128 15
C 129 23
C 130 24
C 131 12
C 132 14
C 133 22
C 134 7
C 135 12
C 136 21
C 137 8
C 138 26
C 139 18
C 140 18
C 141 16
C 142 4
C 143 24
C 144 0
C 145 4
C 146 0
C 147 4
C 148 16
C 149 4
C 150 11
C 151 20
C 152 4
C 153 24
C 154 21
C 155 21
C 156 9
C 157 11
C 158 14
C 159 2
C 160 0
C 161 3
C 162 23
C 163 25
C 164 9
C 165 20
C 166 18
C 167 4
C 168 18
C 169 23
C 170 22
C 171 2
C 172 26
C 173 7
C 174 0
C 175 26
C 176 8
C 177 10
C 178 8
C 179 19
C 180 5
C 181 1
C 182 7
C 183 18
C 184 23
C 185 20
C 186 24
C 187 4
C 188 19
C 189 16
C 190 24
C 191 15
C 192 7
C 193 16
C 194 8
C 195 23
C 196 0
C 197 0
C 198 0
C 199 0
C 200 0
C 201 0
C 202 0
C 203 0
C 204 0
C 205 0
C 206 0
C 207 0
C 208 0
C 209 0
C 210 0
C 211 0
C 212 0
C 213 0
C 214 21
C 215 11
C 216 9
C 217 10
C 218 11
C 219 3
C 220 11
C 221 7
C 222 25
C 223 25
C 224 5
C 225 10
C 226 7
C 227 2
C 228 19
C 229 5
C 230 2
C 231 11
C 232 23
C 233 3
C 234 22
C 235 2
C 236 10
C 237 22
C 238 18
C 239 9
C 240 7
C 241 10
C 242 0
C 243 0
C 244 18
C 245 2
C 246 4
C 247 22
C 248 1
C 249 4
C 250 24
C 251 15
C 252 1
C 253 23
C 254 2
C 255 3
C 256 23
C 257 25
C 258 19
C 259 24
C 260 2
C 261 4
C 262 6
C 263 1
C 264 16
C 265 7
C 266 20
C 267 12
C 268 19
C 269 26
C 270 25
C 271 4
C 272 0
C 273 12
C 274 5
C 275 4
C 276 7
C 277 1
C 278 23
C 279 0
C 280 0
C 281 0
C 282 0
C 283 0
C 284 0
C 285 0
C 286 0
C 287 0
C 288 0
C 289 0
C 290 0
C 291 0
C 292 0
C 293 0
C 294 26
C 295 0
C 296 0
C 297 0
C 298 0
C 299 8
C 300 16
C 301 21
C 302 3
C 303 3
C 304 26
C 305 23
C 306 11
C 307 10
C 308 5
C 309 0
C 310 14
C 311 5
C 312 22
C 313 25
C 314 18
C 315 10
C 316 15
C 317 11
C 318 1
C 319 0
C 320 0
C 321 0
C 322 0
C 323 0
C 324 0
C 325 0
C 326 0
C 327 0
C 328 0
C 329 0
C 330 0
C 331 0
C 332 0
C 333 0
C 334 0
C 335 0
C 336 0
C 337 0
C 338 0
C 339 0
C 340 0
C 341 0
C 342 0
C 343 0
C 344 0
C 345 0
C 346 0
C 347 0
C 348 0
C 349 0
C 350 0
C 351 0
C 352 0
C 353 0
C 354 0
C 355 0
C 356 0
C 357 0
C 358 0
C 359 0
C 360 0
C 361 0
C 362 0
C 363 0
C 364 0
C 365 0
C 366 0
C 367 0
C 368 0
C 369 0
C 370 0
C 371 0
C 372 0
C 373 0
C 374 0
C 375 0
C 376 0
C 377 12
I 0 3 2 (3,2,1) (1,0,0,0)|(0,0,0,0)|(1,1,0,0)
I 0 3 5 (1,5,2) (0,0,0,0)
