D (6,7,8) (0,3,1)
D (13,-1,-1) (0,4,0)
D (9,-1,-1) (4,3,0)
D (9,10,11) (0,0,3)
D (6,7,-1) (4,2,1)
D (7,-1,-1) (5,1,0)
D (12,-1,-1) (0,4,4)
D (13,-1,-1) (3,2,1)
D (11,-1,-1) (2,0,3)
D (7,8,9) (3,5,5)
D (10,11,12) (3,5,4)
D (13,-1,-1) (5,3,3)
D (10,-1,-1) (4,1,0)
D (11,12,13) (1,1,0)
D (6,7,8) (4,5,1)
D (8,9,10) (0,0,2)
D (10,11,-1) (2,1,2)
D (8,-1,-1) (1,3,0)
D (13,-1,-1) (4,5,2)
D (8,9,-1) (4,2,3)
D (12,13,-1) (0,1,2)
D (8,9,10) (5,2,5)
D (6,7,8) (5,1,3)
D (13,-1,-1) (1,4,0)
D (7,8,-1) (1,0,5)
D (9,10,-1) (5,2,1)
D (10,11,12) (0,1,1)
D (6,-1,-1) (2,5,1)
D (12,-1,-1) (4,5,3)
D (9,10,11) (4,4,0)
D (10,11,-1) (5,4,0)
D (6,7,8) (5,4,1)
D (11,-1,-1) (2,5,0)
D (8,9,-1) (3,0,1)
D (8,9,10) (2,2,0)
D (8,9,-1) (5,0,5)
D (9,10,11) (4,0,3)
D (8,9,-1) (0,3,3)
D (13,-1,-1) (5,1,5)
D (12,13,-1) (2,1,3)
D (13,-1,-1) (1,3,1)
D (6,-1,-1) (4,4,4)
D (12,-1,-1) (2,1,4)
D (10,11,-1) (3,0,2)
D (12,13,-1) (3,3,5)
D (8,9,-1) (0,4,5)
D (8,9,10) (1,4,1)
D (7,-1,-1) (3,5,3)
D (9,-1,-1) (5,0,1)
D (11,12,13) (5,2,0)
D (9,10,11) (2,2,4)
D (13,-1,-1) (5,3,0)
D (13,-1,-1) (1,2,5)
D (12,13,-1) (3,2,4)
D (10,-1,-1) (4,1,5)
D (12,13,-1) (0,0,1)
D (11,-1,-1) (2,4,2)
D (7,8,-1) (5,5,4)
D (10,11,12) (4,0,1)
D (7,8,9) (0,1,0)
D (12,13,-1) (3,2,0)
D (7,8,9) (4,0,5)
D (9,-1,-1) (0,2,0)
C 0 22
C 1 26
C 2 25
C 3 25
C 4 11
C 5 25
C 6 2
C 7 22
C 8 15
C 9 6
C 10 17
C 11 19
C 12 23
C 13 2
C 14 17
C 15 11
C 16 18
C 17 18
C 18 9
C 19 24
C 20 15
C 21 20
C 22 25
C 23 0
C 24 0
C 25 0
C 26 0
C 27 0
C 28 0
C 29 0
C 30 0
C 31 0
C 32 0
C 33 0
C 34 0
C 35 0
C 36 0
C 37 0
C 38 0
C 39 0
C 40 0
C 41 0
C 42 0
C 43 0
C 44 0
C 45 0
C 46 0
C 47 0
C 48 0
C 49 0
C 50 0
C 51 0
C 52 0
C 53 0
C 54 0
C 55 0
C 56 0
C 57 0
C 58 0
C 59 0
C 60 0
C 61 0
C 62 0
C 63 0
C 64 0
C 65 0
C 66 0
C 67 0
C 68 0
C 69 0
C 70 0
C 71 0
C 72 0
C 73 0
C 74 0
C 75 0
C 76 0
C 77 0
C 78 0
C 79 0
C 80 0
C 81 0
C 82 0
C 83 0
C 84 0
C 85 0
C 86 0
C 87 0
C 88 0
C 89 0
C 90 0
C 91 0
C 92 0
C 93 0
C 94 0
C 95 0
C 96 0
C 97 0
C 98 0
C 99 0
C 100 0
C 101 0
C 102 0
C 103 0
C 104 0
C 105 0
C 106 0
C 107 0
C 108 0
C 109 0
C 110 0
C 111 0
C 112 0
C 113 0
C 114 0
C 115 0
C 116 0
C 117 0
C 118 0
C 119 0
C 120 0
C 121 0
C 122 0
C 123 0
C 124 0
C 125 0
C 126 0
C 127 0
C 128 0
C 129 0
C 130 0
C 131 0
C 132 0
C 133 0
C 134 0
C 135 0
C 136 0
C 137 0
C 138 0
C 139 0
C 140 0
C 141 0
C 142 0
C 143 0
C 144 0
C 145 0
C 146 0
C 147 0
C 148 0
C 149 0
C 150 0
C 151 0
C 152 0
C 153 0
C 154 0
C 155 0
C 156 0
C 157 0
C 158 0
C 159 0
C 160 0
C 161 0
C 162 0
C 163 0
C 164 0
C 165 0
C 166 0
C 167 0
C 168 0
C 169 0
C 170 0
C 171 0
C 172 0
C 173 0
C 174 0
C 175 0
C 176 0
C 177 0
C 178 0
C 179 0
C 180 0
C 181 0
C 182 0
C 183 0
C 184 0
C 185 0
C 186 0
C 187 0
C 188 0
C 189 0
C 190 0
C 191 0
C 192 0
C 193 0
C 194 0
C 195 0
C 196 0
C 197 0
C 198 0
C 199 0
C 200 0
C 201 0
C 202 0
C 203 0
C 204 0
C 205 0
C 206 21
C 207 0
C 208 0
C 209 0
C 210 0
C 211 0
C 212 0
C 213 0
C 214 0
C 215 0
C 216 0
C 217 0
C 218 0
C 219 0
C 220 0
C 221 0
C 222 0
C 223 0
C 224 0
C 225 6
C 226 17
C 227 1
C 228 3
C 229 25
C 230 20
C 231 4
C 232 0
C 233 24
C 234 20
C 235 5
C 236 21
C 237 9
C 238 9
C 239 0
C 240 12
C 241 22
C 242 18
C 243 21
C 244 7
C 245 15
C 246 24
C 247 15
C 248 5
C 249 0
C 250 9
C 251 9
C 252 5
C 253 2
C 254 18
C 255 8
C 256 2
C 257 7
C 258 20
C 259 16
C 260 17
C 261 11
C 262 22
C 263 24
C 264 22
C 265 25
C 266 18
C 267 12
C 268 7
C 269 25
C 270 20
C 271 12
C 272 8
C 273 24
C 274 25
C 275 8
C 276 25
C 277 20
C 278 26
C 279 6
C 280 17
C 281 1
C 282 26
C 283 2
C 284 20
C 285 3
C 286 23
C 287 21
C 288 25
C 289 11
C 290 17
C 291 1
C 292 23
C 293 15
C 294 11
C 295 8
C 296 2
C 297 15
C 298 3
C 299 18
C 300 19
C 301 16
C 302 5
C 303 11
C 304 12
C 305 8
C 306 22
C 307 3
C 308 12
C 309 7
C 310 23
C 311 9
C 312 18
C 313 16
C 314 24
C 315 21
C 316 18
C 317 24
C 318 19
C 319 2
C 320 15
C 321 25
C 322 2
C 323 0
C 324 0
C 325 19
C 326 10
C 327 4
C 328 7
C 329 21
C 330 24
C 331 20
C 332 22
C 333 10
C 334 0
C 335 0
C 336 0
C 337 0
C 338 0
C 339 0
C 340 0
C 341 26
C 342 9
C 343 1
C 344 23
C 345 9
C 346 4
C 347 22
C 348 11
C 349 7
C 350 22
C 351 22
C 352 9
C 353 9
C 354 14
C 355 6
C 356 14
C 357 23
C 358 10
C 359 9
C 360 16
C 361 20
C 362 16
C 363 4
C 364 23
C 365 23
C 366 24
C 367 25
C 368 24
C 369 6
C 370 8
C 371 25
C 372 2
C 373 0
C 374 5
C 375 22
C 376 5
C 377 21
I 5 2 18 (5,3,0) (-1,-1,-1,0)|(0,-1,-1,0)
I 0 1 15 (2,2,0) (-1,0,1,0)
I 0 3 10 (2,4,5) (1,0,-1,0)|(0,0,0,0)|(0,1,1,0)
