D (8,9,10) (2,0,5)
D (12,13,-1) (3,0,4)
D (9,10,11) (3,4,0)
D (13,-1,-1) (0,3,0)
D (7,8,9) (5,3,1)
D (11,12,13) (4,2,1)
D (12,13,-1) (5,1,3)
D (11,12,-1) (4,3,5)
D (9,10,-1) (3,1,3)
D (13,-1,-1) (2,1,5)
D (10,11,-1) (3,1,0)
D (9,10,11) (4,4,4)
D (6,7,8) (3,3,0)
D (6,-1,-1) (0,3,3)
D (11,-1,-1) (3,4,2)
D (6,7,8) (2,3,5)
D (11,-1,-1) (4,4,1)
D (12,-1,-1) (1,2,4)
D (6,7,-1) (0,0,2)
D (6,-1,-1) (0,5,3)
D (6,7,11) (4,1,3)
D (6,7,-1) (4,5,5)
D (8,9,-1) (0,1,3)
D (8,9,-1) (2,0,2)
D (8,9,10) (3,0,5)
D (8,-1,-1) (1,3,2)
D (9,-1,-1) (2,4,2)
D (11,-1,-1) (4,3,2)
D (12,-1,-1) (3,2,4)
D (6,7,-1) (0,2,3)
D (8,9,10) (2,2,1)
D (11,12,-1) (4,0,1)
D (10,-1,-1) (1,2,0)
D (11,12,13) (3,2,1)
D (6,7,-1) (3,2,3)
D (10,11,-1) (5,0,2)
D (10,11,-1) (5,5,5)
D (8,9,-1) (0,5,2)
D (11,-1,-1) (5,0,0)
D (7,8,9) (0,3,2)
D (7,8,9) (2,1,2)
D (6,7,8) (0,0,3)
D (11,12,-1) (3,2,5)
D (10,-1,-1) (0,4,0)
D (8,-1,-1) (5,2,0)
D (12,-1,-1) (2,2,5)
D (12,13,-1) (1,1,5)
D (11,-1,-1) (5,5,2)
C 0 0
C 1 0
C 2 0
C 3 0
C 4 0
C 5 0
C 6 0
C 7 0
C 8 0
C 9 0
C 10 0
C 11 0
C 12 0
C 13 0
C 14 0
C 15 0
C 16 0
C 17 0
C 18 0
C 19 0
C 20 0
C 21 0
C 22 0
C 23 0
C 24 0
C 25 0
C 26 0
C 27 0
C 28 0
C 29 0
C 30 0
C 31 0
C 32 0
C 33 0
C 34 0
C 35 0
C 36 0
C 37 0
C 38 0
C 39 0
C 40 0
C 41 0
C 42 0
C 43 0
C 44 0
C 45 0
C 46 0
C 47 0
C 48 0
C 49 0
C 50 0
C 51 0
C 52 0
C 53 0
C 54 0
C 55 0
C 56 0
C 57 0
C 58 0
C 59 0
C 60 0
C 61 0
C 62 0
C 63 0
C 64 0
C 65 0
C 66 0
C 67 0
C 68 0
C 69 0
C 70 0
C 71 0
C 72 0
C 73 0
C 74 21
C 75 7
C 76 1
C 77 8
C 78 24
C 79 21
C 80 19
C 81 22
C 82 11
C 83 12
C 84 3
C 85 24
C 86 3
C 87 16
C 88 1
C 89 22
C 90 26
C 91 6
C 92 24
C 93 12
C 94 9
C 95 2
C 96 5
C 97 4
C 98 7
C 99 3
C 100 4
C 101 20
C 102 23
C 103 0
C 104 1
C 105 17
C 106 1
C 107 11
C 108 16
C 109 16
C 110 21
C 111 15
C 112 14
C 113 8
C 114 2
C 115 0
C 116 0
C 117 0
C 118 0
C 119 0
C 120 0
C 121 0
C 122 0
C 123 0
C 124 0
C 125 0
C 126 0
C 127 0
C 128 0
C 129 0
C 130 0
C 131 0
C 132 0
C 133 0
C 134 7
C 135 3
C 136 5
C 137 2
C 138 24
C 139 24
C 140 15
C 141 26
C 142 26
C 143 25
C 144 8
C 145 7
C 146 6
C 147 18
C 148 19
C 149 23
C 150 11
C 151 5
C 152 16
C 153 21
C 154 21
C 155 3
C 156 17
C 157 12
C 158 7
C 159 25
C 160 9
C 161 9
C 162 21
C 163 14
C 164 10
C 165 21
C 166 8
C 167 3
C 168 20
C 169 3
C 170 20
C 171 23
C 172 6
C 173 2
C 174 25
C 175 21
C 176 21
C 177 0
C 178 16
C 179 0
C 180 15
C 181 0
C 182 16
C 183 4
C 184 14
C 185 14
C 186 3
C 187 10
C 188 9
C 189 11
C 190 19
C 191 23
C 192 20
C 193 20
C 194 16
C 195 14
C 196 18
C 197 24
C 198 25
C 199 18
C 200 11
C 201 11
C 202 6
C 203 14
C 204 15
C 205 6
C 206 15
C 207 3
C 208 19
C 209 5
C 210 10
C 211 16
C 212 5
C 213 6
C 214 21
C 215 19
C 216 26
C 217 15
C 218 6
C 219 5
C 220 7
C 221 19
C 222 5
C 223 18
C 224 7
C 225 4
C 226 10
C 227 0
C 228 7
C 229 19
C 230 23
C 231 3
C 232 10
C 233 20
C 234 19
C 235 17
C 236 26
C 237 20
C 238 22
C 239 11
C 240 26
C 241 18
C 242 20
C 243 16
C 244 15
C 245 7
C 246 5
C 247 11
C 248 4
C 249 22
C 250 22
C 251 23
C 252 25
C 253 17
C 254 6
C 255 9
C 256 25
C 257 25
C 258 22
C 259 2
C 260 19
C 261 6
C 262 16
C 263 23
C 264 26
C 265 18
C 266 7
C 267 3
C 268 6
C 269 24
C 270 14
C 271 14
C 272 20
C 273 0
C 274 16
C 275 10
C 276 23
C 277 19
C 278 12
C 279 3
C 280 16
C 281 1
C 282 9
C 283 26
C 284 19
C 285 20
C 286 19
C 287 22
C 288 5
C 289 25
C 290 6
C 291 18
C 292 25
C 293 25
C 294 20
C 295 7
C 296 22
C 297 22
C 298 23
C 299 10
C 300 2
C 301 1
C 302 18
C 303 5
C 304 8
C 305 0
C 306 4
C 307 17
C 308 25
C 309 26
C 310 0
C 311 0
C 312 0
C 313 0
C 314 0
C 315 0
C 316 0
C 317 0
C 318 0
C 319 0
C 320 0
C 321 0
C 322 0
C 323 0
C 324 0
C 325 0
C 326 0
C 327 0
C 328 0
C 329 0
C 330 0
C 331 0
C 332 0
C 333 0
C 334 0
C 335 0
C 336 0
C 337 0
C 338 0
C 339 0
C 340 0
C 341 0
C 342 0
C 343 0
C 344 0
C 345 0
C 346 0
C 347 0
C 348 0
C 349 0
C 350 0
C 351 0
C 352 0
C 353 0
C 354 0
C 355 0
C 356 0
C 357 0
C 358 0
C 359 0
C 360 0
C 361 0
C 362 0
C 363 0
C 364 11
C 365 24
C 366 7
C 367 5
C 368 15
C 369 3
C 370 18
C 371 6
C 372 0
C 373 18
C 374 2
C 375 8
C 376 8
C 377 26
I 0 3 9 (3,3,4) (-1,0,-1,0)|(0,-1,-1,0)
I 1 2 13 (3,0,1) (0,1,1,0)|(-1,1,-1,0)
