D (6,-1,-1) (3,5,5)
D (12,13,-1) (3,1,1)
D (13,-1,-1) (1,1,3)
D (8,9,-1) (3,4,0)
D (8,9,10) (4,4,3)
D (6,7,-1) (0,5,0)
D (11,12,-1) (4,3,0)
D (10,11,12) (4,1,2)
D (8,9,-1) (3,5,2)
D (8,9,-1) (4,5,1)
D (10,11,-1) (2,0,2)
D (10,11,12) (0,4,5)
D (9,10,11) (3,1,5)
D (9,10,11) (1,5,3)
D (13,-1,-1) (3,2,1)
D (13,-1,-1) (2,5,5)
D (11,12,13) (0,2,4)
D (13,-1,-1) (1,4,4)
D (13,-1,-1) (3,0,2)
D (13,-1,-1) (2,2,5)
D (13,-1,-1) (1,3,3)
D (12,13,-1) (2,4,0)
D (13,-1,-1) (4,1,3)
D (9,10,11) (2,5,2)
D (10,11,12) (2,0,0)
D (10,9,10) (3,0,1)
D (7,8,-1) (0,5,5)
D (8,9,10) (3,3,4)
D (8,9,10) (5,3,2)
D (7,8,-1) (3,1,3)
D (12,13,-1) (0,3,3)
D (10,11,12) (4,0,4)
D (7,8,9) (5,2,0)
D (7,-1,-1) (5,4,4)
D (11,-1,-1) (2,1,1)
D (7,8,-1) (1,5,5)
D (9,-1,-1) (1,5,1)
D (12,13,-1) (2,0,3)
D (13,-1,-1) (0,0,1)
D (12,-1,-1) (3,3,2)
D (10,11,12) (3,5,4)
D (11,12,-1) (0,5,1)
D (9,-1,-1) (1,1,0)
D (7,-1,-1) (0,1,4)
D (10,-1,-1) (0,4,0)
D (8,9,-1) (2,1,4)
D (9,10,11) (0,4,3)
D (9,-1,-1) (4,0,0)
D (11,-1,-1) (4,5,4)
D (13,-1,-1) (3,2,5)
D (10,-1,-1) (5,5,1)
D (10,11,12) (4,3,3)
D (9,10,11) (0,3,4)
D (6,7,8) (0,2,1)
D (6,-1,-1) (1,3,4)
D (7,8,9) (2,2,2)
D (10,11,12) (2,4,2)
D (11,-1,-1) (3,5,3)
D (6,7,-1) (5,4,3)
D (10,11,-1) (1,0,4)
D (12,13,-1) (1,4,0)
D (12,-1,-1) (0,5,4)
D (11,12,-1) (4,1,1)
D (13,-1,-1) (5,0,3)
D (10,-1,-1) (3,3,1)
D (9,10,-1) (0,3,2)
D (9,-1,-1) (1,5,2)
D (6,-1,-1) (5,5,4)
D (6,7,8) (5,1,0)
D (10,11,12) (4,4,4)
D (7,-1,-1) (1,0,0)
D (13,-1,-1) (5,3,4)
C 0 8
C 1 16
C 2 21
C 3 8
C 4 16
C 5 7
C 6 10
C 7 12
C 8 26
C 9 10
C 10 0
C 11 9
C 12 26
C 13 19
C 14 26
C 15 3
C 16 5
C 17 1
C 18 26
C 19 7
C 20 2
C 21 10
C 22 12
C 23 0
C 24 12
C 25 17
C 26 22
C 27 7
C 28 20
C 29 14
C 30 10
C 31 19
C 32 15
C 33 10
C 34 11
C 35 16
C 36 21
C 37 24
C 38 0
C 39 22
C 40 10
C 41 16
C 42 11
C 43 21
C 44 2
C 45 6
C 46 9
C 47 25
C 48 20
C 49 2
C 50 9
C 51 16
C 52 2
C 53 19
C 54 23
C 55 8
C 56 0
C 57 0
C 58 0
C 59 0
C 60 0
C 61 0
C 62 0
C 63 0
C 64 0
C 65 0
C 66 0
C 67 0
C 68 0
C 69 0
C 70 0
C 71 0
C 72 0
C 73 0
C 74 0
C 75 0
C 76 0
C 77 0
C 78 0
C 79 0
C 80 0
C 81 0
C 82 0
C 83 0
C 84 0
C 85 0
C 86 0
C 87 0
C 88 0
C 89 0
C 90 0
C 91 0
C 92 0
C 93 0
C 94 0
C 95 0
C 96 0
C 97 0
C 98 0
C 99 0
C 100 0
C 101 0
C 102 0
C 103 0
C 104 0
C 105 0
C 106 0
C 107 0
C 108 0
C 109 0
C 110 0
C 111 0
C 112 0
C 113 0
C 114 0
C 115 0
C 116 0
C 117 0
C 118 0
C 119 0
C 120 0
C 121 0
C 122 0
C 123 0
C 124 0
C 125 0
C 126 0
C 127 0
C 128 0
C 129 0
C 130 0
C 131 0
C 132 0
C 133 0
C 134 0
C 135 0
C 136 0
C 137 0
C 138 0
C 139 0
C 140 0
C 141 0
C 142 0
C 143 0
C 144 0
C 145 0
C 146 0
C 147 0
C 148 0
C 149 0
C 150 0
C 151 0
C 152 0
C 153 0
C 154 0
C 155 0
C 156 0
C 157 0
C 158 0
C 159 0
C 160 0
C 161 0
C 162 0
C 163 0
C 164 0
C 165 0
C 166 0
C 167 0
C 168 0
C 169 0
C 170 0
C 171 0
C 172 0
C 173 0
C 174 0
C 175 0
C 176 0
C 177 0
C 178 0
C 179 0
C 180 0
C 181 0
C 182 0
C 183 0
C 184 0
C 185 0
C 186 0
C 187 0
C 188 0
C 189 0
C 190 0
C 191 0
C 192 0
C 193 0
C 194 0
C 195 0
C 196 0
C 197 0
C 198 0
C 199 14
C 200 0
C 201 0
C 202 0
C 203 0
C 204 0
C 205 0
C 206 0
C 207 5
C 208 1
C 209 6
C 210 16
C 211 8
C 212 15
C 213 24
C 214 11
C 215 26
C 216 25
C 217 8
C 218 11
C 219 8
C 220 15
C 221 9
C 222 23
C 223 7
C 224 9
C 225 0
C 226 17
C 227 1
C 228 11
C 229 8
C 230 1
C 231 19
C 232 20
C 233 9
C 234 19
C 235 16
C 236 5
C 237 25
C 238 10
C 239 26
C 240 9
C 241 3
C 242 18
C 243 2
C 244 22
C 245 9
C 246 5
C 247 17
C 248 7
C 249 0
C 250 0
C 251 0
C 252 0
C 253 0
C 254 0
C 255 0
C 256 0
C 257 0
C 258 0
C 259 0
C 260 0
C 261 0
C 262 0
C 263 0
C 264 0
C 265 0
C 266 0
C 267 0
C 268 0
C 269 0
C 270 0
C 271 0
C 272 0
C 273 0
C 274 0
C 275 0
C 276 0
C 277 0
C 278 0
C 279 0
C 280 0
C 281 25
C 282 15
C 283 20
C 284 8
C 285 18
C 286 21
C 287 17
C 288 24
C 289 24
C 290 16
C 291 3
C 292 8
C 293 8
C 294 1
C 295 26
C 296 12
C 297 8
C 298 15
C 299 11
C 300 11
C 301 7
C 302 17
C 303 1
C 304 8
C 305 25
C 306 7
C 307 9
C 308 6
C 309 11
C 310 14
C 311 10
C 312 15
C 313 16
C 314 8
C 315 1
C 316 10
C 317 3
C 318 9
C 319 25
C 320 20
C 321 20
C 322 19
C 323 10
C 324 3
C 325 26
C 326 5
C 327 9
C 328 0
C 329 9
C 330 14
C 331 5
C 332 15
C 333 18
C 334 21
C 335 17
C 336 21
C 337 18
C 338 17
C 339 21
C 340 7
C 341 11
C 342 25
C 343 11
C 344 25
C 345 22
C 346 3
C 347 1
C 348 24
C 349 9
C 350 18
C 351 16
C 352 26
C 353 8
C 354 22
C 355 12
C 356 26
C 357 23
C 358 10
C 359 19
C 360 1
C 361 0
C 362 21
C 363 17
C 364 5
C 365 9
C 366 8
C 367 19
C 368 12
C 369 3
C 370 14
C 371 17
C 372 10
C 373 8
C 374 14
C 375 18
C 376 1
C 377 10
I 4 1 20 (5,3,1) (0,1,0,0)
I 0 3 10 (0,2,3) (0,0,-1,0)|(0,1,-1,0)
I 0 1 13 (1,2,4) (1,1,0,0)
