D (11,12,13) (1,2,5)
D (9,-1,-1) (4,3,5)
D (9,10,11) (2,5,0)
D (10,-1,-1) (5,4,1)
D (7,-1,-1) (2,2,0)
D (12,13,-1) (4,1,5)
D (11,12,13) (5,3,2)
D (7,-1,-1) (3,1,1)
D (10,11,-1) (3,3,5)
D (8,-1,-1) (4,0,1)
D (6,7,8) (1,5,3)
D (12,13,-1) (3,4,3)
D (8,9,-1) (2,3,4)
D (8,9,10) (1,1,0)
D (6,7,-1) (2,0,2)
D (13,-1,-1) (4,2,2)
D (8,9,-1) (1,3,3)
D (10,-1,-1) (4,5,2)
D (6,-1,-1) (3,4,2)
D (12,13,-1) (3,2,5)
D (8,-1,-1) (4,0,2)
D (8,-1,-1) (4,2,1)
D (7,-1,-1) (3,0,5)
D (6,-1,-1) (2,1,4)
D (10,11,12) (3,1,5)
D (8,-1,-1) (2,1,0)
D (13,-1,-1) (3,1,4)
D (8,-1,-1) (5,4,4)
D (10,11,12) (0,1,4)
D (9,-1,-1) (0,0,0)
D (8,9,10) (2,3,5)
D (9,10,11) (3,3,1)
D (11,12,13) (1,0,2)
D (7,8,9) (0,0,2)
D (13,-1,-1) (5,0,4)
D (12,13,-1) (0,4,4)
D (12,-1,-1) (1,3,5)
D (6,-1,-1) (1,2,3)
D (6,-1,-1) (3,2,4)
D (11,12,-1) (2,4,0)
D (13,-1,-1) (4,3,1)
D (9,10,-1) (2,2,2)
D (12,13,-1) (2,5,3)
D (6,-1,-1) (3,5,3)
D (11,12,13) (2,5,5)
D (6,7,8) (0,3,1)
D (11,12,13) (0,2,1)
D (7,8,-1) (3,2,2)
D (6,7,-1) (4,1,1)
D (9,10,11) (3,4,4)
D (6,-1,-1) (5,1,0)
D (12,13,-1) (2,3,1)
D (11,12,-1) (3,0,1)
D (12,13,-1) (5,0,3)
D (12,13,-1) (3,5,2)
C 0 24
C 1 23
C 2 19
C 3 14
C 4 6
C 5 19
C 6 17
C 7 8
C 8 5
C 9 1
C 10 7
C 11 22
C 12 21
C 13 26
C 14 20
C 15 5
C 16 26
C 17 14
C 18 12
C 19 9
C 20 7
C 21 10
C 22 19
C 23 20
C 24 20
C 25 12
C 26 23
C 27 14
C 28 21
C 29 9
C 30 0
C 31 20
C 32 7
C 33 4
C 34 18
C 35 2
C 36 11
C 37 0
C 38 1
C 39 24
C 40 23
C 41 12
C 42 10
C 43 25
C 44 8
C 45 17
C 46 15
C 47 17
C 48 15
C 49 14
C 50 14
C 51 23
C 52 23
C 53 12
C 54 15
C 55 0
C 56 9
C 57 25
C 58 10
C 59 15
C 60 5
C 61 12
C 62 12
C 63 4
C 64 10
C 65 22
C 66 17
C 67 10
C 68 11
C 69 16
C 70 10
C 71 25
C 72 1
C 73 9
C 74 21
C 75 5
C 76 19
C 77 5
C 78 20
C 79 8
C 80 17
C 81 9
C 82 23
C 83 0
C 84 24
C 85 19
C 86 9
C 87 7
C 88 21
C 89 21
C 90 18
C 91 4
C 92 26
C 93 6
C 94 23
C 95 8
C 96 20
C 97 0
C 98 22
C 99 24
C 100 10
C 101 0
C 102 15
C 103 1
C 104 8
C 105 15
C 106 1
C 107 21
C 108 16
C 109 25
C 110 24
C 111 25
C 112 2
C 113 25
C 114 9
C 115 25
C 116 9
C 117 25
C 118 3
C 119 14
C 120 12
C 121 12
C 122 20
C 123 16
C 124 24
C 125 20
C 126 4
C 127 26
C 128 21
C 129 12
C 130 9
C 131 21
C 132 0
C 133 12
C 134 25
C 135 8
C 136 21
C 137 2
C 138 5
C 139 22
C 140 5
C 141 9
C 142 7
C 143 16
C 144 24
C 145 1
C 146 7
C 147 10
C 148 21
C 149 10
C 150 16
C 151 8
C 152 21
C 153 3
C 154 19
C 155 16
C 156 24
C 157 11
C 158 24
C 159 24
C 160 14
C 161 16
C 162 17
C 163 8
C 164 1
C 165 10
C 166 5
C 167 26
C 168 8
C 169 23
C 170 15
C 171 1
C 172 25
C 173 10
C 174 1
C 175 18
C 176 4
C 177 4
C 178 5
C 179 22
C 180 12
C 181 21
C 182 4
C 183 11
C 184 20
C 185 4
C 186 15
C 187 24
C 188 21
C 189 5
C 190 18
C 191 19
C 192 20
C 193 14
C 194 10
C 195 12
C 196 8
C 197 14
C 198 1
C 199 14
C 200 16
C 201 5
C 202 4
C 203 18
C 204 14
C 205 21
C 206 5
C 207 0
C 208 22
C 209 16
C 210 17
C 211 11
C 212 1
C 213 22
C 214 20
C 215 16
C 216 1
C 217 7
C 218 21
C 219 18
C 220 2
C 221 17
C 222 18
C 223 1
C 224 4
C 225 26
C 226 11
C 227 16
C 228 11
C 229 15
C 230 8
C 231 6
C 232 16
C 233 10
C 234 8
C 235 21
C 236 4
C 237 18
C 238 26
C 239 24
C 240 11
C 241 0
C 242 0
C 243 0
C 244 0
C 245 0
C 246 0
C 247 0
C 248 0
C 249 2
C 250 4
C 251 12
C 252 20
C 253 7
C 254 4
C 255 12
C 256 24
C 257 0
C 258 0
C 259 0
C 260 0
C 261 0
C 262 0
C 263 0
C 264 0
C 265 0
C 266 0
C 267 0
C 268 0
C 269 0
C 270 0
C 271 0
C 272 0
C 273 0
C 274 0
C 275 0
C 276 0
C 277 0
C 278 0
C 279 0
C 280 0
C 281 0
C 282 0
C 283 0
C 284 5
C 285 6
C 286 3
C 287 2
C 288 23
C 289 11
C 290 19
C 291 25
C 292 22
C 293 0
C 294 16
C 295 22
C 296 1
C 297 24
C 298 14
C 299 17
C 300 20
C 301 25
C 302 21
C 303 8
C 304 17
C 305 4
C 306 15
C 307 0
C 308 17
C 309 21
C 310 21
C 311 0
C 312 5
C 313 6
C 314 6
C 315 15
C 316 9
C 317 16
C 318 2
C 319 6
C 320 26
C 321 26
C 322 18
C 323 4
C 324 16
C 325 11
C 326 9
C 327 25
C 328 23
C 329 9
C 330 7
C 331 5
C 332 5
C 333 10
C 334 8
C 335 22
C 336 11
C 337 7
C 338 24
C 339 25
C 340 11
C 341 8
C 342 16
C 343 1
C 344 16
C 345 22
C 346 21
C 347 8
C 348 26
C 349 9
C 350 19
C 351 14
C 352 7
C 353 17
C 354 17
C 355 15
C 356 2
C 357 12
C 358 4
C 359 26
C 360 4
C 361 1
C 362 12
C 363 1
C 364 23
C 365 9
C 366 14
C 367 11
C 368 22
C 369 12
C 370 3
C 371 18
C 372 23
C 373 8
C 374 17
C 375 1
C 376 16
C 377 17
I 0 2 3 (0,0,0) (1,0,1,0)|(0,1,-1,0)|(-1,1,-1,0)
I 5 3 20 (3,5,2) (-1,1,1,0)|(0,-1,1,0)|(0,1,-1,0)
I 3 1 2 (3,0,5) (-1,-1,-1,0)
