D (7,-1,-1) (3,1,3)
D (7,-1,-1) (5,1,4)
D (10,11,-1) (0,1,0)
D (7,-1,-1) (3,0,4)
D (13,-1,-1) (5,1,1)
D (10,11,-1) (4,2,2)
D (11,12,13) (3,2,5)
D (8,-1,-1) (2,5,2)
D (12,13,-1) (0,0,4)
D (7,-1,-1) (5,4,1)
D (7,8,9) (2,5,4)
D (7,8,-1) (0,3,0)
D (13,-1,-1) (3,3,0)
D (11,12,13) (5,5,1)
D (9,10,11) (5,4,5)
D (7,8,9) (3,0,5)
D (9,10,11) (0,2,0)
D (13,-1,-1) (0,3,4)
D (12,13,-1) (4,2,3)
D (12,-1,-1) (2,3,2)
D (10,11,12) (5,5,2)
D (9,-1,-1) (2,4,0)
D (6,13,-1) (5,0,2)
D (7,-1,-1) (1,5,1)
D (6,7,8) (2,1,2)
D (6,-1,-1) (3,2,0)
D (6,7,-1) (2,1,4)
D (6,7,8) (0,4,4)
D (8,9,-1) (3,1,2)
D (10,11,12) (0,2,2)
D (11,-1,-1) (5,5,4)
D (9,10,-1) (3,0,1)
D (10,11,12) (2,0,5)
D (10,11,-1) (5,4,2)
D (8,9,-1) (3,4,5)
D (6,-1,-1) (1,5,4)
D (8,-1,-1) (0,1,2)
D (13,-1,-1) (4,4,1)
D (6,-1,-1) (4,0,0)
D (13,-1,-1) (3,5,0)
D (11,12,13) (4,1,2)
D (6,7,8) (4,3,3)
D (10,-1,-1) (1,1,2)
D (6,-1,-1) (5,1,3)
D (6,7,8) (3,4,1)
D (11,12,13) (1,3,4)
D (11,-1,-1) (2,3,0)
D (6,7,8) (0,3,1)
D (7,8,9) (4,1,5)
D (9,10,11) (1,1,0)
D (13,-1,-1) (4,0,1)
D (11,12,13) (0,2,5)
D (10,11,12) (3,0,2)
D (6,7,-1) (0,3,3)
D (9,-1,-1) (4,4,3)
D (11,12,-1) (1,2,0)
D (11,12,13) (2,2,1)
D (6,-1,-1) (4,1,3)
D (8,9,10) (5,0,3)
C 0 10
C 1 5
C 2 12
C 3 7
C 4 24
C 5 16
C 6 1
C 7 22
C 8 2
C 9 23
C 10 20
C 11 16
C 12 20
C 13 2
C 14 20
C 15 0
C 16 0
C 17 0
C 18 0
C 19 0
C 20 0
C 21 0
C 22 0
C 23 0
C 24 0
C 25 0
C 26 0
C 27 0
C 28 0
C 29 0
C 30 0
C 31 0
C 32 0
C 33 0
C 34 0
C 35 0
C 36 0
C 37 0
C 38 0
C 39 0
C 40 0
C 41 0
C 42 0
C 43 0
C 44 0
C 45 0
C 46 0
C 47 0
C 48 0
C 49 0
C 50 0
C 51 0
C 52 0
C 53 0
C 54 0
C 55 0
C 56 0
C 57 0
C 58 0
C 59 0
C 60 0
C 61 0
C 62 0
C 63 0
C 64 0
C 65 0
C 66 0
C 67 0
C 68 0
C 69 0
C 70 0
C 71 0
C 72 0
C 73 0
C 74 0
C 75 0
C 76 0
C 77 0
C 78 0
C 79 0
C 80 0
C 81 0
C 82 0
C 83 0
C 84 0
C 85 0
C 86 0
C 87 0
C 88 0
C 89 0
C 90 0
C 91 0
C 92 0
C 93 0
C 94 0
C 95 0
C 96 0
C 97 0
C 98 0
C 99 0
C 100 0
C 101 0
C 102 0
C 103 0
C 104 0
C 105 0
C 106 0
C 107 0
C 108 0
C 109 0
C 110 0
C 111 0
C 112 0
C 113 0
C 114 0
C 115 0
C 116 0
C 117 0
C 118 0
C 119 0
C 120 0
C 121 0
C 122 0
C 123 0
C 124 0
C 125 0
C 126 0
C 127 0
C 128 0
C 129 0
C 130 0
C 131 0
C 132 0
C 133 0
C 134 0
C 135 0
C 136 0
C 137 0
C 138 0
C 139 0
C 140 0
C 141 0
C 142 0
C 143 0
C 144 0
C 145 0
C 146 0
C 147 0
C 148 0
C 149 0
C 150 0
C 151 0
C 152 0
C 153 0
C 154 0
C 155 0
C 156 0
C 157 0
C 158 0
C 159 0
C 160 0
C 161 0
C 162 0
C 163 0
C 164 0
C 165 0
C 166 0
C 167 0
C 168 0
C 169 0
C 170 0
C 171 0
C 172 0
C 173 0
C 174 0
C 175 0
C 176 0
C 177 0
C 178 0
C 179 0
C 180 0
C 181 0
C 182 0
C 183 0
C 184 0
C 185 0
C 186 0
C 187 0
C 188 0
C 189 0
C 190 0
C 191 0
C 192 0
C 193 0
C 194 0
C 195 0
C 196 0
C 197 0
C 198 0
C 199 0
C 200 0
C 201 0
C 202 0
C 203 0
C 204 0
C 205 0
C 206 0
C 207 0
C 208 0
C 209 0
C 210 0
C 211 0
C 212 0
C 213 0
C 214 0
C 215 0
C 216 0
C 217 0
C 218 0
C 219 0
C 220 0
C 221 0
C 222 0
C 223 0
C 224 0
C 225 0
C 226 0
C 227 0
C 228 0
C 229 0
C 230 0
C 231 0
C 232 0
C 233 0
C 234 0
C 235 0
C 236 0
C 237 0
C 238 0
C 239 0
C 240 0
C 241 0
C 242 0
C 243 0
C 244 0
C 245 0
C 246 0
C 247 0
C 248 0
C 249 0
C 250 0
C 251 0
C 252 0
C 253 0
C 254 0
C 255 0
C 256 0
C 257 0
C 258 0
C 259 11
C 260 23
C 261 19
C 262 3
C 263 16
C 264 22
C 265 18
C 266 25
C 267 21
C 268 22
C 269 26
C 270 18
C 271 15
C 272 11
C 273 4
C 274 20
C 275 6
C 276 21
C 277 11
C 278 11
C 279 16
C 280 18
C 281 10
C 282 17
C 283 6
C 284 10
C 285 1
C 286 12
C 287 10
C 288 20
C 289 9
C 290 23
C 291 12
C 292 17
C 293 16
C 294 0
C 295 23
C 296 12
C 297 26
C 298 23
C 299 21
C 300 16
C 301 18
C 302 18
C 303 4
C 304 24
C 305 18
C 306 10
C 307 10
C 308 3
C 309 22
C 310 8
C 311 16
C 312 23
C 313 0
C 314 25
C 315 6
C 316 1
C 317 6
C 318 24
C 319 23
C 320 5
C 321 26
C 322 9
C 323 21
C 324 9
C 325 20
C 326 9
C 327 22
C 328 0
C 329 23
C 330 8
C 331 21
C 332 10
C 333 6
C 334 6
C 335 24
C 336 14
C 337 6
C 338 21
C 339 0
C 340 16
C 341 26
C 342 2
C 343 12
C 344 12
C 345 0
C 346 21
C 347 20
C 348 18
C 349 23
C 350 23
C 351 11
C 352 6
C 353 19
C 354 1
C 355 26
C 356 25
C 357 15
C 358 3
C 359 15
C 360 12
C 361 11
C 362 20
C 363 17
C 364 6
C 365 22
C 366 9
C 367 18
C 368 22
C 369 24
C 370 19
C 371 3
C 372 14
C 373 24
C 374 14
C 375 6
C 376 17
C 377 7
I 2 1 3 (2,2,0) (-1,-1,0,0)
I 0 3 10 (4,3,2) (-1,-1,0,0)|(1,0,-1,0)
I 0 1 16 (4,0,3) (1,-1,1,0)
