D (12,-1,-1) (4,5,5)
D (9,10,-1) (1,0,0)
D (13,-1,-1) (3,2,0)
D (9,10,-1) (3,0,0)
D (7,8,9) (3,0,3)
D (11,-1,-1) (2,3,5)
D (6,7,-1) (3,3,1)
D (9,10,-1) (0,5,0)
D (11,12,-1) (3,3,3)
D (8,9,-1) (5,2,4)
D (10,11,12) (3,5,5)
D (9,-1,-1) (2,5,3)
D (7,8,-1) (4,0,2)
D (8,9,-1) (5,0,5)
D (11,12,-1) (0,5,5)
D (9,10,-1) (2,5,2)
D (10,-1,-1) (0,0,0)
D (9,10,11) (4,2,4)
D (8,-1,-1) (1,5,3)
D (12,13,-1) (3,4,2)
D (7,-1,-1) (5,2,1)
D (6,-1,-1) (2,0,1)
D (10,11,12) (5,4,1)
D (7,-1,-1) (0,0,2)
D (10,-1,-1) (4,1,2)
D (13,-1,-1) (2,5,5)
D (13,-1,-1) (3,4,5)
D (9,10,11) (3,2,3)
D (11,12,13) (0,3,2)
D (8,9,-1) (3,5,4)
D (6,7,-1) (2,1,4)
D (6,7,-1) (5,5,2)
D (9,10,11) (1,5,2)
D (10,11,-1) (0,2,0)
D (12,-1,-1) (4,5,1)
D (6,-1,-1) (0,3,3)
D (8,9,10) (2,0,2)
D (8,9,-1) (3,0,5)
D (13,-1,-1) (3,2,1)
D (12,-1,-1) (2,5,0)
D (12,13,-1) (5,4,3)
D (10,11,-1) (4,1,0)
D (13,-1,-1) (0,0,4)
D (11,12,-1) (2,2,5)
D (6,7,8) (5,1,5)
C 0 6
C 1 19
C 2 10
C 3 2
C 4 24
C 5 23
C 6 18
C 7 16
C 8 9
C 9 7
C 10 11
C 11 14
C 12 4
C 13 10
C 14 0
C 15 0
C 16 0
C 17 0
C 18 0
C 19 0
C 20 0
C 21 0
C 22 0
C 23 0
C 24 0
C 25 0
C 26 0
C 27 0
C 28 0
C 29 0
C 30 0
C 31 0
C 32 0
C 33 0
C 34 0
C 35 0
C 36 0
C 37 0
C 38 0
C 39 0
C 40 0
C 41 0
C 42 0
C 43 0
C 44 0
C 45 0
C 46 0
C 47 0
C 48 0
C 49 0
C 50 0
C 51 0
C 52 0
C 53 0
C 54 0
C 55 11
C 56 2
C 57 16
C 58 3
C 59 0
C 60 9
C 61 11
C 62 22
C 63 20
C 64 1
C 65 3
C 66 16
C 67 14
C 68 25
C 69 11
C 70 10
C 71 23
C 72 9
C 73 16
C 74 4
C 75 26
C 76 22
C 77 22
C 78 21
C 79 8
C 80 23
C 81 24
C 82 6
C 83 17
C 84 0
C 85 1
C 86 22
C 87 19
C 88 25
C 89 19
C 90 17
C 91 12
C 92 12
C 93 25
C 94 6
C 95 7
C 96 3
C 97 18
C 98 14
C 99 6
C 100 6
C 101 14
C 102 18
C 103 11
C 104 22
C 105 24
C 106 4
C 107 0
C 108 15
C 109 23
C 110 3
C 111 25
C 112 6
C 113 8
C 114 26
C 115 7
C 116 22
C 117 23
C 118 12
C 119 14
C 120 10
C 121 9
C 122 5
C 123 10
C 124 16
C 125 8
C 126 12
C 127 26
C 128 26
C 129 20
C 130 24
C 131 4
C 132 24
C 133 7
C 134 25
C 135 3
C 136 10
C 137 8
C 138 24
C 139 26
C 140 8
C 141 15
C 142 14
C 143 12
C 144 4
C 145 17
C 146 7
C 147 11
C 148 25
C 149 12
C 150 21
C 151 1
C 152 7
C 153 10
C 154 1
C 155 21
C 156 7
C 157 5
C 158 4
C 159 17
C 160 7
C 161 7
C 162 1
C 163 11
C 164 26
C 165 4
C 166 1
C 167 3
C 168 17
C 169 7
C 170 23
C 171 20
C 172 18
C 173 3
C 174 2
C 175 16
C 176 10
C 177 17
C 178 24
C 179 12
C 180 1
C 181 6
C 182 24
C 183 25
C 184 11
C 185 5
C 186 22
C 187 17
C 188 12
C 189 5
C 190 22
C 191 26
C 192 16
C 193 6
C 194 4
C 195 6
C 196 25
C 197 0
C 198 5
C 199 1
C 200 20
C 201 1
C 202 2
C 203 4
C 204 24
C 205 6
C 206 7
C 207 7
C 208 22
C 209 0
C 210 8
C 211 19
C 212 22
C 213 20
C 214 3
C 215 6
C 216 1
C 217 0
C 218 25
C 219 10
C 220 2
C 221 4
C 222 20
C 223 17
C 224 8
C 225 18
C 226 7
C 227 22
C 228 21
C 229 4
C 230 14
C 231 18
C 232 14
C 233 24
C 234 4
C 235 22
C 236 26
C 237 21
C 238 12
C 239 1
C 240 10
C 241 6
C 242 10
C 243 20
C 244 0
C 245 18
C 246 6
C 247 21
C 248 7
C 249 5
C 250 21
C 251 21
C 252 22
C 253 5
C 254 19
C 255 5
C 256 2
C 257 5
C 258 12
C 259 4
C 260 3
C 261 15
C 262 18
C 263 5
C 264 7
C 265 25
C 266 4
C 267 10
C 268 2
C 269 25
C 270 18
C 271 26
C 272 2
C 273 1
C 274 9
C 275 18
C 276 25
C 277 23
C 278 26
C 279 21
C 280 23
C 281 24
C 282 23
C 283 19
C 284 16
C 285 23
C 286 15
C 287 6
C 288 25
C 289 4
C 290 23
C 291 7
C 292 22
C 293 9
C 294 9
C 295 2
C 296 19
C 297 20
C 298 4
C 299 15
C 300 12
C 301 19
C 302 4
C 303 15
C 304 15
C 305 8
C 306 18
C 307 2
C 308 5
C 309 5
C 310 8
C 311 10
C 312 24
C 313 15
C 314 14
C 315 8
C 316 10
C 317 0
C 318 17
C 319 26
C 320 20
C 321 2
C 322 9
C 323 8
C 324 19
C 325 5
C 326 26
C 327 21
C 328 15
C 329 10
C 330 19
C 331 21
C 332 15
C 333 17
C 334 23
C 335 2
C 336 2
C 337 19
C 338 19
C 339 12
C 340 9
C 341 24
C 342 22
C 343 1
C 344 20
C 345 8
C 346 7
C 347 4
C 348 24
C 349 6
C 350 15
C 351 0
C 352 10
C 353 7
C 354 18
C 355 22
C 356 15
C 357 20
C 358 22
C 359 7
C 360 15
C 361 0
C 362 5
C 363 23
C 364 8
C 365 14
C 366 11
C 367 14
C 368 11
C 369 14
C 370 12
C 371 2
C 372 17
C 373 23
C 374 17
C 375 1
C 376 18
C 377 10
I 0 1 9 (1,5,3) (0,0,-1,0)|(1,-1,-1,0)
I 3 1 3 (4,0,1) (1,0,1,0)|(1,0,-1,0)
I 0 3 18 (3,1,5) (1,0,0,0)|(0,1,-1,0)
