D (7,-1,-1) (4,4,1)
D (8,-1,-1) (3,5,1)
D (12,13,9) (1,0,3)
D (9,10,-1) (1,4,2)
D (13,-1,-1) (2,0,4)
D (9,10,-1) (4,0,2)
D (12,13,-1) (4,4,2)
D (9,10,11) (5,3,2)
D (11,12,-1) (1,5,1)
D (9,10,11) (0,3,3)
D (10,11,12) (4,3,4)
D (12,13,-1) (2,3,5)
D (12,13,-1) (4,3,2)
D (9,10,-1) (5,1,1)
D (10,-1,-1) (1,3,1)
D (13,-1,-1) (3,1,4)
D (7,8,9) (1,3,3)
D (12,13,-1) (0,2,3)
D (11,12,13) (2,2,2)
D (6,7,-1) (1,4,0)
D (8,9,-1) (0,0,5)
D (13,-1,-1) (2,3,2)
D (9,10,11) (0,3,4)
D (10,-1,-1) (0,2,2)
D (12,13,-1) (4,1,2)
D (12,13,-1) (2,2,1)
D (7,8,9) (5,5,4)
D (6,7,8) (2,1,4)
D (7,8,-1) (3,0,4)
D (7,8,-1) (2,1,2)
D (10,-1,-1) (2,5,2)
D (9,-1,-1) (3,3,0)
D (8,-1,-1) (5,2,4)
D (9,-1,-1) (2,1,0)
D (6,7,8) (2,1,5)
D (9,-1,-1) (5,4,3)
D (12,13,-1) (4,2,1)
D (13,-1,-1) (4,5,3)
D (11,12,-1) (4,4,4)
D (11,-1,-1) (5,1,3)
D (10,11,12) (0,5,0)
D (12,-1,-1) (3,5,4)
D (10,11,12) (1,2,0)
D (12,-1,-1) (1,3,5)
D (8,9,10) (0,5,1)
D (7,-1,-1) (3,1,1)
D (10,-1,-1) (0,5,3)
D (10,-1,-1) (1,5,5)
D (13,-1,-1) (1,1,3)
D (10,11,12) (1,1,4)
C 0 0
C 1 0
C 2 0
C 3 0
C 4 0
C 5 0
C 6 0
C 7 0
C 8 0
C 9 0
C 10 0
C 11 0
C 12 0
C 13 0
C 14 0
C 15 0
C 16 0
C 17 0
C 18 0
C 19 0
C 20 0
C 21 0
C 22 0
C 23 0
C 24 0
C 25 0
C 26 0
C 27 0
C 28 0
C 29 0
C 30 0
C 31 0
C 32 0
C 33 0
C 34 0
C 35 0
C 36 0
C 37 0
C 38 0
C 39 0
C 40 0
C 41 0
C 42 0
C 43 0
C 44 0
C 45 0
C 46 0
C 47 0
C 48 0
C 49 0
C 50 0
C 51 0
C 52 0
C 53 0
C 54 0
C 55 0
C 56 0
C 57 0
C 58 0
C 59 0
C 60 0
C 61 0
C 62 0
C 63 0
C 64 0
C 65 0
C 66 0
C 67 0
C 68 0
C 69 0
C 70 0
C 71 0
C 72 0
C 73 0
C 74 0
C 75 0
C 76 0
C 77 0
C 78 0
C 79 0
C 80 0
C 81 0
C 82 0
C 83 0
C 84 0
C 85 0
C 86 0
C 87 0
C 88 0
C 89 0
C 90 0
C 91 0
C 92 0
C 93 0
C 94 0
C 95 0
C 96 0
C 97 0
C 98 0
C 99 0
C 100 0
C 101 0
C 102 0
C 103 0
C 104 0
C 105 0
C 106 0
C 107 0
C 108 0
C 109 0
C 110 0
C 111 0
C 112 0
C 113 0
C 114 0
C 115 0
C 116 0
C 117 0
C 118 0
C 119 0
C 120 0
C 121 0
C 122 0
C 123 0
C 124 0
C 125 0
C 126 0
C 127 0
C 128 0
C 129 0
C 130 0
C 131 0
C 132 0
C 133 0
C 134 0
C 135 0
C 136 0
C 137 0
C 138 0
C 139 0
C 140 0
C 141 0
C 142 0
C 143 0
C 144 0
C 145 0
C 146 0
C 147 0
C 148 0
C 149 0
C 150 0
C 151 0
C 152 0
C 153 0
C 154 0
C 155 0
C 156 0
C 157 0
C 158 0
C 159 0
C 160 0
C 161 0
C 162 0
C 163 0
C 164 0
C 165 0
C 166 0
C 167 0
C 168 2
C 169 23
C 170 23
C 171 19
C 172 26
C 173 21
C 174 14
C 175 15
C 176 12
C 177 18
C 178 18
C 179 10
C 180 5
C 181 9
C 182 15
C 183 15
C 184 3
C 185 12
C 186 2
C 187 10
C 188 4
C 189 4
C 190 26
C 191 21
C 192 17
C 193 9
C 194 7
C 195 11
C 196 18
C 197 11
C 198 1
C 199 5
C 200 3
C 201 18
C 202 0
C 203 22
C 204 4
C 205 24
C 206 2
C 207 26
C 208 19
C 209 26
C 210 25
C 211 20
C 212 26
C 213 4
C 214 5
C 215 1
C 216 20
C 217 21
C 218 18
C 219 0
C 220 11
C 221 12
C 222 17
C 223 21
C 224 17
C 225 1
C 226 22
C 227 12
C 228 15
C 229 23
C 230 2
C 231 15
C 232 3
C 233 19
C 234 12
C 235 0
C 236 15
C 237 0
C 238 1
C 239 7
C 240 9
C 241 4
C 242 25
C 243 18
C 244 16
C 245 19
C 246 11
C 247 18
C 248 17
C 249 9
C 250 2
C 251 14
C 252 9
C 253 12
C 254 14
C 255 8
C 256 15
C 257 20
C 258 15
C 259 14
C 260 14
C 261 15
C 262 8
C 263 8
C 264 23
C 265 21
C 266 23
C 267 22
C 268 7
C 269 10
C 270 1
C 271 7
C 272 22
C 273 10
C 274 7
C 275 17
C 276 19
C 277 15
C 278 23
C 279 10
C 280 2
C 281 8
C 282 11
C 283 22
C 284 9
C 285 19
C 286 25
C 287 4
C 288 11
C 289 17
C 290 16
C 291 21
C 292 1
C 293 19
C 294 9
C 295 7
C 296 6
C 297 26
C 298 18
C 299 23
C 300 18
C 301 7
C 302 12
C 303 20
C 304 26
C 305 26
C 306 23
C 307 6
C 308 2
C 309 19
C 310 12
C 311 7
C 312 15
C 313 15
C 314 14
C 315 21
C 316 0
C 317 0
C 318 0
C 319 0
C 320 0
C 321 0
C 322 0
C 323 0
C 324 0
C 325 0
C 326 0
C 327 0
C 328 0
C 329 0
C 330 0
C 331 0
C 332 0
C 333 0
C 334 0
C 335 0
C 336 0
C 337 0
C 338 0
C 339 0
C 340 0
C 341 0
C 342 0
C 343 0
C 344 0
C 345 0
C 346 0
C 347 0
C 348 0
C 349 0
C 350 0
C 351 0
C 352 0
C 353 0
C 354 0
C 355 0
C 356 12
C 357 26
C 358 1
C 359 5
C 360 9
C 361 21
C 362 7
C 363 12
C 364 3
C 365 24
C 366 24
C 367 14
C 368 9
C 369 10
C 370 7
C 371 3
C 372 16
C 373 26
C 374 15
C 375 5
C 376 24
C 377 15
I 0 2 7 (1,2,5) (0,0,-1,0)|(-1,1,1,0)|(1,-1,0,0)
I 3 1 7 (5,4,1) (1,0,0,0)
I 0 1 8 (2,1,3) (-1,-1,1,0)|(1,0,0,0)|(-1,0,1,0)|(0,1,1,0)|(0,-1,-1,0)
