D (11,12,13) (3,5,0)
D (12,13,-1) (1,2,3)
D (10,11,12) (0,2,4)
D (11,12,-1) (5,2,1)
D (11,-1,-1) (1,2,4)
D (12,13,-1) (4,1,5)
D (10,-1,-1) (1,1,1)
D (8,9,10) (2,2,5)
D (9,-1,-1) (1,3,0)
D (10,-1,-1) (3,3,4)
D (11,12,13) (3,3,2)
D (11,12,13) (1,0,2)
D (13,-1,-1) (0,5,0)
D (9,10,11) (2,3,3)
D (8,9,-1) (4,5,4)
D (13,-1,-1) (2,0,1)
D (12,13,-1) (5,5,5)
D (12,13,-1) (4,0,2)
D (6,7,8) (2,0,3)
D (11,12,-1) (0,0,1)
D (9,10,11) (3,1,2)
D (11,-1,-1) (1,2,0)
D (9,-1,-1) (4,4,4)
D (6,7,8) (0,0,3)
D (6,7,8) (3,0,2)
D (10,11,-1) (0,5,5)
D (9,10,-1) (3,1,4)
C 0 22
C 1 8
C 2 1
C 3 5
C 4 19
C 5 22
C 6 12
C 7 4
C 8 21
C 9 8
C 10 5
C 11 3
C 12 8
C 13 15
C 14 21
C 15 24
C 16 10
C 17 22
C 18 20
C 19 3
C 20 16
C 21 12
C 22 24
C 23 5
C 24 2
C 25 20
C 26 15
C 27 5
C 28 20
C 29 26
C 30 0
C 31 9
C 32 5
C 33 25
C 34 22
C 35 23
C 36 23
C 37 25
C 38 1
C 39 1
C 40 25
C 41 23
C 42 9
C 43 2
C 44 5
C 45 11
C 46 19
C 47 8
C 48 16
C 49 17
C 50 7
C 51 19
C 52 22
C 53 21
C 54 21
C 55 20
C 56 16
C 57 23
C 58 12
C 59 25
C 60 15
C 61 26
C 62 22
C 63 10
C 64 23
C 65 11
C 66 0
C 67 25
C 68 26
C 69 9
C 70 12
C 71 25
C 72 23
C 73 23
C 74 17
C 75 3
C 76 7
C 77 8
C 78 21
C 79 4
C 80 14
C 81 23
C 82 26
C 83 2
C 84 0
C 85 2
C 86 16
C 87 10
C 88 11
C 89 14
C 90 18
C 91 20
C 92 3
C 93 10
C 94 20
C 95 24
C 96 25
C 97 3
C 98 10
C 99 14
C 100 26
C 101 6
C 102 16
C 103 18
C 104 2
C 105 26
C 106 3
C 107 25
C 108 5
C 109 15
C 110 16
C 111 9
C 112 17
C 113 14
C 114 3
C 115 22
C 116 3
C 117 25
C 118 20
C 119 26
C 120 23
C 121 8
C 122 2
C 123 0
C 124 18
C 125 15
C 126 4
C 127 18
C 128 25
C 129 14
C 130 1
C 131 7
C 132 0
C 133 0
C 134 0
C 135 0
C 136 0
C 137 0
C 138 0
C 139 0
C 140 0
C 141 0
C 142 0
C 143 0
C 144 0
C 145 0
C 146 0
C 147 0
C 148 0
C 149 0
C 150 0
C 151 0
C 152 0
C 153 0
C 154 0
C 155 0
C 156 0
C 157 0
C 158 0
C 159 0
C 160 0
C 161 0
C 162 0
C 163 0
C 164 0
C 165 0
C 166 0
C 167 0
C 168 0
C 169 0
C 170 0
C 171 0
C 172 0
C 173 0
C 174 0
C 175 0
C 176 0
C 177 0
C 178 0
C 179 0
C 180 0
C 181 0
C 182 0
C 183 0
C 184 0
C 185 0
C 186 0
C 187 0
C 188 0
C 189 0
C 190 0
C 191 0
C 192 0
C 193 0
C 194 0
C 195 0
C 196 0
C 197 0
C 198 0
C 199 0
C 200 0
C 201 0
C 202 0
C 203 0
C 204 0
C 205 0
C 206 0
C 207 0
C 208 0
C 209 0
C 210 0
C 211 0
C 212 0
C 213 0
C 214 0
C 215 0
C 216 0
C 217 0
C 218 0
C 219 0
C 220 0
C 221 0
C 222 0
C 223 0
C 224 0
C 225 0
C 226 0
C 227 0
C 228 0
C 229 0
C 230 0
C 231 0
C 232 0
C 233 0
C 234 0
C 235 0
C 236 0
C 237 0
C 238 0
C 239 0
C 240 12
C 241 1
C 242 3
C 243 5
C 244 9
C 245 10
C 246 9
C 247 12
C 248 20
C 249 20
C 250 7
C 251 3
C 252 0
C 253 26
C 254 5
C 255 3
C 256 16
C 257 7
C 258 9
C 259 6
C 260 4
C 261 7
C 262 5
C 263 21
C 264 8
C 265 7
C 266 23
C 267 2
C 268 1
C 269 15
C 270 25
C 271 9
C 272 24
C 273 19
C 274 24
C 275 24
C 276 1
C 277 6
C 278 1
C 279 6
C 280 14
C 281 23
C 282 26
C 283 12
C 284 15
C 285 22
C 286 3
C 287 25
C 288 15
C 289 17
C 290 0
C 291 4
C 292 9
C 293 1
C 294 20
C 295 14
C 296 17
C 297 2
C 298 18
C 299 18
C 300 18
C 301 4
C 302 20
C 303 15
C 304 3
C 305 26
C 306 1
C 307 15
C 308 18
C 309 14
C 310 6
C 311 26
C 312 24
C 313 14
C 314 18
C 315 17
C 316 2
C 317 14
C 318 21
C 319 3
C 320 19
C 321 2
C 322 19
C 323 24
C 324 6
C 325 0
C 326 20
C 327 0
C 328 25
C 329 26
C 330 20
C 331 15
C 332 7
C 333 18
C 334 24
C 335 15
C 336 7
C 337 11
C 338 1
C 339 26
C 340 20
C 341 6
C 342 3
C 343 2
C 344 5
C 345 17
C 346 12
C 347 24
C 348 19
C 349 22
C 350 1
C 351 25
C 352 18
C 353 10
C 354 2
C 355 6
C 356 25
C 357 12
C 358 8
C 359 10
C 360 4
C 361 16
C 362 10
C 363 24
C 364 20
C 365 11
C 366 1
C 367 12
C 368 18
C 369 18
C 370 7
C 371 5
C 372 0
C 373 26
C 374 23
C 375 26
C 376 23
C 377 19
I 1 1 3 (0,1,0) (0,1,0,0)|(1,1,0,0)|(0,0,1,0)
I 0 3 4 (3,0,0) (0,0,1,0)|(-1,-1,0,0)
I 0 1 9 (1,4,0) (0,-1,1,0)|(-1,0,1,0)|(1,1,0,0)|(1,1,-1,0)
