D (12,13,-1) (4,2,3)
D (13,-1,-1) (3,0,2)
D (10,11,12) (3,1,4)
D (7,-1,-1) (2,5,1)
D (9,10,11) (4,5,3)
D (6,-1,-1) (1,1,1)
D (13,-1,-1) (5,4,2)
D (9,-1,-1) (3,4,4)
D (11,12,13) (1,3,0)
D (10,-1,-1) (2,0,0)
D (9,10,11) (4,5,1)
D (6,7,-1) (0,5,0)
D (7,-1,-1) (1,2,4)
D (13,-1,-1) (2,3,5)
D (13,-1,-1) (4,1,0)
D (6,7,8) (3,5,5)
D (12,-1,-1) (1,1,0)
D (11,-1,-1) (5,5,5)
D (11,12,13) (2,1,1)
D (11,-1,-1) (2,3,0)
D (10,11,-1) (2,0,1)
D (13,-1,-1) (0,4,2)
D (6,7,-1) (3,3,0)
D (12,-1,-1) (2,1,3)
D (11,12,-1) (4,2,4)
D (7,8,-1) (5,1,3)
D (8,-1,-1) (3,5,0)
D (13,-1,-1) (2,4,1)
D (7,8,-1) (1,2,2)
D (8,9,-1) (4,1,2)
D (10,11,-1) (1,5,0)
D (10,11,-1) (3,5,1)
D (10,11,12) (0,1,4)
D (11,12,13) (5,1,0)
D (8,9,-1) (3,5,3)
D (12,13,-1) (4,4,3)
D (7,8,-1) (0,2,0)
D (12,13,-1) (1,2,1)
D (11,-1,-1) (4,5,2)
D (6,-1,-1) (0,0,5)
D (6,-1,-1) (0,4,0)
D (10,11,12) (4,0,3)
D (11,12,-1) (5,1,2)
D (11,-1,-1) (1,0,1)
D (13,-1,-1) (2,4,3)
D (6,-1,-1) (1,4,2)
D (13,-1,-1) (5,2,4)
D (12,13,-1) (5,5,3)
D (13,-1,-1) (5,5,4)
D (12,13,-1) (3,1,0)
D (8,9,10) (2,5,4)
D (13,-1,-1) (0,3,5)
D (8,9,-1) (1,4,5)
D (10,11,-1) (2,4,0)
D (7,8,9) (4,4,0)
D (6,7,8) (4,3,3)
D (9,10,11) (2,0,2)
D (10,11,-1) (3,4,1)
D (10,11,12) (1,1,4)
C 0 20
C 1 19
C 2 22
C 3 0
C 4 5
C 5 19
C 6 17
C 7 4
C 8 12
C 9 6
C 10 6
C 11 19
C 12 2
C 13 19
C 14 15
C 15 5
C 16 14
C 17 15
C 18 23
C 19 3
C 20 19
C 21 16
C 22 5
C 23 11
C 24 14
C 25 19
C 26 9
C 27 24
C 28 3
C 29 23
C 30 0
C 31 25
C 32 20
C 33 14
C 34 26
C 35 10
C 36 23
C 37 10
C 38 5
C 39 9
C 40 7
C 41 9
C 42 21
C 43 22
C 44 3
C 45 26
C 46 23
C 47 10
C 48 8
C 49 22
C 50 11
C 51 5
C 52 14
C 53 20
C 54 12
C 55 25
C 56 16
C 57 8
C 58 8
C 59 9
C 60 19
C 61 23
C 62 7
C 63 2
C 64 18
C 65 6
C 66 10
C 67 18
C 68 10
C 69 11
C 70 26
C 71 0
C 72 24
C 73 11
C 74 19
C 75 4
C 76 10
C 77 5
C 78 20
C 79 9
C 80 7
C 81 1
C 82 7
C 83 24
C 84 17
C 85 4
C 86 10
C 87 19
C 88 1
C 89 4
C 90 17
C 91 15
C 92 21
C 93 20
C 94 7
C 95 8
C 96 24
C 97 20
C 98 3
C 99 3
C 100 16
C 101 8
C 102 17
C 103 23
C 104 3
C 105 10
C 106 6
C 107 2
C 108 26
C 109 4
C 110 22
C 111 14
C 112 22
C 113 16
C 114 11
C 115 2
C 116 7
C 117 18
C 118 0
C 119 0
C 120 19
C 121 9
C 122 25
C 123 9
C 124 7
C 125 0
C 126 18
C 127 14
C 128 11
C 129 10
C 130 8
C 131 21
C 132 11
C 133 17
C 134 9
C 135 0
C 136 18
C 137 8
C 138 24
C 139 19
C 140 2
C 141 10
C 142 15
C 143 21
C 144 20
C 145 18
C 146 10
C 147 5
C 148 11
C 149 11
C 150 10
C 151 5
C 152 3
C 153 22
C 154 20
C 155 6
C 156 22
C 157 12
C 158 26
C 159 26
C 160 21
C 161 0
C 162 15
C 163 5
C 164 14
C 165 0
C 166 12
C 167 19
C 168 2
C 169 24
C 170 8
C 171 20
C 172 14
C 173 15
C 174 3
C 175 24
C 176 2
C 177 16
C 178 17
C 179 2
C 180 17
C 181 8
C 182 19
C 183 5
C 184 23
C 185 0
C 186 5
C 187 9
C 188 4
C 189 1
C 190 0
C 191 18
C 192 5
C 193 22
C 194 24
C 195 6
C 196 9
C 197 14
C 198 18
C 199 25
C 200 14
C 201 24
C 202 14
C 203 9
C 204 18
C 205 21
C 206 22
C 207 16
C 208 14
C 209 0
C 210 19
C 211 12
C 212 25
C 213 0
C 214 10
C 215 9
C 216 5
C 217 5
C 218 18
C 219 10
C 220 20
C 221 17
C 222 22
C 223 12
C 224 5
C 225 15
C 226 26
C 227 3
C 228 16
C 229 22
C 230 6
C 231 14
C 232 6
C 233 7
C 234 5
C 235 14
C 236 15
C 237 19
C 238 9
C 239 3
C 240 3
C 241 19
C 242 17
C 243 11
C 244 17
C 245 20
C 246 4
C 247 6
C 248 17
C 249 21
C 250 11
C 251 0
C 252 25
C 253 23
C 254 24
C 255 12
C 256 20
C 257 8
C 258 5
C 259 5
C 260 8
C 261 11
C 262 11
C 263 9
C 264 19
C 265 6
C 266 7
C 267 19
C 268 15
C 269 4
C 270 2
C 271 22
C 272 24
C 273 12
C 274 18
C 275 1
C 276 19
C 277 12
C 278 11
C 279 2
C 280 9
C 281 17
C 282 19
C 283 24
C 284 26
C 285 2
C 286 18
C 287 14
C 288 25
C 289 23
C 290 26
C 291 14
C 292 21
C 293 15
C 294 6
C 295 11
C 296 11
C 297 22
C 298 4
C 299 7
C 300 2
C 301 9
C 302 5
C 303 21
C 304 16
C 305 20
C 306 17
C 307 18
C 308 3
C 309 11
C 310 7
C 311 4
C 312 8
C 313 20
C 314 24
C 315 14
C 316 26
C 317 24
C 318 24
C 319 2
C 320 11
C 321 15
C 322 2
C 323 24
C 324 14
C 325 19
C 326 20
C 327 21
C 328 24
C 329 23
C 330 9
C 331 6
C 332 5
C 333 11
C 334 0
C 335 0
C 336 0
C 337 0
C 338 0
C 339 0
C 340 0
C 341 0
C 342 0
C 343 0
C 344 0
C 345 0
C 346 4
C 347 12
C 348 26
C 349 4
C 350 18
C 351 6
C 352 10
C 353 18
C 354 26
C 355 0
C 356 23
C 357 24
C 358 1
C 359 0
C 360 5
C 361 21
C 362 2
C 363 19
C 364 12
C 365 9
C 366 17
C 367 22
C 368 24
C 369 25
C 370 24
C 371 16
C 372 23
C 373 10
C 374 20
C 375 7
C 376 0
C 377 10
I 2 3 6 (1,3,2) (0,0,1,0)|(0,0,-1,0)|(-1,0,-1,0)|(0,-1,-1,0)
I 1 3 17 (4,3,5) (-1,1,0,0)|(0,1,-1,0)|(1,1,0,0)
I 5 1 2 (1,5,3) (1,1,0,0)
