D (10,-1,-1) (3,4,1)
D (11,-1,-1) (4,0,0)
D (11,12,13) (0,0,0)
D (7,-1,-1) (0,1,3)
D (9,-1,-1) (0,2,1)
D (6,-1,-1) (1,1,1)
D (7,8,-1) (1,1,0)
D (11,12,-1) (1,5,2)
D (11,12,-1) (2,5,2)
D (7,8,-1) (1,1,3)
D (8,9,-1) (3,2,2)
D (11,-1,-1) (2,5,3)
D (13,-1,-1) (5,4,0)
D (8,-1,-1) (3,5,4)
D (9,-1,-1) (2,3,3)
D (8,9,-1) (5,0,1)
D (8,-1,-1) (1,2,0)
D (11,-1,-1) (5,1,0)
D (8,9,10) (4,5,2)
D (7,8,-1) (3,0,0)
D (9,10,-1) (1,3,5)
D (7,9,9) (5,2,4)
D (6,7,-1) (1,4,2)
D (9,-1,-1) (2,0,1)
D (6,7,8) (0,5,0)
D (6,7,-1) (3,3,2)
D (13,-1,-1) (5,4,3)
D (8,9,10) (3,2,5)
D (11,-1,-1) (2,3,0)
D (12,13,-1) (2,4,5)
D (9,-1,-1) (3,3,5)
D (12,13,-1) (3,5,2)
D (9,10,11) (1,4,4)
D (11,-1,-1) (4,1,4)
D (8,9,-1) (4,3,2)
D (9,-1,-1) (4,0,2)
D (9,-1,-1) (2,4,3)
D (9,-1,-1) (0,1,2)
D (12,-1,-1) (2,5,1)
D (13,-1,-1) (3,1,3)
D (9,10,11) (2,3,1)
D (7,8,9) (1,3,1)
D (13,-1,-1) (1,3,0)
D (10,-1,-1) (0,2,4)
D (12,13,-1) (0,0,2)
D (10,11,-1) (5,4,1)
D (10,-1,-1) (3,0,4)
D (7,8,9) (3,1,5)
D (11,12,13) (2,5,4)
D (10,11,-1) (3,0,3)
D (9,-1,-1) (3,5,5)
D (9,-1,-1) (5,1,4)
D (11,12,13) (5,5,3)
D (11,12,-1) (1,5,4)
C 0 22
C 1 6
C 2 5
C 3 0
C 4 19
C 5 3
C 6 25
C 7 25
C 8 15
C 9 16
C 10 20
C 11 18
C 12 25
C 13 17
C 14 16
C 15 0
C 16 2
C 17 18
C 18 24
C 19 16
C 20 8
C 21 14
C 22 14
C 23 8
C 24 20
C 25 0
C 26 2
C 27 19
C 28 24
C 29 12
C 30 23
C 31 4
C 32 1
C 33 19
C 34 23
C 35 15
C 36 17
C 37 4
C 38 25
C 39 22
C 40 4
C 41 25
C 42 6
C 43 10
C 44 26
C 45 3
C 46 6
C 47 23
C 48 17
C 49 18
C 50 20
C 51 17
C 52 20
C 53 5
C 54 4
C 55 10
C 56 16
C 57 18
C 58 18
C 59 8
C 60 9
C 61 15
C 62 23
C 63 19
C 64 11
C 65 15
C 66 17
C 67 1
C 68 22
C 69 15
C 70 3
C 71 26
C 72 9
C 73 1
C 74 23
C 75 17
C 76 22
C 77 23
C 78 25
C 79 4
C 80 6
C 81 12
C 82 23
C 83 20
C 84 21
C 85 3
C 86 18
C 87 23
C 88 17
C 89 26
C 90 15
C 91 12
C 92 16
C 93 24
C 94 8
C 95 5
C 96 5
C 97 2
C 98 11
C 99 1
C 100 5
C 101 8
C 102 22
C 103 12
C 104 10
C 105 0
C 106 0
C 107 0
C 108 0
C 109 0
C 110 0
C 111 0
C 112 3
C 113 14
C 114 25
C 115 14
C 116 25
C 117 2
C 118 19
C 119 22
C 120 20
C 121 16
C 122 12
C 123 14
C 124 8
C 125 18
C 126 0
C 127 16
C 128 8
C 129 9
C 130 2
C 131 3
C 132 14
C 133 15
C 134 1
C 135 9
C 136 25
C 137 22
C 138 7
C 139 15
C 140 5
C 141 15
C 142 16
C 143 26
C 144 9
C 145 0
C 146 18
C 147 4
C 148 24
C 149 3
C 150 10
C 151 14
C 152 17
C 153 15
C 154 10
C 155 20
C 156 18
C 157 7
C 158 14
C 159 5
C 160 6
C 161 14
C 162 1
C 163 21
C 164 7
C 165 16
C 166 19
C 167 26
C 168 14
C 169 5
C 170 15
C 171 25
C 172 0
C 173 16
C 174 5
C 175 10
C 176 22
C 177 9
C 178 15
C 179 11
C 180 10
C 181 16
C 182 11
C 183 26
C 184 18
C 185 7
C 186 21
C 187 15
C 188 11
C 189 25
C 190 16
C 191 21
C 192 0
C 193 0
C 194 0
C 195 0
C 196 0
C 197 0
C 198 0
C 199 0
C 200 0
C 201 0
C 202 0
C 203 0
C 204 0
C 205 0
C 206 0
C 207 0
C 208 0
C 209 0
C 210 0
C 211 0
C 212 0
C 213 0
C 214 0
C 215 0
C 216 0
C 217 0
C 218 0
C 219 0
C 220 0
C 221 0
C 222 0
C 223 0
C 224 0
C 225 0
C 226 0
C 227 0
C 228 0
C 229 0
C 230 0
C 231 0
C 232 0
C 233 0
C 234 0
C 235 0
C 236 0
C 237 0
C 238 0
C 239 0
C 240 0
C 241 0
C 242 0
C 243 22
C 244 9
C 245 24
C 246 16
C 247 20
C 248 4
C 249 4
C 250 9
C 251 24
C 252 5
C 253 25
C 254 7
C 255 25
C 256 3
C 257 25
C 258 25
C 259 10
C 260 2
C 261 12
C 262 0
C 263 21
C 264 14
C 265 25
C 266 2
C 267 3
C 268 19
C 269 0
C 270 6
C 271 3
C 272 23
C 273 25
C 274 11
C 275 10
C 276 8
C 277 3
C 278 16
C 279 23
C 280 2
C 281 16
C 282 3
C 283 19
C 284 16
C 285 15
C 286 10
C 287 19
C 288 14
C 289 7
C 290 19
C 291 19
C 292 5
C 293 8
C 294 17
C 295 19
C 296 7
C 297 8
C 298 9
C 299 3
C 300 3
C 301 4
C 302 9
C 303 24
C 304 2
C 305 10
C 306 16
C 307 20
C 308 23
C 309 25
C 310 21
C 311 24
C 312 22
C 313 7
C 314 4
C 315 21
C 316 25
C 317 14
C 318 22
C 319 5
C 320 19
C 321 4
C 322 22
C 323 5
C 324 24
C 325 20
C 326 23
C 327 9
C 328 9
C 329 23
C 330 9
C 331 14
C 332 10
C 333 4
C 334 19
C 335 6
C 336 14
C 337 26
C 338 1
C 339 0
C 340 17
C 341 9
C 342 20
C 343 22
C 344 9
C 345 25
C 346 7
C 347 11
C 348 6
C 349 0
C 350 7
C 351 15
C 352 7
C 353 14
C 354 8
C 355 12
C 356 0
C 357 0
C 358 0
C 359 0
C 360 0
C 361 0
C 362 0
C 363 0
C 364 0
C 365 0
C 366 0
C 367 0
C 368 0
C 369 0
C 370 0
C 371 0
C 372 0
C 373 0
C 374 0
C 375 12
C 376 24
C 377 17
I 2 3 7 (2,4,2) (1,-1,-1,0)
I 5 1 12 (0,1,4) (1,0,0,0)|(1,0,-1,0)
I 0 1 18 (5,5,2) (-1,-1,0,0)|(0,-1,1,0)
