D (9,10,-1) (0,0,1)
D (10,11,-1) (2,5,2)
D (7,8,-1) (4,1,5)
D (9,-1,-1) (2,4,2)
D (12,-1,-1) (3,5,0)
D (13,-1,-1) (3,0,5)
D (6,7,8) (3,3,0)
D (7,8,9) (0,4,1)
D (6,7,8) (2,1,1)
D (9,11,12) (1,4,0)
D (9,10,-1) (3,0,1)
D (8,9,-1) (1,2,5)
D (7,-1,-1) (4,4,4)
D (11,12,13) (5,5,5)
D (12,13,-1) (5,4,0)
D (6,7,8) (4,0,3)
D (6,7,8) (5,1,2)
D (8,-1,-1) (2,5,4)
D (6,-1,-1) (0,5,4)
D (11,-1,-1) (2,2,0)
D (12,13,-1) (0,3,3)
D (7,8,-1) (5,3,2)
D (9,10,-1) (5,2,0)
D (10,11,-1) (3,1,1)
D (10,11,12) (0,1,3)
D (6,-1,-1) (5,3,5)
D (9,-1,-1) (4,4,5)
D (13,-1,-1) (2,0,0)
D (7,-1,-1) (0,1,4)
D (8,9,-1) (3,0,4)
D (9,-1,-1) (4,2,5)
D (9,10,11) (4,0,1)
D (12,13,-1) (2,5,0)
D (12,13,-1) (4,0,5)
D (11,12,13) (0,0,0)
D (8,9,-1) (1,4,4)
D (6,-1,-1) (2,2,1)
D (8,9,-1) (5,5,0)
D (10,-1,-1) (4,5,5)
D (8,9,-1) (3,2,4)
D (10,11,12) (0,0,4)
D (11,12,-1) (2,0,2)
D (10,11,-1) (4,3,0)
D (9,-1,-1) (4,5,1)
D (10,11,-1) (5,5,2)
D (12,-1,-1) (2,1,0)
D (12,13,-1) (3,5,3)
D (10,11,12) (2,2,2)
D (13,-1,-1) (0,5,2)
D (7,-1,-1) (3,2,2)
D (12,13,-1) (5,3,3)
D (12,-1,-1) (0,1,5)
D (13,-1,-1) (1,1,0)
D (13,-1,-1) (2,3,1)
D (9,10,-1) (0,5,3)
C 0 6
C 1 24
C 2 25
C 3 15
C 4 25
C 5 18
C 6 15
C 7 19
C 8 0
C 9 0
C 10 0
C 11 0
C 12 0
C 13 0
C 14 0
C 15 0
C 16 0
C 17 0
C 18 0
C 19 0
C 20 0
C 21 0
C 22 0
C 23 0
C 24 0
C 25 5
C 26 23
C 27 17
C 28 18
C 29 0
C 30 26
C 31 26
C 32 26
C 33 5
C 34 24
C 35 14
C 36 24
C 37 16
C 38 14
C 39 5
C 40 4
C 41 2
C 42 19
C 43 4
C 44 6
C 45 5
C 46 1
C 47 16
C 48 18
C 49 0
C 50 21
C 51 12
C 52 17
C 53 2
C 54 23
C 55 24
C 56 0
C 57 0
C 58 0
C 59 0
C 60 0
C 61 0
C 62 0
C 63 0
C 64 0
C 65 0
C 66 0
C 67 0
C 68 0
C 69 0
C 70 0
C 71 0
C 72 0
C 73 0
C 74 0
C 75 0
C 76 0
C 77 0
C 78 0
C 79 0
C 80 0
C 81 0
C 82 0
C 83 0
C 84 0
C 85 0
C 86 0
C 87 0
C 88 0
C 89 0
C 90 0
C 91 0
C 92 0
C 93 0
C 94 0
C 95 0
C 96 0
C 97 0
C 98 0
C 99 0
C 100 0
C 101 0
C 102 0
C 103 0
C 104 0
C 105 0
C 106 0
C 107 0
C 108 0
C 109 0
C 110 0
C 111 0
C 112 0
C 113 0
C 114 0
C 115 0
C 116 0
C 117 0
C 118 0
C 119 0
C 120 0
C 121 0
C 122 0
C 123 0
C 124 0
C 125 0
C 126 0
C 127 0
C 128 0
C 129 0
C 130 0
C 131 0
C 132 0
C 133 0
C 134 0
C 135 0
C 136 0
C 137 0
C 138 0
C 139 0
C 140 0
C 141 0
C 142 0
C 143 0
C 144 0
C 145 0
C 146 0
C 147 0
C 148 0
C 149 0
C 150 0
C 151 0
C 152 0
C 153 0
C 154 0
C 155 0
C 156 0
C 157 0
C 158 0
C 159 0
C 160 0
C 161 0
C 162 0
C 163 0
C 164 0
C 165 0
C 166 0
C 167 0
C 168 0
C 169 0
C 170 0
C 171 0
C 172 0
C 173 0
C 174 0
C 175 0
C 176 0
C 177 0
C 178 0
C 179 0
C 180 0
C 181 0
C 182 0
C 183 0
C 184 0
C 185 0
C 186 0
C 187 0
C 188 0
C 189 0
C 190 0
C 191 0
C 192 0
C 193 0
C 194 0
C 195 0
C 196 0
C 197 0
C 198 0
C 199 0
C 200 0
C 201 0
C 202 0
C 203 0
C 204 0
C 205 0
C 206 0
C 207 0
C 208 0
C 209 0
C 210 0
C 211 0
C 212 0
C 213 0
C 214 0
C 215 0
C 216 0
C 217 0
C 218 0
C 219 0
C 220 0
C 221 7
C 222 1
C 223 2
C 224 15
C 225 7
C 226 12
C 227 10
C 228 14
C 229 0
C 230 0
C 231 0
C 232 0
C 233 0
C 234 0
C 235 0
C 236 0
C 237 0
C 238 0
C 239 0
C 240 0
C 241 0
C 242 0
C 243 0
C 244 0
C 245 0
C 246 0
C 247 0
C 248 0
C 249 0
C 250 0
C 251 0
C 252 0
C 253 0
C 254 0
C 255 0
C 256 0
C 257 0
C 258 0
C 259 0
C 260 0
C 261 0
C 262 0
C 263 0
C 264 0
C 265 0
C 266 0
C 267 0
C 268 0
C 269 0
C 270 0
C 271 0
C 272 0
C 273 0
C 274 0
C 275 0
C 276 0
C 277 0
C 278 0
C 279 0
C 280 0
C 281 0
C 282 0
C 283 0
C 284 0
C 285 0
C 286 0
C 287 0
C 288 0
C 289 0
C 290 0
C 291 0
C 292 0
C 293 0
C 294 0
C 295 0
C 296 0
C 297 0
C 298 0
C 299 0
C 300 0
C 301 0
C 302 21
C 303 3
C 304 16
C 305 18
C 306 8
C 307 9
C 308 20
C 309 24
C 310 3
C 311 16
C 312 5
C 313 21
C 314 14
C 315 1
C 316 23
C 317 7
C 318 19
C 319 25
C 320 12
C 321 4
C 322 23
C 323 19
C 324 17
C 325 22
C 326 11
C 327 0
C 328 18
C 329 16
C 330 0
C 331 0
C 332 0
C 333 0
C 334 0
C 335 0
C 336 0
C 337 0
C 338 0
C 339 0
C 340 0
C 341 0
C 342 0
C 343 0
C 344 0
C 345 0
C 346 0
C 347 0
C 348 0
C 349 0
C 350 0
C 351 0
C 352 0
C 353 0
C 354 0
C 355 0
C 356 0
C 357 0
C 358 0
C 359 0
C 360 0
C 361 0
C 362 0
C 363 0
C 364 0
C 365 0
C 366 0
C 367 0
C 368 0
C 369 0
C 370 0
C 371 0
C 372 0
C 373 19
C 374 26
C 375 8
C 376 0
C 377 5
I 4 1 13 (2,3,2) (1,0,-1,0)
I 3 1 13 (2,3,2) (0,1,0,0)
I 0 3 2 (4,2,1) (-1,1,0,0)|(1,-1,-1,0)
