D (8,9,10) (0,3,1)
D (9,10,11) (0,0,1)
D (6,7,-1) (3,4,0)
D (13,-1,-1) (3,5,1)
D (10,-1,-1) (5,2,0)
D (12,13,-1) (2,2,5)
D (11,12,-1) (4,2,0)
D (11,12,-1) (2,4,5)
D (12,-1,-1) (0,5,1)
D (6,7,-1) (5,5,1)
D (9,10,-1) (1,0,0)
D (13,-1,-1) (0,1,4)
D (9,-1,-1) (2,0,3)
D (11,12,-1) (0,2,1)
D (7,8,9) (1,2,0)
D (12,-1,-1) (0,4,3)
D (10,11,12) (3,0,4)
D (12,13,-1) (0,4,5)
D (8,9,10) (4,3,5)
D (13,-1,-1) (1,0,5)
D (7,8,-1) (2,2,3)
D (6,7,8) (1,4,2)
D (13,-1,-1) (5,3,5)
D (12,13,-1) (1,1,4)
D (11,12,13) (1,0,3)
D (13,-1,-1) (2,2,2)
D (10,11,12) (1,3,1)
D (7,8,-1) (2,2,0)
D (7,8,-1) (2,5,4)
D (9,-1,-1) (0,3,5)
D (6,7,-1) (3,0,0)
D (10,11,12) (2,0,4)
D (7,8,-1) (1,1,1)
D (7,13,-1) (5,2,5)
D (7,8,9) (3,4,2)
D (7,8,-1) (2,2,1)
D (11,-1,-1) (4,5,4)
D (7,-1,-1) (2,4,0)
D (11,12,13) (5,4,5)
D (12,-1,-1) (0,3,2)
D (7,8,9) (0,5,2)
D (6,7,-1) (4,4,2)
D (9,10,11) (4,2,4)
D (12,-1,-1) (5,1,2)
D (9,10,-1) (5,4,0)
D (13,-1,-1) (0,5,4)
D (6,7,-1) (1,1,0)
D (10,-1,-1) (1,3,2)
D (10,-1,-1) (4,1,0)
D (13,-1,-1) (5,2,3)
D (7,-1,-1) (2,0,2)
D (7,8,9) (0,5,5)
D (12,13,-1) (5,0,2)
D (13,-1,-1) (0,3,3)
D (10,11,12) (3,2,2)
D (11,12,-1) (3,4,5)
D (13,-1,-1) (2,1,2)
D (13,-1,-1) (0,2,3)
D (9,10,-1) (1,5,2)
D (8,9,10) (3,0,2)
D (8,-1,-1) (3,2,1)
D (11,12,13) (3,3,5)
D (10,-1,-1) (2,3,5)
C 0 20
C 1 11
C 2 11
C 3 25
C 4 25
C 5 12
C 6 24
C 7 26
C 8 20
C 9 21
C 10 16
C 11 26
C 12 0
C 13 14
C 14 4
C 15 21
C 16 8
C 17 6
C 18 26
C 19 5
C 20 15
C 21 11
C 22 3
C 23 19
C 24 7
C 25 7
C 26 3
C 27 14
C 28 24
C 29 0
C 30 16
C 31 3
C 32 17
C 33 11
C 34 26
C 35 14
C 36 18
C 37 15
C 38 5
C 39 17
C 40 6
C 41 10
C 42 23
C 43 12
C 44 1
C 45 14
C 46 17
C 47 7
C 48 26
C 49 16
C 50 23
C 51 10
C 52 6
C 53 0
C 54 4
C 55 20
C 56 9
C 57 11
C 58 22
C 59 2
C 60 21
C 61 12
C 62 4
C 63 5
C 64 19
C 65 25
C 66 15
C 67 2
C 68 4
C 69 4
C 70 1
C 71 17
C 72 11
C 73 23
C 74 25
C 75 10
C 76 25
C 77 18
C 78 8
C 79 15
C 80 8
C 81 20
C 82 15
C 83 6
C 84 12
C 85 25
C 86 7
C 87 21
C 88 11
C 89 23
C 90 26
C 91 14
C 92 10
C 93 16
C 94 23
C 95 6
C 96 19
C 97 25
C 98 2
C 99 3
C 100 9
C 101 2
C 102 18
C 103 22
C 104 17
C 105 14
C 106 12
C 107 2
C 108 24
C 109 9
C 110 12
C 111 1
C 112 20
C 113 11
C 114 5
C 115 22
C 116 21
C 117 21
C 118 7
C 119 9
C 120 1
C 121 22
C 122 3
C 123 21
C 124 22
C 125 23
C 126 8
C 127 15
C 128 2
C 129 10
C 130 4
C 131 2
C 132 16
C 133 17
C 134 20
C 135 22
C 136 15
C 137 0
C 138 17
C 139 1
C 140 2
C 141 7
C 142 16
C 143 4
C 144 21
C 145 23
C 146 8
C 147 14
C 148 23
C 149 0
C 150 17
C 151 1
C 152 12
C 153 25
C 154 22
C 155 11
C 156 6
C 157 12
C 158 23
C 159 23
C 160 3
C 161 21
C 162 12
C 163 9
C 164 21
C 165 24
C 166 22
C 167 5
C 168 26
C 169 24
C 170 0
C 171 22
C 172 21
C 173 16
C 174 11
C 175 16
C 176 18
C 177 5
C 178 4
C 179 3
C 180 18
C 181 19
C 182 5
C 183 8
C 184 12
C 185 14
C 186 19
C 187 24
C 188 10
C 189 10
C 190 24
C 191 20
C 192 15
C 193 6
C 194 26
C 195 11
C 196 10
C 197 14
C 198 20
C 199 0
C 200 0
C 201 0
C 202 0
C 203 0
C 204 0
C 205 0
C 206 0
C 207 0
C 208 0
C 209 0
C 210 0
C 211 0
C 212 0
C 213 0
C 214 0
C 215 0
C 216 0
C 217 0
C 218 0
C 219 0
C 220 0
C 221 0
C 222 0
C 223 0
C 224 0
C 225 0
C 226 0
C 227 0
C 228 0
C 229 0
C 230 0
C 231 0
C 232 0
C 233 0
C 234 0
C 235 0
C 236 0
C 237 0
C 238 0
C 239 0
C 240 0
C 241 0
C 242 0
C 243 0
C 244 0
C 245 0
C 246 0
C 247 0
C 248 0
C 249 0
C 250 0
C 251 0
C 252 0
C 253 0
C 254 0
C 255 0
C 256 0
C 257 0
C 258 0
C 259 0
C 260 0
C 261 0
C 262 0
C 263 0
C 264 0
C 265 0
C 266 0
C 267 0
C 268 0
C 269 0
C 270 0
C 271 0
C 272 0
C 273 0
C 274 0
C 275 0
C 276 0
C 277 0
C 278 0
C 279 0
C 280 0
C 281 0
C 282 0
C 283 0
C 284 0
C 285 0
C 286 0
C 287 0
C 288 0
C 289 0
C 290 0
C 291 0
C 292 0
C 293 0
C 294 0
C 295 12
C 296 22
C 297 26
C 298 11
C 299 15
C 300 20
C 301 4
C 302 11
C 303 15
C 304 1
C 305 10
C 306 6
C 307 0
C 308 7
C 309 9
C 310 22
C 311 24
C 312 7
C 313 0
C 314 23
C 315 15
C 316 12
C 317 25
C 318 23
C 319 19
C 320 7
C 321 20
C 322 14
C 323 19
C 324 14
C 325 23
C 326 22
C 327 26
C 328 26
C 329 2
C 330 5
C 331 11
C 332 23
C 333 4
C 334 0
C 335 2
C 336 19
C 337 0
C 338 6
C 339 2
C 340 11
C 341 8
C 342 21
C 343 9
C 344 17
C 345 26
C 346 11
C 347 8
C 348 4
C 349 23
C 350 9
C 351 12
C 352 25
C 353 25
C 354 23
C 355 6
C 356 12
C 357 9
C 358 21
C 359 10
C 360 9
C 361 6
C 362 16
C 363 5
C 364 5
C 365 5
C 366 9
C 367 22
C 368 26
C 369 3
C 370 9
C 371 10
C 372 9
C 373 19
C 374 16
C 375 21
C 376 3
C 377 20
I 1 2 14 (3,2,5) (-1,-1,-1,0)
I 0 3 11 (2,1,3) (1,1,1,0)|(1,-1,-1,0)|(1,0,-1,0)|(1,1,-1,0)
I 1 1 14 (4,0,1) (-1,0,-1,0)|(-1,0,0,0)|(1,0,1,0)
