D (8,9,10) (2,1,5)
D (8,-1,-1) (3,5,1)
D (9,10,11) (2,4,0)
D (11,12,-1) (1,2,5)
D (11,12,-1) (2,0,2)
D (10,-1,-1) (1,5,5)
D (10,11,-1) (4,3,4)
D (13,-1,-1) (5,4,0)
D (6,7,-1) (5,2,3)
D (8,9,-1) (2,1,0)
D (9,10,11) (2,2,3)
D (8,9,-1) (3,5,2)
D (10,11,-1) (5,0,3)
D (10,-1,-1) (1,5,0)
D (11,12,-1) (0,4,4)
D (13,-1,-1) (1,4,3)
D (6,-1,-1) (1,5,4)
D (7,-1,-1) (0,2,4)
D (6,7,8) (4,3,3)
D (11,12,-1) (3,3,3)
D (10,11,-1) (3,1,2)
D (6,7,8) (0,3,1)
D (6,7,-1) (2,5,5)
D (9,-1,-1) (2,3,4)
D (11,12,13) (1,0,1)
D (11,12,-1) (4,2,3)
D (9,10,11) (0,1,0)
D (11,12,-1) (1,5,1)
D (11,12,13) (1,5,2)
D (12,13,-1) (3,3,1)
D (9,10,11) (4,2,1)
D (12,13,11) (4,0,1)
D (11,12,13) (2,4,5)
D (6,7,-1) (3,0,5)
D (10,-1,-1) (4,3,1)
D (11,-1,-1) (5,3,0)
D (10,-1,-1) (0,0,3)
D (11,-1,-1) (2,2,4)
D (7,8,-1) (0,5,4)
D (11,12,-1) (4,4,3)
D (12,13,-1) (0,4,0)
D (6,7,8) (5,1,2)
D (6,7,-1) (1,2,1)
D (6,-1,-1) (4,5,4)
D (13,11,12) (4,3,2)
D (12,13,-1) (1,4,0)
D (6,-1,-1) (1,3,4)
D (7,-1,-1) (3,5,3)
D (9,10,11) (0,5,0)
D (12,-1,-1) (2,1,4)
C 0 7
C 1 14
C 2 19
C 3 4
C 4 11
C 5 23
C 6 5
C 7 14
C 8 22
C 9 7
C 10 19
C 11 15
C 12 18
C 13 19
C 14 11
C 15 20
C 16 1
C 17 24
C 18 3
C 19 25
C 20 26
C 21 1
C 22 0
C 23 10
C 24 22
C 25 14
C 26 26
C 27 10
C 28 16
C 29 20
C 30 23
C 31 12
C 32 15
C 33 12
C 34 24
C 35 6
C 36 5
C 37 23
C 38 7
C 39 14
C 40 5
C 41 25
C 42 1
C 43 23
C 44 15
C 45 25
C 46 6
C 47 20
C 48 26
C 49 4
C 50 6
C 51 22
C 52 15
C 53 10
C 54 18
C 55 2
C 56 22
C 57 17
C 58 15
C 59 16
C 60 11
C 61 20
C 62 24
C 63 21
C 64 14
C 65 10
C 66 23
C 67 14
C 68 9
C 69 19
C 70 3
C 71 2
C 72 17
C 73 4
C 74 17
C 75 8
C 76 26
C 77 16
C 78 12
C 79 20
C 80 8
C 81 18
C 82 3
C 83 15
C 84 17
C 85 24
C 86 26
C 87 4
C 88 14
C 89 19
C 90 20
C 91 23
C 92 19
C 93 3
C 94 0
C 95 5
C 96 21
C 97 17
C 98 26
C 99 8
C 100 1
C 101 4
C 102 10
C 103 23
C 104 25
C 105 22
C 106 18
C 107 8
C 108 24
C 109 21
C 110 14
C 111 1
C 112 10
C 113 6
C 114 1
C 115 4
C 116 18
C 117 17
C 118 15
C 119 19
C 120 18
C 121 26
C 122 11
C 123 25
C 124 12
C 125 2
C 126 6
C 127 5
C 128 26
C 129 18
C 130 10
C 131 10
C 132 18
C 133 26
C 134 19
C 135 16
C 136 8
C 137 19
C 138 9
C 139 14
C 140 2
C 141 4
C 142 20
C 143 19
C 144 7
C 145 1
C 146 8
C 147 2
C 148 12
C 149 4
C 150 4
C 151 23
C 152 24
C 153 18
C 154 25
C 155 15
C 156 22
C 157 16
C 158 1
C 159 0
C 160 0
C 161 8
C 162 20
C 163 2
C 164 22
C 165 17
C 166 17
C 167 7
C 168 25
C 169 26
C 170 3
C 171 8
C 172 22
C 173 1
C 174 21
C 175 23
C 176 3
C 177 10
C 178 5
C 179 24
C 180 6
C 181 22
C 182 21
C 183 3
C 184 26
C 185 23
C 186 10
C 187 15
C 188 7
C 189 10
C 190 26
C 191 0
C 192 26
C 193 19
C 194 4
C 195 6
C 196 8
C 197 10
C 198 10
C 199 25
C 200 8
C 201 22
C 202 17
C 203 20
C 204 21
C 205 18
C 206 26
C 207 6
C 208 11
C 209 25
C 210 6
C 211 6
C 212 7
C 213 22
C 214 2
C 215 18
C 216 12
C 217 20
C 218 6
C 219 7
C 220 14
C 221 0
C 222 4
C 223 20
C 224 2
C 225 0
C 226 14
C 227 6
C 228 14
C 229 0
C 230 12
C 231 15
C 232 7
C 233 5
C 234 24
C 235 19
C 236 18
C 237 21
C 238 0
C 239 0
C 240 0
C 241 0
C 242 0
C 243 0
C 244 0
C 245 0
C 246 0
C 247 0
C 248 0
C 249 24
C 250 0
C 251 0
C 252 0
C 253 0
C 254 0
C 255 0
C 256 0
C 257 0
C 258 0
C 259 0
C 260 0
C 261 0
C 262 0
C 263 0
C 264 0
C 265 0
C 266 0
C 267 0
C 268 0
C 269 0
C 270 0
C 271 0
C 272 0
C 273 0
C 274 26
C 275 20
C 276 9
C 277 15
C 278 9
C 279 12
C 280 23
C 281 2
C 282 18
C 283 18
C 284 15
C 285 26
C 286 5
C 287 4
C 288 20
C 289 6
C 290 21
C 291 2
C 292 23
C 293 9
C 294 0
C 295 15
C 296 26
C 297 14
C 298 0
C 299 6
C 300 6
C 301 9
C 302 0
C 303 26
C 304 1
C 305 12
C 306 5
C 307 25
C 308 14
C 309 16
C 310 25
C 311 0
C 312 5
C 313 17
C 314 6
C 315 10
C 316 10
C 317 25
C 318 5
C 319 9
C 320 12
C 321 23
C 322 17
C 323 23
C 324 26
C 325 18
C 326 7
C 327 5
C 328 9
C 329 26
C 330 14
C 331 3
C 332 9
C 333 20
C 334 2
C 335 5
C 336 8
C 337 14
C 338 11
C 339 2
C 340 10
C 341 23
C 342 5
C 343 15
C 344 11
C 345 16
C 346 25
C 347 21
C 348 22
C 349 4
C 350 24
C 351 26
C 352 9
C 353 12
C 354 12
C 355 2
C 356 24
C 357 26
C 358 16
C 359 17
C 360 3
C 361 7
C 362 8
C 363 17
C 364 16
C 365 20
C 366 11
C 367 21
C 368 20
C 369 14
C 370 15
C 371 8
C 372 24
C 373 18
C 374 6
C 375 6
C 376 19
C 377 23
I 0 1 20 (0,1,1) (0,1,0,0)
I 0 1 4 (1,5,4) (0,-1,1,0)|(-1,-1,1,0)
