D (13,-1,-1) (1,2,1)
D (13,-1,-1) (0,4,2)
D (8,9,10) (5,2,3)
D (8,-1,-1) (3,5,3)
D (6,7,-1) (0,0,4)
D (7,8,-1) (0,1,4)
D (7,8,-1) (2,5,1)
D (12,13,-1) (1,3,2)
D (12,13,-1) (0,5,0)
D (7,-1,-1) (0,3,0)
D (12,-1,-1) (3,5,0)
D (11,12,13) (4,0,1)
D (10,11,-1) (3,4,5)
D (7,8,9) (3,0,0)
D (11,12,-1) (4,0,0)
D (9,10,11) (2,0,0)
D (13,-1,-1) (1,2,2)
D (11,-1,-1) (2,3,5)
D (9,10,-1) (0,3,1)
D (8,-1,-1) (1,1,2)
D (11,12,13) (2,1,2)
D (12,13,-1) (4,4,5)
D (11,-1,-1) (2,0,5)
D (9,10,11) (2,5,2)
D (12,-1,-1) (5,1,1)
D (8,9,-1) (2,5,0)
D (12,-1,-1) (4,3,1)
D (7,8,-1) (3,3,4)
D (13,-1,-1) (4,2,4)
D (12,13,-1) (1,5,1)
D (10,11,12) (5,3,2)
D (13,-1,-1) (1,4,4)
D (9,10,11) (4,2,0)
D (8,9,-1) (0,5,2)
D (7,8,-1) (5,3,5)
D (11,12,-1) (3,0,5)
D (11,12,13) (1,5,4)
D (8,9,10) (1,2,3)
D (13,-1,-1) (4,2,5)
D (6,7,8) (5,4,2)
D (9,10,11) (2,1,5)
D (7,-1,-1) (4,1,1)
D (13,-1,-1) (0,1,1)
C 0 15
C 1 17
C 2 21
C 3 5
C 4 11
C 5 25
C 6 9
C 7 2
C 8 20
C 9 1
C 10 0
C 11 0
C 12 0
C 13 0
C 14 0
C 15 0
C 16 0
C 17 0
C 18 0
C 19 0
C 20 0
C 21 0
C 22 0
C 23 0
C 24 0
C 25 0
C 26 0
C 27 0
C 28 0
C 29 0
C 30 0
C 31 0
C 32 0
C 33 0
C 34 0
C 35 0
C 36 0
C 37 0
C 38 0
C 39 0
C 40 0
C 41 0
C 42 0
C 43 0
C 44 0
C 45 0
C 46 0
C 47 0
C 48 0
C 49 0
C 50 0
C 51 0
C 52 0
C 53 0
C 54 0
C 55 0
C 56 0
C 57 0
C 58 0
C 59 0
C 60 0
C 61 0
C 62 0
C 63 0
C 64 0
C 65 0
C 66 0
C 67 0
C 68 0
C 69 0
C 70 0
C 71 0
C 72 0
C 73 0
C 74 0
C 75 0
C 76 0
C 77 0
C 78 0
C 79 0
C 80 0
C 81 0
C 82 0
C 83 0
C 84 0
C 85 0
C 86 0
C 87 0
C 88 0
C 89 0
C 90 0
C 91 0
C 92 0
C 93 0
C 94 0
C 95 0
C 96 0
C 97 0
C 98 0
C 99 0
C 100 0
C 101 0
C 102 0
C 103 0
C 104 0
C 105 0
C 106 0
C 107 0
C 108 0
C 109 0
C 110 0
C 111 26
C 112 12
C 113 17
C 114 24
C 115 16
C 116 9
C 117 9
C 118 23
C 119 7
C 120 11
C 121 25
C 122 3
C 123 4
C 124 9
C 125 8
C 126 3
C 127 1
C 128 20
C 129 4
C 130 3
C 131 15
C 132 14
C 133 9
C 134 10
C 135 14
C 136 3
C 137 15
C 138 9
C 139 6
C 140 7
C 141 12
C 142 3
C 143 25
C 144 4
C 145 26
C 146 21
C 147 20
C 148 23
C 149 18
C 150 26
C 151 2
C 152 17
C 153 8
C 154 19
C 155 20
C 156 8
C 157 9
C 158 16
C 159 9
C 160 25
C 161 16
C 162 4
C 163 12
C 164 3
C 165 26
C 166 25
C 167 17
C 168 17
C 169 20
C 170 20
C 171 10
C 172 26
C 173 5
C 174 16
C 175 0
C 176 26
C 177 6
C 178 9
C 179 8
C 180 21
C 181 8
C 182 20
C 183 16
C 184 5
C 185 17
C 186 2
C 187 24
C 188 25
C 189 4
C 190 15
C 191 24
C 192 11
C 193 12
C 194 10
C 195 26
C 196 6
C 197 19
C 198 20
C 199 19
C 200 2
C 201 26
C 202 7
C 203 18
C 204 1
C 205 10
C 206 10
C 207 0
C 208 3
C 209 11
C 210 4
C 211 11
C 212 1
C 213 9
C 214 3
C 215 11
C 216 3
C 217 15
C 218 25
C 219 21
C 220 14
C 221 0
C 222 22
C 223 21
C 224 8
C 225 20
C 226 21
C 227 18
C 228 23
C 229 19
C 230 17
C 231 7
C 232 21
C 233 3
C 234 9
C 235 21
C 236 1
C 237 12
C 238 7
C 239 12
C 240 15
C 241 14
C 242 6
C 243 5
C 244 17
C 245 25
C 246 17
C 247 21
C 248 9
C 249 22
C 250 18
C 251 0
C 252 0
C 253 0
C 254 0
C 255 0
C 256 0
C 257 0
C 258 0
C 259 0
C 260 0
C 261 0
C 262 0
C 263 0
C 264 0
C 265 0
C 266 0
C 267 0
C 268 0
C 269 0
C 270 0
C 271 0
C 272 0
C 273 0
C 274 0
C 275 0
C 276 0
C 277 0
C 278 0
C 279 0
C 280 0
C 281 0
C 282 0
C 283 0
C 284 0
C 285 0
C 286 0
C 287 0
C 288 0
C 289 0
C 290 23
C 291 11
C 292 0
C 293 3
C 294 16
C 295 26
C 296 21
C 297 1
C 298 10
C 299 8
C 300 16
C 301 11
C 302 18
C 303 4
C 304 10
C 305 12
C 306 0
C 307 11
C 308 3
C 309 26
C 310 23
C 311 22
C 312 9
C 313 19
C 314 6
C 315 7
C 316 0
C 317 8
C 318 4
C 319 19
C 320 18
C 321 16
C 322 12
C 323 22
C 324 6
C 325 8
C 326 12
C 327 25
C 328 2
C 329 11
C 330 10
C 331 17
C 332 6
C 333 4
C 334 21
C 335 0
C 336 0
C 337 6
C 338 4
C 339 14
C 340 26
C 341 21
C 342 5
C 343 3
C 344 18
C 345 18
C 346 14
C 347 8
C 348 26
C 349 5
C 350 26
C 351 15
C 352 10
C 353 6
C 354 21
C 355 5
C 356 16
C 357 1
C 358 25
C 359 22
C 360 25
C 361 11
C 362 20
C 363 23
C 364 22
C 365 21
C 366 15
C 367 8
C 368 10
C 369 18
C 370 10
C 371 5
C 372 11
C 373 1
C 374 22
C 375 0
C 376 4
C 377 21
I 0 3 5 (5,2,0) (0,1,1,0)
I 3 1 11 (3,4,0) (0,0,0,0)
I 1 1 16 (1,4,0) (0,0,1,0)
