D (6,-1,-1) (3,1,3)
D (10,11,12) (4,0,2)
D (9,-1,-1) (3,0,3)
D (10,11,12) (5,2,4)
D (7,8,-1) (2,3,5)
D (13,-1,-1) (0,5,3)
D (6,7,-1) (3,2,5)
D (12,13,-1) (1,2,4)
D (11,12,-1) (0,1,0)
D (8,9,-1) (4,1,3)
D (11,-1,-1) (5,5,4)
D (11,12,-1) (1,0,4)
D (9,-1,-1) (3,1,0)
D (9,10,11) (0,4,0)
D (6,-1,-1) (5,5,1)
D (13,-1,-1) (0,4,5)
D (10,-1,-1) (3,3,1)
D (6,-1,-1) (4,1,4)
D (7,-1,-1) (4,5,1)
D (13,-1,-1) (3,0,2)
D (6,-1,-1) (2,0,1)
D (11,12,13) (4,4,5)
D (7,8,-1) (5,0,5)
D (12,13,-1) (2,4,5)
D (9,-1,-1) (2,0,2)
D (10,11,-1) (5,1,3)
D (9,10,-1) (2,5,3)
D (8,9,10) (0,5,1)
D (10,-1,-1) (0,5,0)
D (6,7,-1) (2,3,4)
D (6,7,8) (1,3,5)
D (6,7,-1) (4,2,0)
D (8,9,10) (5,3,4)
D (6,-1,-1) (0,4,3)
D (8,-1,-1) (1,3,0)
D (12,-1,-1) (2,2,0)
D (10,11,-1) (5,4,3)
D (6,7,8) (0,3,1)
D (12,13,-1) (5,1,4)
D (9,10,-1) (0,4,4)
D (7,8,9) (2,5,0)
D (12,13,-1) (5,0,0)
D (13,-1,-1) (5,2,2)
D (7,8,9) (2,2,4)
D (6,-1,-1) (5,3,5)
D (6,7,8) (1,3,4)
D (13,-1,-1) (4,5,5)
D (6,-1,-1) (0,2,4)
D (12,13,-1) (4,0,1)
D (11,-1,-1) (5,5,2)
C 0 20
C 1 23
C 2 16
C 3 2
C 4 18
C 5 19
C 6 24
C 7 8
C 8 18
C 9 4
C 10 23
C 11 18
C 12 19
C 13 12
C 14 0
C 15 22
C 16 1
C 17 10
C 18 0
C 19 10
C 20 5
C 21 22
C 22 4
C 23 5
C 24 19
C 25 14
C 26 26
C 27 10
C 28 16
C 29 19
C 30 20
C 31 22
C 32 11
C 33 14
C 34 4
C 35 12
C 36 14
C 37 9
C 38 19
C 39 22
C 40 26
C 41 19
C 42 26
C 43 10
C 44 0
C 45 3
C 46 10
C 47 16
C 48 1
C 49 6
C 50 18
C 51 2
C 52 2
C 53 7
C 54 21
C 55 1
C 56 11
C 57 16
C 58 26
C 59 9
C 60 22
C 61 3
C 62 6
C 63 8
C 64 1
C 65 4
C 66 20
C 67 3
C 68 18
C 69 2
C 70 25
C 71 26
C 72 9
C 73 23
C 74 23
C 75 5
C 76 19
C 77 19
C 78 2
C 79 19
C 80 12
C 81 1
C 82 17
C 83 18
C 84 12
C 85 6
C 86 16
C 87 16
C 88 8
C 89 2
C 90 22
C 91 15
C 92 19
C 93 0
C 94 14
C 95 10
C 96 17
C 97 5
C 98 17
C 99 7
C 100 20
C 101 8
C 102 7
C 103 19
C 104 3
C 105 25
C 106 15
C 107 8
C 108 10
C 109 6
C 110 5
C 111 4
C 112 4
C 113 24
C 114 7
C 115 0
C 116 23
C 117 20
C 118 7
C 119 0
C 120 26
C 121 19
C 122 16
C 123 7
C 124 16
C 125 5
C 126 10
C 127 10
C 128 2
C 129 15
C 130 1
C 131 25
C 132 4
C 133 22
C 134 10
C 135 2
C 136 24
C 137 14
C 138 2
C 139 22
C 140 5
C 141 7
C 142 26
C 143 18
C 144 20
C 145 14
C 146 2
C 147 25
C 148 15
C 149 18
C 150 19
C 151 23
C 152 14
C 153 18
C 154 17
C 155 1
C 156 1
C 157 14
C 158 5
C 159 17
C 160 25
C 161 4
C 162 24
C 163 20
C 164 16
C 165 20
C 166 11
C 167 20
C 168 22
C 169 16
C 170 0
C 171 18
C 172 5
C 173 0
C 174 25
C 175 3
C 176 2
C 177 19
C 178 12
C 179 14
C 180 15
C 181 23
C 182 23
C 183 25
C 184 0
C 185 8
C 186 14
C 187 2
C 188 5
C 189 24
C 190 9
C 191 23
C 192 26
C 193 8
C 194 10
C 195 3
C 196 25
C 197 11
C 198 0
C 199 0
C 200 0
C 201 0
C 202 0
C 203 0
C 204 0
C 205 0
C 206 0
C 207 0
C 208 0
C 209 0
C 210 0
C 211 0
C 212 0
C 213 0
C 214 0
C 215 0
C 216 0
C 217 0
C 218 0
C 219 0
C 220 0
C 221 0
C 222 0
C 223 0
C 224 0
C 225 0
C 226 0
C 227 0
C 228 0
C 229 0
C 230 0
C 231 0
C 232 0
C 233 0
C 234 0
C 235 0
C 236 0
C 237 0
C 238 0
C 239 0
C 240 0
C 241 0
C 242 0
C 243 0
C 244 0
C 245 0
C 246 0
C 247 0
C 248 0
C 249 0
C 250 0
C 251 0
C 252 0
C 253 0
C 254 0
C 255 0
C 256 0
C 257 0
C 258 0
C 259 0
C 260 0
C 261 0
C 262 0
C 263 0
C 264 0
C 265 0
C 266 0
C 267 0
C 268 0
C 269 0
C 270 0
C 271 0
C 272 0
C 273 0
C 274 0
C 275 0
C 276 0
C 277 0
C 278 0
C 279 0
C 280 0
C 281 0
C 282 0
C 283 0
C 284 0
C 285 0
C 286 0
C 287 0
C 288 0
C 289 0
C 290 0
C 291 0
C 292 0
C 293 0
C 294 0
C 295 0
C 296 0
C 297 0
C 298 0
C 299 0
C 300 0
C 301 0
C 302 0
C 303 0
C 304 0
C 305 9
C 306 0
C 307 0
C 308 0
C 309 0
C 310 0
C 311 0
C 312 0
C 313 0
C 314 0
C 315 0
C 316 0
C 317 0
C 318 0
C 319 0
C 320 0
C 321 0
C 322 0
C 323 0
C 324 0
C 325 0
C 326 0
C 327 0
C 328 0
C 329 0
C 330 0
C 331 0
C 332 0
C 333 0
C 334 0
C 335 0
C 336 0
C 337 0
C 338 0
C 339 0
C 340 0
C 341 0
C 342 0
C 343 0
C 344 0
C 345 0
C 346 0
C 347 0
C 348 0
C 349 0
C 350 0
C 351 0
C 352 10
C 353 25
C 354 20
C 355 23
C 356 15
C 357 2
C 358 8
C 359 11
C 360 9
C 361 15
C 362 19
C 363 24
C 364 2
C 365 11
C 366 7
C 367 6
C 368 25
C 369 11
C 370 8
C 371 19
C 372 17
C 373 20
C 374 23
C 375 25
C 376 2
C 377 3
I 3 3 6 (0,1,3) (1,0,1,0)
I 1 2 20 (0,4,1) (1,-1,1,0)|(1,0,-1,0)|(-1,0,0,0)
I 4 3 3 (0,1,0) (0,0,1,0)
