D (6,7,8) (5,0,2)
D (11,-1,-1) (2,5,4)
D (9,10,-1) (0,1,5)
D (7,8,9) (1,0,1)
D (11,12,13) (3,2,3)
D (9,10,11) (0,4,1)
D (8,9,-1) (5,5,4)
D (8,9,-1) (1,2,5)
D (13,-1,-1) (1,5,5)
D (6,7,8) (0,3,4)
D (11,-1,-1) (3,1,4)
D (7,8,9) (4,2,1)
D (7,8,-1) (0,2,0)
D (10,11,12) (3,0,3)
D (9,10,11) (5,2,1)
D (7,8,9) (2,3,2)
D (7,-1,-1) (5,4,1)
D (7,8,-1) (2,5,5)
D (9,10,11) (1,0,5)
D (12,13,-1) (4,3,5)
D (8,-1,-1) (3,2,5)
D (6,-1,-1) (4,4,1)
D (8,9,-1) (1,3,3)
D (9,10,11) (4,5,4)
D (9,10,11) (0,4,5)
D (9,10,11) (3,3,4)
D (7,-1,-1) (4,4,3)
D (11,12,-1) (2,0,2)
D (9,10,11) (4,0,5)
D (10,11,12) (4,0,0)
D (6,7,8) (2,3,3)
D (12,-1,-1) (2,4,3)
D (12,13,-1) (5,2,3)
D (6,7,8) (1,2,3)
D (6,7,-1) (4,5,5)
D (9,10,-1) (2,2,2)
D (11,-1,-1) (4,5,0)
D (10,11,-1) (5,5,0)
D (6,7,-1) (3,5,2)
D (9,10,-1) (2,2,4)
D (12,13,-1) (1,4,0)
D (11,-1,-1) (4,5,1)
D (10,11,-1) (4,2,4)
D (10,11,12) (0,4,3)
D (12,-1,-1) (0,0,5)
D (13,-1,-1) (3,4,3)
D (9,10,11) (1,5,3)
D (9,10,11) (0,3,3)
D (7,8,-1) (2,3,5)
D (8,-1,-1) (3,0,0)
D (6,7,-1) (0,2,4)
D (6,7,-1) (4,3,3)
D (13,-1,-1) (1,1,5)
C 0 14
C 1 25
C 2 7
C 3 9
C 4 25
C 5 8
C 6 12
C 7 23
C 8 2
C 9 19
C 10 2
C 11 10
C 12 5
C 13 26
C 14 17
C 15 0
C 16 25
C 17 3
C 18 7
C 19 17
C 20 23
C 21 8
C 22 9
C 23 24
C 24 26
C 25 15
C 26 8
C 27 15
C 28 4
C 29 22
C 30 19
C 31 11
C 32 24
C 33 16
C 34 16
C 35 8
C 36 15
C 37 25
C 38 2
C 39 7
C 40 6
C 41 0
C 42 0
C 43 0
C 44 0
C 45 0
C 46 0
C 47 0
C 48 0
C 49 0
C 50 0
C 51 0
C 52 0
C 53 0
C 54 0
C 55 0
C 56 0
C 57 0
C 58 0
C 59 0
C 60 0
C 61 0
C 62 0
C 63 0
C 64 0
C 65 0
C 66 0
C 67 0
C 68 19
C 69 1
C 70 25
C 71 22
C 72 22
C 73 8
C 74 16
C 75 16
C 76 5
C 77 2
C 78 9
C 79 24
C 80 25
C 81 12
C 82 17
C 83 21
C 84 16
C 85 18
C 86 26
C 87 17
C 88 5
C 89 3
C 90 18
C 91 9
C 92 22
C 93 2
C 94 0
C 95 4
C 96 14
C 97 7
C 98 5
C 99 7
C 100 12
C 101 2
C 102 10
C 103 17
C 104 7
C 105 12
C 106 9
C 107 9
C 108 21
C 109 19
C 110 3
C 111 3
C 112 17
C 113 0
C 114 0
C 115 0
C 116 0
C 117 0
C 118 0
C 119 0
C 120 0
C 121 0
C 122 0
C 123 0
C 124 0
C 125 0
C 126 0
C 127 0
C 128 0
C 129 0
C 130 0
C 131 0
C 132 0
C 133 0
C 134 0
C 135 0
C 136 0
C 137 0
C 138 0
C 139 0
C 140 0
C 141 0
C 142 0
C 143 0
C 144 0
C 145 11
C 146 24
C 147 23
C 148 17
C 149 3
C 150 3
C 151 19
C 152 5
C 153 2
C 154 10
C 155 19
C 156 19
C 157 7
C 158 19
C 159 17
C 160 5
C 161 18
C 162 24
C 163 15
C 164 0
C 165 17
C 166 11
C 167 5
C 168 6
C 169 26
C 170 2
C 171 1
C 172 21
C 173 25
C 174 20
C 175 23
C 176 9
C 177 8
C 178 8
C 179 7
C 180 25
C 181 15
C 182 2
C 183 24
C 184 9
C 185 22
C 186 23
C 187 3
C 188 24
C 189 9
C 190 26
C 191 23
C 192 23
C 193 2
C 194 1
C 195 17
C 196 15
C 197 11
C 198 25
C 199 26
C 200 2
C 201 14
C 202 1
C 203 0
C 204 1
C 205 20
C 206 23
C 207 21
C 208 24
C 209 25
C 210 25
C 211 25
C 212 24
C 213 14
C 214 10
C 215 5
C 216 12
C 217 10
C 218 22
C 219 0
C 220 24
C 221 25
C 222 0
C 223 18
C 224 19
C 225 23
C 226 12
C 227 9
C 228 2
C 229 5
C 230 1
C 231 16
C 232 0
C 233 24
C 234 7
C 235 6
C 236 8
C 237 25
C 238 7
C 239 6
C 240 15
C 241 15
C 242 16
C 243 11
C 244 2
C 245 4
C 246 10
C 247 22
C 248 25
C 249 12
C 250 11
C 251 3
C 252 9
C 253 18
C 254 10
C 255 26
C 256 8
C 257 21
C 258 0
C 259 1
C 260 15
C 261 15
C 262 7
C 263 0
C 264 11
C 265 22
C 266 14
C 267 14
C 268 5
C 269 21
C 270 4
C 271 4
C 272 23
C 273 24
C 274 19
C 275 2
C 276 0
C 277 6
C 278 16
C 279 11
C 280 11
C 281 12
C 282 20
C 283 19
C 284 9
C 285 18
C 286 7
C 287 12
C 288 21
C 289 9
C 290 9
C 291 16
C 292 11
C 293 14
C 294 16
C 295 3
C 296 8
C 297 20
C 298 23
C 299 17
C 300 1
C 301 21
C 302 12
C 303 8
C 304 19
C 305 6
C 306 7
C 307 24
C 308 19
C 309 24
C 310 16
C 311 26
C 312 7
C 313 25
C 314 16
C 315 17
C 316 8
C 317 2
C 318 23
C 319 3
C 320 19
C 321 16
C 322 11
C 323 20
C 324 9
C 325 1
C 326 10
C 327 16
C 328 0
C 329 23
C 330 4
C 331 14
C 332 16
C 333 19
C 334 3
C 335 18
C 336 6
C 337 20
C 338 26
C 339 22
C 340 19
C 341 20
C 342 8
C 343 3
C 344 22
C 345 0
C 346 15
C 347 23
C 348 21
C 349 22
C 350 24
C 351 26
C 352 16
C 353 24
C 354 19
C 355 11
C 356 24
C 357 26
C 358 23
C 359 24
C 360 8
C 361 26
C 362 19
C 363 14
C 364 20
C 365 9
C 366 26
C 367 10
C 368 24
C 369 12
C 370 5
C 371 9
C 372 20
C 373 16
C 374 1
C 375 21
C 376 11
C 377 16
I 0 2 17 (5,0,5) (0,0,-1,0)|(0,0,-1,0)|(-1,-1,1,0)|(0,0,0,0)
I 4 3 17 (1,1,2) (1,-1,-1,0)
I 5 2 12 (2,1,0) (1,1,-1,0)
