D (8,9,10) (1,3,4)
D (8,-1,-1) (5,4,1)
D (11,12,-1) (0,2,3)
D (11,12,-1) (3,0,0)
D (13,-1,-1) (5,3,4)
D (6,7,8) (4,4,1)
D (8,-1,-1) (4,2,0)
D (12,13,-1) (3,1,4)
D (13,-1,-1) (2,1,5)
D (11,-1,-1) (5,2,5)
D (12,13,-1) (2,5,1)
D (9,-1,-1) (1,3,5)
D (7,8,-1) (5,1,5)
D (8,-1,-1) (3,0,4)
D (6,7,8) (2,0,0)
D (9,10,-1) (1,5,3)
D (7,-1,-1) (1,0,0)
D (7,8,-1) (0,4,0)
D (8,9,-1) (1,0,1)
D (10,11,-1) (0,5,1)
D (10,11,-1) (4,4,3)
D (7,-1,-1) (5,5,5)
D (12,13,-1) (1,5,1)
D (6,7,8) (4,1,3)
D (10,-1,-1) (3,2,3)
D (13,-1,-1) (4,5,0)
D (10,11,-1) (0,0,3)
D (10,-1,-1) (0,1,3)
D (13,-1,-1) (4,0,1)
D (9,10,11) (5,0,1)
D (9,10,11) (4,4,0)
D (12,13,-1) (3,5,1)
D (9,10,-1) (0,3,1)
D (7,-1,-1) (5,5,1)
D (11,12,13) (1,2,3)
D (7,8,9) (4,3,0)
D (13,-1,-1) (2,3,5)
D (9,12,11) (1,5,2)
D (6,7,-1) (5,5,4)
D (6,7,8) (4,5,1)
D (9,10,11) (5,2,0)
D (10,11,-1) (5,2,3)
D (8,-1,-1) (3,0,2)
D (11,12,13) (1,0,4)
D (12,13,-1) (3,5,4)
D (7,-1,-1) (1,2,4)
C 0 21
C 1 7
C 2 19
C 3 21
C 4 18
C 5 19
C 6 7
C 7 10
C 8 16
C 9 3
C 10 18
C 11 10
C 12 24
C 13 26
C 14 12
C 15 7
C 16 3
C 17 15
C 18 19
C 19 16
C 20 4
C 21 1
C 22 15
C 23 25
C 24 9
C 25 5
C 26 9
C 27 2
C 28 24
C 29 12
C 30 3
C 31 14
C 32 25
C 33 6
C 34 23
C 35 16
C 36 11
C 37 2
C 38 25
C 39 17
C 40 17
C 41 9
C 42 15
C 43 0
C 44 5
C 45 0
C 46 0
C 47 0
C 48 0
C 49 0
C 50 0
C 51 0
C 52 0
C 53 0
C 54 0
C 55 5
C 56 0
C 57 0
C 58 0
C 59 0
C 60 0
C 61 0
C 62 0
C 63 0
C 64 0
C 65 0
C 66 0
C 67 0
C 68 0
C 69 0
C 70 0
C 71 0
C 72 0
C 73 0
C 74 0
C 75 0
C 76 0
C 77 0
C 78 0
C 79 0
C 80 0
C 81 0
C 82 0
C 83 0
C 84 0
C 85 0
C 86 0
C 87 0
C 88 0
C 89 0
C 90 0
C 91 0
C 92 0
C 93 0
C 94 0
C 95 0
C 96 0
C 97 0
C 98 0
C 99 0
C 100 0
C 101 0
C 102 0
C 103 0
C 104 0
C 105 0
C 106 0
C 107 0
C 108 0
C 109 0
C 110 0
C 111 0
C 112 0
C 113 0
C 114 0
C 115 0
C 116 0
C 117 0
C 118 0
C 119 0
C 120 0
C 121 0
C 122 0
C 123 0
C 124 0
C 125 0
C 126 0
C 127 0
C 128 0
C 129 0
C 130 0
C 131 0
C 132 0
C 133 0
C 134 0
C 135 0
C 136 0
C 137 0
C 138 0
C 139 0
C 140 0
C 141 0
C 142 0
C 143 0
C 144 0
C 145 0
C 146 0
C 147 0
C 148 0
C 149 0
C 150 0
C 151 0
C 152 0
C 153 0
C 154 0
C 155 0
C 156 0
C 157 0
C 158 0
C 159 0
C 160 0
C 161 0
C 162 0
C 163 0
C 164 0
C 165 0
C 166 0
C 167 0
C 168 0
C 169 0
C 170 0
C 171 0
C 172 0
C 173 0
C 174 0
C 175 0
C 176 0
C 177 0
C 178 0
C 179 0
C 180 0
C 181 0
C 182 0
C 183 0
C 184 0
C 185 0
C 186 0
C 187 0
C 188 0
C 189 0
C 190 0
C 191 0
C 192 0
C 193 0
C 194 0
C 195 0
C 196 0
C 197 0
C 198 0
C 199 0
C 200 0
C 201 0
C 202 0
C 203 0
C 204 0
C 205 0
C 206 0
C 207 0
C 208 0
C 209 0
C 210 0
C 211 0
C 212 0
C 213 0
C 214 0
C 215 0
C 216 0
C 217 21
C 218 5
C 219 21
C 220 21
C 221 21
C 222 11
C 223 4
C 224 22
C 225 25
C 226 0
C 227 2
C 228 17
C 229 18
C 230 10
C 231 19
C 232 9
C 233 7
C 234 24
C 235 3
C 236 11
C 237 8
C 238 20
C 239 15
C 240 8
C 241 26
C 242 19
C 243 21
C 244 1
C 245 19
C 246 17
C 247 23
C 248 9
C 249 7
C 250 12
C 251 16
C 252 5
C 253 0
C 254 6
C 255 25
C 256 6
C 257 2
C 258 15
C 259 4
C 260 9
C 261 16
C 262 14
C 263 17
C 264 16
C 265 0
C 266 0
C 267 0
C 268 0
C 269 0
C 270 0
C 271 0
C 272 0
C 273 0
C 274 0
C 275 0
C 276 0
C 277 0
C 278 0
C 279 0
C 280 0
C 281 12
C 282 1
C 283 25
C 284 5
C 285 15
C 286 6
C 287 24
C 288 12
C 289 7
C 290 20
C 291 7
C 292 1
C 293 21
C 294 15
C 295 22
C 296 18
C 297 10
C 298 11
C 299 0
C 300 2
C 301 12
C 302 11
C 303 18
C 304 16
C 305 25
C 306 12
C 307 3
C 308 1
C 309 3
C 310 14
C 311 6
C 312 26
C 313 20
C 314 19
C 315 11
C 316 2
C 317 7
C 318 0
C 319 0
C 320 0
C 321 0
C 322 0
C 323 0
C 324 0
C 325 0
C 326 4
C 327 8
C 328 3
C 329 2
C 330 20
C 331 0
C 332 15
C 333 24
C 334 1
C 335 25
C 336 4
C 337 18
C 338 7
C 339 12
C 340 12
C 341 11
C 342 24
C 343 9
C 344 3
C 345 8
C 346 1
C 347 20
C 348 16
C 349 1
C 350 2
C 351 17
C 352 6
C 353 10
C 354 10
C 355 2
C 356 24
C 357 7
C 358 23
C 359 19
C 360 26
C 361 1
C 362 11
C 363 0
C 364 7
C 365 19
C 366 7
C 367 2
C 368 25
C 369 26
C 370 5
C 371 26
C 372 20
C 373 4
C 374 25
C 375 1
C 376 1
C 377 14
I 1 3 2 (4,2,1) (0,1,0,0)|(0,1,-1,0)|(-1,0,0,0)
I 4 2 7 (5,0,1) (-1,1,1,0)
