D (12,13,-1) (4,0,5)
D (7,8,9) (5,1,1)
D (10,11,12) (1,4,1)
D (13,-1,-1) (3,3,5)
D (6,7,-1) (5,5,2)
D (12,13,-1) (4,3,4)
D (13,-1,-1) (5,2,4)
D (9,10,11) (1,0,3)
D (11,-1,-1) (5,4,0)
D (11,-1,-1) (2,1,3)
D (7,8,-1) (4,2,5)
D (10,11,12) (2,0,0)
D (8,9,-1) (3,4,1)
D (7,-1,-1) (1,5,4)
D (12,13,-1) (4,4,3)
D (11,12,-1) (5,5,1)
D (12,13,-1) (5,3,2)
D (11,12,-1) (5,0,4)
D (12,13,-1) (5,0,0)
D (9,10,11) (4,0,0)
D (6,-1,-1) (4,2,1)
D (13,-1,-1) (2,3,4)
D (9,-1,-1) (0,4,3)
D (6,7,-1) (1,2,1)
D (10,-1,-1) (0,2,0)
D (6,-1,-1) (3,4,0)
D (11,12,-1) (3,0,1)
D (12,13,-1) (1,4,3)
D (8,-1,-1) (0,2,4)
D (12,-1,-1) (1,2,2)
D (6,-1,-1) (4,2,4)
D (11,12,13) (5,4,4)
D (7,8,9) (5,4,1)
D (7,8,9) (3,5,0)
D (11,12,13) (0,0,4)
D (7,8,9) (0,5,1)
D (7,8,9) (3,2,5)
D (7,8,9) (4,0,3)
D (10,11,-1) (2,0,3)
D (13,-1,-1) (4,2,0)
D (7,-1,-1) (1,2,0)
D (7,-1,-1) (0,3,3)
D (11,12,-1) (5,1,0)
D (6,7,8) (0,2,3)
D (7,-1,-1) (3,3,1)
D (8,-1,-1) (2,1,1)
D (10,11,-1) (1,3,4)
D (13,-1,-1) (2,2,5)
D (13,-1,-1) (4,4,1)
D (11,-1,-1) (4,5,5)
D (12,13,-1) (0,3,1)
D (12,13,-1) (4,4,4)
C 0 12
C 1 18
C 2 22
C 3 10
C 4 0
C 5 0
C 6 0
C 7 0
C 8 0
C 9 0
C 10 0
C 11 18
C 12 23
C 13 1
C 14 11
C 15 23
C 16 5
C 17 22
C 18 17
C 19 15
C 20 11
C 21 19
C 22 1
C 23 16
C 24 3
C 25 9
C 26 16
C 27 10
C 28 10
C 29 16
C 30 3
C 31 24
C 32 7
C 33 18
C 34 26
C 35 15
C 36 9
C 37 21
C 38 26
C 39 7
C 40 3
C 41 19
C 42 21
C 43 25
C 44 17
C 45 11
C 46 5
C 47 15
C 48 7
C 49 26
C 50 15
C 51 16
C 52 15
C 53 7
C 54 15
C 55 15
C 56 10
C 57 9
C 58 15
C 59 26
C 60 11
C 61 2
C 62 8
C 63 18
C 64 3
C 65 21
C 66 1
C 67 14
C 68 11
C 69 4
C 70 24
C 71 25
C 72 11
C 73 11
C 74 3
C 75 15
C 76 25
C 77 19
C 78 19
C 79 0
C 80 7
C 81 8
C 82 5
C 83 22
C 84 26
C 85 0
C 86 0
C 87 0
C 88 0
C 89 0
C 90 0
C 91 0
C 92 0
C 93 0
C 94 0
C 95 0
C 96 0
C 97 0
C 98 0
C 99 16
C 100 12
C 101 8
C 102 22
C 103 16
C 104 10
C 105 18
C 106 15
C 107 22
C 108 5
C 109 22
C 110 11
C 111 9
C 112 3
C 113 1
C 114 19
C 115 20
C 116 20
C 117 1
C 118 9
C 119 18
C 120 0
C 121 21
C 122 26
C 123 18
C 124 26
C 125 20
C 126 0
C 127 0
C 128 0
C 129 0
C 130 0
C 131 0
C 132 0
C 133 0
C 134 0
C 135 0
C 136 0
C 137 0
C 138 0
C 139 0
C 140 0
C 141 0
C 142 0
C 143 0
C 144 0
C 145 0
C 146 0
C 147 0
C 148 0
C 149 0
C 150 0
C 151 0
C 152 0
C 153 0
C 154 0
C 155 16
C 156 16
C 157 24
C 158 18
C 159 22
C 160 19
C 161 26
C 162 20
C 163 22
C 164 17
C 165 10
C 166 19
C 167 1
C 168 20
C 169 11
C 170 3
C 171 18
C 172 24
C 173 16
C 174 2
C 175 2
C 176 0
C 177 2
C 178 26
C 179 10
C 180 9
C 181 18
C 182 5
C 183 16
C 184 10
C 185 20
C 186 1
C 187 19
C 188 1
C 189 22
C 190 17
C 191 20
C 192 4
C 193 20
C 194 26
C 195 26
C 196 18
C 197 2
C 198 1
C 199 10
C 200 6
C 201 25
C 202 1
C 203 12
C 204 3
C 205 15
C 206 7
C 207 2
C 208 3
C 209 5
C 210 0
C 211 11
C 212 19
C 213 14
C 214 23
C 215 1
C 216 0
C 217 3
C 218 17
C 219 0
C 220 24
C 221 14
C 222 5
C 223 14
C 224 6
C 225 16
C 226 20
C 227 0
C 228 12
C 229 10
C 230 10
C 231 14
C 232 22
C 233 26
C 234 14
C 235 25
C 236 7
C 237 1
C 238 24
C 239 25
C 240 26
C 241 25
C 242 4
C 243 26
C 244 7
C 245 22
C 246 26
C 247 11
C 248 24
C 249 3
C 250 11
C 251 1
C 252 2
C 253 24
C 254 21
C 255 8
C 256 26
C 257 4
C 258 7
C 259 24
C 260 3
C 261 18
C 262 17
C 263 6
C 264 17
C 265 17
C 266 21
C 267 8
C 268 11
C 269 5
C 270 14
C 271 3
C 272 14
C 273 14
C 274 17
C 275 9
C 276 19
C 277 26
C 278 16
C 279 3
C 280 24
C 281 23
C 282 2
C 283 25
C 284 0
C 285 6
C 286 25
C 287 10
C 288 8
C 289 18
C 290 3
C 291 2
C 292 1
C 293 8
C 294 23
C 295 16
C 296 23
C 297 5
C 298 2
C 299 2
C 300 25
C 301 1
C 302 10
C 303 19
C 304 23
C 305 10
C 306 18
C 307 3
C 308 10
C 309 21
C 310 12
C 311 12
C 312 22
C 313 6
C 314 21
C 315 10
C 316 6
C 317 0
C 318 0
C 319 26
C 320 3
C 321 23
C 322 5
C 323 2
C 324 14
C 325 20
C 326 17
C 327 8
C 328 9
C 329 15
C 330 7
C 331 16
C 332 12
C 333 19
C 334 10
C 335 11
C 336 12
C 337 1
C 338 6
C 339 8
C 340 25
C 341 12
C 342 2
C 343 21
C 344 20
C 345 8
C 346 20
C 347 17
C 348 17
C 349 8
C 350 22
C 351 19
C 352 9
C 353 23
C 354 18
C 355 12
C 356 22
C 357 16
C 358 1
C 359 23
C 360 20
C 361 4
C 362 7
C 363 11
C 364 24
C 365 11
C 366 26
C 367 19
C 368 18
C 369 7
C 370 3
C 371 11
C 372 4
C 373 25
C 374 12
C 375 17
C 376 9
C 377 8
I 0 2 10 (4,4,0) (-1,-1,0,0)|(1,1,0,0)
I 1 1 13 (3,3,3) (-1,-1,0,0)|(0,-1,-1,0)
I 5 3 14 (2,5,5) (-1,0,-1,0)
