D (13,-1,-1) (5,1,2)
D (10,11,12) (5,4,4)
D (8,-1,-1) (4,1,5)
D (12,13,-1) (5,5,2)
D (10,-1,-1) (4,4,0)
D (6,7,-1) (4,4,3)
D (13,-1,-1) (5,1,1)
D (11,12,13) (5,4,1)
D (6,7,8) (5,1,3)
D (11,12,-1) (1,5,2)
D (13,-1,-1) (3,1,2)
D (12,-1,-1) (5,2,2)
D (6,7,-1) (1,1,3)
D (11,12,13) (5,2,5)
D (11,12,-1) (5,4,5)
D (8,-1,-1) (4,0,3)
D (13,-1,-1) (2,0,5)
D (7,-1,-1) (1,4,5)
D (11,12,13) (5,1,4)
D (11,12,-1) (3,3,5)
D (11,12,-1) (2,0,1)
D (9,10,-1) (2,0,4)
D (10,11,-1) (0,4,3)
D (9,-1,-1) (3,2,3)
D (8,-1,-1) (1,0,3)
D (7,8,-1) (0,2,0)
D (10,11,-1) (0,3,3)
D (9,10,11) (5,3,3)
D (13,-1,-1) (4,0,1)
D (9,10,-1) (2,4,5)
D (9,10,11) (3,2,4)
D (13,-1,-1) (3,3,1)
D (10,-1,-1) (2,3,3)
D (11,12,13) (0,0,4)
D (6,7,-1) (4,3,4)
D (6,7,8) (2,0,3)
D (6,7,8) (3,2,5)
D (12,13,-1) (2,4,2)
D (12,13,-1) (2,3,2)
D (9,10,11) (1,5,4)
D (13,-1,-1) (1,1,1)
D (7,8,-1) (3,3,0)
D (7,8,9) (4,2,4)
D (9,-1,-1) (4,5,1)
D (6,-1,-1) (3,5,2)
D (8,9,-1) (2,4,1)
D (7,-1,-1) (2,2,0)
D (12,-1,-1) (1,1,0)
D (9,10,11) (1,4,3)
D (12,13,-1) (0,1,1)
D (12,13,-1) (0,3,2)
D (11,12,13) (1,3,0)
C 0 21
C 1 8
C 2 10
C 3 14
C 4 10
C 5 15
C 6 5
C 7 18
C 8 21
C 9 22
C 10 0
C 11 0
C 12 0
C 13 0
C 14 0
C 15 0
C 16 0
C 17 0
C 18 0
C 19 0
C 20 0
C 21 0
C 22 0
C 23 0
C 24 0
C 25 0
C 26 0
C 27 0
C 28 0
C 29 0
C 30 0
C 31 0
C 32 0
C 33 0
C 34 0
C 35 0
C 36 0
C 37 0
C 38 0
C 39 0
C 40 0
C 41 0
C 42 0
C 43 0
C 44 0
C 45 0
C 46 0
C 47 0
C 48 0
C 49 0
C 50 0
C 51 0
C 52 0
C 53 0
C 54 0
C 55 0
C 56 0
C 57 0
C 58 0
C 59 0
C 60 0
C 61 0
C 62 26
C 63 15
C 64 26
C 65 15
C 66 17
C 67 0
C 68 22
C 69 4
C 70 17
C 71 24
C 72 26
C 73 2
C 74 0
C 75 18
C 76 12
C 77 2
C 78 4
C 79 18
C 80 22
C 81 17
C 82 7
C 83 18
C 84 19
C 85 16
C 86 0
C 87 6
C 88 18
C 89 19
C 90 14
C 91 16
C 92 11
C 93 8
C 94 11
C 95 6
C 96 15
C 97 14
C 98 10
C 99 14
C 100 17
C 101 11
C 102 16
C 103 19
C 104 15
C 105 14
C 106 0
C 107 22
C 108 24
C 109 0
C 110 0
C 111 10
C 112 15
C 113 0
C 114 9
C 115 15
C 116 17
C 117 23
C 118 16
C 119 23
C 120 19
C 121 6
C 122 0
C 123 0
C 124 0
C 125 0
C 126 10
C 127 14
C 128 14
C 129 24
C 130 3
C 131 0
C 132 10
C 133 0
C 134 0
C 135 0
C 136 0
C 137 0
C 138 0
C 139 0
C 140 0
C 141 0
C 142 0
C 143 0
C 144 0
C 145 0
C 146 0
C 147 5
C 148 16
C 149 16
C 150 23
C 151 12
C 152 8
C 153 16
C 154 20
C 155 12
C 156 6
C 157 14
C 158 1
C 159 18
C 160 8
C 161 21
C 162 0
C 163 24
C 164 2
C 165 19
C 166 8
C 167 21
C 168 7
C 169 14
C 170 23
C 171 23
C 172 19
C 173 24
C 174 12
C 175 23
C 176 10
C 177 16
C 178 5
C 179 19
C 180 5
C 181 23
C 182 12
C 183 24
C 184 14
C 185 15
C 186 2
C 187 23
C 188 25
C 189 18
C 190 7
C 191 6
C 192 16
C 193 0
C 194 23
C 195 15
C 196 25
C 197 23
C 198 19
C 199 15
C 200 22
C 201 2
C 202 4
C 203 19
C 204 25
C 205 14
C 206 18
C 207 16
C 208 20
C 209 5
C 210 18
C 211 12
C 212 2
C 213 8
C 214 15
C 215 0
C 216 6
C 217 5
C 218 16
C 219 24
C 220 0
C 221 14
C 222 20
C 223 6
C 224 20
C 225 20
C 226 16
C 227 22
C 228 21
C 229 4
C 230 1
C 231 12
C 232 11
C 233 15
C 234 7
C 235 14
C 236 19
C 237 9
C 238 2
C 239 9
C 240 12
C 241 5
C 242 23
C 243 2
C 244 18
C 245 18
C 246 9
C 247 0
C 248 9
C 249 24
C 250 22
C 251 18
C 252 15
C 253 7
C 254 1
C 255 12
C 256 2
C 257 0
C 258 23
C 259 7
C 260 15
C 261 19
C 262 15
C 263 26
C 264 20
C 265 11
C 266 15
C 267 5
C 268 14
C 269 11
C 270 20
C 271 10
C 272 2
C 273 22
C 274 16
C 275 9
C 276 11
C 277 5
C 278 10
C 279 3
C 280 9
C 281 1
C 282 0
C 283 0
C 284 0
C 285 0
C 286 0
C 287 0
C 288 0
C 289 0
C 290 0
C 291 0
C 292 0
C 293 0
C 294 0
C 295 0
C 296 0
C 297 0
C 298 0
C 299 0
C 300 0
C 301 0
C 302 0
C 303 0
C 304 0
C 305 0
C 306 0
C 307 0
C 308 0
C 309 0
C 310 0
C 311 0
C 312 0
C 313 0
C 314 0
C 315 0
C 316 0
C 317 0
C 318 0
C 319 0
C 320 0
C 321 0
C 322 0
C 323 0
C 324 0
C 325 0
C 326 0
C 327 11
C 328 0
C 329 0
C 330 0
C 331 0
C 332 0
C 333 0
C 334 0
C 335 0
C 336 0
C 337 0
C 338 0
C 339 0
C 340 0
C 341 0
C 342 0
C 343 0
C 344 0
C 345 0
C 346 0
C 347 0
C 348 0
C 349 0
C 350 0
C 351 26
C 352 24
C 353 7
C 354 23
C 355 23
C 356 25
C 357 25
C 358 1
C 359 6
C 360 12
C 361 20
C 362 4
C 363 17
C 364 3
C 365 4
C 366 7
C 367 2
C 368 25
C 369 19
C 370 7
C 371 5
C 372 20
C 373 2
C 374 26
C 375 17
C 376 23
C 377 5
I 0 3 7 (2,2,5) (0,-1,-1,0)|(-1,1,-1,0)
I 2 3 10 (3,0,3) (-1,1,-1,0)
I 1 3 17 (5,2,1) (-1,-1,-1,0)|(-1,0,1,0)|(-1,0,0,0)
