D (10,11,12) (3,3,3)
D (10,11,-1) (1,3,1)
D (6,7,8) (3,1,4)
D (10,11,12) (0,5,5)
D (12,13,-1) (2,5,2)
D (10,11,12) (5,5,1)
D (10,-1,-1) (2,3,0)
D (8,9,-1) (1,4,5)
D (8,-1,-1) (5,4,3)
D (11,12,13) (3,5,4)
D (7,8,9) (3,2,2)
D (8,9,11) (3,4,3)
D (7,8,-1) (2,4,3)
D (12,13,-1) (4,5,0)
D (12,-1,-1) (0,5,0)
D (10,-1,-1) (2,5,1)
D (9,10,-1) (5,2,3)
D (9,10,11) (3,4,1)
D (12,-1,-1) (4,2,2)
D (8,9,-1) (5,2,2)
D (8,9,10) (5,2,1)
D (9,10,-1) (3,0,2)
D (13,-1,-1) (0,0,5)
D (13,-1,-1) (1,2,0)
D (11,12,13) (4,3,5)
D (12,-1,-1) (4,4,0)
D (7,8,-1) (1,2,2)
D (13,-1,-1) (1,3,2)
D (8,-1,-1) (3,3,5)
D (11,12,13) (3,0,4)
D (6,-1,-1) (2,1,3)
D (13,-1,-1) (4,4,1)
D (11,12,13) (5,0,2)
D (6,7,8) (0,3,2)
D (11,-1,-1) (0,0,3)
D (11,-1,-1) (1,1,5)
D (9,-1,-1) (0,0,4)
D (9,10,11) (4,1,5)
D (6,7,8) (4,3,0)
D (11,12,-1) (5,1,1)
D (12,-1,-1) (3,1,5)
D (11,12,13) (1,2,4)
D (9,-1,-1) (4,5,2)
D (8,9,10) (0,3,1)
C 0 4
C 1 20
C 2 1
C 3 11
C 4 14
C 5 7
C 6 11
C 7 26
C 8 15
C 9 8
C 10 7
C 11 18
C 12 14
C 13 0
C 14 1
C 15 25
C 16 2
C 17 2
C 18 20
C 19 24
C 20 10
C 21 2
C 22 24
C 23 20
C 24 8
C 25 19
C 26 14
C 27 26
C 28 20
C 29 23
C 30 20
C 31 15
C 32 14
C 33 25
C 34 6
C 35 12
C 36 23
C 37 16
C 38 17
C 39 10
C 40 0
C 41 23
C 42 0
C 43 14
C 44 19
C 45 9
C 46 14
C 47 26
C 48 3
C 49 0
C 50 4
C 51 7
C 52 17
C 53 10
C 54 19
C 55 1
C 56 17
C 57 16
C 58 5
C 59 12
C 60 2
C 61 4
C 62 22
C 63 10
C 64 4
C 65 24
C 66 5
C 67 1
C 68 5
C 69 3
C 70 23
C 71 5
C 72 18
C 73 17
C 74 1
C 75 12
C 76 10
C 77 7
C 78 4
C 79 14
C 80 10
C 81 26
C 82 8
C 83 20
C 84 18
C 85 11
C 86 5
C 87 10
C 88 5
C 89 18
C 90 18
C 91 14
C 92 20
C 93 18
C 94 1
C 95 5
C 96 12
C 97 9
C 98 14
C 99 6
C 100 12
C 101 9
C 102 16
C 103 4
C 104 19
C 105 16
C 106 5
C 107 1
C 108 6
C 109 11
C 110 7
C 111 16
C 112 1
C 113 25
C 114 5
C 115 0
C 116 0
C 117 0
C 118 0
C 119 0
C 120 0
C 121 0
C 122 0
C 123 0
C 124 0
C 125 0
C 126 0
C 127 0
C 128 0
C 129 0
C 130 0
C 131 0
C 132 0
C 133 0
C 134 0
C 135 0
C 136 0
C 137 0
C 138 0
C 139 0
C 140 0
C 141 0
C 142 0
C 143 0
C 144 0
C 145 0
C 146 0
C 147 0
C 148 0
C 149 0
C 150 0
C 151 0
C 152 0
C 153 0
C 154 0
C 155 0
C 156 0
C 157 0
C 158 0
C 159 0
C 160 0
C 161 0
C 162 0
C 163 0
C 164 0
C 165 0
C 166 0
C 167 0
C 168 0
C 169 0
C 170 0
C 171 0
C 172 0
C 173 0
C 174 0
C 175 0
C 176 0
C 177 0
C 178 0
C 179 0
C 180 0
C 181 0
C 182 0
C 183 0
C 184 0
C 185 0
C 186 0
C 187 0
C 188 0
C 189 0
C 190 0
C 191 0
C 192 0
C 193 0
C 194 0
C 195 0
C 196 0
C 197 0
C 198 0
C 199 0
C 200 0
C 201 0
C 202 0
C 203 20
C 204 0
C 205 0
C 206 0
C 207 0
C 208 0
C 209 0
C 210 0
C 211 0
C 212 0
C 213 0
C 214 0
C 215 0
C 216 0
C 217 0
C 218 0
C 219 0
C 220 0
C 221 19
C 222 18
C 223 6
C 224 6
C 225 14
C 226 23
C 227 9
C 228 18
C 229 3
C 230 19
C 231 18
C 232 15
C 233 16
C 234 8
C 235 21
C 236 24
C 237 12
C 238 16
C 239 12
C 240 24
C 241 9
C 242 1
C 243 21
C 244 9
C 245 24
C 246 3
C 247 26
C 248 11
C 249 3
C 250 9
C 251 14
C 252 12
C 253 6
C 254 2
C 255 0
C 256 14
C 257 9
C 258 11
C 259 16
C 260 14
C 261 5
C 262 18
C 263 19
C 264 19
C 265 25
C 266 2
C 267 1
C 268 4
C 269 14
C 270 7
C 271 23
C 272 15
C 273 26
C 274 18
C 275 25
C 276 7
C 277 21
C 278 23
C 279 14
C 280 3
C 281 3
C 282 7
C 283 20
C 284 7
C 285 19
C 286 18
C 287 15
C 288 3
C 289 11
C 290 19
C 291 19
C 292 7
C 293 6
C 294 4
C 295 0
C 296 0
C 297 0
C 298 0
C 299 0
C 300 0
C 301 0
C 302 0
C 303 0
C 304 0
C 305 20
C 306 4
C 307 14
C 308 2
C 309 11
C 310 19
C 311 19
C 312 21
C 313 8
C 314 23
C 315 15
C 316 24
C 317 21
C 318 8
C 319 18
C 320 0
C 321 21
C 322 20
C 323 14
C 324 0
C 325 6
C 326 17
C 327 8
C 328 3
C 329 24
C 330 10
C 331 10
C 332 23
C 333 1
C 334 9
C 335 20
C 336 11
C 337 6
C 338 4
C 339 7
C 340 8
C 341 8
C 342 20
C 343 3
C 344 2
C 345 9
C 346 20
C 347 10
C 348 14
C 349 21
C 350 11
C 351 7
C 352 18
C 353 8
C 354 11
C 355 11
C 356 9
C 357 23
C 358 17
C 359 25
C 360 17
C 361 26
C 362 12
C 363 12
C 364 5
C 365 26
C 366 24
C 367 6
C 368 6
C 369 21
C 370 14
C 371 9
C 372 15
C 373 22
C 374 5
C 375 6
C 376 15
C 377 21
I 5 3 15 (5,5,4) (0,0,1,0)
I 0 2 20 (5,1,4) (-1,0,0,0)|(1,-1,-1,0)
I 4 3 8 (1,0,1) (-1,-1,0,0)
