D (9,10,11) (1,5,0)
D (9,10,11) (5,1,4)
D (11,12,-1) (3,3,2)
D (10,11,-1) (4,1,4)
D (7,8,11) (1,3,5)
D (10,-1,-1) (2,4,0)
D (10,11,-1) (5,3,4)
D (12,13,-1) (4,1,1)
D (8,-1,-1) (1,0,2)
D (8,9,10) (2,4,5)
D (10,11,12) (1,4,3)
D (9,10,-1) (4,3,0)
D (10,11,-1) (4,0,0)
D (7,8,-1) (1,5,5)
D (12,13,-1) (1,2,1)
D (9,10,11) (2,5,0)
D (11,-1,-1) (1,0,4)
D (12,13,-1) (0,5,2)
D (9,10,-1) (5,1,1)
D (12,13,-1) (4,5,5)
D (9,10,-1) (2,3,2)
D (11,12,-1) (1,2,5)
D (13,-1,-1) (4,5,3)
D (6,7,-1) (3,3,1)
D (11,12,-1) (5,2,5)
D (13,-1,-1) (3,1,4)
D (6,7,-1) (3,3,0)
D (7,-1,-1) (4,5,1)
D (12,13,-1) (4,3,1)
D (6,7,8) (2,4,3)
D (8,-1,-1) (5,0,1)
D (11,12,13) (0,1,3)
D (9,-1,-1) (3,1,2)
D (7,-1,-1) (5,5,5)
D (10,11,-1) (3,3,4)
D (7,-1,-1) (1,2,2)
D (8,9,10) (4,3,2)
D (8,9,-1) (5,4,2)
D (10,11,12) (2,5,4)
D (8,-1,-1) (3,4,2)
D (7,8,-1) (3,5,2)
D (12,-1,-1) (4,2,1)
D (8,-1,-1) (2,0,3)
D (9,10,-1) (2,3,1)
D (12,13,-1) (5,0,0)
D (11,12,-1) (2,4,2)
D (7,8,-1) (4,1,0)
D (10,11,12) (3,2,0)
D (9,10,-1) (3,2,3)
D (13,-1,-1) (4,4,2)
C 0 3
C 1 5
C 2 23
C 3 4
C 4 19
C 5 16
C 6 26
C 7 14
C 8 9
C 9 0
C 10 11
C 11 1
C 12 22
C 13 11
C 14 26
C 15 12
C 16 4
C 17 23
C 18 8
C 19 17
C 20 24
C 21 12
C 22 1
C 23 15
C 24 12
C 25 20
C 26 14
C 27 4
C 28 8
C 29 24
C 30 17
C 31 18
C 32 10
C 33 21
C 34 7
C 35 0
C 36 5
C 37 7
C 38 20
C 39 25
C 40 4
C 41 24
C 42 18
C 43 22
C 44 16
C 45 22
C 46 1
C 47 22
C 48 25
C 49 14
C 50 14
C 51 20
C 52 8
C 53 6
C 54 21
C 55 17
C 56 0
C 57 0
C 58 0
C 59 0
C 60 0
C 61 0
C 62 0
C 63 0
C 64 0
C 65 0
C 66 0
C 67 7
C 68 4
C 69 8
C 70 14
C 71 2
C 72 26
C 73 7
C 74 10
C 75 20
C 76 18
C 77 0
C 78 4
C 79 25
C 80 12
C 81 0
C 82 9
C 83 2
C 84 24
C 85 15
C 86 26
C 87 17
C 88 22
C 89 12
C 90 5
C 91 26
C 92 18
C 93 7
C 94 25
C 95 4
C 96 23
C 97 22
C 98 25
C 99 7
C 100 18
C 101 18
C 102 4
C 103 14
C 104 4
C 105 26
C 106 0
C 107 22
C 108 8
C 109 12
C 110 17
C 111 20
C 112 16
C 113 1
C 114 22
C 115 9
C 116 16
C 117 20
C 118 26
C 119 17
C 120 21
C 121 0
C 122 20
C 123 8
C 124 22
C 125 0
C 126 0
C 127 0
C 128 0
C 129 0
C 130 0
C 131 0
C 132 0
C 133 0
C 134 0
C 135 0
C 136 0
C 137 0
C 138 0
C 139 0
C 140 0
C 141 0
C 142 0
C 143 0
C 144 0
C 145 0
C 146 0
C 147 0
C 148 0
C 149 0
C 150 0
C 151 0
C 152 0
C 153 0
C 154 0
C 155 0
C 156 0
C 157 0
C 158 0
C 159 0
C 160 0
C 161 0
C 162 0
C 163 0
C 164 0
C 165 0
C 166 0
C 167 0
C 168 0
C 169 0
C 170 0
C 171 0
C 172 0
C 173 0
C 174 0
C 175 0
C 176 0
C 177 0
C 178 0
C 179 0
C 180 0
C 181 0
C 182 0
C 183 0
C 184 0
C 185 0
C 186 0
C 187 0
C 188 0
C 189 0
C 190 0
C 191 8
C 192 0
C 193 0
C 194 0
C 195 0
C 196 0
C 197 0
C 198 0
C 199 0
C 200 0
C 201 0
C 202 0
C 203 0
C 204 0
C 205 0
C 206 0
C 207 0
C 208 0
C 209 0
C 210 0
C 211 0
C 212 0
C 213 0
C 214 0
C 215 0
C 216 0
C 217 0
C 218 0
C 219 0
C 220 0
C 221 0
C 222 0
C 223 0
C 224 0
C 225 0
C 226 0
C 227 0
C 228 0
C 229 0
C 230 0
C 231 0
C 232 0
C 233 0
C 234 0
C 235 0
C 236 0
C 237 0
C 238 0
C 239 0
C 240 0
C 241 0
C 242 0
C 243 0
C 244 0
C 245 0
C 246 0
C 247 0
C 248 0
C 249 0
C 250 0
C 251 0
C 252 0
C 253 0
C 254 0
C 255 0
C 256 0
C 257 0
C 258 0
C 259 0
C 260 0
C 261 0
C 262 0
C 263 0
C 264 0
C 265 0
C 266 0
C 267 0
C 268 0
C 269 0
C 270 0
C 271 0
C 272 0
C 273 0
C 274 0
C 275 0
C 276 0
C 277 0
C 278 0
C 279 0
C 280 0
C 281 0
C 282 0
C 283 0
C 284 0
C 285 0
C 286 0
C 287 0
C 288 0
C 289 0
C 290 0
C 291 0
C 292 0
C 293 0
C 294 0
C 295 0
C 296 0
C 297 0
C 298 0
C 299 0
C 300 0
C 301 0
C 302 0
C 303 0
C 304 0
C 305 0
C 306 0
C 307 0
C 308 0
C 309 0
C 310 0
C 311 0
C 312 0
C 313 0
C 314 0
C 315 0
C 316 0
C 317 0
C 318 0
C 319 0
C 320 0
C 321 17
C 322 7
C 323 6
C 324 17
C 325 18
C 326 16
C 327 11
C 328 7
C 329 22
C 330 23
C 331 3
C 332 9
C 333 8
C 334 20
C 335 20
C 336 25
C 337 5
C 338 6
C 339 18
C 340 22
C 341 18
C 342 7
C 343 3
C 344 24
C 345 20
C 346 14
C 347 6
C 348 25
C 349 1
C 350 11
C 351 19
C 352 23
C 353 10
C 354 3
C 355 19
C 356 9
C 357 12
C 358 14
C 359 17
C 360 20
C 361 16
C 362 0
C 363 22
C 364 10
C 365 6
C 366 4
C 367 20
C 368 5
C 369 17
C 370 16
C 371 2
C 372 2
C 373 25
C 374 5
C 375 5
C 376 16
C 377 15
I 2 3 5 (1,5,1) (0,0,-1,0)
I 0 1 11 (5,2,5) (-1,-1,0,0)
I 0 1 5 (0,4,1) (1,0,1,0)|(-1,0,-1,0)|(-1,-1,1,0)
