D (6,-1,-1) (1,5,0)
D (6,7,-1) (3,3,0)
D (11,-1,-1) (5,2,2)
D (12,13,-1) (5,5,4)
D (12,-1,-1) (2,5,5)
D (12,13,-1) (1,1,0)
D (13,-1,-1) (2,4,0)
D (8,-1,-1) (2,1,0)
D (12,13,-1) (4,3,0)
D (9,10,11) (0,2,3)
D (10,11,12) (0,4,0)
D (8,9,10) (0,3,4)
D (9,10,11) (5,2,4)
D (8,9,-1) (4,3,3)
D (6,7,-1) (1,5,1)
D (7,8,9) (4,3,1)
D (7,8,-1) (4,5,4)
D (6,-1,-1) (3,5,0)
D (10,11,12) (0,5,5)
D (8,9,10) (3,4,5)
D (7,-1,-1) (0,0,2)
D (13,-1,-1) (2,3,3)
D (6,-1,-1) (5,3,0)
D (12,13,-1) (0,4,2)
D (13,-1,-1) (2,2,4)
D (10,11,-1) (1,2,1)
D (12,13,-1) (2,5,2)
D (10,-1,-1) (3,1,0)
D (11,12,13) (0,5,0)
D (7,8,9) (1,3,4)
D (13,-1,-1) (4,1,0)
D (9,-1,-1) (2,0,2)
D (6,7,8) (4,5,1)
D (11,12,-1) (0,1,0)
D (13,-1,-1) (5,2,5)
D (11,12,13) (0,4,1)
D (8,9,-1) (0,1,1)
D (12,13,-1) (4,2,1)
D (6,-1,-1) (3,4,3)
D (10,-1,-1) (1,1,4)
D (11,-1,-1) (4,3,4)
D (6,7,8) (0,0,0)
D (13,-1,-1) (4,2,3)
D (7,8,9) (3,2,1)
C 0 16
C 1 25
C 2 15
C 3 17
C 4 26
C 5 10
C 6 15
C 7 24
C 8 22
C 9 5
C 10 0
C 11 1
C 12 0
C 13 10
C 14 15
C 15 23
C 16 14
C 17 14
C 18 22
C 19 14
C 20 11
C 21 0
C 22 16
C 23 10
C 24 0
C 25 12
C 26 17
C 27 26
C 28 23
C 29 0
C 30 2
C 31 26
C 32 24
C 33 11
C 34 6
C 35 8
C 36 18
C 37 18
C 38 6
C 39 2
C 40 23
C 41 16
C 42 0
C 43 21
C 44 23
C 45 15
C 46 1
C 47 11
C 48 9
C 49 0
C 50 15
C 51 19
C 52 3
C 53 4
C 54 10
C 55 14
C 56 21
C 57 21
C 58 19
C 59 24
C 60 6
C 61 0
C 62 0
C 63 0
C 64 0
C 65 0
C 66 0
C 67 0
C 68 0
C 69 0
C 70 0
C 71 0
C 72 0
C 73 0
C 74 0
C 75 0
C 76 0
C 77 1
C 78 23
C 79 25
C 80 26
C 81 21
C 82 17
C 83 0
C 84 5
C 85 22
C 86 6
C 87 17
C 88 19
C 89 7
C 90 7
C 91 4
C 92 0
C 93 19
C 94 19
C 95 21
C 96 14
C 97 18
C 98 2
C 99 23
C 100 0
C 101 18
C 102 14
C 103 12
C 104 1
C 105 19
C 106 23
C 107 24
C 108 12
C 109 9
C 110 10
C 111 3
C 112 0
C 113 2
C 114 18
C 115 4
C 116 23
C 117 19
C 118 10
C 119 2
C 120 20
C 121 21
C 122 24
C 123 11
C 124 26
C 125 22
C 126 1
C 127 7
C 128 6
C 129 1
C 130 20
C 131 14
C 132 21
C 133 18
C 134 21
C 135 26
C 136 9
C 137 1
C 138 7
C 139 7
C 140 4
C 141 5
C 142 16
C 143 0
C 144 20
C 145 5
C 146 20
C 147 4
C 148 24
C 149 17
C 150 22
C 151 23
C 152 14
C 153 7
C 154 4
C 155 24
C 156 17
C 157 11
C 158 4
C 159 19
C 160 10
C 161 9
C 162 11
C 163 2
C 164 11
C 165 1
C 166 19
C 167 1
C 168 8
C 169 12
C 170 2
C 171 22
C 172 8
C 173 26
C 174 19
C 175 24
C 176 6
C 177 20
C 178 10
C 179 7
C 180 1
C 181 21
C 182 15
C 183 22
C 184 15
C 185 26
C 186 23
C 187 8
C 188 20
C 189 10
C 190 19
C 191 17
C 192 12
C 193 9
C 194 14
C 195 3
C 196 7
C 197 17
C 198 9
C 199 10
C 200 16
C 201 6
C 202 5
C 203 19
C 204 18
C 205 24
C 206 17
C 207 24
C 208 6
C 209 16
C 210 7
C 211 23
C 212 10
C 213 16
C 214 24
C 215 0
C 216 21
C 217 16
C 218 17
C 219 14
C 220 15
C 221 25
C 222 2
C 223 1
C 224 1
C 225 23
C 226 17
C 227 2
C 228 24
C 229 6
C 230 14
C 231 5
C 232 2
C 233 6
C 234 12
C 235 14
C 236 8
C 237 25
C 238 3
C 239 0
C 240 18
C 241 14
C 242 3
C 243 2
C 244 5
C 245 7
C 246 22
C 247 3
C 248 7
C 249 23
C 250 20
C 251 8
C 252 23
C 253 25
C 254 19
C 255 18
C 256 15
C 257 4
C 258 22
C 259 7
C 260 16
C 261 8
C 262 5
C 263 23
C 264 19
C 265 0
C 266 16
C 267 9
C 268 15
C 269 22
C 270 21
C 271 19
C 272 25
C 273 10
C 274 22
C 275 4
C 276 9
C 277 0
C 278 0
C 279 0
C 280 0
C 281 0
C 282 0
C 283 0
C 284 0
C 285 0
C 286 0
C 287 0
C 288 0
C 289 25
C 290 9
C 291 12
C 292 22
C 293 11
C 294 17
C 295 18
C 296 18
C 297 6
C 298 21
C 299 2
C 300 2
C 301 0
C 302 24
C 303 5
C 304 22
C 305 15
C 306 4
C 307 2
C 308 24
C 309 4
C 310 17
C 311 23
C 312 20
C 313 15
C 314 3
C 315 21
C 316 24
C 317 0
C 318 0
C 319 0
C 320 0
C 321 0
C 322 0
C 323 0
C 324 20
C 325 15
C 326 17
C 327 20
C 328 5
C 329 21
C 330 12
C 331 3
C 332 12
C 333 11
C 334 25
C 335 12
C 336 21
C 337 19
C 338 10
C 339 2
C 340 11
C 341 0
C 342 25
C 343 3
C 344 19
C 345 17
C 346 1
C 347 4
C 348 26
C 349 2
C 350 1
C 351 14
C 352 10
C 353 4
C 354 11
C 355 5
C 356 12
C 357 15
C 358 26
C 359 17
C 360 7
C 361 18
C 362 14
C 363 4
C 364 10
C 365 6
C 366 11
C 367 14
C 368 22
C 369 4
C 370 0
C 371 25
C 372 17
C 373 17
C 374 18
C 375 16
C 376 21
C 377 12
I 1 2 20 (4,5,0) (0,-1,1,0)
I 0 1 19 (5,0,0) (0,1,0,0)|(-1,0,0,0)
I 0 2 5 (2,3,2) (-1,1,0,0)
