D (12,-1,-1) (2,5,3)
D (6,-1,-1) (4,1,4)
D (12,-1,-1) (5,2,5)
D (8,9,10) (2,4,0)
D (12,13,-1) (0,1,5)
D (11,12,13) (4,3,1)
D (7,8,9) (3,3,1)
D (6,7,8) (4,4,4)
D (7,8,-1) (1,5,5)
D (7,-1,-1) (5,4,5)
D (6,7,8) (1,2,3)
D (12,13,-1) (5,4,1)
D (7,8,9) (2,2,4)
D (13,-1,-1) (2,0,1)
D (11,-1,-1) (3,0,2)
D (8,9,10) (5,4,2)
D (10,11,12) (1,1,5)
D (10,-1,-1) (4,5,2)
D (8,9,10) (4,0,1)
D (9,10,11) (1,1,2)
D (12,13,-1) (4,5,4)
D (9,-1,-1) (0,2,2)
D (13,-1,-1) (0,3,3)
D (12,13,-1) (2,3,3)
D (6,-1,-1) (3,5,3)
D (13,-1,-1) (3,5,1)
D (9,10,-1) (2,5,5)
D (12,13,-1) (3,2,5)
D (12,13,-1) (1,3,1)
D (10,11,-1) (2,0,4)
D (13,-1,-1) (5,4,4)
D (10,11,-1) (5,0,4)
D (9,10,-1) (4,2,1)
D (7,8,-1) (4,4,0)
D (10,11,12) (5,0,3)
D (9,10,11) (2,5,2)
D (13,-1,-1) (3,5,4)
D (9,-1,-1) (5,5,0)
D (11,12,-1) (4,5,0)
D (13,-1,-1) (2,0,0)
D (7,8,-1) (4,5,1)
D (7,-1,-1) (4,3,3)
C 0 16
C 1 4
C 2 0
C 3 8
C 4 2
C 5 4
C 6 21
C 7 3
C 8 21
C 9 8
C 10 22
C 11 19
C 12 19
C 13 18
C 14 16
C 15 22
C 16 23
C 17 1
C 18 26
C 19 16
C 20 3
C 21 24
C 22 15
C 23 19
C 24 21
C 25 3
C 26 1
C 27 6
C 28 12
C 29 19
C 30 23
C 31 18
C 32 16
C 33 3
C 34 12
C 35 20
C 36 20
C 37 12
C 38 11
C 39 18
C 40 2
C 41 21
C 42 24
C 43 2
C 44 6
C 45 9
C 46 15
C 47 9
C 48 6
C 49 8
C 50 16
C 51 1
C 52 2
C 53 10
C 54 19
C 55 23
C 56 12
C 57 23
C 58 19
C 59 17
C 60 14
C 61 17
C 62 22
C 63 8
C 64 17
C 65 10
C 66 0
C 67 0
C 68 9
C 69 5
C 70 19
C 71 10
C 72 9
C 73 4
C 74 26
C 75 26
C 76 21
C 77 5
C 78 3
C 79 4
C 80 16
C 81 2
C 82 10
C 83 14
C 84 24
C 85 14
C 86 15
C 87 3
C 88 24
C 89 6
C 90 14
C 91 23
C 92 21
C 93 5
C 94 0
C 95 1
C 96 9
C 97 3
C 98 26
C 99 6
C 100 25
C 101 0
C 102 14
C 103 23
C 104 3
C 105 9
C 106 3
C 107 0
C 108 10
C 109 23
C 110 9
C 111 25
C 112 15
C 113 3
C 114 2
C 115 19
C 116 18
C 117 19
C 118 24
C 119 18
C 120 23
C 121 22
C 122 23
C 123 21
C 124 1
C 125 9
C 126 16
C 127 16
C 128 18
C 129 8
C 130 3
C 131 19
C 132 24
C 133 20
C 134 26
C 135 15
C 136 23
C 137 1
C 138 19
C 139 20
C 140 4
C 141 15
C 142 4
C 143 15
C 144 24
C 145 14
C 146 26
C 147 24
C 148 8
C 149 24
C 150 25
C 151 0
C 152 0
C 153 0
C 154 0
C 155 0
C 156 0
C 157 0
C 158 0
C 159 0
C 160 0
C 161 0
C 162 0
C 163 0
C 164 3
C 165 7
C 166 4
C 167 15
C 168 18
C 169 8
C 170 5
C 171 8
C 172 6
C 173 16
C 174 15
C 175 16
C 176 19
C 177 15
C 178 15
C 179 18
C 180 2
C 181 16
C 182 19
C 183 6
C 184 21
C 185 2
C 186 0
C 187 7
C 188 1
C 189 15
C 190 22
C 191 4
C 192 3
C 193 8
C 194 15
C 195 1
C 196 5
C 197 21
C 198 26
C 199 12
C 200 7
C 201 18
C 202 15
C 203 0
C 204 16
C 205 18
C 206 16
C 207 15
C 208 25
C 209 9
C 210 5
C 211 11
C 212 7
C 213 0
C 214 0
C 215 24
C 216 21
C 217 18
C 218 14
C 219 18
C 220 23
C 221 4
C 222 12
C 223 11
C 224 12
C 225 14
C 226 15
C 227 24
C 228 3
C 229 22
C 230 24
C 231 5
C 232 16
C 233 2
C 234 19
C 235 15
C 236 6
C 237 23
C 238 17
C 239 10
C 240 21
C 241 1
C 242 14
C 243 2
C 244 22
C 245 15
C 246 7
C 247 22
C 248 12
C 249 22
C 250 25
C 251 5
C 252 11
C 253 5
C 254 11
C 255 15
C 256 21
C 257 11
C 258 22
C 259 15
C 260 20
C 261 21
C 262 7
C 263 19
C 264 5
C 265 14
C 266 7
C 267 9
C 268 20
C 269 7
C 270 17
C 271 2
C 272 21
C 273 19
C 274 11
C 275 23
C 276 20
C 277 0
C 278 25
C 279 9
C 280 19
C 281 2
C 282 21
C 283 1
C 284 7
C 285 8
C 286 19
C 287 18
C 288 15
C 289 21
C 290 8
C 291 1
C 292 25
C 293 10
C 294 17
C 295 19
C 296 24
C 297 2
C 298 18
C 299 3
C 300 1
C 301 9
C 302 26
C 303 2
C 304 22
C 305 22
C 306 5
C 307 24
C 308 26
C 309 26
C 310 25
C 311 18
C 312 18
C 313 19
C 314 12
C 315 23
C 316 8
C 317 20
C 318 2
C 319 21
C 320 12
C 321 24
C 322 25
C 323 17
C 324 11
C 325 26
C 326 2
C 327 26
C 328 14
C 329 12
C 330 23
C 331 9
C 332 0
C 333 16
C 334 12
C 335 3
C 336 6
C 337 12
C 338 10
C 339 7
C 340 17
C 341 23
C 342 10
C 343 7
C 344 15
C 345 23
C 346 16
C 347 0
C 348 8
C 349 19
C 350 26
C 351 16
C 352 22
C 353 8
C 354 21
C 355 7
C 356 19
C 357 26
C 358 8
C 359 17
C 360 25
C 361 21
C 362 10
C 363 15
C 364 3
C 365 14
C 366 14
C 367 0
C 368 14
C 369 16
C 370 26
C 371 9
C 372 24
C 373 0
C 374 4
C 375 3
C 376 10
C 377 17
I 3 1 5 (3,5,0) (1,0,-1,0)|(1,0,1,0)
I 3 2 14 (4,3,2) (0,-1,0,0)
I 1 3 15 (1,0,2) (1,1,0,0)
