D (13,-1,-1) (0,0,4)
D (11,12,-1) (5,1,4)
D (11,12,13) (2,5,0)
D (6,7,-1) (4,4,2)
D (11,12,13) (5,2,4)
D (8,9,-1) (5,0,3)
D (6,7,8) (4,2,5)
D (8,9,10) (5,5,3)
D (6,7,8) (3,3,0)
D (13,-1,-1) (1,5,1)
D (8,-1,-1) (5,2,0)
D (12,-1,-1) (4,3,5)
D (8,-1,-1) (3,3,3)
D (8,9,10) (2,5,5)
D (9,-1,-1) (1,0,5)
D (13,-1,-1) (2,3,4)
D (6,7,8) (0,0,5)
D (9,10,11) (2,3,2)
D (7,-1,-1) (3,1,4)
D (7,-1,-1) (0,3,0)
D (11,12,-1) (0,2,2)
D (11,12,-1) (4,0,3)
D (12,13,-1) (0,3,3)
D (13,-1,-1) (3,1,5)
D (9,-1,-1) (5,3,0)
D (8,9,-1) (2,4,1)
D (11,-1,-1) (2,5,4)
D (7,-1,-1) (4,0,5)
D (7,8,-1) (2,3,5)
D (9,10,11) (4,5,3)
D (11,12,-1) (3,3,4)
D (13,-1,-1) (0,5,2)
D (10,11,-1) (2,1,4)
D (9,10,-1) (4,4,0)
D (11,12,-1) (3,4,5)
D (7,-1,-1) (2,0,4)
D (8,9,10) (0,4,2)
D (8,9,10) (0,0,3)
D (8,9,-1) (5,1,1)
D (8,9,-1) (1,2,4)
D (7,8,9) (0,5,5)
D (10,-1,-1) (0,3,1)
D (9,10,-1) (0,4,1)
D (8,-1,-1) (0,1,0)
D (13,-1,-1) (1,1,5)
D (7,-1,-1) (4,4,4)
D (7,8,9) (1,3,4)
D (10,-1,-1) (5,0,1)
D (11,12,13) (2,5,1)
D (12,-1,-1) (2,4,5)
D (6,7,8) (4,5,0)
D (9,-1,-1) (4,1,5)
D (9,-1,-1) (0,4,5)
D (11,12,13) (3,3,2)
D (6,-1,-1) (3,3,5)
C 0 3
C 1 8
C 2 19
C 3 14
C 4 18
C 5 22
C 6 15
C 7 0
C 8 0
C 9 0
C 10 0
C 11 0
C 12 0
C 13 0
C 14 0
C 15 0
C 16 0
C 17 0
C 18 0
C 19 0
C 20 0
C 21 0
C 22 0
C 23 0
C 24 0
C 25 0
C 26 0
C 27 0
C 28 0
C 29 0
C 30 0
C 31 0
C 32 0
C 33 0
C 34 0
C 35 0
C 36 0
C 37 0
C 38 0
C 39 0
C 40 0
C 41 0
C 42 0
C 43 0
C 44 0
C 45 0
C 46 0
C 47 0
C 48 0
C 49 14
C 50 23
C 51 9
C 52 6
C 53 4
C 54 3
C 55 18
C 56 24
C 57 12
C 58 1
C 59 12
C 60 16
C 61 21
C 62 12
C 63 15
C 64 19
C 65 2
C 66 12
C 67 22
C 68 19
C 69 19
C 70 12
C 71 10
C 72 18
C 73 18
C 74 3
C 75 10
C 76 4
C 77 6
C 78 16
C 79 9
C 80 21
C 81 12
C 82 20
C 83 9
C 84 17
C 85 5
C 86 5
C 87 23
C 88 5
C 89 21
C 90 11
C 91 11
C 92 24
C 93 26
C 94 21
C 95 5
C 96 15
C 97 17
C 98 24
C 99 7
C 100 3
C 101 17
C 102 15
C 103 22
C 104 16
C 105 25
C 106 24
C 107 0
C 108 10
C 109 4
C 110 9
C 111 3
C 112 3
C 113 14
C 114 12
C 115 9
C 116 1
C 117 21
C 118 10
C 119 7
C 120 26
C 121 14
C 122 5
C 123 25
C 124 5
C 125 14
C 126 23
C 127 19
C 128 9
C 129 4
C 130 7
C 131 24
C 132 20
C 133 21
C 134 6
C 135 1
C 136 17
C 137 14
C 138 3
C 139 12
C 140 4
C 141 22
C 142 25
C 143 4
C 144 19
C 145 11
C 146 17
C 147 22
C 148 25
C 149 8
C 150 21
C 151 23
C 152 5
C 153 20
C 154 11
C 155 18
C 156 16
C 157 9
C 158 26
C 159 11
C 160 5
C 161 1
C 162 10
C 163 6
C 164 0
C 165 16
C 166 1
C 167 19
C 168 26
C 169 12
C 170 12
C 171 0
C 172 4
C 173 25
C 174 9
C 175 26
C 176 0
C 177 5
C 178 25
C 179 12
C 180 21
C 181 9
C 182 12
C 183 8
C 184 8
C 185 4
C 186 26
C 187 19
C 188 1
C 189 20
C 190 16
C 191 18
C 192 16
C 193 9
C 194 11
C 195 15
C 196 25
C 197 4
C 198 9
C 199 8
C 200 24
C 201 7
C 202 7
C 203 0
C 204 11
C 205 21
C 206 23
C 207 18
C 208 18
C 209 23
C 210 8
C 211 15
C 212 2
C 213 25
C 214 20
C 215 2
C 216 19
C 217 25
C 218 4
C 219 1
C 220 19
C 221 8
C 222 11
C 223 20
C 224 20
C 225 18
C 226 15
C 227 9
C 228 14
C 229 2
C 230 21
C 231 16
C 232 14
C 233 0
C 234 23
C 235 22
C 236 5
C 237 26
C 238 17
C 239 3
C 240 10
C 241 17
C 242 14
C 243 3
C 244 9
C 245 6
C 246 16
C 247 5
C 248 15
C 249 5
C 250 12
C 251 2
C 252 20
C 253 22
C 254 25
C 255 23
C 256 19
C 257 5
C 258 18
C 259 16
C 260 25
C 261 26
C 262 20
C 263 12
C 264 14
C 265 22
C 266 22
C 267 20
C 268 23
C 269 26
C 270 14
C 271 14
C 272 19
C 273 16
C 274 2
C 275 4
C 276 14
C 277 24
C 278 0
C 279 9
C 280 18
C 281 22
C 282 11
C 283 12
C 284 9
C 285 14
C 286 10
C 287 14
C 288 18
C 289 1
C 290 19
C 291 9
C 292 2
C 293 9
C 294 11
C 295 23
C 296 2
C 297 22
C 298 26
C 299 12
C 300 12
C 301 6
C 302 10
C 303 1
C 304 11
C 305 26
C 306 1
C 307 22
C 308 25
C 309 26
C 310 8
C 311 22
C 312 25
C 313 0
C 314 16
C 315 19
C 316 17
C 317 25
C 318 19
C 319 15
C 320 15
C 321 10
C 322 8
C 323 25
C 324 5
C 325 6
C 326 19
C 327 11
C 328 19
C 329 12
C 330 2
C 331 4
C 332 25
C 333 22
C 334 10
C 335 11
C 336 16
C 337 11
C 338 11
C 339 21
C 340 4
C 341 24
C 342 21
C 343 3
C 344 0
C 345 23
C 346 1
C 347 19
C 348 5
C 349 2
C 350 7
C 351 4
C 352 23
C 353 20
C 354 2
C 355 0
C 356 25
C 357 0
C 358 7
C 359 14
C 360 3
C 361 2
C 362 22
C 363 0
C 364 23
C 365 17
C 366 5
C 367 24
C 368 6
C 369 10
C 370 17
C 371 8
C 372 0
C 373 19
C 374 4
C 375 12
C 376 0
C 377 15
I 1 2 18 (1,1,1) (0,-1,1,0)|(0,-1,1,0)
I 0 2 4 (5,4,2) (0,-1,0,0)|(-1,1,-1,0)
I 4 3 1 (4,0,1) (-1,-1,1,0)|(-1,0,0,0)|(0,0,0,0)|(0,-1,1,0)
