D (13,-1,-1) (0,1,1)
D (11,12,-1) (5,0,2)
D (6,-1,-1) (1,2,1)
D (8,9,-1) (4,0,2)
D (9,10,-1) (5,0,3)
D (7,8,9) (1,5,5)
D (12,13,-1) (0,2,4)
D (10,11,-1) (4,4,0)
D (6,-1,-1) (1,4,3)
D (9,10,-1) (0,1,3)
D (10,11,-1) (5,3,4)
D (8,-1,-1) (3,1,4)
D (11,12,13) (0,5,5)
D (7,8,9) (3,4,1)
D (12,13,-1) (5,5,0)
D (6,-1,-1) (5,4,5)
D (11,12,-1) (2,5,1)
D (12,13,-1) (2,4,2)
D (13,-1,-1) (2,1,4)
D (6,-1,-1) (5,0,4)
D (12,-1,-1) (0,0,3)
D (12,13,-1) (1,0,1)
D (7,8,-1) (2,0,1)
D (8,9,10) (0,3,1)
D (7,-1,-1) (3,4,3)
D (6,-1,-1) (4,4,4)
D (10,-1,-1) (1,3,4)
D (9,10,-1) (2,3,4)
D (7,8,9) (0,4,5)
D (8,-1,-1) (0,3,2)
D (8,9,-1) (1,0,0)
D (10,11,12) (4,0,0)
D (11,12,-1) (5,5,2)
D (12,-1,-1) (1,3,0)
D (6,7,-1) (4,3,4)
D (13,-1,-1) (0,4,2)
D (10,11,12) (4,5,2)
D (6,7,-1) (0,2,1)
D (11,12,-1) (1,1,2)
D (9,10,-1) (1,3,5)
D (9,-1,-1) (4,0,1)
D (13,-1,-1) (1,0,5)
D (13,-1,-1) (5,3,5)
D (6,-1,-1) (1,2,2)
D (10,11,-1) (1,2,4)
D (11,-1,-1) (5,5,5)
D (7,-1,-1) (3,2,3)
D (11,12,13) (5,3,1)
D (12,-1,-1) (1,0,2)
D (8,9,10) (0,4,3)
D (6,7,8) (1,1,4)
D (8,9,-1) (2,3,0)
D (12,-1,-1) (5,3,3)
D (8,-1,-1) (5,5,1)
D (11,12,-1) (1,5,2)
D (12,13,-1) (5,3,0)
D (12,-1,-1) (1,0,3)
D (8,9,-1) (4,2,0)
D (6,-1,-1) (5,4,2)
D (7,-1,-1) (4,5,0)
D (12,13,-1) (5,4,1)
D (11,12,13) (2,0,0)
D (10,11,12) (3,3,2)
D (13,-1,-1) (5,0,0)
D (12,-1,-1) (2,0,3)
D (12,13,-1) (2,1,1)
C 0 5
C 1 5
C 2 11
C 3 9
C 4 24
C 5 3
C 6 23
C 7 25
C 8 19
C 9 0
C 10 7
C 11 15
C 12 11
C 13 9
C 14 22
C 15 12
C 16 22
C 17 22
C 18 16
C 19 7
C 20 6
C 21 25
C 22 11
C 23 4
C 24 22
C 25 5
C 26 4
C 27 23
C 28 14
C 29 15
C 30 11
C 31 16
C 32 17
C 33 0
C 34 0
C 35 0
C 36 0
C 37 0
C 38 0
C 39 0
C 40 0
C 41 0
C 42 0
C 43 0
C 44 0
C 45 0
C 46 0
C 47 0
C 48 0
C 49 0
C 50 0
C 51 0
C 52 0
C 53 0
C 54 0
C 55 0
C 56 0
C 57 0
C 58 0
C 59 0
C 60 4
C 61 0
C 62 5
C 63 24
C 64 2
C 65 4
C 66 8
C 67 18
C 68 26
C 69 12
C 70 23
C 71 0
C 72 5
C 73 17
C 74 26
C 75 4
C 76 0
C 77 26
C 78 17
C 79 0
C 80 23
C 81 25
C 82 16
C 83 18
C 84 4
C 85 9
C 86 6
C 87 6
C 88 18
C 89 12
C 90 24
C 91 7
C 92 21
C 93 5
C 94 10
C 95 7
C 96 6
C 97 9
C 98 22
C 99 12
C 100 6
C 101 6
C 102 10
C 103 12
C 104 11
C 105 7
C 106 3
C 107 9
C 108 8
C 109 7
C 110 10
C 111 11
C 112 25
C 113 4
C 114 11
C 115 8
C 116 7
C 117 1
C 118 19
C 119 14
C 120 5
C 121 1
C 122 19
C 123 24
C 124 17
C 125 23
C 126 25
C 127 5
C 128 15
C 129 17
C 130 20
C 131 8
C 132 18
C 133 9
C 134 1
C 135 1
C 136 23
C 137 22
C 138 25
C 139 14
C 140 24
C 141 1
C 142 19
C 143 23
C 144 0
C 145 23
C 146 5
C 147 15
C 148 17
C 149 6
C 150 5
C 151 20
C 152 4
C 153 25
C 154 0
C 155 14
C 156 16
C 157 15
C 158 6
C 159 10
C 160 14
C 161 12
C 162 22
C 163 23
C 164 3
C 165 26
C 166 20
C 167 14
C 168 15
C 169 2
C 170 1
C 171 3
C 172 12
C 173 20
C 174 5
C 175 9
C 176 7
C 177 3
C 178 7
C 179 26
C 180 11
C 181 20
C 182 12
C 183 22
C 184 15
C 185 25
C 186 20
C 187 17
C 188 24
C 189 14
C 190 14
C 191 0
C 192 1
C 193 26
C 194 21
C 195 26
C 196 12
C 197 3
C 198 24
C 199 6
C 200 19
C 201 23
C 202 22
C 203 17
C 204 2
C 205 21
C 206 18
C 207 5
C 208 22
C 209 19
C 210 23
C 211 8
C 212 6
C 213 15
C 214 10
C 215 9
C 216 14
C 217 10
C 218 16
C 219 0
C 220 14
C 221 24
C 222 1
C 223 10
C 224 24
C 225 23
C 226 14
C 227 20
C 228 25
C 229 6
C 230 14
C 231 9
C 232 21
C 233 12
C 234 1
C 235 17
C 236 10
C 237 4
C 238 3
C 239 18
C 240 9
C 241 23
C 242 1
C 243 10
C 244 25
C 245 0
C 246 1
C 247 8
C 248 4
C 249 25
C 250 8
C 251 12
C 252 5
C 253 9
C 254 0
C 255 12
C 256 21
C 257 26
C 258 0
C 259 5
C 260 17
C 261 9
C 262 15
C 263 5
C 264 5
C 265 12
C 266 16
C 267 8
C 268 24
C 269 15
C 270 15
C 271 18
C 272 14
C 273 0
C 274 11
C 275 16
C 276 19
C 277 19
C 278 15
C 279 11
C 280 5
C 281 26
C 282 10
C 283 4
C 284 17
C 285 14
C 286 8
C 287 6
C 288 20
C 289 4
C 290 10
C 291 12
C 292 14
C 293 25
C 294 6
C 295 18
C 296 16
C 297 16
C 298 16
C 299 9
C 300 10
C 301 16
C 302 2
C 303 15
C 304 12
C 305 7
C 306 0
C 307 0
C 308 0
C 309 0
C 310 0
C 311 0
C 312 0
C 313 0
C 314 0
C 315 0
C 316 0
C 317 0
C 318 0
C 319 0
C 320 0
C 321 0
C 322 0
C 323 0
C 324 0
C 325 0
C 326 0
C 327 0
C 328 0
C 329 0
C 330 0
C 331 0
C 332 0
C 333 0
C 334 0
C 335 0
C 336 0
C 337 0
C 338 0
C 339 0
C 340 0
C 341 0
C 342 0
C 343 0
C 344 0
C 345 0
C 346 0
C 347 0
C 348 0
C 349 0
C 350 0
C 351 0
C 352 0
C 353 0
C 354 0
C 355 0
C 356 0
C 357 0
C 358 0
C 359 0
C 360 0
C 361 0
C 362 0
C 363 10
C 364 0
C 365 0
C 366 0
C 367 25
C 368 20
C 369 7
C 370 22
C 371 8
C 372 9
C 373 8
C 374 1
C 375 18
C 376 21
C 377 1
I 0 1 2 (2,2,1) (0,0,1,0)|(-1,0,-1,0)|(1,0,0,0)
I 0 3 1 (4,5,3) (-1,0,1,0)|(0,0,-1,0)
I 0 2 6 (0,2,1) (-1,1,0,0)|(1,0,-1,0)|(0,-1,-1,0)|(1,-1,-1,0)
