D (11,12,-1) (3,2,2)
D (9,-1,-1) (0,3,4)
D (13,-1,-1) (1,3,0)
D (11,12,-1) (2,4,2)
D (6,-1,-1) (2,3,2)
D (7,8,9) (1,0,2)
D (6,7,-1) (0,5,2)
D (6,7,-1) (1,1,3)
D (6,7,-1) (1,0,1)
D (13,-1,-1) (1,4,1)
D (7,8,9) (3,5,3)
D (9,10,11) (0,4,0)
D (10,11,-1) (5,2,3)
D (12,13,-1) (5,0,3)
D (8,-1,-1) (0,5,4)
D (12,13,-1) (3,4,0)
D (6,7,8) (1,0,5)
D (11,12,13) (5,5,1)
D (9,10,11) (1,3,4)
D (11,12,13) (3,5,2)
D (10,11,12) (3,3,1)
D (11,12,13) (1,0,3)
D (8,9,-1) (3,2,1)
D (8,9,-1) (1,3,2)
D (12,13,-1) (5,4,0)
D (10,-1,-1) (0,2,5)
D (9,-1,-1) (4,2,5)
D (13,-1,-1) (4,2,1)
D (9,10,-1) (3,5,0)
D (13,-1,-1) (4,4,2)
D (13,-1,-1) (2,5,0)
D (6,7,8) (1,3,1)
D (7,-1,-1) (2,1,0)
D (8,-1,-1) (2,2,2)
D (8,9,-1) (1,5,3)
D (9,10,11) (5,2,2)
D (8,9,10) (1,4,0)
D (8,-1,-1) (3,0,5)
D (10,11,12) (2,3,4)
D (13,-1,-1) (1,5,0)
D (13,-1,-1) (2,1,5)
D (12,-1,-1) (5,5,4)
D (9,10,-1) (0,3,2)
D (6,7,8) (5,4,1)
D (7,-1,-1) (0,0,3)
D (9,10,11) (5,4,5)
D (11,12,13) (3,2,5)
D (12,13,-1) (0,4,2)
D (11,-1,-1) (3,1,5)
D (8,-1,-1) (5,3,3)
D (9,-1,-1) (0,2,3)
D (9,10,11) (4,1,1)
D (13,-1,-1) (1,2,0)
D (8,-1,-1) (3,2,0)
D (11,12,-1) (2,2,1)
C 0 17
C 1 21
C 2 20
C 3 16
C 4 24
C 5 17
C 6 5
C 7 8
C 8 10
C 9 17
C 10 5
C 11 18
C 12 25
C 13 20
C 14 11
C 15 6
C 16 0
C 17 1
C 18 1
C 19 8
C 20 1
C 21 0
C 22 9
C 23 14
C 24 0
C 25 15
C 26 18
C 27 24
C 28 9
C 29 20
C 30 16
C 31 7
C 32 17
C 33 9
C 34 9
C 35 5
C 36 6
C 37 10
C 38 16
C 39 0
C 40 1
C 41 23
C 42 9
C 43 18
C 44 1
C 45 26
C 46 11
C 47 24
C 48 15
C 49 26
C 50 19
C 51 16
C 52 19
C 53 12
C 54 5
C 55 6
C 56 11
C 57 2
C 58 0
C 59 14
C 60 4
C 61 19
C 62 14
C 63 24
C 64 16
C 65 12
C 66 18
C 67 16
C 68 1
C 69 24
C 70 21
C 71 26
C 72 6
C 73 26
C 74 10
C 75 18
C 76 11
C 77 16
C 78 25
C 79 18
C 80 20
C 81 8
C 82 1
C 83 15
C 84 10
C 85 5
C 86 26
C 87 23
C 88 9
C 89 20
C 90 18
C 91 0
C 92 26
C 93 26
C 94 5
C 95 23
C 96 19
C 97 17
C 98 11
C 99 8
C 100 5
C 101 2
C 102 14
C 103 9
C 104 8
C 105 7
C 106 23
C 107 4
C 108 22
C 109 4
C 110 26
C 111 18
C 112 24
C 113 18
C 114 8
C 115 12
C 116 10
C 117 15
C 118 19
C 119 25
C 120 19
C 121 26
C 122 21
C 123 25
C 124 19
C 125 0
C 126 3
C 127 4
C 128 8
C 129 6
C 130 3
C 131 3
C 132 19
C 133 20
C 134 19
C 135 21
C 136 7
C 137 24
C 138 9
C 139 21
C 140 0
C 141 0
C 142 0
C 143 0
C 144 0
C 145 0
C 146 0
C 147 0
C 148 0
C 149 0
C 150 0
C 151 0
C 152 0
C 153 0
C 154 0
C 155 0
C 156 0
C 157 0
C 158 0
C 159 0
C 160 0
C 161 0
C 162 0
C 163 0
C 164 0
C 165 0
C 166 0
C 167 0
C 168 25
C 169 0
C 170 7
C 171 1
C 172 14
C 173 18
C 174 6
C 175 10
C 176 7
C 177 15
C 178 3
C 179 5
C 180 9
C 181 7
C 182 24
C 183 3
C 184 16
C 185 6
C 186 12
C 187 20
C 188 25
C 189 20
C 190 26
C 191 11
C 192 26
C 193 21
C 194 3
C 195 17
C 196 5
C 197 23
C 198 14
C 199 11
C 200 11
C 201 20
C 202 0
C 203 0
C 204 0
C 205 0
C 206 0
C 207 0
C 208 0
C 209 0
C 210 0
C 211 0
C 212 0
C 213 0
C 214 0
C 215 0
C 216 0
C 217 0
C 218 0
C 219 0
C 220 0
C 221 0
C 222 0
C 223 0
C 224 0
C 225 0
C 226 0
C 227 0
C 228 0
C 229 0
C 230 0
C 231 0
C 232 0
C 233 0
C 234 0
C 235 0
C 236 0
C 237 0
C 238 0
C 239 0
C 240 0
C 241 0
C 242 0
C 243 0
C 244 12
C 245 17
C 246 0
C 247 20
C 248 9
C 249 14
C 250 25
C 251 20
C 252 12
C 253 18
C 254 26
C 255 25
C 256 12
C 257 2
C 258 15
C 259 14
C 260 2
C 261 6
C 262 8
C 263 18
C 264 26
C 265 17
C 266 25
C 267 9
C 268 17
C 269 17
C 270 7
C 271 17
C 272 25
C 273 16
C 274 7
C 275 3
C 276 0
C 277 7
C 278 15
C 279 14
C 280 25
C 281 23
C 282 24
C 283 0
C 284 12
C 285 18
C 286 22
C 287 7
C 288 25
C 289 16
C 290 23
C 291 2
C 292 7
C 293 0
C 294 11
C 295 1
C 296 4
C 297 26
C 298 26
C 299 20
C 300 5
C 301 0
C 302 3
C 303 16
C 304 0
C 305 2
C 306 7
C 307 18
C 308 1
C 309 3
C 310 9
C 311 18
C 312 7
C 313 0
C 314 19
C 315 17
C 316 22
C 317 18
C 318 26
C 319 2
C 320 15
C 321 15
C 322 21
C 323 20
C 324 6
C 325 25
C 326 0
C 327 1
C 328 3
C 329 22
C 330 1
C 331 9
C 332 12
C 333 15
C 334 23
C 335 4
C 336 2
C 337 9
C 338 3
C 339 4
C 340 9
C 341 22
C 342 12
C 343 16
C 344 21
C 345 14
C 346 2
C 347 7
C 348 2
C 349 8
C 350 18
C 351 16
C 352 19
C 353 22
C 354 20
C 355 6
C 356 17
C 357 3
C 358 0
C 359 20
C 360 1
C 361 3
C 362 6
C 363 1
C 364 3
C 365 10
C 366 0
C 367 4
C 368 21
C 369 19
C 370 0
C 371 18
C 372 5
C 373 19
C 374 6
C 375 18
C 376 6
C 377 21
I 0 2 11 (3,5,1) (-1,-1,0,0)
I 0 2 4 (2,3,0) (0,0,0,0)
