D (10,11,12) (4,4,3)
D (6,7,8) (1,5,0)
D (11,12,13) (1,3,4)
D (6,7,8) (1,5,5)
D (11,12,13) (3,0,0)
D (12,-1,-1) (5,0,0)
D (12,-1,-1) (3,4,5)
D (12,-1,-1) (1,2,5)
D (13,-1,-1) (5,1,5)
D (11,12,13) (1,0,2)
D (6,-1,-1) (1,1,4)
D (12,13,-1) (2,0,4)
D (10,11,-1) (1,0,0)
D (10,11,12) (2,3,0)
D (8,9,10) (4,2,0)
D (10,-1,-1) (3,4,2)
D (10,11,12) (4,0,5)
D (12,13,-1) (2,4,4)
D (10,11,12) (1,4,3)
D (11,12,13) (5,2,5)
D (10,11,-1) (0,2,3)
D (9,10,-1) (5,3,3)
D (11,12,13) (0,3,2)
D (9,10,-1) (2,1,0)
D (7,8,9) (3,4,3)
D (6,7,8) (0,1,1)
D (8,9,10) (2,2,0)
D (12,13,-1) (4,4,2)
D (8,9,10) (4,0,1)
D (11,12,-1) (2,3,1)
D (7,8,-1) (3,5,3)
D (13,-1,-1) (0,3,4)
D (6,-1,-1) (2,2,3)
D (13,-1,-1) (1,1,3)
D (8,-1,-1) (5,3,2)
D (6,7,8) (5,5,4)
D (7,-1,-1) (4,2,4)
D (7,8,9) (0,1,5)
C 0 10
C 1 26
C 2 25
C 3 0
C 4 18
C 5 23
C 6 15
C 7 0
C 8 0
C 9 25
C 10 7
C 11 0
C 12 0
C 13 0
C 14 0
C 15 0
C 16 0
C 17 0
C 18 0
C 19 0
C 20 0
C 21 0
C 22 0
C 23 0
C 24 0
C 25 0
C 26 0
C 27 0
C 28 0
C 29 0
C 30 0
C 31 0
C 32 0
C 33 0
C 34 0
C 35 0
C 36 0
C 37 0
C 38 0
C 39 0
C 40 0
C 41 0
C 42 0
C 43 0
C 44 0
C 45 0
C 46 0
C 47 0
C 48 0
C 49 0
C 50 0
C 51 0
C 52 0
C 53 0
C 54 0
C 55 0
C 56 0
C 57 0
C 58 0
C 59 0
C 60 0
C 61 0
C 62 21
C 63 6
C 64 6
C 65 26
C 66 4
C 67 2
C 68 26
C 69 0
C 70 19
C 71 16
C 72 7
C 73 24
C 74 20
C 75 11
C 76 8
C 77 0
C 78 7
C 79 5
C 80 26
C 81 20
C 82 24
C 83 1
C 84 25
C 85 14
C 86 3
C 87 26
C 88 23
C 89 20
C 90 0
C 91 0
C 92 0
C 93 0
C 94 0
C 95 0
C 96 0
C 97 0
C 98 0
C 99 0
C 100 0
C 101 0
C 102 0
C 103 0
C 104 0
C 105 0
C 106 0
C 107 0
C 108 0
C 109 0
C 110 0
C 111 0
C 112 0
C 113 0
C 114 0
C 115 0
C 116 0
C 117 0
C 118 0
C 119 24
C 120 12
C 121 0
C 122 14
C 123 12
C 124 2
C 125 22
C 126 20
C 127 24
C 128 16
C 129 4
C 130 18
C 131 15
C 132 23
C 133 7
C 134 9
C 135 7
C 136 23
C 137 0
C 138 0
C 139 0
C 140 0
C 141 0
C 142 0
C 143 0
C 144 0
C 145 0
C 146 15
C 147 18
C 148 6
C 149 15
C 150 9
C 151 24
C 152 12
C 153 8
C 154 2
C 155 3
C 156 17
C 157 26
C 158 3
C 159 6
C 160 11
C 161 24
C 162 10
C 163 5
C 164 10
C 165 15
C 166 16
C 167 8
C 168 4
C 169 22
C 170 23
C 171 1
C 172 20
C 173 19
C 174 9
C 175 17
C 176 15
C 177 20
C 178 23
C 179 25
C 180 26
C 181 14
C 182 15
C 183 8
C 184 4
C 185 21
C 186 24
C 187 3
C 188 1
C 189 24
C 190 16
C 191 10
C 192 2
C 193 23
C 194 18
C 195 20
C 196 7
C 197 21
C 198 8
C 199 23
C 200 22
C 201 14
C 202 6
C 203 17
C 204 16
C 205 26
C 206 25
C 207 19
C 208 3
C 209 9
C 210 3
C 211 6
C 212 8
C 213 16
C 214 0
C 215 19
C 216 7
C 217 22
C 218 2
C 219 16
C 220 24
C 221 25
C 222 6
C 223 4
C 224 7
C 225 22
C 226 19
C 227 7
C 228 17
C 229 16
C 230 15
C 231 22
C 232 4
C 233 5
C 234 4
C 235 11
C 236 6
C 237 17
C 238 7
C 239 12
C 240 11
C 241 0
C 242 25
C 243 26
C 244 3
C 245 0
C 246 3
C 247 22
C 248 9
C 249 10
C 250 23
C 251 24
C 252 14
C 253 26
C 254 12
C 255 5
C 256 7
C 257 5
C 258 10
C 259 1
C 260 25
C 261 5
C 262 1
C 263 14
C 264 24
C 265 6
C 266 3
C 267 16
C 268 1
C 269 5
C 270 16
C 271 17
C 272 22
C 273 2
C 274 2
C 275 26
C 276 26
C 277 6
C 278 19
C 279 14
C 280 3
C 281 25
C 282 21
C 283 11
C 284 18
C 285 7
C 286 8
C 287 11
C 288 23
C 289 23
C 290 22
C 291 24
C 292 12
C 293 12
C 294 7
C 295 6
C 296 23
C 297 4
C 298 15
C 299 10
C 300 16
C 301 4
C 302 7
C 303 23
C 304 15
C 305 6
C 306 2
C 307 26
C 308 1
C 309 26
C 310 19
C 311 24
C 312 26
C 313 7
C 314 4
C 315 6
C 316 25
C 317 6
C 318 11
C 319 16
C 320 2
C 321 17
C 322 1
C 323 8
C 324 4
C 325 25
C 326 8
C 327 0
C 328 9
C 329 6
C 330 12
C 331 11
C 332 22
C 333 15
C 334 14
C 335 26
C 336 14
C 337 26
C 338 25
C 339 8
C 340 4
C 341 4
C 342 2
C 343 19
C 344 12
C 345 18
C 346 24
C 347 11
C 348 21
C 349 2
C 350 22
C 351 20
C 352 19
C 353 12
C 354 5
C 355 4
C 356 4
C 357 22
C 358 15
C 359 4
C 360 1
C 361 9
C 362 14
C 363 10
C 364 17
C 365 18
C 366 12
C 367 22
C 368 22
C 369 9
C 370 14
C 371 26
C 372 12
C 373 26
C 374 20
C 375 21
C 376 23
C 377 10
I 0 2 12 (3,0,1) (1,1,1,0)|(-1,0,0,0)
I 0 3 3 (2,1,3) (-1,0,-1,0)|(0,0,0,0)|(1,0,1,0)|(1,-1,0,0)
