D (9,10,11) (2,1,2)
D (10,11,-1) (4,4,0)
D (7,8,-1) (0,3,1)
D (6,7,-1) (3,2,3)
D (10,-1,-1) (5,5,3)
D (9,-1,-1) (0,1,3)
D (13,-1,-1) (1,5,0)
D (13,-1,-1) (1,0,4)
D (6,7,8) (3,4,1)
D (9,10,-1) (2,5,5)
D (13,-1,-1) (2,4,5)
D (6,7,-1) (0,3,0)
D (6,7,-1) (1,3,1)
D (6,7,8) (5,5,5)
D (11,12,13) (4,0,2)
D (12,-1,-1) (5,1,3)
D (9,-1,-1) (4,2,0)
D (11,12,13) (4,1,5)
D (12,13,-1) (2,1,1)
D (12,13,-1) (1,1,2)
D (12,13,-1) (5,4,3)
D (9,-1,-1) (2,5,4)
D (10,11,-1) (2,5,2)
D (6,7,8) (5,4,0)
D (7,9,-1) (4,1,3)
D (10,11,-1) (5,2,5)
D (9,10,-1) (5,5,4)
D (13,-1,-1) (0,2,5)
D (7,8,9) (3,2,5)
D (8,9,10) (4,2,1)
D (9,10,-1) (1,1,4)
D (7,-1,-1) (0,0,0)
D (8,-1,-1) (1,3,0)
D (10,11,12) (1,0,5)
D (8,9,-1) (0,1,4)
D (10,-1,-1) (5,3,5)
D (13,-1,-1) (0,2,2)
D (13,-1,-1) (0,0,5)
D (8,9,10) (0,5,4)
D (11,12,-1) (0,5,1)
D (7,-1,-1) (4,0,3)
D (8,-1,-1) (2,0,4)
D (9,10,-1) (5,1,1)
D (13,-1,-1) (1,3,5)
D (6,7,8) (5,2,2)
D (6,7,8) (2,3,1)
D (6,7,-1) (0,0,1)
D (6,7,8) (5,4,2)
D (9,10,11) (0,0,2)
D (9,-1,-1) (5,1,2)
D (12,13,-1) (0,1,0)
D (6,-1,-1) (3,0,4)
D (10,11,-1) (1,0,2)
D (9,10,11) (0,5,0)
D (9,10,-1) (2,2,3)
D (10,11,-1) (3,5,2)
D (13,-1,-1) (5,2,4)
D (7,8,9) (3,3,4)
D (8,-1,-1) (0,4,3)
D (12,-1,-1) (1,3,2)
D (13,-1,-1) (1,2,4)
D (11,-1,-1) (5,2,3)
D (8,9,10) (3,1,2)
D (13,-1,-1) (3,1,4)
D (11,-1,-1) (3,3,1)
D (12,13,-1) (4,3,5)
D (8,9,10) (2,3,4)
D (11,-1,-1) (1,0,0)
C 0 18
C 1 5
C 2 6
C 3 19
C 4 2
C 5 21
C 6 8
C 7 3
C 8 11
C 9 17
C 10 23
C 11 18
C 12 10
C 13 17
C 14 20
C 15 17
C 16 6
C 17 25
C 18 16
C 19 5
C 20 22
C 21 26
C 22 16
C 23 18
C 24 19
C 25 12
C 26 19
C 27 26
C 28 16
C 29 19
C 30 5
C 31 3
C 32 15
C 33 8
C 34 22
C 35 24
C 36 4
C 37 4
C 38 23
C 39 23
C 40 9
C 41 22
C 42 19
C 43 14
C 44 10
C 45 17
C 46 11
C 47 11
C 48 5
C 49 24
C 50 5
C 51 10
C 52 20
C 53 3
C 54 4
C 55 0
C 56 22
C 57 0
C 58 23
C 59 17
C 60 26
C 61 19
C 62 5
C 63 5
C 64 17
C 65 19
C 66 22
C 67 9
C 68 7
C 69 25
C 70 0
C 71 4
C 72 25
C 73 6
C 74 2
C 75 19
C 76 2
C 77 7
C 78 7
C 79 0
C 80 8
C 81 26
C 82 2
C 83 11
C 84 1
C 85 3
C 86 10
C 87 2
C 88 0
C 89 18
C 90 11
C 91 0
C 92 0
C 93 0
C 94 0
C 95 0
C 96 0
C 97 0
C 98 0
C 99 0
C 100 0
C 101 0
C 102 0
C 103 0
C 104 0
C 105 0
C 106 0
C 107 0
C 108 0
C 109 0
C 110 0
C 111 0
C 112 0
C 113 0
C 114 0
C 115 0
C 116 0
C 117 0
C 118 0
C 119 0
C 120 5
C 121 14
C 122 24
C 123 4
C 124 2
C 125 26
C 126 19
C 127 15
C 128 9
C 129 26
C 130 8
C 131 18
C 132 12
C 133 14
C 134 24
C 135 4
C 136 18
C 137 0
C 138 12
C 139 18
C 140 9
C 141 24
C 142 14
C 143 15
C 144 11
C 145 16
C 146 8
C 147 7
C 148 1
C 149 26
C 150 5
C 151 8
C 152 4
C 153 11
C 154 18
C 155 16
C 156 9
C 157 17
C 158 11
C 159 24
C 160 3
C 161 25
C 162 18
C 163 1
C 164 16
C 165 15
C 166 22
C 167 21
C 168 2
C 169 9
C 170 5
C 171 26
C 172 23
C 173 19
C 174 23
C 175 25
C 176 14
C 177 1
C 178 25
C 179 24
C 180 11
C 181 16
C 182 7
C 183 2
C 184 1
C 185 12
C 186 15
C 187 12
C 188 4
C 189 16
C 190 17
C 191 25
C 192 17
C 193 6
C 194 11
C 195 4
C 196 9
C 197 8
C 198 3
C 199 0
C 200 0
C 201 0
C 202 0
C 203 0
C 204 0
C 205 0
C 206 0
C 207 0
C 208 0
C 209 0
C 210 0
C 211 0
C 212 0
C 213 0
C 214 0
C 215 0
C 216 0
C 217 0
C 218 0
C 219 0
C 220 0
C 221 0
C 222 0
C 223 0
C 224 0
C 225 0
C 226 0
C 227 0
C 228 0
C 229 0
C 230 0
C 231 0
C 232 0
C 233 0
C 234 0
C 235 0
C 236 0
C 237 0
C 238 0
C 239 0
C 240 0
C 241 0
C 242 0
C 243 0
C 244 0
C 245 8
C 246 1
C 247 16
C 248 2
C 249 3
C 250 1
C 251 4
C 252 14
C 253 23
C 254 12
C 255 20
C 256 20
C 257 16
C 258 26
C 259 16
C 260 19
C 261 9
C 262 18
C 263 15
C 264 11
C 265 21
C 266 20
C 267 8
C 268 3
C 269 26
C 270 8
C 271 24
C 272 4
C 273 8
C 274 18
C 275 2
C 276 15
C 277 8
C 278 25
C 279 4
C 280 16
C 281 26
C 282 26
C 283 16
C 284 25
C 285 9
C 286 8
C 287 4
C 288 17
C 289 5
C 290 8
C 291 24
C 292 26
C 293 24
C 294 21
C 295 25
C 296 18
C 297 22
C 298 23
C 299 24
C 300 9
C 301 1
C 302 9
C 303 24
C 304 24
C 305 21
C 306 0
C 307 25
C 308 15
C 309 20
C 310 10
C 311 8
C 312 18
C 313 19
C 314 17
C 315 21
C 316 5
C 317 9
C 318 20
C 319 26
C 320 3
C 321 23
C 322 9
C 323 23
C 324 2
C 325 26
C 326 7
C 327 22
C 328 11
C 329 16
C 330 16
C 331 20
C 332 3
C 333 6
C 334 2
C 335 21
C 336 4
C 337 7
C 338 26
C 339 8
C 340 26
C 341 12
C 342 19
C 343 20
C 344 11
C 345 9
C 346 5
C 347 20
C 348 18
C 349 0
C 350 9
C 351 5
C 352 26
C 353 11
C 354 7
C 355 3
C 356 11
C 357 25
C 358 3
C 359 22
C 360 19
C 361 8
C 362 6
C 363 9
C 364 21
C 365 26
C 366 5
C 367 26
C 368 24
C 369 19
C 370 1
C 371 24
C 372 6
C 373 16
C 374 20
C 375 21
C 376 24
C 377 18
I 0 3 7 (0,0,0) (1,0,1,0)|(0,1,0,0)|(0,1,0,0)|(1,-1,-1,0)|(1,0,0,0)
I 1 1 1 (4,4,1) (1,-1,1,0)
I 0 3 14 (0,0,0) (1,0,1,0)|(0,1,0,0)
