D (11,-1,-1) (4,0,0)
D (12,13,-1) (5,2,1)
D (10,11,12) (2,3,5)
D (9,10,11) (3,0,4)
D (13,-1,-1) (5,2,2)
D (8,9,-1) (4,5,4)
D (9,10,11) (3,0,0)
D (9,10,11) (2,1,0)
D (10,11,-1) (2,4,0)
D (11,12,13) (1,4,0)
D (12,13,-1) (1,5,5)
D (6,7,8) (1,0,4)
D (12,13,-1) (0,4,0)
D (11,12,13) (3,5,0)
D (6,7,8) (2,3,1)
D (6,7,8) (1,2,5)
D (7,8,-1) (0,4,5)
D (11,-1,-1) (1,0,1)
D (9,10,11) (1,0,5)
D (13,-1,-1) (2,2,2)
D (12,13,-1) (5,2,3)
D (6,7,-1) (5,0,4)
D (12,-1,-1) (2,1,3)
D (12,-1,-1) (2,4,1)
D (7,8,9) (1,4,1)
D (10,11,-1) (0,3,2)
D (13,-1,-1) (2,5,5)
D (9,10,11) (0,2,5)
D (7,8,9) (1,1,1)
D (12,13,-1) (3,5,5)
D (7,8,-1) (3,5,3)
D (8,-1,-1) (5,5,3)
D (10,11,12) (3,3,0)
D (6,7,-1) (3,2,4)
D (12,-1,-1) (1,5,2)
D (13,-1,-1) (2,4,3)
D (6,-1,-1) (3,4,3)
D (13,-1,-1) (4,1,4)
D (7,-1,-1) (1,0,0)
D (12,-1,-1) (0,5,5)
D (13,-1,-1) (4,4,2)
D (6,7,-1) (3,5,1)
D (8,9,10) (0,2,3)
D (13,-1,-1) (3,3,4)
D (6,-1,-1) (2,4,2)
D (12,13,-1) (5,4,5)
D (10,11,-1) (5,1,5)
D (13,-1,-1) (1,2,0)
D (12,-1,-1) (1,5,4)
D (8,9,10) (5,4,1)
D (11,12,-1) (0,0,3)
D (8,-1,-1) (3,2,2)
D (6,-1,-1) (3,1,1)
D (10,-1,-1) (5,0,2)
D (12,13,-1) (5,1,4)
D (7,-1,-1) (0,4,4)
D (8,-1,-1) (4,1,0)
D (7,8,-1) (1,4,5)
D (11,12,13) (5,3,2)
D (7,8,9) (1,0,2)
D (8,9,10) (0,4,2)
D (10,-1,-1) (5,1,0)
D (7,8,9) (1,1,2)
D (7,-1,-1) (0,1,4)
D (7,8,-1) (5,5,4)
D (13,-1,-1) (0,1,1)
D (6,7,8) (5,0,0)
D (11,12,-1) (4,2,5)
D (10,11,12) (0,1,3)
D (10,11,12) (1,0,3)
D (10,11,-1) (1,3,0)
D (8,-1,-1) (0,2,1)
C 0 17
C 1 17
C 2 22
C 3 20
C 4 3
C 5 18
C 6 2
C 7 8
C 8 22
C 9 19
C 10 0
C 11 15
C 12 24
C 13 6
C 14 19
C 15 3
C 16 24
C 17 4
C 18 4
C 19 6
C 20 14
C 21 20
C 22 20
C 23 5
C 24 5
C 25 11
C 26 26
C 27 8
C 28 10
C 29 7
C 30 0
C 31 18
C 32 15
C 33 4
C 34 14
C 35 18
C 36 2
C 37 14
C 38 14
C 39 8
C 40 20
C 41 10
C 42 20
C 43 14
C 44 17
C 45 9
C 46 4
C 47 19
C 48 5
C 49 15
C 50 4
C 51 16
C 52 26
C 53 24
C 54 14
C 55 0
C 56 0
C 57 18
C 58 3
C 59 15
C 60 24
C 61 2
C 62 17
C 63 14
C 64 9
C 65 22
C 66 3
C 67 19
C 68 3
C 69 8
C 70 26
C 71 17
C 72 10
C 73 26
C 74 7
C 75 0
C 76 0
C 77 0
C 78 0
C 79 0
C 80 0
C 81 0
C 82 0
C 83 0
C 84 0
C 85 0
C 86 0
C 87 0
C 88 0
C 89 0
C 90 0
C 91 0
C 92 0
C 93 0
C 94 0
C 95 0
C 96 0
C 97 0
C 98 0
C 99 0
C 100 0
C 101 0
C 102 0
C 103 0
C 104 0
C 105 0
C 106 0
C 107 0
C 108 0
C 109 0
C 110 0
C 111 0
C 112 0
C 113 0
C 114 0
C 115 0
C 116 0
C 117 0
C 118 0
C 119 0
C 120 0
C 121 0
C 122 0
C 123 0
C 124 0
C 125 0
C 126 0
C 127 0
C 128 0
C 129 0
C 130 0
C 131 0
C 132 0
C 133 0
C 134 0
C 135 0
C 136 0
C 137 0
C 138 0
C 139 0
C 140 0
C 141 0
C 142 0
C 143 0
C 144 0
C 145 0
C 146 0
C 147 0
C 148 0
C 149 0
C 150 0
C 151 0
C 152 0
C 153 0
C 154 0
C 155 0
C 156 0
C 157 0
C 158 0
C 159 0
C 160 0
C 161 0
C 162 0
C 163 0
C 164 0
C 165 0
C 166 0
C 167 0
C 168 0
C 169 0
C 170 0
C 171 0
C 172 0
C 173 0
C 174 0
C 175 0
C 176 0
C 177 0
C 178 0
C 179 0
C 180 0
C 181 0
C 182 0
C 183 0
C 184 0
C 185 0
C 186 0
C 187 0
C 188 0
C 189 0
C 190 0
C 191 0
C 192 0
C 193 0
C 194 0
C 195 0
C 196 0
C 197 0
C 198 0
C 199 0
C 200 0
C 201 0
C 202 0
C 203 0
C 204 0
C 205 0
C 206 0
C 207 0
C 208 0
C 209 0
C 210 0
C 211 0
C 212 0
C 213 0
C 214 0
C 215 0
C 216 0
C 217 0
C 218 0
C 219 0
C 220 0
C 221 0
C 222 0
C 223 0
C 224 0
C 225 0
C 226 0
C 227 0
C 228 0
C 229 0
C 230 0
C 231 0
C 232 0
C 233 0
C 234 0
C 235 24
C 236 0
C 237 0
C 238 0
C 239 15
C 240 26
C 241 19
C 242 3
C 243 7
C 244 5
C 245 0
C 246 8
C 247 21
C 248 21
C 249 3
C 250 2
C 251 16
C 252 26
C 253 9
C 254 0
C 255 2
C 256 25
C 257 20
C 258 25
C 259 17
C 260 5
C 261 0
C 262 16
C 263 4
C 264 17
C 265 8
C 266 1
C 267 16
C 268 15
C 269 5
C 270 4
C 271 20
C 272 15
C 273 0
C 274 0
C 275 0
C 276 0
C 277 0
C 278 0
C 279 0
C 280 0
C 281 0
C 282 0
C 283 0
C 284 0
C 285 0
C 286 0
C 287 0
C 288 0
C 289 0
C 290 0
C 291 0
C 292 0
C 293 0
C 294 0
C 295 0
C 296 0
C 297 0
C 298 0
C 299 0
C 300 0
C 301 0
C 302 0
C 303 0
C 304 0
C 305 0
C 306 0
C 307 0
C 308 0
C 309 0
C 310 0
C 311 0
C 312 0
C 313 0
C 314 0
C 315 0
C 316 0
C 317 0
C 318 0
C 319 0
C 320 0
C 321 0
C 322 0
C 323 0
C 324 0
C 325 0
C 326 0
C 327 0
C 328 0
C 329 0
C 330 0
C 331 0
C 332 0
C 333 0
C 334 0
C 335 0
C 336 0
C 337 0
C 338 0
C 339 0
C 340 0
C 341 0
C 342 0
C 343 0
C 344 0
C 345 0
C 346 0
C 347 0
C 348 0
C 349 0
C 350 0
C 351 23
C 352 5
C 353 8
C 354 4
C 355 25
C 356 0
C 357 4
C 358 8
C 359 5
C 360 14
C 361 16
C 362 7
C 363 0
C 364 0
C 365 0
C 366 0
C 367 0
C 368 0
C 369 0
C 370 0
C 371 0
C 372 9
C 373 15
C 374 11
C 375 25
C 376 3
C 377 16
I 0 3 15 (3,0,3) (-1,1,1,0)
I 3 2 10 (1,5,1) (1,0,1,0)
I 2 3 3 (4,1,2) (1,0,-1,0)
