D (13,-1,-1) (0,2,2)
D (7,-1,-1) (2,1,2)
D (10,-1,-1) (4,2,1)
D (6,7,8) (5,2,1)
D (12,13,-1) (3,0,4)
D (7,8,-1) (1,5,1)
D (13,-1,-1) (0,5,3)
D (12,-1,-1) (0,3,2)
D (8,-1,-1) (0,0,3)
D (12,13,-1) (3,0,0)
D (8,-1,-1) (3,1,2)
D (9,10,-1) (0,5,4)
D (6,-1,-1) (1,0,5)
D (13,-1,-1) (1,1,2)
D (13,-1,-1) (2,0,0)
D (8,9,10) (2,4,5)
D (13,-1,-1) (3,4,0)
D (9,10,-1) (3,1,0)
D (13,-1,-1) (5,4,1)
D (10,-1,-1) (2,0,1)
D (9,10,11) (2,0,4)
D (7,8,9) (0,5,5)
D (6,7,8) (4,1,3)
D (10,11,-1) (2,1,4)
D (7,8,-1) (5,0,4)
D (9,10,-1) (0,5,2)
D (10,-1,-1) (2,0,2)
D (13,-1,-1) (5,4,4)
D (8,9,10) (1,5,0)
D (12,13,-1) (4,0,0)
D (8,9,-1) (0,4,0)
D (12,13,-1) (4,4,1)
D (11,-1,-1) (2,3,2)
D (9,10,11) (1,0,1)
D (12,13,-1) (5,3,5)
D (7,8,9) (2,2,2)
D (8,9,10) (0,3,4)
D (13,-1,-1) (1,1,4)
D (8,9,-1) (0,0,0)
D (11,12,-1) (0,4,5)
D (8,9,10) (2,3,3)
D (12,13,-1) (0,2,5)
D (9,10,-1) (2,5,1)
D (11,12,-1) (3,3,5)
D (7,8,-1) (2,5,3)
D (8,-1,-1) (3,5,3)
D (7,8,-1) (1,4,0)
D (12,13,-1) (3,3,1)
D (11,12,-1) (3,2,1)
D (8,-1,-1) (1,2,0)
D (6,-1,-1) (1,4,5)
D (13,-1,-1) (4,5,5)
D (12,13,-1) (2,2,1)
D (9,10,-1) (5,3,4)
D (10,11,-1) (0,4,2)
D (8,9,10) (4,5,1)
D (13,-1,-1) (3,1,3)
D (6,7,-1) (0,2,1)
D (11,12,-1) (0,1,1)
D (6,7,-1) (2,4,2)
D (7,8,-1) (1,3,5)
D (9,10,11) (3,4,3)
D (12,13,-1) (3,5,5)
D (12,13,-1) (4,3,1)
C 0 3
C 1 19
C 2 16
C 3 17
C 4 1
C 5 1
C 6 8
C 7 17
C 8 21
C 9 8
C 10 23
C 11 20
C 12 7
C 13 9
C 14 11
C 15 16
C 16 4
C 17 21
C 18 10
C 19 11
C 20 3
C 21 4
C 22 15
C 23 24
C 24 3
C 25 19
C 26 15
C 27 20
C 28 16
C 29 24
C 30 9
C 31 26
C 32 19
C 33 1
C 34 15
C 35 23
C 36 21
C 37 6
C 38 5
C 39 15
C 40 11
C 41 7
C 42 20
C 43 0
C 44 10
C 45 25
C 46 4
C 47 12
C 48 15
C 49 26
C 50 17
C 51 5
C 52 3
C 53 3
C 54 9
C 55 6
C 56 1
C 57 25
C 58 1
C 59 4
C 60 19
C 61 2
C 62 15
C 63 26
C 64 7
C 65 9
C 66 17
C 67 19
C 68 12
C 69 1
C 70 9
C 71 26
C 72 2
C 73 12
C 74 25
C 75 9
C 76 23
C 77 6
C 78 15
C 79 11
C 80 15
C 81 7
C 82 18
C 83 9
C 84 17
C 85 11
C 86 11
C 87 6
C 88 9
C 89 16
C 90 14
C 91 19
C 92 3
C 93 0
C 94 17
C 95 21
C 96 14
C 97 24
C 98 3
C 99 15
C 100 1
C 101 0
C 102 25
C 103 3
C 104 17
C 105 7
C 106 20
C 107 9
C 108 17
C 109 12
C 110 15
C 111 10
C 112 0
C 113 18
C 114 19
C 115 18
C 116 21
C 117 2
C 118 20
C 119 2
C 120 8
C 121 12
C 122 10
C 123 0
C 124 0
C 125 12
C 126 23
C 127 18
C 128 16
C 129 21
C 130 25
C 131 17
C 132 23
C 133 19
C 134 22
C 135 9
C 136 18
C 137 2
C 138 24
C 139 5
C 140 0
C 141 10
C 142 11
C 143 22
C 144 25
C 145 1
C 146 25
C 147 15
C 148 21
C 149 25
C 150 15
C 151 4
C 152 16
C 153 10
C 154 21
C 155 18
C 156 12
C 157 21
C 158 9
C 159 5
C 160 21
C 161 16
C 162 19
C 163 23
C 164 4
C 165 22
C 166 18
C 167 1
C 168 11
C 169 12
C 170 18
C 171 19
C 172 21
C 173 5
C 174 0
C 175 25
C 176 26
C 177 12
C 178 12
C 179 12
C 180 1
C 181 3
C 182 6
C 183 24
C 184 6
C 185 19
C 186 17
C 187 26
C 188 18
C 189 16
C 190 22
C 191 17
C 192 21
C 193 18
C 194 4
C 195 9
C 196 19
C 197 6
C 198 5
C 199 7
C 200 16
C 201 9
C 202 18
C 203 9
C 204 9
C 205 3
C 206 2
C 207 17
C 208 7
C 209 5
C 210 22
C 211 0
C 212 2
C 213 15
C 214 17
C 215 20
C 216 15
C 217 26
C 218 26
C 219 2
C 220 23
C 221 11
C 222 21
C 223 10
C 224 17
C 225 23
C 226 20
C 227 25
C 228 26
C 229 9
C 230 3
C 231 2
C 232 20
C 233 19
C 234 24
C 235 0
C 236 17
C 237 5
C 238 22
C 239 15
C 240 11
C 241 23
C 242 24
C 243 4
C 244 4
C 245 6
C 246 17
C 247 15
C 248 22
C 249 17
C 250 6
C 251 11
C 252 21
C 253 20
C 254 17
C 255 25
C 256 4
C 257 3
C 258 3
C 259 19
C 260 12
C 261 15
C 262 16
C 263 18
C 264 6
C 265 11
C 266 8
C 267 20
C 268 6
C 269 8
C 270 0
C 271 9
C 272 2
C 273 9
C 274 25
C 275 10
C 276 25
C 277 20
C 278 1
C 279 22
C 280 5
C 281 19
C 282 14
C 283 1
C 284 18
C 285 8
C 286 7
C 287 16
C 288 21
C 289 23
C 290 8
C 291 2
C 292 25
C 293 16
C 294 5
C 295 2
C 296 19
C 297 19
C 298 14
C 299 26
C 300 26
C 301 0
C 302 0
C 303 0
C 304 0
C 305 0
C 306 0
C 307 0
C 308 0
C 309 0
C 310 0
C 311 0
C 312 0
C 313 0
C 314 0
C 315 0
C 316 0
C 317 0
C 318 0
C 319 0
C 320 0
C 321 0
C 322 0
C 323 0
C 324 0
C 325 0
C 326 0
C 327 0
C 328 0
C 329 0
C 330 0
C 331 0
C 332 0
C 333 0
C 334 0
C 335 0
C 336 0
C 337 0
C 338 18
C 339 20
C 340 3
C 341 15
C 342 20
C 343 1
C 344 26
C 345 4
C 346 3
C 347 24
C 348 12
C 349 18
C 350 2
C 351 9
C 352 8
C 353 22
C 354 9
C 355 3
C 356 7
C 357 8
C 358 25
C 359 4
C 360 17
C 361 18
C 362 4
C 363 10
C 364 19
C 365 18
C 366 12
C 367 20
C 368 16
C 369 2
C 370 10
C 371 2
C 372 12
C 373 21
C 374 19
C 375 3
C 376 23
C 377 24
I 0 3 11 (5,0,1) (-1,1,1,0)|(1,0,0,0)
I 3 1 10 (4,2,2) (-1,-1,-1,0)
