D (11,-1,-1) (0,1,3)
D (9,-1,-1) (5,2,2)
D (8,-1,-1) (3,5,3)
D (9,10,-1) (4,2,1)
D (12,13,-1) (4,3,5)
D (7,8,-1) (5,0,1)
D (11,12,13) (3,4,4)
D (6,-1,-1) (1,2,3)
D (11,12,-1) (1,5,3)
D (13,-1,-1) (4,5,0)
D (7,8,9) (4,4,4)
D (11,12,13) (4,0,5)
D (6,7,8) (4,5,5)
D (10,11,-1) (0,2,5)
D (11,12,-1) (0,0,4)
D (11,12,-1) (5,2,3)
D (10,11,12) (4,3,0)
D (10,11,-1) (5,3,3)
D (9,-1,-1) (0,4,3)
D (10,11,-1) (3,2,1)
D (10,11,12) (4,0,1)
D (7,8,-1) (2,4,2)
D (12,-1,-1) (1,2,0)
D (9,10,11) (0,2,4)
D (9,-1,-1) (3,2,2)
D (7,8,9) (2,0,5)
D (8,9,10) (0,4,1)
D (8,9,10) (1,0,5)
D (6,-1,-1) (1,2,2)
D (12,-1,-1) (2,3,1)
D (9,-1,-1) (0,2,2)
D (11,12,-1) (1,0,3)
D (6,7,-1) (2,3,4)
D (7,-1,-1) (5,3,0)
D (11,12,-1) (2,4,1)
D (10,11,12) (1,4,1)
D (7,8,9) (2,4,4)
D (7,-1,-1) (4,1,4)
D (8,9,10) (5,1,3)
D (7,8,-1) (0,5,0)
D (11,-1,-1) (0,1,1)
D (8,-1,-1) (4,1,3)
D (11,12,13) (2,5,2)
D (7,8,-1) (0,4,5)
D (10,-1,-1) (0,0,3)
D (10,11,-1) (5,1,4)
D (7,8,-1) (1,5,2)
D (10,11,-1) (3,3,3)
D (10,11,12) (3,4,5)
D (12,13,-1) (5,3,4)
D (11,12,-1) (1,0,1)
D (11,-1,-1) (2,3,5)
D (8,9,-1) (3,1,4)
D (10,-1,-1) (0,5,4)
D (10,11,-1) (0,5,1)
D (9,10,-1) (1,3,4)
C 0 10
C 1 15
C 2 0
C 3 19
C 4 6
C 5 12
C 6 23
C 7 20
C 8 14
C 9 23
C 10 11
C 11 20
C 12 15
C 13 22
C 14 24
C 15 1
C 16 10
C 17 12
C 18 12
C 19 11
C 20 19
C 21 12
C 22 7
C 23 8
C 24 20
C 25 17
C 26 4
C 27 11
C 28 25
C 29 14
C 30 18
C 31 0
C 32 8
C 33 9
C 34 11
C 35 7
C 36 21
C 37 23
C 38 21
C 39 23
C 40 0
C 41 26
C 42 2
C 43 25
C 44 21
C 45 16
C 46 23
C 47 6
C 48 14
C 49 2
C 50 16
C 51 1
C 52 2
C 53 24
C 54 6
C 55 14
C 56 20
C 57 26
C 58 2
C 59 17
C 60 19
C 61 22
C 62 3
C 63 15
C 64 10
C 65 18
C 66 0
C 67 6
C 68 12
C 69 8
C 70 1
C 71 26
C 72 12
C 73 10
C 74 18
C 75 5
C 76 3
C 77 21
C 78 9
C 79 18
C 80 5
C 81 7
C 82 9
C 83 21
C 84 1
C 85 21
C 86 3
C 87 4
C 88 1
C 89 15
C 90 9
C 91 16
C 92 18
C 93 1
C 94 7
C 95 12
C 96 8
C 97 12
C 98 18
C 99 23
C 100 3
C 101 26
C 102 23
C 103 8
C 104 6
C 105 22
C 106 9
C 107 2
C 108 11
C 109 4
C 110 18
C 111 16
C 112 6
C 113 20
C 114 14
C 115 18
C 116 4
C 117 6
C 118 9
C 119 5
C 120 22
C 121 26
C 122 26
C 123 21
C 124 4
C 125 24
C 126 18
C 127 17
C 128 11
C 129 8
C 130 14
C 131 4
C 132 1
C 133 4
C 134 24
C 135 25
C 136 11
C 137 11
C 138 1
C 139 17
C 140 24
C 141 20
C 142 11
C 143 8
C 144 23
C 145 18
C 146 23
C 147 11
C 148 0
C 149 24
C 150 12
C 151 20
C 152 26
C 153 17
C 154 16
C 155 24
C 156 23
C 157 23
C 158 26
C 159 4
C 160 7
C 161 25
C 162 26
C 163 14
C 164 15
C 165 22
C 166 2
C 167 25
C 168 4
C 169 19
C 170 20
C 171 6
C 172 21
C 173 20
C 174 23
C 175 6
C 176 8
C 177 3
C 178 0
C 179 2
C 180 22
C 181 18
C 182 17
C 183 21
C 184 1
C 185 8
C 186 0
C 187 16
C 188 16
C 189 26
C 190 18
C 191 22
C 192 3
C 193 9
C 194 18
C 195 21
C 196 5
C 197 5
C 198 0
C 199 0
C 200 0
C 201 0
C 202 0
C 203 0
C 204 0
C 205 0
C 206 0
C 207 0
C 208 0
C 209 0
C 210 0
C 211 0
C 212 0
C 213 0
C 214 0
C 215 0
C 216 0
C 217 0
C 218 0
C 219 0
C 220 0
C 221 0
C 222 0
C 223 0
C 224 0
C 225 0
C 226 0
C 227 0
C 228 0
C 229 0
C 230 0
C 231 0
C 232 0
C 233 0
C 234 0
C 235 0
C 236 0
C 237 0
C 238 0
C 239 0
C 240 0
C 241 0
C 242 0
C 243 0
C 244 0
C 245 0
C 246 0
C 247 0
C 248 0
C 249 0
C 250 0
C 251 0
C 252 0
C 253 0
C 254 0
C 255 0
C 256 0
C 257 0
C 258 0
C 259 0
C 260 0
C 261 0
C 262 0
C 263 0
C 264 0
C 265 0
C 266 0
C 267 0
C 268 0
C 269 0
C 270 0
C 271 0
C 272 0
C 273 0
C 274 0
C 275 0
C 276 0
C 277 0
C 278 0
C 279 0
C 280 0
C 281 0
C 282 0
C 283 0
C 284 0
C 285 0
C 286 0
C 287 0
C 288 0
C 289 0
C 290 0
C 291 0
C 292 0
C 293 0
C 294 0
C 295 0
C 296 0
C 297 0
C 298 0
C 299 0
C 300 0
C 301 0
C 302 0
C 303 0
C 304 0
C 305 0
C 306 0
C 307 0
C 308 0
C 309 0
C 310 0
C 311 16
C 312 22
C 313 24
C 314 11
C 315 19
C 316 7
C 317 16
C 318 2
C 319 25
C 320 25
C 321 1
C 322 6
C 323 8
C 324 5
C 325 0
C 326 18
C 327 6
C 328 14
C 329 23
C 330 2
C 331 9
C 332 16
C 333 18
C 334 15
C 335 19
C 336 20
C 337 11
C 338 16
C 339 9
C 340 17
C 341 7
C 342 9
C 343 22
C 344 0
C 345 10
C 346 2
C 347 25
C 348 19
C 349 19
C 350 3
C 351 10
C 352 11
C 353 7
C 354 11
C 355 1
C 356 12
C 357 26
C 358 4
C 359 6
C 360 4
C 361 5
C 362 11
C 363 0
C 364 6
C 365 9
C 366 25
C 367 21
C 368 14
C 369 14
C 370 12
C 371 12
C 372 9
C 373 22
C 374 21
C 375 16
C 376 1
C 377 23
I 3 1 17 (5,0,5) (0,-1,0,0)|(-1,1,-1,0)
I 0 1 8 (4,3,3) (0,0,-1,0)|(0,-1,1,0)|(1,1,1,0)
I 2 3 15 (2,5,3) (1,0,1,0)|(-1,0,1,0)|(-1,-1,1,0)|(1,0,-1,0)
