D (8,9,10) (5,0,2)
D (11,-1,-1) (5,3,3)
D (11,12,-1) (4,2,2)
D (7,-1,-1) (3,4,1)
D (9,-1,-1) (1,1,3)
D (10,-1,-1) (0,1,5)
D (7,8,9) (1,1,0)
D (8,8,9) (2,1,2)
D (12,13,-1) (1,1,4)
D (6,-1,-1) (2,4,3)
D (8,9,-1) (3,0,4)
D (7,-1,-1) (4,5,4)
D (9,10,-1) (2,1,5)
D (9,-1,-1) (4,1,4)
D (9,10,11) (1,1,1)
D (9,10,11) (3,5,3)
D (8,9,-1) (4,5,5)
D (6,7,-1) (2,0,1)
D (8,-1,-1) (1,3,5)
D (13,-1,-1) (2,4,0)
D (9,-1,-1) (2,5,2)
D (13,-1,-1) (0,3,5)
D (13,-1,-1) (3,2,2)
D (6,7,8) (4,3,5)
D (13,-1,-1) (4,5,3)
D (9,10,11) (0,2,1)
D (7,8,9) (3,3,3)
D (8,9,10) (2,3,2)
D (9,10,-1) (2,4,4)
D (6,-1,-1) (4,1,0)
D (10,-1,-1) (5,5,3)
D (10,-1,-1) (5,3,0)
D (10,11,-1) (1,5,4)
D (12,13,-1) (5,5,2)
D (11,-1,-1) (0,4,5)
D (9,10,11) (4,2,3)
D (9,10,11) (5,4,0)
D (13,-1,-1) (3,3,4)
D (12,13,-1) (2,5,4)
D (7,8,9) (0,3,3)
D (7,8,9) (4,3,3)
D (6,7,8) (0,0,3)
D (13,-1,-1) (4,3,4)
D (11,12,-1) (0,1,3)
D (7,8,-1) (3,1,0)
D (11,12,-1) (5,2,2)
D (9,-1,-1) (2,3,0)
D (13,-1,-1) (4,0,1)
D (13,-1,-1) (5,2,0)
D (11,12,13) (0,5,4)
D (12,13,-1) (3,3,2)
D (6,-1,-1) (2,4,1)
D (12,-1,-1) (1,4,5)
D (10,11,-1) (1,4,0)
D (12,-1,-1) (2,2,2)
D (6,-1,-1) (3,4,5)
D (9,10,11) (3,0,1)
D (9,-1,-1) (5,0,0)
D (12,13,-1) (0,4,3)
D (13,-1,-1) (0,4,0)
D (7,8,-1) (5,2,1)
D (12,13,-1) (4,5,1)
D (11,12,-1) (0,1,4)
D (9,10,11) (1,1,2)
D (10,-1,-1) (1,2,5)
D (11,12,-1) (4,1,2)
D (11,-1,-1) (5,5,5)
D (7,-1,-1) (2,2,0)
C 0 3
C 1 10
C 2 0
C 3 25
C 4 7
C 5 26
C 6 8
C 7 11
C 8 3
C 9 18
C 10 18
C 11 23
C 12 2
C 13 12
C 14 21
C 15 10
C 16 3
C 17 2
C 18 15
C 19 8
C 20 16
C 21 18
C 22 0
C 23 0
C 24 0
C 25 0
C 26 0
C 27 0
C 28 0
C 29 0
C 30 0
C 31 0
C 32 0
C 33 0
C 34 0
C 35 0
C 36 0
C 37 0
C 38 0
C 39 0
C 40 0
C 41 0
C 42 0
C 43 0
C 44 0
C 45 0
C 46 0
C 47 0
C 48 0
C 49 0
C 50 0
C 51 0
C 52 0
C 53 0
C 54 0
C 55 0
C 56 0
C 57 0
C 58 0
C 59 0
C 60 0
C 61 0
C 62 0
C 63 0
C 64 0
C 65 0
C 66 0
C 67 0
C 68 0
C 69 0
C 70 0
C 71 0
C 72 0
C 73 0
C 74 0
C 75 0
C 76 0
C 77 0
C 78 0
C 79 0
C 80 0
C 81 0
C 82 0
C 83 0
C 84 0
C 85 0
C 86 0
C 87 0
C 88 0
C 89 0
C 90 0
C 91 0
C 92 0
C 93 0
C 94 0
C 95 0
C 96 0
C 97 0
C 98 0
C 99 0
C 100 0
C 101 0
C 102 0
C 103 0
C 104 0
C 105 0
C 106 0
C 107 0
C 108 0
C 109 0
C 110 0
C 111 0
C 112 0
C 113 0
C 114 0
C 115 0
C 116 0
C 117 0
C 118 0
C 119 0
C 120 0
C 121 0
C 122 0
C 123 0
C 124 0
C 125 0
C 126 0
C 127 0
C 128 0
C 129 0
C 130 0
C 131 0
C 132 0
C 133 0
C 134 0
C 135 0
C 136 14
C 137 19
C 138 22
C 139 18
C 140 16
C 141 25
C 142 20
C 143 4
C 144 16
C 145 8
C 146 22
C 147 23
C 148 20
C 149 11
C 150 11
C 151 8
C 152 12
C 153 9
C 154 19
C 155 4
C 156 24
C 157 5
C 158 17
C 159 11
C 160 5
C 161 10
C 162 0
C 163 19
C 164 10
C 165 2
C 166 26
C 167 19
C 168 18
C 169 14
C 170 0
C 171 0
C 172 0
C 173 0
C 174 0
C 175 0
C 176 0
C 177 0
C 178 0
C 179 0
C 180 0
C 181 0
C 182 0
C 183 0
C 184 0
C 185 0
C 186 0
C 187 0
C 188 0
C 189 0
C 190 0
C 191 0
C 192 0
C 193 0
C 194 0
C 195 0
C 196 0
C 197 0
C 198 0
C 199 0
C 200 0
C 201 0
C 202 0
C 203 0
C 204 0
C 205 0
C 206 0
C 207 0
C 208 0
C 209 0
C 210 20
C 211 0
C 212 0
C 213 0
C 214 0
C 215 0
C 216 0
C 217 0
C 218 0
C 219 0
C 220 0
C 221 0
C 222 0
C 223 0
C 224 0
C 225 0
C 226 0
C 227 0
C 228 0
C 229 0
C 230 0
C 231 0
C 232 0
C 233 0
C 234 0
C 235 0
C 236 0
C 237 0
C 238 0
C 239 0
C 240 0
C 241 12
C 242 22
C 243 10
C 244 1
C 245 17
C 246 10
C 247 1
C 248 20
C 249 8
C 250 5
C 251 11
C 252 10
C 253 22
C 254 18
C 255 0
C 256 3
C 257 9
C 258 6
C 259 20
C 260 6
C 261 19
C 262 19
C 263 21
C 264 8
C 265 0
C 266 0
C 267 0
C 268 0
C 269 0
C 270 0
C 271 0
C 272 0
C 273 0
C 274 0
C 275 0
C 276 0
C 277 0
C 278 0
C 279 0
C 280 0
C 281 0
C 282 0
C 283 0
C 284 0
C 285 0
C 286 0
C 287 0
C 288 0
C 289 0
C 290 0
C 291 0
C 292 0
C 293 0
C 294 0
C 295 0
C 296 0
C 297 0
C 298 0
C 299 0
C 300 0
C 301 0
C 302 0
C 303 0
C 304 0
C 305 0
C 306 0
C 307 0
C 308 0
C 309 0
C 310 0
C 311 0
C 312 0
C 313 0
C 314 0
C 315 0
C 316 0
C 317 0
C 318 0
C 319 0
C 320 0
C 321 0
C 322 0
C 323 0
C 324 0
C 325 0
C 326 0
C 327 0
C 328 0
C 329 0
C 330 0
C 331 1
C 332 0
C 333 0
C 334 0
C 335 0
C 336 0
C 337 0
C 338 0
C 339 0
C 340 0
C 341 0
C 342 0
C 343 0
C 344 0
C 345 0
C 346 0
C 347 0
C 348 0
C 349 0
C 350 0
C 351 0
C 352 0
C 353 0
C 354 0
C 355 0
C 356 0
C 357 0
C 358 0
C 359 0
C 360 0
C 361 0
C 362 0
C 363 0
C 364 0
C 365 0
C 366 0
C 367 0
C 368 0
C 369 0
C 370 0
C 371 0
C 372 9
C 373 16
C 374 9
C 375 15
C 376 16
C 377 7
I 0 1 4 (2,2,3) (0,1,0,0)
I 2 2 7 (0,1,3) (-1,0,-1,0)|(-1,-1,1,0)
I 3 1 5 (4,3,4) (-1,1,-1,0)
