D (8,9,-1) (2,5,4)
D (6,-1,-1) (4,5,4)
D (9,-1,-1) (5,1,4)
D (6,7,-1) (1,2,4)
D (13,-1,-1) (3,4,1)
D (12,13,-1) (5,2,0)
D (10,-1,-1) (2,2,5)
D (11,12,13) (5,3,1)
D (6,7,-1) (3,3,4)
D (7,8,9) (0,2,5)
D (7,-1,-1) (5,0,5)
D (6,7,8) (3,3,3)
D (8,9,10) (1,2,2)
D (6,7,-1) (1,4,2)
D (6,7,-1) (4,0,0)
D (13,-1,-1) (0,2,2)
D (9,10,-1) (0,2,3)
D (7,8,-1) (4,4,1)
D (6,7,8) (1,5,1)
D (12,13,-1) (3,3,1)
D (8,9,-1) (2,3,1)
D (13,-1,-1) (1,5,4)
D (13,-1,-1) (5,1,0)
D (6,-1,-1) (1,3,2)
D (6,7,8) (1,4,5)
D (7,-1,-1) (2,1,5)
D (7,8,-1) (2,4,2)
D (13,-1,-1) (2,4,5)
D (8,-1,-1) (0,4,5)
D (13,-1,-1) (5,3,5)
D (10,11,12) (5,4,3)
D (6,7,-1) (0,2,1)
D (11,-1,-1) (0,3,3)
D (11,12,13) (2,2,1)
D (8,11,-1) (0,3,4)
D (13,-1,-1) (3,2,5)
D (12,-1,-1) (3,4,5)
D (6,7,-1) (5,4,0)
D (13,-1,-1) (2,4,0)
D (8,9,-1) (0,0,0)
D (10,-1,-1) (0,1,4)
D (9,10,-1) (4,1,0)
D (13,-1,-1) (2,0,2)
D (10,-1,-1) (0,0,3)
D (9,-1,-1) (3,5,2)
D (9,10,-1) (5,5,4)
D (8,9,10) (2,4,3)
D (13,-1,-1) (1,2,3)
D (12,13,-1) (0,5,5)
D (6,7,-1) (2,1,4)
D (13,-1,-1) (3,2,1)
D (6,7,8) (5,1,2)
D (13,-1,-1) (5,2,5)
D (13,-1,-1) (3,5,5)
D (7,-1,-1) (4,3,5)
D (13,-1,-1) (1,4,4)
C 0 11
C 1 18
C 2 22
C 3 6
C 4 14
C 5 1
C 6 9
C 7 9
C 8 12
C 9 20
C 10 21
C 11 8
C 12 0
C 13 5
C 14 24
C 15 2
C 16 9
C 17 23
C 18 12
C 19 17
C 20 4
C 21 26
C 22 17
C 23 5
C 24 21
C 25 26
C 26 24
C 27 22
C 28 25
C 29 24
C 30 24
C 31 26
C 32 11
C 33 12
C 34 0
C 35 17
C 36 14
C 37 24
C 38 21
C 39 2
C 40 9
C 41 16
C 42 18
C 43 18
C 44 20
C 45 22
C 46 26
C 47 18
C 48 23
C 49 12
C 50 2
C 51 7
C 52 26
C 53 2
C 54 25
C 55 26
C 56 6
C 57 11
C 58 16
C 59 17
C 60 10
C 61 14
C 62 0
C 63 3
C 64 6
C 65 11
C 66 20
C 67 22
C 68 4
C 69 6
C 70 25
C 71 2
C 72 2
C 73 1
C 74 5
C 75 8
C 76 6
C 77 16
C 78 24
C 79 23
C 80 7
C 81 18
C 82 18
C 83 19
C 84 3
C 85 2
C 86 24
C 87 10
C 88 18
C 89 5
C 90 10
C 91 15
C 92 21
C 93 2
C 94 20
C 95 9
C 96 25
C 97 14
C 98 26
C 99 1
C 100 12
C 101 10
C 102 0
C 103 17
C 104 21
C 105 17
C 106 17
C 107 23
C 108 12
C 109 4
C 110 20
C 111 15
C 112 22
C 113 11
C 114 15
C 115 1
C 116 2
C 117 6
C 118 24
C 119 12
C 120 17
C 121 5
C 122 22
C 123 6
C 124 21
C 125 20
C 126 17
C 127 2
C 128 15
C 129 6
C 130 7
C 131 20
C 132 24
C 133 2
C 134 21
C 135 3
C 136 14
C 137 14
C 138 21
C 139 6
C 140 23
C 141 20
C 142 9
C 143 16
C 144 15
C 145 6
C 146 26
C 147 21
C 148 1
C 149 11
C 150 5
C 151 16
C 152 12
C 153 0
C 154 14
C 155 3
C 156 23
C 157 12
C 158 16
C 159 26
C 160 24
C 161 7
C 162 3
C 163 21
C 164 22
C 165 19
C 166 4
C 167 15
C 168 0
C 169 20
C 170 19
C 171 3
C 172 20
C 173 22
C 174 17
C 175 25
C 176 5
C 177 11
C 178 25
C 179 12
C 180 3
C 181 6
C 182 15
C 183 4
C 184 3
C 185 18
C 186 1
C 187 22
C 188 14
C 189 26
C 190 2
C 191 0
C 192 17
C 193 18
C 194 11
C 195 23
C 196 5
C 197 18
C 198 24
C 199 22
C 200 11
C 201 7
C 202 24
C 203 22
C 204 5
C 205 0
C 206 20
C 207 7
C 208 26
C 209 22
C 210 22
C 211 20
C 212 16
C 213 12
C 214 7
C 215 3
C 216 23
C 217 18
C 218 2
C 219 15
C 220 23
C 221 22
C 222 3
C 223 8
C 224 24
C 225 12
C 226 0
C 227 17
C 228 22
C 229 17
C 230 3
C 231 19
C 232 11
C 233 1
C 234 12
C 235 16
C 236 23
C 237 11
C 238 10
C 239 14
C 240 18
C 241 8
C 242 5
C 243 26
C 244 20
C 245 14
C 246 7
C 247 9
C 248 21
C 249 3
C 250 10
C 251 0
C 252 24
C 253 20
C 254 18
C 255 17
C 256 5
C 257 17
C 258 11
C 259 19
C 260 25
C 261 15
C 262 1
C 263 20
C 264 16
C 265 15
C 266 12
C 267 8
C 268 17
C 269 24
C 270 1
C 271 3
C 272 26
C 273 23
C 274 3
C 275 7
C 276 8
C 277 4
C 278 0
C 279 2
C 280 14
C 281 24
C 282 19
C 283 6
C 284 19
C 285 2
C 286 15
C 287 10
C 288 18
C 289 2
C 290 17
C 291 23
C 292 7
C 293 19
C 294 9
C 295 22
C 296 4
C 297 25
C 298 5
C 299 23
C 300 22
C 301 18
C 302 19
C 303 6
C 304 9
C 305 26
C 306 12
C 307 14
C 308 5
C 309 24
C 310 11
C 311 7
C 312 12
C 313 19
C 314 11
C 315 1
C 316 12
C 317 17
C 318 3
C 319 21
C 320 1
C 321 4
C 322 23
C 323 23
C 324 7
C 325 18
C 326 9
C 327 18
C 328 21
C 329 21
C 330 24
C 331 4
C 332 19
C 333 17
C 334 14
C 335 12
C 336 6
C 337 10
C 338 4
C 339 26
C 340 16
C 341 22
C 342 8
C 343 18
C 344 19
C 345 8
C 346 11
C 347 0
C 348 0
C 349 5
C 350 9
C 351 3
C 352 22
C 353 20
C 354 8
C 355 24
C 356 25
C 357 23
C 358 4
C 359 14
C 360 9
C 361 9
C 362 0
C 363 4
C 364 21
C 365 7
C 366 21
C 367 23
C 368 9
C 369 14
C 370 21
C 371 0
C 372 3
C 373 20
C 374 25
C 375 2
C 376 18
C 377 15
I 3 3 12 (2,3,3) (-1,0,1,0)
I 1 3 19 (5,3,4) (-1,1,0,0)|(0,-1,-1,0)
I 5 2 11 (0,5,3) (-1,0,0,0)
