D (13,-1,-1) (0,0,1)
D (6,-1,-1) (5,1,4)
D (7,8,9) (5,1,3)
D (12,13,-1) (2,3,4)
D (12,13,-1) (0,5,2)
D (13,-1,-1) (2,0,3)
D (9,10,11) (5,4,5)
D (9,10,11) (5,0,3)
D (8,9,-1) (5,0,2)
D (6,-1,-1) (5,4,2)
D (7,8,-1) (2,5,5)
D (11,12,13) (1,3,3)
D (11,12,13) (2,0,5)
D (11,12,13) (5,1,0)
D (10,11,12) (1,1,5)
D (11,12,-1) (0,2,4)
D (7,8,-1) (5,5,2)
D (10,-1,-1) (5,3,0)
D (7,8,-1) (1,4,0)
D (9,10,-1) (0,3,2)
D (7,8,-1) (1,5,2)
D (7,8,-1) (2,1,3)
D (9,-1,-1) (5,1,1)
D (6,7,-1) (5,3,1)
D (12,13,-1) (0,0,5)
D (13,-1,-1) (4,4,3)
D (7,-1,-1) (3,0,5)
D (7,-1,-1) (2,2,3)
D (8,9,10) (3,4,1)
D (10,-1,-1) (0,1,2)
D (10,11,-1) (4,5,1)
D (11,-1,-1) (4,3,5)
D (10,11,-1) (0,4,2)
D (7,8,-1) (2,2,1)
D (8,-1,-1) (1,5,0)
D (7,8,9) (0,4,3)
D (6,7,-1) (1,5,1)
D (7,8,-1) (4,1,4)
D (13,-1,-1) (1,2,1)
D (10,11,-1) (5,2,5)
D (7,8,9) (1,2,3)
D (13,-1,-1) (0,1,3)
C 0 14
C 1 23
C 2 15
C 3 18
C 4 14
C 5 9
C 6 14
C 7 14
C 8 10
C 9 18
C 10 18
C 11 6
C 12 18
C 13 0
C 14 0
C 15 0
C 16 0
C 17 0
C 18 0
C 19 0
C 20 0
C 21 0
C 22 0
C 23 0
C 24 0
C 25 0
C 26 0
C 27 0
C 28 0
C 29 0
C 30 0
C 31 0
C 32 0
C 33 0
C 34 0
C 35 0
C 36 0
C 37 0
C 38 0
C 39 0
C 40 0
C 41 0
C 42 0
C 43 0
C 44 0
C 45 0
C 46 0
C 47 0
C 48 0
C 49 0
C 50 0
C 51 0
C 52 0
C 53 0
C 54 0
C 55 0
C 56 0
C 57 0
C 58 0
C 59 0
C 60 0
C 61 0
C 62 0
C 63 0
C 64 0
C 65 0
C 66 0
C 67 0
C 68 0
C 69 0
C 70 0
C 71 0
C 72 0
C 73 0
C 74 0
C 75 0
C 76 20
C 77 20
C 78 5
C 79 20
C 80 23
C 81 1
C 82 16
C 83 7
C 84 7
C 85 21
C 86 22
C 87 3
C 88 17
C 89 12
C 90 16
C 91 8
C 92 3
C 93 18
C 94 22
C 95 0
C 96 3
C 97 17
C 98 9
C 99 15
C 100 20
C 101 4
C 102 5
C 103 14
C 104 11
C 105 7
C 106 5
C 107 12
C 108 9
C 109 9
C 110 4
C 111 1
C 112 23
C 113 25
C 114 26
C 115 4
C 116 14
C 117 0
C 118 23
C 119 12
C 120 7
C 121 9
C 122 3
C 123 18
C 124 17
C 125 17
C 126 15
C 127 15
C 128 0
C 129 16
C 130 20
C 131 17
C 132 21
C 133 15
C 134 5
C 135 3
C 136 9
C 137 6
C 138 19
C 139 22
C 140 1
C 141 0
C 142 9
C 143 7
C 144 0
C 145 3
C 146 12
C 147 14
C 148 24
C 149 0
C 150 5
C 151 20
C 152 7
C 153 8
C 154 19
C 155 22
C 156 17
C 157 14
C 158 0
C 159 21
C 160 26
C 161 16
C 162 25
C 163 1
C 164 16
C 165 23
C 166 9
C 167 24
C 168 25
C 169 23
C 170 8
C 171 2
C 172 22
C 173 11
C 174 26
C 175 10
C 176 19
C 177 15
C 178 0
C 179 17
C 180 25
C 181 7
C 182 15
C 183 0
C 184 20
C 185 10
C 186 14
C 187 3
C 188 12
C 189 20
C 190 16
C 191 21
C 192 24
C 193 1
C 194 14
C 195 21
C 196 26
C 197 4
C 198 22
C 199 2
C 200 4
C 201 3
C 202 21
C 203 2
C 204 8
C 205 25
C 206 3
C 207 18
C 208 8
C 209 24
C 210 9
C 211 16
C 212 16
C 213 2
C 214 25
C 215 3
C 216 5
C 217 19
C 218 16
C 219 19
C 220 16
C 221 15
C 222 5
C 223 5
C 224 11
C 225 10
C 226 5
C 227 20
C 228 14
C 229 3
C 230 7
C 231 1
C 232 11
C 233 5
C 234 19
C 235 20
C 236 22
C 237 15
C 238 14
C 239 9
C 240 9
C 241 14
C 242 21
C 243 21
C 244 21
C 245 10
C 246 17
C 247 6
C 248 0
C 249 19
C 250 11
C 251 9
C 252 26
C 253 9
C 254 15
C 255 17
C 256 15
C 257 9
C 258 11
C 259 5
C 260 25
C 261 22
C 262 8
C 263 14
C 264 12
C 265 0
C 266 25
C 267 15
C 268 10
C 269 19
C 270 19
C 271 25
C 272 3
C 273 19
C 274 20
C 275 12
C 276 19
C 277 12
C 278 11
C 279 10
C 280 9
C 281 7
C 282 23
C 283 17
C 284 14
C 285 5
C 286 8
C 287 2
C 288 24
C 289 24
C 290 20
C 291 2
C 292 15
C 293 5
C 294 6
C 295 11
C 296 8
C 297 12
C 298 21
C 299 6
C 300 5
C 301 3
C 302 14
C 303 9
C 304 26
C 305 10
C 306 26
C 307 14
C 308 11
C 309 2
C 310 18
C 311 3
C 312 8
C 313 16
C 314 25
C 315 18
C 316 2
C 317 4
C 318 7
C 319 10
C 320 21
C 321 15
C 322 1
C 323 22
C 324 9
C 325 16
C 326 3
C 327 9
C 328 6
C 329 9
C 330 0
C 331 15
C 332 1
C 333 2
C 334 7
C 335 1
C 336 19
C 337 14
C 338 7
C 339 6
C 340 9
C 341 6
C 342 0
C 343 0
C 344 1
C 345 2
C 346 16
C 347 26
C 348 9
C 349 2
C 350 26
C 351 6
C 352 20
C 353 25
C 354 9
C 355 20
C 356 3
C 357 15
C 358 19
C 359 17
C 360 8
C 361 15
C 362 2
C 363 20
C 364 4
C 365 3
C 366 12
C 367 14
C 368 17
C 369 24
C 370 12
C 371 4
C 372 18
C 373 23
C 374 22
C 375 22
C 376 26
C 377 26
I 0 1 11 (1,3,0) (1,0,0,0)|(1,-1,0,0)|(-1,1,1,0)|(1,0,1,0)|(-1,-1,-1,0)
I 2 2 6 (1,4,1) (0,1,0,0)
I 5 3 4 (2,2,4) (0,-1,-1,0)
