D (12,-1,-1) (4,2,2)
D (11,12,13) (4,3,4)
D (8,-1,-1) (4,2,1)
D (10,-1,-1) (2,5,1)
D (9,10,-1) (0,1,1)
D (10,11,12) (1,0,4)
D (11,12,-1) (4,1,1)
D (10,11,12) (1,1,1)
D (7,-1,-1) (5,3,0)
D (7,8,9) (4,1,5)
D (7,8,9) (3,2,5)
D (11,12,13) (2,2,1)
D (13,-1,-1) (4,3,3)
D (6,7,8) (5,3,4)
D (11,12,13) (0,3,4)
D (7,-1,-1) (0,4,0)
D (9,10,-1) (5,1,3)
D (13,-1,-1) (4,0,5)
D (13,-1,-1) (5,4,3)
D (9,-1,-1) (2,1,4)
D (8,9,10) (1,3,2)
D (13,-1,-1) (5,3,3)
D (13,-1,-1) (5,5,3)
D (9,-1,-1) (0,4,4)
D (12,13,-1) (2,0,1)
D (12,13,-1) (1,4,0)
D (9,-1,-1) (0,5,5)
D (12,13,-1) (5,2,5)
D (10,11,-1) (3,4,5)
D (12,13,-1) (5,4,2)
D (6,7,-1) (2,0,0)
D (8,-1,-1) (0,0,4)
D (10,-1,-1) (3,0,1)
D (11,12,13) (5,0,4)
D (13,-1,-1) (1,1,3)
D (12,13,-1) (0,2,2)
D (7,8,-1) (5,4,5)
D (13,-1,-1) (5,2,4)
D (12,-1,-1) (1,5,5)
D (7,8,-1) (5,1,5)
D (12,13,-1) (0,1,0)
D (8,8,-1) (2,2,4)
D (6,7,-1) (2,2,2)
D (10,11,12) (4,0,3)
D (12,13,-1) (3,3,0)
D (12,-1,-1) (3,1,0)
D (9,10,-1) (0,1,4)
D (8,9,-1) (0,3,3)
D (9,10,11) (4,2,4)
D (9,-1,-1) (5,0,2)
D (12,13,-1) (2,3,5)
D (6,7,8) (4,5,3)
D (12,-1,-1) (1,3,3)
D (13,-1,-1) (0,1,5)
D (9,-1,-1) (0,0,1)
D (11,12,-1) (0,5,0)
D (8,9,-1) (4,5,5)
D (9,10,11) (3,1,4)
D (8,9,10) (0,2,4)
C 0 8
C 1 17
C 2 26
C 3 19
C 4 5
C 5 22
C 6 15
C 7 1
C 8 22
C 9 19
C 10 6
C 11 7
C 12 2
C 13 3
C 14 7
C 15 11
C 16 6
C 17 21
C 18 26
C 19 6
C 20 0
C 21 0
C 22 0
C 23 0
C 24 0
C 25 0
C 26 0
C 27 0
C 28 0
C 29 0
C 30 0
C 31 0
C 32 0
C 33 0
C 34 0
C 35 0
C 36 0
C 37 0
C 38 0
C 39 0
C 40 0
C 41 0
C 42 0
C 43 0
C 44 0
C 45 0
C 46 0
C 47 0
C 48 0
C 49 0
C 50 0
C 51 0
C 52 0
C 53 0
C 54 0
C 55 0
C 56 0
C 57 0
C 58 0
C 59 0
C 60 0
C 61 0
C 62 0
C 63 0
C 64 0
C 65 0
C 66 0
C 67 0
C 68 0
C 69 0
C 70 0
C 71 0
C 72 0
C 73 0
C 74 0
C 75 0
C 76 0
C 77 0
C 78 0
C 79 0
C 80 0
C 81 0
C 82 0
C 83 0
C 84 0
C 85 0
C 86 0
C 87 0
C 88 0
C 89 0
C 90 0
C 91 0
C 92 0
C 93 0
C 94 0
C 95 0
C 96 0
C 97 0
C 98 0
C 99 0
C 100 0
C 101 0
C 102 0
C 103 0
C 104 0
C 105 0
C 106 0
C 107 0
C 108 0
C 109 0
C 110 0
C 111 0
C 112 20
C 113 26
C 114 7
C 115 22
C 116 15
C 117 17
C 118 11
C 119 24
C 120 17
C 121 11
C 122 1
C 123 24
C 124 24
C 125 14
C 126 11
C 127 4
C 128 8
C 129 7
C 130 12
C 131 23
C 132 26
C 133 12
C 134 24
C 135 23
C 136 18
C 137 2
C 138 3
C 139 25
C 140 17
C 141 24
C 142 24
C 143 18
C 144 23
C 145 0
C 146 7
C 147 14
C 148 3
C 149 14
C 150 0
C 151 6
C 152 17
C 153 7
C 154 19
C 155 6
C 156 9
C 157 11
C 158 23
C 159 9
C 160 26
C 161 0
C 162 3
C 163 1
C 164 5
C 165 23
C 166 0
C 167 22
C 168 18
C 169 26
C 170 0
C 171 14
C 172 9
C 173 4
C 174 20
C 175 23
C 176 7
C 177 11
C 178 17
C 179 4
C 180 4
C 181 2
C 182 24
C 183 0
C 184 5
C 185 18
C 186 5
C 187 23
C 188 8
C 189 15
C 190 15
C 191 15
C 192 22
C 193 16
C 194 11
C 195 12
C 196 17
C 197 19
C 198 4
C 199 6
C 200 10
C 201 10
C 202 16
C 203 14
C 204 4
C 205 25
C 206 26
C 207 20
C 208 9
C 209 12
C 210 5
C 211 5
C 212 0
C 213 18
C 214 19
C 215 8
C 216 3
C 217 3
C 218 0
C 219 0
C 220 0
C 221 0
C 222 0
C 223 0
C 224 0
C 225 0
C 226 0
C 227 0
C 228 0
C 229 0
C 230 0
C 231 0
C 232 0
C 233 0
C 234 0
C 235 0
C 236 0
C 237 0
C 238 0
C 239 0
C 240 0
C 241 0
C 242 0
C 243 0
C 244 0
C 245 0
C 246 0
C 247 0
C 248 0
C 249 0
C 250 0
C 251 0
C 252 0
C 253 0
C 254 0
C 255 0
C 256 0
C 257 0
C 258 0
C 259 0
C 260 0
C 261 0
C 262 0
C 263 0
C 264 0
C 265 0
C 266 21
C 267 3
C 268 5
C 269 0
C 270 26
C 271 22
C 272 8
C 273 26
C 274 22
C 275 10
C 276 1
C 277 11
C 278 6
C 279 12
C 280 12
C 281 6
C 282 7
C 283 21
C 284 16
C 285 16
C 286 21
C 287 24
C 288 6
C 289 21
C 290 15
C 291 10
C 292 8
C 293 20
C 294 14
C 295 22
C 296 24
C 297 15
C 298 8
C 299 25
C 300 0
C 301 12
C 302 20
C 303 4
C 304 0
C 305 0
C 306 0
C 307 0
C 308 0
C 309 0
C 310 0
C 311 0
C 312 0
C 313 0
C 314 0
C 315 0
C 316 0
C 317 0
C 318 0
C 319 0
C 320 0
C 321 0
C 322 0
C 323 0
C 324 0
C 325 0
C 326 0
C 327 0
C 328 0
C 329 0
C 330 0
C 331 0
C 332 7
C 333 22
C 334 14
C 335 9
C 336 5
C 337 5
C 338 14
C 339 9
C 340 4
C 341 7
C 342 24
C 343 7
C 344 12
C 345 2
C 346 25
C 347 23
C 348 25
C 349 9
C 350 21
C 351 8
C 352 11
C 353 2
C 354 5
C 355 22
C 356 12
C 357 6
C 358 14
C 359 3
C 360 3
C 361 21
C 362 0
C 363 0
C 364 0
C 365 0
C 366 20
C 367 14
C 368 19
C 369 17
C 370 4
C 371 17
C 372 15
C 373 0
C 374 0
C 375 15
C 376 23
C 377 6
I 0 1 20 (0,3,0) (1,0,1,0)|(0,0,1,0)|(0,-1,-1,0)
I 3 3 12 (4,0,2) (1,1,-1,0)|(0,-1,-1,0)|(-1,1,1,0)
I 0 1 16 (1,3,2) (-1,1,1,0)
