D (8,9,-1) (3,5,4)
D (6,7,-1) (2,5,5)
D (6,7,8) (4,2,2)
D (11,12,13) (2,3,1)
D (9,-1,-1) (3,3,1)
D (10,-1,-1) (4,4,2)
D (7,8,-1) (0,1,3)
D (10,11,12) (2,1,1)
D (7,8,9) (4,5,5)
D (12,13,-1) (2,3,2)
D (8,9,10) (4,0,2)
D (7,8,-1) (3,4,1)
D (13,-1,-1) (3,3,2)
D (9,10,-1) (1,3,4)
D (6,7,-1) (2,4,3)
D (10,-1,-1) (5,5,0)
D (9,-1,-1) (4,2,1)
D (8,9,-1) (5,3,3)
D (6,7,8) (0,1,1)
D (8,-1,-1) (1,4,0)
D (12,13,-1) (4,1,5)
D (7,8,9) (1,1,0)
D (10,-1,-1) (4,3,5)
D (13,-1,-1) (0,5,1)
D (10,11,12) (3,0,0)
D (10,11,-1) (3,0,1)
D (8,9,10) (0,2,5)
D (10,11,12) (2,5,2)
D (13,-1,-1) (5,0,0)
D (7,8,9) (5,4,4)
D (9,10,11) (1,2,2)
D (13,-1,-1) (2,2,5)
D (11,12,-1) (1,4,5)
D (10,11,-1) (3,4,4)
D (9,10,-1) (3,2,5)
D (11,12,-1) (0,0,3)
D (12,13,-1) (1,3,2)
D (11,12,-1) (3,0,3)
D (12,13,-1) (1,1,4)
D (7,-1,-1) (4,0,3)
D (9,-1,-1) (3,2,3)
D (10,11,-1) (4,1,3)
D (9,10,11) (0,2,3)
D (8,9,-1) (0,0,5)
D (8,-1,-1) (2,3,4)
D (11,-1,-1) (5,3,0)
D (6,-1,-1) (3,4,5)
D (9,-1,-1) (4,5,2)
D (13,-1,-1) (4,2,5)
D (10,11,12) (3,5,3)
D (12,-1,-1) (4,4,0)
C 0 12
C 1 18
C 2 24
C 3 11
C 4 16
C 5 17
C 6 10
C 7 15
C 8 17
C 9 15
C 10 2
C 11 18
C 12 10
C 13 20
C 14 16
C 15 20
C 16 15
C 17 12
C 18 20
C 19 17
C 20 23
C 21 14
C 22 0
C 23 24
C 24 25
C 25 4
C 26 14
C 27 2
C 28 4
C 29 5
C 30 25
C 31 20
C 32 5
C 33 9
C 34 9
C 35 23
C 36 1
C 37 19
C 38 8
C 39 2
C 40 6
C 41 8
C 42 25
C 43 23
C 44 0
C 45 17
C 46 16
C 47 1
C 48 19
C 49 8
C 50 5
C 51 23
C 52 0
C 53 0
C 54 0
C 55 0
C 56 0
C 57 0
C 58 0
C 59 0
C 60 0
C 61 0
C 62 0
C 63 0
C 64 0
C 65 0
C 66 0
C 67 0
C 68 0
C 69 0
C 70 0
C 71 0
C 72 0
C 73 0
C 74 0
C 75 0
C 76 0
C 77 0
C 78 0
C 79 0
C 80 0
C 81 0
C 82 0
C 83 0
C 84 0
C 85 0
C 86 0
C 87 11
C 88 14
C 89 4
C 90 16
C 91 21
C 92 17
C 93 23
C 94 17
C 95 25
C 96 9
C 97 17
C 98 22
C 99 7
C 100 19
C 101 9
C 102 9
C 103 7
C 104 10
C 105 22
C 106 9
C 107 7
C 108 15
C 109 4
C 110 22
C 111 24
C 112 3
C 113 1
C 114 22
C 115 22
C 116 6
C 117 7
C 118 19
C 119 21
C 120 3
C 121 3
C 122 1
C 123 15
C 124 14
C 125 14
C 126 12
C 127 6
C 128 7
C 129 6
C 130 6
C 131 19
C 132 25
C 133 15
C 134 5
C 135 22
C 136 18
C 137 17
C 138 24
C 139 19
C 140 19
C 141 20
C 142 4
C 143 2
C 144 3
C 145 8
C 146 21
C 147 21
C 148 17
C 149 21
C 150 16
C 151 24
C 152 21
C 153 7
C 154 12
C 155 10
C 156 4
C 157 9
C 158 16
C 159 4
C 160 12
C 161 16
C 162 4
C 163 18
C 164 25
C 165 25
C 166 18
C 167 6
C 168 20
C 169 0
C 170 0
C 171 7
C 172 19
C 173 1
C 174 8
C 175 15
C 176 21
C 177 20
C 178 7
C 179 11
C 180 14
C 181 1
C 182 15
C 183 17
C 184 3
C 185 23
C 186 22
C 187 7
C 188 20
C 189 1
C 190 11
C 191 8
C 192 5
C 193 1
C 194 20
C 195 7
C 196 0
C 197 19
C 198 21
C 199 21
C 200 16
C 201 14
C 202 24
C 203 20
C 204 25
C 205 20
C 206 25
C 207 2
C 208 12
C 209 7
C 210 7
C 211 1
C 212 21
C 213 17
C 214 17
C 215 4
C 216 4
C 217 2
C 218 1
C 219 8
C 220 10
C 221 8
C 222 9
C 223 10
C 224 7
C 225 0
C 226 10
C 227 10
C 228 1
C 229 9
C 230 16
C 231 18
C 232 0
C 233 1
C 234 10
C 235 14
C 236 24
C 237 19
C 238 7
C 239 23
C 240 14
C 241 17
C 242 3
C 243 5
C 244 26
C 245 12
C 246 22
C 247 3
C 248 10
C 249 24
C 250 2
C 251 7
C 252 17
C 253 1
C 254 4
C 255 3
C 256 14
C 257 12
C 258 26
C 259 0
C 260 0
C 261 0
C 262 0
C 263 0
C 264 0
C 265 0
C 266 0
C 267 0
C 268 0
C 269 0
C 270 0
C 271 0
C 272 0
C 273 0
C 274 0
C 275 0
C 276 0
C 277 0
C 278 0
C 279 0
C 280 0
C 281 0
C 282 0
C 283 0
C 284 0
C 285 0
C 286 0
C 287 0
C 288 20
C 289 0
C 290 10
C 291 14
C 292 9
C 293 22
C 294 12
C 295 17
C 296 12
C 297 22
C 298 6
C 299 6
C 300 11
C 301 14
C 302 10
C 303 2
C 304 0
C 305 26
C 306 22
C 307 20
C 308 11
C 309 9
C 310 17
C 311 26
C 312 24
C 313 21
C 314 10
C 315 0
C 316 26
C 317 3
C 318 9
C 319 6
C 320 17
C 321 12
C 322 3
C 323 7
C 324 24
C 325 7
C 326 17
C 327 20
C 328 19
C 329 15
C 330 21
C 331 1
C 332 5
C 333 26
C 334 11
C 335 12
C 336 23
C 337 8
C 338 8
C 339 12
C 340 5
C 341 1
C 342 25
C 343 17
C 344 21
C 345 5
C 346 12
C 347 5
C 348 15
C 349 25
C 350 4
C 351 12
C 352 22
C 353 4
C 354 3
C 355 0
C 356 0
C 357 0
C 358 0
C 359 0
C 360 0
C 361 0
C 362 0
C 363 0
C 364 0
C 365 0
C 366 0
C 367 0
C 368 0
C 369 0
C 370 0
C 371 0
C 372 23
C 373 3
C 374 11
C 375 1
C 376 18
C 377 23
I 0 2 17 (2,2,3) (-1,-1,-1,0)|(0,1,-1,0)
I 5 3 1 (4,1,4) (0,0,0,0)
I 0 1 19 (0,5,4) (0,0,1,0)|(1,-1,0,0)|(1,-1,-1,0)
