D (11,12,13) (3,2,0)
D (9,10,-1) (0,0,1)
D (7,8,-1) (5,3,5)
D (8,-1,-1) (0,5,1)
D (11,12,-1) (0,0,3)
D (8,9,-1) (4,3,4)
D (7,-1,-1) (1,5,5)
D (8,-1,-1) (1,3,5)
D (10,11,-1) (3,4,4)
D (10,-1,-1) (4,4,4)
D (6,7,8) (4,4,5)
D (11,12,-1) (5,4,2)
D (10,11,12) (3,4,0)
D (12,13,-1) (5,3,4)
D (12,-1,-1) (3,0,5)
D (6,7,8) (2,4,4)
D (9,10,-1) (4,3,1)
D (9,10,11) (1,0,1)
D (7,8,-1) (2,5,0)
D (7,8,-1) (5,0,4)
D (6,7,8) (2,0,4)
D (9,-1,-1) (0,2,0)
D (7,8,-1) (4,0,1)
D (11,-1,-1) (0,5,4)
D (6,7,-1) (0,0,4)
D (11,12,13) (2,4,2)
D (11,6,-1) (5,4,4)
D (7,-1,-1) (5,5,5)
D (7,-1,-1) (2,4,5)
D (10,11,12) (0,2,3)
D (13,-1,-1) (2,0,5)
D (7,8,-1) (3,3,0)
D (7,8,-1) (3,3,4)
D (9,10,-1) (1,5,4)
D (8,-1,-1) (4,3,3)
D (13,-1,-1) (5,5,4)
D (6,-1,-1) (0,4,1)
D (11,12,-1) (5,2,3)
D (6,-1,-1) (4,2,4)
D (9,10,-1) (2,2,5)
D (6,7,8) (2,3,5)
D (10,-1,-1) (4,1,5)
D (10,11,-1) (5,0,2)
D (8,-1,-1) (1,4,0)
D (8,9,-1) (0,1,4)
D (9,-1,-1) (2,0,2)
D (7,8,9) (4,4,2)
D (8,-1,-1) (4,5,3)
D (9,10,11) (4,1,0)
D (9,10,11) (1,4,2)
D (7,8,-1) (5,1,3)
C 0 2
C 1 8
C 2 26
C 3 26
C 4 6
C 5 10
C 6 25
C 7 22
C 8 7
C 9 23
C 10 14
C 11 2
C 12 23
C 13 22
C 14 7
C 15 20
C 16 3
C 17 15
C 18 2
C 19 14
C 20 21
C 21 8
C 22 5
C 23 21
C 24 18
C 25 20
C 26 11
C 27 11
C 28 5
C 29 5
C 30 0
C 31 22
C 32 2
C 33 1
C 34 3
C 35 23
C 36 2
C 37 19
C 38 11
C 39 11
C 40 6
C 41 14
C 42 21
C 43 25
C 44 12
C 45 3
C 46 0
C 47 9
C 48 7
C 49 4
C 50 5
C 51 26
C 52 7
C 53 15
C 54 20
C 55 10
C 56 24
C 57 8
C 58 19
C 59 23
C 60 2
C 61 15
C 62 9
C 63 5
C 64 24
C 65 19
C 66 23
C 67 24
C 68 2
C 69 24
C 70 5
C 71 3
C 72 19
C 73 23
C 74 26
C 75 25
C 76 11
C 77 12
C 78 16
C 79 15
C 80 4
C 81 23
C 82 24
C 83 22
C 84 23
C 85 6
C 86 24
C 87 0
C 88 25
C 89 20
C 90 26
C 91 26
C 92 3
C 93 18
C 94 2
C 95 9
C 96 24
C 97 20
C 98 10
C 99 23
C 100 19
C 101 19
C 102 3
C 103 7
C 104 2
C 105 5
C 106 16
C 107 2
C 108 14
C 109 16
C 110 17
C 111 23
C 112 24
C 113 22
C 114 6
C 115 17
C 116 22
C 117 10
C 118 25
C 119 17
C 120 24
C 121 24
C 122 16
C 123 12
C 124 14
C 125 20
C 126 16
C 127 21
C 128 25
C 129 7
C 130 24
C 131 22
C 132 11
C 133 20
C 134 1
C 135 26
C 136 10
C 137 11
C 138 6
C 139 5
C 140 21
C 141 20
C 142 2
C 143 26
C 144 20
C 145 7
C 146 9
C 147 11
C 148 23
C 149 15
C 150 19
C 151 4
C 152 26
C 153 10
C 154 16
C 155 9
C 156 0
C 157 0
C 158 0
C 159 0
C 160 0
C 161 0
C 162 0
C 163 0
C 164 0
C 165 0
C 166 0
C 167 0
C 168 0
C 169 0
C 170 0
C 171 0
C 172 0
C 173 0
C 174 0
C 175 0
C 176 0
C 177 0
C 178 0
C 179 0
C 180 0
C 181 0
C 182 0
C 183 0
C 184 0
C 185 0
C 186 0
C 187 0
C 188 0
C 189 0
C 190 0
C 191 0
C 192 0
C 193 0
C 194 0
C 195 0
C 196 0
C 197 0
C 198 0
C 199 0
C 200 0
C 201 0
C 202 0
C 203 0
C 204 0
C 205 0
C 206 0
C 207 0
C 208 21
C 209 21
C 210 20
C 211 17
C 212 19
C 213 24
C 214 0
C 215 14
C 216 16
C 217 11
C 218 11
C 219 18
C 220 25
C 221 19
C 222 7
C 223 23
C 224 22
C 225 9
C 226 23
C 227 7
C 228 1
C 229 3
C 230 20
C 231 14
C 232 14
C 233 22
C 234 2
C 235 6
C 236 14
C 237 17
C 238 14
C 239 21
C 240 15
C 241 24
C 242 17
C 243 23
C 244 25
C 245 18
C 246 0
C 247 12
C 248 26
C 249 5
C 250 24
C 251 3
C 252 9
C 253 10
C 254 17
C 255 1
C 256 6
C 257 12
C 258 5
C 259 22
C 260 4
C 261 23
C 262 6
C 263 21
C 264 11
C 265 4
C 266 20
C 267 3
C 268 4
C 269 25
C 270 15
C 271 18
C 272 4
C 273 6
C 274 21
C 275 11
C 276 2
C 277 12
C 278 12
C 279 5
C 280 17
C 281 22
C 282 26
C 283 8
C 284 10
C 285 26
C 286 10
C 287 8
C 288 6
C 289 1
C 290 14
C 291 19
C 292 19
C 293 23
C 294 6
C 295 21
C 296 23
C 297 3
C 298 21
C 299 2
C 300 5
C 301 3
C 302 5
C 303 7
C 304 8
C 305 25
C 306 25
C 307 25
C 308 24
C 309 0
C 310 19
C 311 4
C 312 19
C 313 23
C 314 12
C 315 4
C 316 18
C 317 10
C 318 10
C 319 14
C 320 22
C 321 6
C 322 15
C 323 18
C 324 18
C 325 4
C 326 21
C 327 11
C 328 18
C 329 15
C 330 15
C 331 20
C 332 25
C 333 15
C 334 1
C 335 6
C 336 12
C 337 18
C 338 26
C 339 15
C 340 12
C 341 25
C 342 20
C 343 15
C 344 8
C 345 18
C 346 1
C 347 11
C 348 8
C 349 15
C 350 7
C 351 19
C 352 0
C 353 6
C 354 3
C 355 25
C 356 25
C 357 11
C 358 6
C 359 15
C 360 7
C 361 10
C 362 12
C 363 12
C 364 21
C 365 7
C 366 26
C 367 21
C 368 21
C 369 16
C 370 1
C 371 12
C 372 0
C 373 7
C 374 19
C 375 0
C 376 16
C 377 22
I 1 2 3 (0,3,5) (1,1,-1,0)|(-1,-1,1,0)|(-1,-1,0,0)|(0,0,-1,0)
I 3 1 5 (4,3,1) (-1,0,-1,0)|(0,0,0,0)|(0,1,0,0)|(1,1,1,0)
I 2 3 15 (4,1,5) (1,-1,-1,0)
