D (7,8,9) (3,2,0)
D (11,-1,-1) (1,4,3)
D (6,11,-1) (1,3,4)
D (12,-1,-1) (3,3,4)
D (8,9,-1) (0,0,3)
D (8,9,-1) (1,1,1)
D (12,13,-1) (2,0,4)
D (8,-1,-1) (0,3,4)
D (11,-1,-1) (4,4,3)
D (8,9,10) (5,2,0)
D (13,-1,-1) (0,4,3)
D (6,7,-1) (5,5,4)
D (8,9,-1) (2,2,5)
D (6,7,8) (3,4,5)
D (10,11,12) (0,5,1)
D (6,7,-1) (3,5,4)
D (13,-1,-1) (0,4,0)
D (7,-1,-1) (1,3,0)
D (9,10,11) (5,3,4)
D (9,10,11) (3,0,1)
D (12,13,-1) (1,3,5)
D (7,8,9) (1,2,5)
D (6,7,-1) (0,2,0)
D (11,-1,-1) (4,1,0)
D (9,-1,-1) (5,0,2)
D (11,12,13) (1,2,1)
D (6,7,-1) (4,3,4)
D (12,13,-1) (0,2,4)
D (10,-1,-1) (5,1,3)
D (12,13,-1) (2,0,5)
D (13,-1,-1) (1,0,0)
D (12,-1,-1) (3,4,3)
D (10,11,12) (0,1,5)
D (8,-1,-1) (5,1,0)
D (10,11,12) (2,3,2)
D (6,7,-1) (4,2,0)
D (6,7,8) (2,5,0)
D (11,-1,-1) (2,3,0)
D (8,-1,-1) (0,2,3)
D (12,13,-1) (0,1,0)
D (10,-1,-1) (5,3,1)
D (8,9,-1) (1,3,2)
D (7,8,-1) (3,5,3)
D (12,-1,-1) (3,1,1)
C 0 6
C 1 12
C 2 21
C 3 8
C 4 19
C 5 21
C 6 1
C 7 18
C 8 18
C 9 19
C 10 22
C 11 17
C 12 3
C 13 24
C 14 0
C 15 7
C 16 23
C 17 24
C 18 6
C 19 20
C 20 17
C 21 20
C 22 14
C 23 19
C 24 5
C 25 1
C 26 9
C 27 22
C 28 12
C 29 7
C 30 1
C 31 14
C 32 26
C 33 10
C 34 4
C 35 7
C 36 16
C 37 22
C 38 2
C 39 17
C 40 2
C 41 24
C 42 14
C 43 3
C 44 19
C 45 14
C 46 6
C 47 24
C 48 24
C 49 18
C 50 3
C 51 7
C 52 14
C 53 8
C 54 6
C 55 10
C 56 1
C 57 16
C 58 8
C 59 19
C 60 0
C 61 12
C 62 4
C 63 10
C 64 8
C 65 4
C 66 9
C 67 25
C 68 1
C 69 18
C 70 20
C 71 0
C 72 6
C 73 0
C 74 16
C 75 21
C 76 4
C 77 17
C 78 19
C 79 6
C 80 24
C 81 12
C 82 11
C 83 17
C 84 14
C 85 17
C 86 5
C 87 11
C 88 9
C 89 24
C 90 6
C 91 11
C 92 21
C 93 1
C 94 5
C 95 24
C 96 24
C 97 25
C 98 9
C 99 1
C 100 25
C 101 17
C 102 2
C 103 3
C 104 23
C 105 17
C 106 24
C 107 14
C 108 18
C 109 11
C 110 26
C 111 2
C 112 25
C 113 8
C 114 16
C 115 26
C 116 17
C 117 22
C 118 21
C 119 9
C 120 22
C 121 5
C 122 3
C 123 17
C 124 15
C 125 6
C 126 6
C 127 18
C 128 4
C 129 14
C 130 6
C 131 15
C 132 16
C 133 4
C 134 7
C 135 19
C 136 5
C 137 17
C 138 4
C 139 24
C 140 11
C 141 8
C 142 2
C 143 12
C 144 11
C 145 16
C 146 25
C 147 11
C 148 22
C 149 14
C 150 1
C 151 18
C 152 15
C 153 22
C 154 4
C 155 1
C 156 22
C 157 19
C 158 8
C 159 21
C 160 5
C 161 17
C 162 20
C 163 14
C 164 15
C 165 4
C 166 6
C 167 19
C 168 17
C 169 15
C 170 2
C 171 1
C 172 12
C 173 25
C 174 25
C 175 14
C 176 4
C 177 22
C 178 7
C 179 11
C 180 5
C 181 19
C 182 26
C 183 5
C 184 1
C 185 26
C 186 19
C 187 18
C 188 23
C 189 23
C 190 17
C 191 0
C 192 5
C 193 24
C 194 15
C 195 3
C 196 26
C 197 10
C 198 25
C 199 5
C 200 19
C 201 10
C 202 24
C 203 7
C 204 5
C 205 14
C 206 4
C 207 22
C 208 8
C 209 18
C 210 18
C 211 21
C 212 15
C 213 12
C 214 23
C 215 16
C 216 22
C 217 20
C 218 4
C 219 10
C 220 16
C 221 1
C 222 20
C 223 16
C 224 23
C 225 2
C 226 0
C 227 7
C 228 0
C 229 14
C 230 23
C 231 9
C 232 18
C 233 10
C 234 5
C 235 14
C 236 17
C 237 15
C 238 0
C 239 11
C 240 14
C 241 23
C 242 2
C 243 4
C 244 17
C 245 3
C 246 7
C 247 4
C 248 11
C 249 21
C 250 2
C 251 5
C 252 8
C 253 23
C 254 1
C 255 23
C 256 18
C 257 7
C 258 2
C 259 17
C 260 16
C 261 7
C 262 14
C 263 11
C 264 15
C 265 14
C 266 9
C 267 1
C 268 4
C 269 10
C 270 23
C 271 21
C 272 21
C 273 11
C 274 1
C 275 10
C 276 21
C 277 15
C 278 19
C 279 0
C 280 11
C 281 10
C 282 15
C 283 7
C 284 14
C 285 16
C 286 5
C 287 10
C 288 17
C 289 12
C 290 15
C 291 26
C 292 4
C 293 2
C 294 10
C 295 5
C 296 25
C 297 8
C 298 25
C 299 1
C 300 18
C 301 23
C 302 26
C 303 7
C 304 4
C 305 14
C 306 1
C 307 20
C 308 23
C 309 6
C 310 11
C 311 21
C 312 8
C 313 12
C 314 11
C 315 21
C 316 23
C 317 0
C 318 22
C 319 25
C 320 5
C 321 11
C 322 26
C 323 14
C 324 18
C 325 12
C 326 11
C 327 3
C 328 0
C 329 0
C 330 0
C 331 0
C 332 0
C 333 0
C 334 0
C 335 0
C 336 0
C 337 0
C 338 0
C 339 0
C 340 0
C 341 0
C 342 0
C 343 0
C 344 0
C 345 0
C 346 0
C 347 0
C 348 0
C 349 0
C 350 0
C 351 0
C 352 0
C 353 0
C 354 0
C 355 0
C 356 0
C 357 0
C 358 0
C 359 0
C 360 0
C 361 0
C 362 0
C 363 0
C 364 0
C 365 0
C 366 0
C 367 0
C 368 0
C 369 0
C 370 0
C 371 0
C 372 14
C 373 4
C 374 23
C 375 8
C 376 20
C 377 4
I 3 1 13 (1,2,1) (-1,1,1,0)|(1,0,-1,0)|(0,0,-1,0)
I 0 2 4 (2,1,4) (0,1,0,0)|(0,-1,0,0)|(0,0,1,0)|(1,-1,-1,0)|(0,-1,1,0)
I 3 2 3 (5,5,2) (0,1,0,0)
