D (9,10,-1) (2,2,4)
D (10,-1,-1) (5,0,4)
D (6,7,-1) (4,4,0)
D (13,-1,-1) (2,3,5)
D (8,9,10) (3,4,4)
D (8,9,-1) (3,2,0)
D (11,12,-1) (3,0,3)
D (11,12,13) (0,4,0)
D (6,-1,-1) (0,2,2)
D (9,10,-1) (4,0,1)
D (10,-1,-1) (5,0,2)
D (13,-1,-1) (2,0,5)
D (13,-1,-1) (5,1,0)
D (13,-1,-1) (0,5,3)
D (10,11,-1) (0,3,1)
D (8,-1,-1) (4,1,0)
D (8,9,10) (3,5,2)
D (10,11,12) (1,5,2)
D (13,-1,-1) (4,4,4)
D (12,13,-1) (4,0,4)
D (6,7,-1) (1,1,0)
D (6,7,-1) (5,5,2)
D (10,-1,-1) (2,5,2)
D (6,7,-1) (0,2,0)
D (13,-1,-1) (4,2,3)
D (13,-1,-1) (0,2,5)
D (8,9,10) (4,3,5)
D (10,-1,-1) (1,5,5)
D (8,9,-1) (3,1,4)
D (9,10,11) (0,2,4)
D (12,13,-1) (2,3,3)
D (13,-1,-1) (3,2,5)
D (11,12,-1) (0,5,1)
D (8,9,-1) (5,2,0)
D (11,12,-1) (2,3,4)
D (10,-1,-1) (5,0,0)
D (12,13,-1) (3,5,3)
D (11,12,13) (1,4,0)
D (8,9,10) (1,0,5)
D (7,8,9) (5,1,2)
D (7,8,9) (5,0,3)
D (9,10,11) (5,4,5)
D (6,7,8) (2,2,3)
D (7,8,9) (4,3,2)
D (11,12,-1) (4,2,4)
D (10,11,-1) (4,3,1)
C 0 1
C 1 6
C 2 14
C 3 6
C 4 16
C 5 19
C 6 12
C 7 23
C 8 20
C 9 0
C 10 25
C 11 16
C 12 14
C 13 15
C 14 18
C 15 19
C 16 15
C 17 24
C 18 5
C 19 14
C 20 2
C 21 26
C 22 12
C 23 14
C 24 0
C 25 0
C 26 3
C 27 10
C 28 0
C 29 19
C 30 0
C 31 0
C 32 0
C 33 0
C 34 0
C 35 0
C 36 0
C 37 0
C 38 0
C 39 0
C 40 0
C 41 0
C 42 0
C 43 0
C 44 0
C 45 0
C 46 0
C 47 0
C 48 0
C 49 0
C 50 0
C 51 0
C 52 0
C 53 0
C 54 0
C 55 0
C 56 0
C 57 0
C 58 0
C 59 0
C 60 0
C 61 0
C 62 0
C 63 0
C 64 0
C 65 0
C 66 0
C 67 0
C 68 0
C 69 19
C 70 4
C 71 10
C 72 19
C 73 15
C 74 23
C 75 17
C 76 9
C 77 26
C 78 10
C 79 22
C 80 12
C 81 20
C 82 8
C 83 26
C 84 12
C 85 0
C 86 6
C 87 22
C 88 11
C 89 6
C 90 5
C 91 18
C 92 7
C 93 18
C 94 4
C 95 5
C 96 14
C 97 26
C 98 15
C 99 3
C 100 23
C 101 4
C 102 1
C 103 14
C 104 17
C 105 12
C 106 17
C 107 0
C 108 17
C 109 22
C 110 21
C 111 5
C 112 0
C 113 24
C 114 15
C 115 20
C 116 22
C 117 17
C 118 5
C 119 0
C 120 0
C 121 0
C 122 0
C 123 0
C 124 0
C 125 0
C 126 0
C 127 0
C 128 0
C 129 0
C 130 0
C 131 0
C 132 0
C 133 0
C 134 0
C 135 0
C 136 0
C 137 0
C 138 0
C 139 0
C 140 0
C 141 0
C 142 0
C 143 0
C 144 0
C 145 0
C 146 0
C 147 0
C 148 0
C 149 0
C 150 0
C 151 0
C 152 0
C 153 0
C 154 0
C 155 0
C 156 0
C 157 0
C 158 0
C 159 0
C 160 0
C 161 0
C 162 0
C 163 0
C 164 0
C 165 0
C 166 0
C 167 0
C 168 0
C 169 0
C 170 0
C 171 0
C 172 0
C 173 0
C 174 0
C 175 0
C 176 0
C 177 0
C 178 0
C 179 0
C 180 0
C 181 0
C 182 0
C 183 0
C 184 0
C 185 0
C 186 0
C 187 0
C 188 0
C 189 0
C 190 0
C 191 19
C 192 0
C 193 19
C 194 3
C 195 11
C 196 24
C 197 2
C 198 9
C 199 9
C 200 21
C 201 26
C 202 0
C 203 22
C 204 16
C 205 25
C 206 6
C 207 0
C 208 15
C 209 25
C 210 11
C 211 6
C 212 14
C 213 2
C 214 26
C 215 25
C 216 22
C 217 14
C 218 20
C 219 26
C 220 5
C 221 7
C 222 1
C 223 6
C 224 19
C 225 25
C 226 23
C 227 2
C 228 12
C 229 5
C 230 18
C 231 6
C 232 5
C 233 17
C 234 1
C 235 10
C 236 5
C 237 4
C 238 14
C 239 14
C 240 19
C 241 18
C 242 26
C 243 25
C 244 9
C 245 20
C 246 21
C 247 16
C 248 21
C 249 9
C 250 11
C 251 11
C 252 26
C 253 23
C 254 6
C 255 0
C 256 0
C 257 0
C 258 0
C 259 0
C 260 0
C 261 0
C 262 0
C 263 0
C 264 0
C 265 0
C 266 0
C 267 0
C 268 0
C 269 0
C 270 0
C 271 0
C 272 0
C 273 0
C 274 0
C 275 0
C 276 0
C 277 0
C 278 0
C 279 0
C 280 0
C 281 0
C 282 0
C 283 0
C 284 0
C 285 0
C 286 0
C 287 0
C 288 0
C 289 11
C 290 3
C 291 18
C 292 5
C 293 4
C 294 6
C 295 4
C 296 6
C 297 12
C 298 11
C 299 16
C 300 26
C 301 19
C 302 0
C 303 16
C 304 10
C 305 9
C 306 7
C 307 0
C 308 0
C 309 0
C 310 0
C 311 0
C 312 0
C 313 0
C 314 0
C 315 0
C 316 0
C 317 0
C 318 0
C 319 0
C 320 4
C 321 14
C 322 14
C 323 18
C 324 10
C 325 5
C 326 19
C 327 10
C 328 8
C 329 26
C 330 21
C 331 18
C 332 3
C 333 0
C 334 24
C 335 18
C 336 20
C 337 12
C 338 6
C 339 21
C 340 23
C 341 4
C 342 8
C 343 26
C 344 20
C 345 10
C 346 15
C 347 0
C 348 24
C 349 17
C 350 4
C 351 2
C 352 15
C 353 4
C 354 23
C 355 24
C 356 0
C 357 16
C 358 25
C 359 4
C 360 14
C 361 17
C 362 15
C 363 17
C 364 19
C 365 11
C 366 15
C 367 1
C 368 5
C 369 18
C 370 3
C 371 16
C 372 14
C 373 18
C 374 17
C 375 9
C 376 0
C 377 0
I 0 1 7 (0,0,3) (1,1,0,0)
I 5 2 4 (5,1,1) (1,-1,1,0)|(-1,1,0,0)
I 0 2 14 (0,5,3) (0,-1,1,0)|(1,0,-1,0)|(1,1,-1,0)
