D (6,-1,-1) (2,4,2)
D (11,12,-1) (3,5,0)
D (10,11,12) (0,5,0)
D (7,8,-1) (3,4,4)
D (11,12,-1) (2,2,0)
D (10,11,-1) (0,5,5)
D (8,9,10) (2,5,3)
D (8,9,-1) (3,4,0)
D (8,9,10) (2,1,4)
D (6,7,-1) (1,3,4)
D (7,8,9) (4,4,2)
D (6,7,-1) (3,2,3)
D (11,12,-1) (1,0,0)
D (11,12,13) (3,0,3)
D (6,-1,-1) (2,1,1)
D (7,8,9) (2,4,5)
D (10,11,12) (4,5,4)
D (10,11,12) (3,1,3)
D (7,8,9) (5,0,2)
D (7,8,-1) (0,3,5)
D (13,-1,-1) (0,3,0)
D (6,6,-1) (3,4,5)
D (12,-1,-1) (4,5,0)
D (12,-1,-1) (2,5,1)
D (12,13,-1) (0,0,2)
D (11,-1,-1) (2,0,2)
D (6,7,-1) (3,2,2)
D (10,11,12) (1,2,2)
D (13,-1,-1) (2,0,0)
D (10,11,12) (5,3,2)
D (9,10,11) (5,2,5)
D (12,-1,-1) (4,0,4)
D (7,8,9) (3,1,5)
D (6,-1,-1) (3,2,1)
D (11,12,13) (5,4,4)
D (13,-1,-1) (0,0,3)
D (13,-1,-1) (4,2,2)
D (12,-1,-1) (1,1,3)
D (13,-1,-1) (1,0,1)
D (6,-1,-1) (5,1,1)
D (10,-1,-1) (4,5,3)
D (13,-1,-1) (2,0,1)
D (8,9,10) (0,4,2)
D (10,11,-1) (0,0,0)
D (7,-1,-1) (2,1,3)
D (8,9,-1) (4,0,5)
D (11,-1,-1) (5,2,4)
C 0 12
C 1 23
C 2 18
C 3 20
C 4 10
C 5 1
C 6 26
C 7 3
C 8 16
C 9 5
C 10 15
C 11 4
C 12 17
C 13 3
C 14 21
C 15 8
C 16 15
C 17 1
C 18 22
C 19 26
C 20 10
C 21 17
C 22 2
C 23 0
C 24 22
C 25 22
C 26 15
C 27 8
C 28 5
C 29 14
C 30 24
C 31 25
C 32 3
C 33 16
C 34 22
C 35 11
C 36 20
C 37 19
C 38 6
C 39 22
C 40 26
C 41 0
C 42 0
C 43 0
C 44 0
C 45 0
C 46 0
C 47 0
C 48 0
C 49 0
C 50 0
C 51 0
C 52 0
C 53 3
C 54 25
C 55 21
C 56 12
C 57 1
C 58 4
C 59 5
C 60 25
C 61 20
C 62 25
C 63 20
C 64 10
C 65 7
C 66 10
C 67 21
C 68 2
C 69 22
C 70 12
C 71 21
C 72 21
C 73 17
C 74 0
C 75 25
C 76 10
C 77 18
C 78 9
C 79 5
C 80 1
C 81 1
C 82 17
C 83 17
C 84 9
C 85 20
C 86 0
C 87 26
C 88 26
C 89 17
C 90 25
C 91 26
C 92 6
C 93 1
C 94 0
C 95 0
C 96 0
C 97 0
C 98 0
C 99 0
C 100 0
C 101 0
C 102 0
C 103 0
C 104 0
C 105 0
C 106 0
C 107 0
C 108 0
C 109 0
C 110 0
C 111 0
C 112 0
C 113 0
C 114 0
C 115 0
C 116 0
C 117 0
C 118 0
C 119 0
C 120 0
C 121 0
C 122 0
C 123 0
C 124 0
C 125 0
C 126 0
C 127 0
C 128 0
C 129 0
C 130 0
C 131 0
C 132 0
C 133 0
C 134 0
C 135 0
C 136 0
C 137 0
C 138 0
C 139 0
C 140 0
C 141 0
C 142 0
C 143 0
C 144 0
C 145 0
C 146 0
C 147 0
C 148 0
C 149 0
C 150 0
C 151 0
C 152 0
C 153 0
C 154 0
C 155 0
C 156 0
C 157 0
C 158 0
C 159 0
C 160 0
C 161 0
C 162 0
C 163 0
C 164 0
C 165 0
C 166 0
C 167 0
C 168 0
C 169 0
C 170 0
C 171 0
C 172 0
C 173 0
C 174 0
C 175 0
C 176 0
C 177 0
C 178 0
C 179 0
C 180 0
C 181 0
C 182 0
C 183 0
C 184 0
C 185 0
C 186 0
C 187 0
C 188 0
C 189 0
C 190 0
C 191 0
C 192 0
C 193 0
C 194 0
C 195 0
C 196 0
C 197 0
C 198 0
C 199 0
C 200 0
C 201 0
C 202 0
C 203 0
C 204 0
C 205 0
C 206 0
C 207 15
C 208 16
C 209 3
C 210 4
C 211 5
C 212 3
C 213 9
C 214 15
C 215 20
C 216 0
C 217 0
C 218 0
C 219 0
C 220 0
C 221 0
C 222 0
C 223 0
C 224 0
C 225 0
C 226 0
C 227 0
C 228 0
C 229 0
C 230 0
C 231 0
C 232 0
C 233 0
C 234 0
C 235 0
C 236 0
C 237 0
C 238 0
C 239 0
C 240 0
C 241 0
C 242 0
C 243 0
C 244 0
C 245 0
C 246 0
C 247 0
C 248 0
C 249 0
C 250 0
C 251 0
C 252 0
C 253 0
C 254 0
C 255 0
C 256 0
C 257 0
C 258 0
C 259 0
C 260 0
C 261 0
C 262 0
C 263 0
C 264 0
C 265 0
C 266 0
C 267 0
C 268 0
C 269 24
C 270 24
C 271 25
C 272 23
C 273 1
C 274 17
C 275 20
C 276 7
C 277 26
C 278 11
C 279 11
C 280 15
C 281 4
C 282 24
C 283 19
C 284 18
C 285 22
C 286 24
C 287 8
C 288 15
C 289 23
C 290 15
C 291 21
C 292 4
C 293 6
C 294 15
C 295 19
C 296 7
C 297 19
C 298 14
C 299 25
C 300 19
C 301 19
C 302 21
C 303 2
C 304 25
C 305 14
C 306 3
C 307 26
C 308 11
C 309 10
C 310 1
C 311 22
C 312 23
C 313 8
C 314 4
C 315 23
C 316 5
C 317 3
C 318 2
C 319 17
C 320 24
C 321 24
C 322 0
C 323 9
C 324 8
C 325 19
C 326 11
C 327 8
C 328 26
C 329 26
C 330 11
C 331 4
C 332 17
C 333 2
C 334 9
C 335 4
C 336 11
C 337 15
C 338 22
C 339 11
C 340 26
C 341 7
C 342 26
C 343 18
C 344 1
C 345 14
C 346 6
C 347 0
C 348 7
C 349 21
C 350 10
C 351 1
C 352 24
C 353 16
C 354 23
C 355 23
C 356 7
C 357 4
C 358 15
C 359 12
C 360 26
C 361 20
C 362 19
C 363 3
C 364 4
C 365 10
C 366 25
C 367 23
C 368 12
C 369 3
C 370 17
C 371 20
C 372 4
C 373 8
C 374 15
C 375 5
C 376 11
C 377 1
I 5 1 9 (0,1,2) (-1,-1,-1,0)
I 1 1 11 (3,1,4) (1,0,-1,0)|(0,0,-1,0)
I 0 3 6 (3,3,1) (1,0,0,0)|(-1,-1,-1,0)|(1,0,1,0)|(-1,1,1,0)|(1,0,-1,0)
