D (7,8,9) (0,0,1)
D (12,13,-1) (3,3,0)
D (12,13,-1) (0,3,5)
D (7,8,9) (0,2,0)
D (12,13,-1) (5,4,2)
D (8,-1,-1) (0,0,5)
D (8,9,-1) (5,2,4)
D (12,13,-1) (2,2,4)
D (6,7,8) (0,1,2)
D (11,12,13) (1,4,3)
D (9,10,11) (2,1,1)
D (13,-1,-1) (1,2,3)
D (12,-1,-1) (5,1,3)
D (8,-1,-1) (2,4,5)
D (6,7,8) (3,3,4)
D (9,10,11) (2,1,2)
D (10,11,12) (4,0,4)
D (10,11,12) (0,3,1)
D (6,-1,-1) (5,2,3)
D (8,9,10) (1,5,5)
D (9,-1,-1) (4,3,3)
D (6,7,-1) (1,1,1)
D (12,13,-1) (1,0,0)
D (8,9,-1) (3,4,0)
D (10,11,-1) (4,0,0)
D (11,12,13) (5,0,2)
D (13,-1,-1) (0,3,4)
D (10,11,-1) (3,4,3)
D (6,-1,-1) (4,1,5)
D (11,-1,-1) (4,1,4)
D (8,9,10) (3,4,2)
D (6,7,-1) (2,5,5)
D (8,-1,-1) (3,3,2)
D (12,13,-1) (4,4,3)
D (7,8,-1) (2,3,4)
D (12,13,-1) (4,5,2)
D (12,13,-1) (3,2,3)
D (10,11,12) (2,0,2)
D (10,-1,-1) (0,0,0)
D (8,9,-1) (2,1,4)
D (13,-1,-1) (1,2,2)
D (7,8,-1) (2,2,0)
D (6,7,-1) (2,3,2)
D (13,-1,-1) (5,3,4)
D (9,10,11) (2,4,0)
D (6,-1,-1) (4,2,5)
D (9,10,-1) (3,0,4)
C 0 1
C 1 18
C 2 10
C 3 1
C 4 0
C 5 25
C 6 20
C 7 1
C 8 0
C 9 0
C 10 14
C 11 12
C 12 6
C 13 8
C 14 7
C 15 23
C 16 23
C 17 0
C 18 14
C 19 16
C 20 24
C 21 3
C 22 12
C 23 15
C 24 10
C 25 22
C 26 20
C 27 26
C 28 7
C 29 14
C 30 22
C 31 10
C 32 0
C 33 3
C 34 4
C 35 16
C 36 17
C 37 3
C 38 7
C 39 21
C 40 25
C 41 26
C 42 4
C 43 9
C 44 16
C 45 24
C 46 26
C 47 3
C 48 16
C 49 10
C 50 8
C 51 24
C 52 1
C 53 14
C 54 14
C 55 26
C 56 0
C 57 12
C 58 5
C 59 12
C 60 16
C 61 16
C 62 14
C 63 18
C 64 15
C 65 4
C 66 23
C 67 1
C 68 17
C 69 22
C 70 14
C 71 12
C 72 5
C 73 22
C 74 10
C 75 7
C 76 22
C 77 4
C 78 17
C 79 12
C 80 24
C 81 15
C 82 15
C 83 7
C 84 21
C 85 18
C 86 21
C 87 19
C 88 6
C 89 6
C 90 11
C 91 26
C 92 17
C 93 3
C 94 10
C 95 4
C 96 11
C 97 14
C 98 17
C 99 4
C 100 1
C 101 8
C 102 0
C 103 7
C 104 26
C 105 6
C 106 9
C 107 20
C 108 20
C 109 20
C 110 16
C 111 0
C 112 0
C 113 0
C 114 0
C 115 0
C 116 0
C 117 0
C 118 0
C 119 0
C 120 0
C 121 0
C 122 0
C 123 0
C 124 0
C 125 0
C 126 0
C 127 0
C 128 0
C 129 0
C 130 0
C 131 0
C 132 0
C 133 0
C 134 0
C 135 0
C 136 0
C 137 0
C 138 0
C 139 0
C 140 0
C 141 0
C 142 0
C 143 0
C 144 0
C 145 0
C 146 0
C 147 0
C 148 0
C 149 0
C 150 0
C 151 0
C 152 0
C 153 0
C 154 0
C 155 0
C 156 0
C 157 0
C 158 0
C 159 0
C 160 0
C 161 0
C 162 0
C 163 0
C 164 0
C 165 0
C 166 0
C 167 0
C 168 0
C 169 0
C 170 0
C 171 0
C 172 0
C 173 0
C 174 0
C 175 0
C 176 0
C 177 0
C 178 0
C 179 0
C 180 0
C 181 0
C 182 0
C 183 0
C 184 0
C 185 0
C 186 0
C 187 0
C 188 0
C 189 0
C 190 0
C 191 0
C 192 0
C 193 0
C 194 0
C 195 0
C 196 0
C 197 0
C 198 0
C 199 0
C 200 0
C 201 0
C 202 0
C 203 0
C 204 0
C 205 0
C 206 0
C 207 0
C 208 0
C 209 0
C 210 0
C 211 0
C 212 0
C 213 0
C 214 0
C 215 0
C 216 0
C 217 0
C 218 0
C 219 0
C 220 0
C 221 0
C 222 0
C 223 0
C 224 0
C 225 0
C 226 0
C 227 0
C 228 0
C 229 0
C 230 0
C 231 0
C 232 0
C 233 0
C 234 0
C 235 0
C 236 0
C 237 0
C 238 10
C 239 26
C 240 14
C 241 19
C 242 21
C 243 10
C 244 0
C 245 8
C 246 21
C 247 4
C 248 5
C 249 4
C 250 23
C 251 3
C 252 10
C 253 20
C 254 12
C 255 8
C 256 21
C 257 22
C 258 10
C 259 19
C 260 4
C 261 8
C 262 0
C 263 24
C 264 1
C 265 23
C 266 26
C 267 25
C 268 14
C 269 1
C 270 17
C 271 7
C 272 7
C 273 12
C 274 1
C 275 7
C 276 0
C 277 18
C 278 6
C 279 21
C 280 18
C 281 18
C 282 18
C 283 20
C 284 16
C 285 10
C 286 24
C 287 11
C 288 16
C 289 8
C 290 3
C 291 10
C 292 25
C 293 2
C 294 23
C 295 2
C 296 21
C 297 24
C 298 15
C 299 9
C 300 25
C 301 12
C 302 20
C 303 14
C 304 14
C 305 12
C 306 16
C 307 7
C 308 8
C 309 15
C 310 18
C 311 16
C 312 9
C 313 17
C 314 22
C 315 14
C 316 0
C 317 7
C 318 25
C 319 25
C 320 14
C 321 16
C 322 5
C 323 22
C 324 14
C 325 6
C 326 4
C 327 10
C 328 15
C 329 19
C 330 21
C 331 9
C 332 11
C 333 9
C 334 5
C 335 20
C 336 16
C 337 6
C 338 14
C 339 25
C 340 14
C 341 6
C 342 21
C 343 16
C 344 23
C 345 22
C 346 19
C 347 1
C 348 3
C 349 14
C 350 3
C 351 19
C 352 25
C 353 26
C 354 9
C 355 12
C 356 23
C 357 22
C 358 25
C 359 9
C 360 9
C 361 4
C 362 22
C 363 9
C 364 4
C 365 3
C 366 21
C 367 9
C 368 14
C 369 20
C 370 3
C 371 1
C 372 2
C 373 0
C 374 23
C 375 14
C 376 25
C 377 1
I 1 2 12 (2,5,2) (0,-1,0,0)|(-1,1,0,0)
I 3 3 15 (0,5,3) (0,0,1,0)
