D (13,-1,-1) (5,4,4)
D (8,9,-1) (1,0,5)
D (11,12,13) (0,4,4)
D (6,7,8) (4,3,1)
D (12,-1,-1) (0,5,3)
D (8,9,10) (0,3,3)
D (9,10,11) (2,1,0)
D (8,9,-1) (1,2,5)
D (6,7,-1) (1,4,0)
D (6,-1,-1) (2,2,1)
D (7,8,-1) (5,2,0)
D (11,12,-1) (3,1,3)
D (12,6,-1) (4,5,5)
D (13,-1,-1) (2,4,3)
D (11,-1,-1) (4,4,4)
D (13,-1,-1) (4,2,5)
D (10,-1,-1) (0,1,5)
D (12,-1,-1) (1,0,4)
D (7,8,9) (3,3,5)
D (8,9,-1) (0,2,1)
D (11,12,13) (5,1,3)
D (9,10,-1) (2,2,4)
D (8,9,-1) (3,0,3)
D (9,-1,-1) (0,5,5)
D (7,8,9) (0,0,5)
D (6,7,-1) (4,5,2)
D (12,13,-1) (0,2,2)
D (9,10,-1) (2,5,1)
D (11,12,13) (5,1,5)
D (10,11,12) (5,4,1)
D (11,12,13) (4,2,2)
D (13,-1,-1) (4,4,5)
D (12,13,-1) (1,1,1)
D (7,8,9) (5,0,3)
D (6,7,8) (0,0,2)
D (7,8,-1) (1,5,0)
D (12,13,-1) (5,1,1)
D (7,8,-1) (1,2,1)
D (9,-1,-1) (3,2,1)
D (13,-1,-1) (0,4,0)
D (12,13,-1) (2,1,5)
D (13,-1,-1) (0,4,1)
D (10,11,12) (5,3,0)
D (13,-1,-1) (0,1,4)
C 0 8
C 1 12
C 2 9
C 3 10
C 4 24
C 5 1
C 6 18
C 7 5
C 8 19
C 9 26
C 10 11
C 11 3
C 12 14
C 13 26
C 14 8
C 15 24
C 16 18
C 17 7
C 18 26
C 19 11
C 20 24
C 21 23
C 22 17
C 23 22
C 24 12
C 25 10
C 26 1
C 27 2
C 28 24
C 29 26
C 30 0
C 31 4
C 32 21
C 33 18
C 34 5
C 35 8
C 36 21
C 37 7
C 38 7
C 39 14
C 40 23
C 41 2
C 42 5
C 43 2
C 44 16
C 45 25
C 46 25
C 47 9
C 48 18
C 49 16
C 50 21
C 51 16
C 52 14
C 53 22
C 54 11
C 55 25
C 56 14
C 57 0
C 58 23
C 59 5
C 60 18
C 61 26
C 62 11
C 63 15
C 64 22
C 65 8
C 66 24
C 67 3
C 68 7
C 69 7
C 70 1
C 71 20
C 72 17
C 73 23
C 74 6
C 75 7
C 76 8
C 77 3
C 78 25
C 79 15
C 80 25
C 81 10
C 82 14
C 83 24
C 84 16
C 85 23
C 86 23
C 87 4
C 88 8
C 89 8
C 90 21
C 91 11
C 92 17
C 93 22
C 94 9
C 95 16
C 96 15
C 97 18
C 98 1
C 99 14
C 100 5
C 101 21
C 102 4
C 103 24
C 104 5
C 105 24
C 106 6
C 107 18
C 108 19
C 109 19
C 110 24
C 111 1
C 112 20
C 113 23
C 114 15
C 115 10
C 116 11
C 117 22
C 118 19
C 119 24
C 120 20
C 121 6
C 122 26
C 123 5
C 124 22
C 125 6
C 126 7
C 127 8
C 128 8
C 129 5
C 130 17
C 131 11
C 132 14
C 133 11
C 134 6
C 135 14
C 136 17
C 137 4
C 138 16
C 139 24
C 140 0
C 141 18
C 142 19
C 143 2
C 144 15
C 145 25
C 146 4
C 147 14
C 148 0
C 149 0
C 150 0
C 151 0
C 152 0
C 153 0
C 154 0
C 155 0
C 156 0
C 157 26
C 158 0
C 159 0
C 160 0
C 161 0
C 162 0
C 163 0
C 164 0
C 165 0
C 166 0
C 167 0
C 168 0
C 169 0
C 170 0
C 171 0
C 172 0
C 173 0
C 174 0
C 175 0
C 176 0
C 177 0
C 178 0
C 179 8
C 180 19
C 181 24
C 182 12
C 183 17
C 184 10
C 185 11
C 186 17
C 187 24
C 188 2
C 189 2
C 190 2
C 191 0
C 192 0
C 193 0
C 194 0
C 195 0
C 196 0
C 197 0
C 198 0
C 199 0
C 200 0
C 201 0
C 202 0
C 203 0
C 204 26
C 205 1
C 206 18
C 207 21
C 208 9
C 209 25
C 210 23
C 211 7
C 212 10
C 213 11
C 214 10
C 215 1
C 216 1
C 217 8
C 218 25
C 219 12
C 220 18
C 221 17
C 222 18
C 223 6
C 224 9
C 225 26
C 226 26
C 227 20
C 228 19
C 229 0
C 230 0
C 231 0
C 232 0
C 233 0
C 234 0
C 235 0
C 236 0
C 237 0
C 238 0
C 239 0
C 240 0
C 241 0
C 242 0
C 243 0
C 244 0
C 245 0
C 246 0
C 247 0
C 248 0
C 249 0
C 250 0
C 251 0
C 252 0
C 253 0
C 254 0
C 255 0
C 256 0
C 257 0
C 258 0
C 259 0
C 260 0
C 261 0
C 262 0
C 263 0
C 264 0
C 265 0
C 266 0
C 267 0
C 268 0
C 269 0
C 270 0
C 271 0
C 272 0
C 273 0
C 274 0
C 275 0
C 276 21
C 277 0
C 278 0
C 279 0
C 280 0
C 281 0
C 282 0
C 283 0
C 284 0
C 285 0
C 286 0
C 287 0
C 288 0
C 289 0
C 290 0
C 291 0
C 292 9
C 293 23
C 294 6
C 295 12
C 296 7
C 297 23
C 298 11
C 299 9
C 300 25
C 301 17
C 302 20
C 303 1
C 304 0
C 305 18
C 306 23
C 307 22
C 308 0
C 309 26
C 310 7
C 311 17
C 312 7
C 313 5
C 314 16
C 315 21
C 316 7
C 317 19
C 318 9
C 319 24
C 320 10
C 321 0
C 322 21
C 323 6
C 324 7
C 325 25
C 326 15
C 327 23
C 328 0
C 329 24
C 330 10
C 331 21
C 332 11
C 333 12
C 334 10
C 335 10
C 336 23
C 337 9
C 338 25
C 339 17
C 340 10
C 341 5
C 342 6
C 343 7
C 344 16
C 345 25
C 346 1
C 347 0
C 348 9
C 349 0
C 350 10
C 351 22
C 352 19
C 353 8
C 354 22
C 355 0
C 356 14
C 357 12
C 358 0
C 359 5
C 360 2
C 361 25
C 362 18
C 363 26
C 364 15
C 365 20
C 366 11
C 367 10
C 368 17
C 369 25
C 370 12
C 371 15
C 372 3
C 373 11
C 374 11
C 375 9
C 376 8
C 377 19
I 2 1 2 (4,3,2) (1,1,1,0)
I 5 1 15 (0,2,1) (-1,-1,0,0)
I 1 2 19 (5,1,2) (0,1,0,0)|(-1,0,0,0)|(-1,0,0,0)|(1,0,-1,0)|(0,0,-1,0)
