D (10,11,-1) (5,2,2)
D (6,7,8) (2,4,0)
D (6,-1,-1) (0,3,2)
D (6,7,8) (2,2,1)
D (7,-1,-1) (2,0,2)
D (10,11,12) (5,4,4)
D (9,10,-1) (0,1,4)
D (10,-1,-1) (5,3,4)
D (9,10,11) (4,3,1)
D (10,11,-1) (2,2,0)
D (11,12,13) (4,1,0)
D (8,9,-1) (3,4,5)
D (13,-1,-1) (5,4,1)
D (10,11,-1) (3,3,1)
D (9,-1,-1) (0,2,4)
D (7,-1,-1) (5,5,5)
D (10,-1,-1) (3,2,0)
D (10,-1,-1) (4,3,4)
D (10,-1,-1) (4,5,0)
D (8,-1,-1) (4,2,1)
D (13,-1,-1) (1,5,4)
D (10,11,-1) (3,1,5)
D (10,11,-1) (1,5,2)
D (12,13,-1) (0,1,1)
D (11,12,13) (5,1,3)
D (6,7,8) (5,0,5)
D (9,-1,-1) (3,0,1)
D (7,8,9) (5,3,5)
D (7,8,9) (2,0,4)
D (6,-1,-1) (5,0,4)
D (8,9,10) (0,5,0)
D (12,13,-1) (2,1,2)
D (10,-1,-1) (4,0,4)
D (6,7,-1) (3,0,3)
D (13,-1,-1) (1,5,3)
D (11,12,13) (2,3,3)
D (7,8,-1) (1,3,0)
D (12,13,-1) (2,5,2)
D (7,8,-1) (0,2,3)
D (6,-1,-1) (3,3,3)
D (9,10,-1) (3,2,5)
D (7,8,9) (4,1,4)
D (10,-1,-1) (5,3,1)
D (9,10,11) (4,1,2)
D (10,11,-1) (4,1,3)
D (12,13,-1) (2,5,5)
D (9,-1,-1) (5,2,0)
D (12,13,-1) (4,2,4)
D (11,12,13) (1,2,2)
D (11,12,13) (3,1,2)
D (8,9,-1) (5,1,0)
D (7,8,-1) (1,5,5)
D (9,10,-1) (5,5,4)
D (12,13,-1) (2,2,5)
D (13,-1,-1) (5,5,2)
D (10,11,12) (2,1,0)
D (9,10,11) (3,1,1)
D (7,8,-1) (0,0,1)
D (11,12,13) (5,0,0)
C 0 26
C 1 12
C 2 22
C 3 19
C 4 9
C 5 25
C 6 22
C 7 19
C 8 22
C 9 25
C 10 1
C 11 12
C 12 7
C 13 25
C 14 9
C 15 4
C 16 11
C 17 23
C 18 11
C 19 16
C 20 3
C 21 0
C 22 10
C 23 11
C 24 7
C 25 14
C 26 15
C 27 14
C 28 22
C 29 15
C 30 9
C 31 17
C 32 23
C 33 26
C 34 4
C 35 24
C 36 5
C 37 24
C 38 0
C 39 0
C 40 0
C 41 0
C 42 0
C 43 0
C 44 0
C 45 0
C 46 0
C 47 0
C 48 0
C 49 0
C 50 0
C 51 0
C 52 0
C 53 0
C 54 0
C 55 0
C 56 0
C 57 0
C 58 18
C 59 20
C 60 18
C 61 2
C 62 20
C 63 4
C 64 16
C 65 2
C 66 3
C 67 21
C 68 0
C 69 24
C 70 6
C 71 7
C 72 0
C 73 17
C 74 25
C 75 22
C 76 16
C 77 15
C 78 3
C 79 17
C 80 0
C 81 16
C 82 20
C 83 4
C 84 14
C 85 4
C 86 5
C 87 14
C 88 3
C 89 23
C 90 4
C 91 5
C 92 20
C 93 2
C 94 20
C 95 5
C 96 26
C 97 24
C 98 8
C 99 20
C 100 17
C 101 7
C 102 26
C 103 3
C 104 15
C 105 25
C 106 8
C 107 21
C 108 5
C 109 19
C 110 24
C 111 11
C 112 0
C 113 26
C 114 11
C 115 17
C 116 6
C 117 16
C 118 15
C 119 19
C 120 2
C 121 24
C 122 0
C 123 0
C 124 0
C 125 0
C 126 0
C 127 0
C 128 0
C 129 0
C 130 0
C 131 0
C 132 0
C 133 0
C 134 0
C 135 0
C 136 0
C 137 0
C 138 0
C 139 0
C 140 0
C 141 0
C 142 0
C 143 0
C 144 0
C 145 0
C 146 0
C 147 0
C 148 0
C 149 0
C 150 0
C 151 0
C 152 0
C 153 0
C 154 0
C 155 0
C 156 0
C 157 0
C 158 22
C 159 17
C 160 18
C 161 25
C 162 2
C 163 15
C 164 5
C 165 5
C 166 25
C 167 2
C 168 16
C 169 8
C 170 23
C 171 26
C 172 24
C 173 19
C 174 5
C 175 2
C 176 7
C 177 3
C 178 18
C 179 6
C 180 20
C 181 19
C 182 26
C 183 22
C 184 0
C 185 0
C 186 0
C 187 0
C 188 0
C 189 0
C 190 0
C 191 0
C 192 0
C 193 0
C 194 0
C 195 0
C 196 0
C 197 0
C 198 0
C 199 0
C 200 0
C 201 0
C 202 0
C 203 0
C 204 0
C 205 0
C 206 0
C 207 0
C 208 0
C 209 0
C 210 0
C 211 0
C 212 0
C 213 0
C 214 0
C 215 0
C 216 0
C 217 0
C 218 0
C 219 0
C 220 0
C 221 0
C 222 0
C 223 0
C 224 0
C 225 0
C 226 0
C 227 0
C 228 0
C 229 0
C 230 0
C 231 0
C 232 0
C 233 0
C 234 0
C 235 0
C 236 0
C 237 0
C 238 0
C 239 0
C 240 0
C 241 0
C 242 0
C 243 0
C 244 0
C 245 0
C 246 0
C 247 0
C 248 0
C 249 0
C 250 0
C 251 0
C 252 0
C 253 0
C 254 0
C 255 0
C 256 0
C 257 0
C 258 0
C 259 0
C 260 0
C 261 0
C 262 0
C 263 0
C 264 0
C 265 0
C 266 0
C 267 0
C 268 0
C 269 0
C 270 0
C 271 0
C 272 0
C 273 0
C 274 0
C 275 0
C 276 0
C 277 0
C 278 0
C 279 0
C 280 0
C 281 0
C 282 0
C 283 0
C 284 0
C 285 0
C 286 0
C 287 0
C 288 0
C 289 0
C 290 0
C 291 0
C 292 0
C 293 0
C 294 0
C 295 0
C 296 0
C 297 0
C 298 0
C 299 0
C 300 0
C 301 0
C 302 0
C 303 0
C 304 0
C 305 0
C 306 0
C 307 0
C 308 0
C 309 0
C 310 0
C 311 0
C 312 0
C 313 0
C 314 0
C 315 0
C 316 0
C 317 0
C 318 0
C 319 0
C 320 0
C 321 0
C 322 0
C 323 0
C 324 0
C 325 0
C 326 0
C 327 0
C 328 0
C 329 0
C 330 0
C 331 0
C 332 0
C 333 0
C 334 0
C 335 0
C 336 0
C 337 0
C 338 0
C 339 0
C 340 0
C 341 0
C 342 0
C 343 0
C 344 0
C 345 0
C 346 0
C 347 0
C 348 0
C 349 0
C 350 0
C 351 0
C 352 21
C 353 5
C 354 5
C 355 6
C 356 26
C 357 4
C 358 22
C 359 8
C 360 11
C 361 18
C 362 14
C 363 11
C 364 11
C 365 19
C 366 11
C 367 18
C 368 5
C 369 15
C 370 7
C 371 18
C 372 23
C 373 22
C 374 14
C 375 2
C 376 0
C 377 8
I 4 3 5 (1,4,3) (0,0,1,0)
I 0 2 7 (2,0,1) (0,1,0,0)
I 2 3 16 (3,3,1) (-1,0,1,0)
