D (10,11,12) (0,1,4)
D (10,11,12) (5,2,5)
D (7,8,-1) (4,2,2)
D (10,-1,-1) (0,2,5)
D (10,11,-1) (1,2,0)
D (10,11,-1) (5,3,0)
D (9,-1,-1) (0,0,4)
D (10,11,12) (5,4,2)
D (13,-1,-1) (1,3,1)
D (12,13,-1) (2,0,3)
D (6,7,8) (3,1,4)
D (12,13,-1) (4,4,1)
D (12,13,-1) (0,4,2)
D (10,11,12) (4,3,3)
D (10,11,-1) (2,0,4)
D (9,10,11) (2,0,1)
D (10,-1,-1) (2,4,4)
D (10,11,12) (0,3,2)
D (11,12,13) (2,2,3)
D (10,11,-1) (4,0,0)
D (13,-1,-1) (4,5,1)
D (7,-1,-1) (2,2,2)
D (7,8,-1) (3,4,1)
D (8,9,-1) (5,5,0)
D (12,11,-1) (3,4,2)
D (13,-1,-1) (3,3,1)
D (9,10,-1) (5,1,4)
D (10,-1,-1) (4,4,4)
D (11,12,-1) (3,1,2)
D (6,-1,-1) (0,1,2)
D (12,13,-1) (3,1,5)
D (11,-1,-1) (1,0,2)
D (9,-1,-1) (5,2,4)
D (9,10,11) (4,0,3)
D (11,12,13) (5,2,2)
D (12,13,-1) (3,2,0)
D (11,12,-1) (5,3,2)
D (11,12,-1) (5,4,5)
D (9,10,-1) (2,5,5)
D (13,-1,-1) (3,3,5)
D (7,8,-1) (3,0,4)
D (9,-1,-1) (0,4,0)
D (13,-1,-1) (4,4,2)
D (8,9,-1) (2,0,5)
D (8,9,10) (3,4,3)
D (13,-1,-1) (5,3,3)
D (6,-1,-1) (3,0,1)
D (6,7,-1) (4,2,1)
D (9,10,11) (4,0,2)
D (11,12,13) (1,1,5)
D (6,7,8) (2,1,0)
D (10,11,-1) (0,3,5)
D (11,12,13) (0,3,0)
D (13,-1,-1) (3,2,2)
D (8,-1,-1) (2,2,5)
D (9,-1,-1) (5,1,3)
C 0 8
C 1 18
C 2 23
C 3 15
C 4 25
C 5 23
C 6 5
C 7 14
C 8 0
C 9 0
C 10 0
C 11 0
C 12 0
C 13 0
C 14 0
C 15 0
C 16 0
C 17 0
C 18 0
C 19 0
C 20 0
C 21 0
C 22 0
C 23 0
C 24 0
C 25 0
C 26 0
C 27 0
C 28 0
C 29 0
C 30 0
C 31 0
C 32 0
C 33 0
C 34 0
C 35 0
C 36 0
C 37 0
C 38 0
C 39 0
C 40 0
C 41 0
C 42 0
C 43 0
C 44 0
C 45 0
C 46 0
C 47 0
C 48 0
C 49 0
C 50 0
C 51 0
C 52 0
C 53 0
C 54 0
C 55 0
C 56 0
C 57 0
C 58 0
C 59 0
C 60 0
C 61 0
C 62 23
C 63 10
C 64 17
C 65 1
C 66 11
C 67 11
C 68 6
C 69 14
C 70 21
C 71 4
C 72 1
C 73 23
C 74 21
C 75 20
C 76 10
C 77 18
C 78 6
C 79 5
C 80 11
C 81 26
C 82 0
C 83 17
C 84 17
C 85 22
C 86 22
C 87 1
C 88 5
C 89 7
C 90 1
C 91 23
C 92 5
C 93 8
C 94 15
C 95 16
C 96 7
C 97 2
C 98 17
C 99 6
C 100 6
C 101 17
C 102 0
C 103 1
C 104 11
C 105 23
C 106 23
C 107 24
C 108 19
C 109 8
C 110 12
C 111 19
C 112 19
C 113 24
C 114 17
C 115 8
C 116 17
C 117 16
C 118 15
C 119 12
C 120 6
C 121 3
C 122 8
C 123 20
C 124 8
C 125 5
C 126 0
C 127 0
C 128 0
C 129 0
C 130 0
C 131 0
C 132 0
C 133 0
C 134 0
C 135 0
C 136 0
C 137 0
C 138 0
C 139 0
C 140 0
C 141 0
C 142 0
C 143 0
C 144 0
C 145 0
C 146 0
C 147 0
C 148 0
C 149 0
C 150 0
C 151 0
C 152 0
C 153 0
C 154 0
C 155 0
C 156 0
C 157 0
C 158 0
C 159 0
C 160 0
C 161 0
C 162 0
C 163 0
C 164 0
C 165 0
C 166 0
C 167 0
C 168 0
C 169 0
C 170 0
C 171 0
C 172 0
C 173 0
C 174 0
C 175 0
C 176 0
C 177 0
C 178 0
C 179 0
C 180 0
C 181 0
C 182 0
C 183 0
C 184 0
C 185 0
C 186 0
C 187 0
C 188 0
C 189 0
C 190 0
C 191 0
C 192 0
C 193 0
C 194 0
C 195 0
C 196 0
C 197 0
C 198 0
C 199 0
C 200 0
C 201 0
C 202 0
C 203 0
C 204 0
C 205 0
C 206 0
C 207 0
C 208 0
C 209 0
C 210 0
C 211 0
C 212 0
C 213 0
C 214 0
C 215 0
C 216 0
C 217 0
C 218 0
C 219 0
C 220 0
C 221 0
C 222 0
C 223 0
C 224 0
C 225 0
C 226 0
C 227 0
C 228 0
C 229 0
C 230 0
C 231 0
C 232 0
C 233 0
C 234 0
C 235 0
C 236 0
C 237 0
C 238 0
C 239 0
C 240 0
C 241 0
C 242 0
C 243 0
C 244 0
C 245 0
C 246 0
C 247 0
C 248 0
C 249 0
C 250 0
C 251 0
C 252 0
C 253 0
C 254 0
C 255 0
C 256 0
C 257 0
C 258 0
C 259 0
C 260 0
C 261 0
C 262 0
C 263 0
C 264 0
C 265 0
C 266 0
C 267 0
C 268 0
C 269 0
C 270 0
C 271 0
C 272 0
C 273 0
C 274 0
C 275 0
C 276 0
C 277 0
C 278 0
C 279 0
C 280 0
C 281 0
C 282 0
C 283 0
C 284 0
C 285 0
C 286 0
C 287 0
C 288 0
C 289 0
C 290 0
C 291 0
C 292 0
C 293 0
C 294 0
C 295 0
C 296 0
C 297 0
C 298 0
C 299 0
C 300 0
C 301 0
C 302 0
C 303 0
C 304 0
C 305 0
C 306 0
C 307 0
C 308 0
C 309 0
C 310 0
C 311 0
C 312 0
C 313 0
C 314 0
C 315 0
C 316 0
C 317 0
C 318 0
C 319 0
C 320 0
C 321 0
C 322 12
C 323 26
C 324 8
C 325 23
C 326 11
C 327 22
C 328 20
C 329 18
C 330 17
C 331 1
C 332 17
C 333 12
C 334 12
C 335 26
C 336 5
C 337 26
C 338 14
C 339 23
C 340 7
C 341 0
C 342 3
C 343 0
C 344 24
C 345 6
C 346 12
C 347 1
C 348 20
C 349 2
C 350 22
C 351 8
C 352 0
C 353 2
C 354 14
C 355 19
C 356 11
C 357 8
C 358 14
C 359 9
C 360 4
C 361 7
C 362 14
C 363 4
C 364 14
C 365 2
C 366 15
C 367 7
C 368 16
C 369 17
C 370 26
C 371 5
C 372 1
C 373 19
C 374 20
C 375 5
C 376 0
C 377 0
I 2 2 17 (4,1,5) (-1,-1,0,0)
I 0 2 8 (1,1,4) (1,0,0,0)|(-1,-1,0,0)
I 4 1 2 (3,0,2) (-1,0,1,0)
