D (9,10,-1) (2,5,0)
D (12,13,-1) (4,2,0)
D (8,-1,-1) (2,4,3)
D (7,8,9) (4,2,4)
D (11,12,-1) (2,2,3)
D (9,-1,-1) (2,3,1)
D (13,-1,-1) (4,1,1)
D (8,9,-1) (3,2,3)
D (11,12,-1) (0,0,3)
D (10,11,12) (3,5,3)
D (7,-1,-1) (3,1,1)
D (9,-1,-1) (5,1,3)
D (6,7,-1) (3,4,3)
D (9,10,11) (3,0,2)
D (13,-1,-1) (4,4,1)
D (11,12,13) (0,1,2)
D (11,-1,-1) (3,1,0)
D (8,-1,-1) (2,0,5)
D (10,11,-1) (3,2,4)
D (10,-1,-1) (1,0,1)
D (8,9,10) (2,1,2)
D (12,-1,-1) (3,1,5)
D (13,-1,-1) (3,5,1)
D (11,12,13) (4,5,4)
D (6,7,-1) (5,5,5)
D (12,13,-1) (5,2,1)
D (8,9,10) (4,3,3)
D (13,-1,-1) (2,1,4)
D (11,12,-1) (0,4,0)
D (9,10,-1) (0,5,1)
D (11,12,13) (4,0,5)
D (13,-1,-1) (0,5,4)
D (11,12,-1) (2,2,4)
D (13,-1,-1) (1,3,4)
C 0 9
C 1 17
C 2 1
C 3 12
C 4 6
C 5 25
C 6 26
C 7 3
C 8 21
C 9 17
C 10 19
C 11 21
C 12 18
C 13 21
C 14 4
C 15 2
C 16 26
C 17 7
C 18 1
C 19 17
C 20 3
C 21 25
C 22 3
C 23 18
C 24 20
C 25 8
C 26 20
C 27 21
C 28 18
C 29 8
C 30 19
C 31 4
C 32 8
C 33 3
C 34 0
C 35 0
C 36 0
C 37 0
C 38 0
C 39 0
C 40 0
C 41 0
C 42 0
C 43 0
C 44 0
C 45 0
C 46 0
C 47 0
C 48 0
C 49 0
C 50 0
C 51 0
C 52 0
C 53 0
C 54 0
C 55 0
C 56 0
C 57 0
C 58 0
C 59 0
C 60 0
C 61 0
C 62 0
C 63 0
C 64 0
C 65 0
C 66 0
C 67 0
C 68 0
C 69 0
C 70 0
C 71 0
C 72 0
C 73 0
C 74 0
C 75 0
C 76 0
C 77 0
C 78 0
C 79 0
C 80 0
C 81 0
C 82 0
C 83 0
C 84 0
C 85 0
C 86 0
C 87 0
C 88 0
C 89 0
C 90 0
C 91 0
C 92 0
C 93 0
C 94 0
C 95 0
C 96 0
C 97 0
C 98 0
C 99 0
C 100 0
C 101 15
C 102 11
C 103 15
C 104 23
C 105 8
C 106 22
C 107 10
C 108 22
C 109 11
C 110 4
C 111 26
C 112 16
C 113 21
C 114 17
C 115 0
C 116 24
C 117 25
C 118 3
C 119 26
C 120 25
C 121 14
C 122 12
C 123 9
C 124 6
C 125 16
C 126 1
C 127 25
C 128 15
C 129 17
C 130 9
C 131 12
C 132 24
C 133 0
C 134 0
C 135 0
C 136 0
C 137 0
C 138 0
C 139 0
C 140 0
C 141 0
C 142 0
C 143 0
C 144 0
C 145 0
C 146 0
C 147 0
C 148 0
C 149 0
C 150 0
C 151 0
C 152 0
C 153 0
C 154 0
C 155 0
C 156 0
C 157 0
C 158 0
C 159 0
C 160 0
C 161 0
C 162 0
C 163 0
C 164 0
C 165 0
C 166 0
C 167 0
C 168 0
C 169 0
C 170 0
C 171 0
C 172 0
C 173 0
C 174 0
C 175 25
C 176 18
C 177 20
C 178 18
C 179 9
C 180 1
C 181 3
C 182 17
C 183 26
C 184 14
C 185 6
C 186 5
C 187 6
C 188 14
C 189 23
C 190 18
C 191 2
C 192 4
C 193 5
C 194 23
C 195 7
C 196 8
C 197 18
C 198 26
C 199 26
C 200 11
C 201 10
C 202 9
C 203 16
C 204 5
C 205 9
C 206 1
C 207 1
C 208 15
C 209 19
C 210 3
C 211 19
C 212 25
C 213 8
C 214 20
C 215 1
C 216 12
C 217 20
C 218 5
C 219 25
C 220 18
C 221 17
C 222 20
C 223 11
C 224 22
C 225 8
C 226 4
C 227 8
C 228 6
C 229 26
C 230 4
C 231 6
C 232 11
C 233 5
C 234 22
C 235 25
C 236 5
C 237 20
C 238 20
C 239 9
C 240 24
C 241 20
C 242 11
C 243 12
C 244 9
C 245 10
C 246 3
C 247 3
C 248 15
C 249 1
C 250 22
C 251 2
C 252 20
C 253 25
C 254 6
C 255 11
C 256 26
C 257 2
C 258 22
C 259 24
C 260 24
C 261 15
C 262 24
C 263 7
C 264 22
C 265 1
C 266 16
C 267 6
C 268 7
C 269 2
C 270 25
C 271 2
C 272 2
C 273 23
C 274 7
C 275 8
C 276 9
C 277 15
C 278 2
C 279 9
C 280 22
C 281 12
C 282 15
C 283 8
C 284 8
C 285 4
C 286 12
C 287 26
C 288 20
C 289 7
C 290 14
C 291 16
C 292 2
C 293 10
C 294 3
C 295 24
C 296 3
C 297 22
C 298 18
C 299 26
C 300 17
C 301 12
C 302 19
C 303 10
C 304 3
C 305 22
C 306 8
C 307 11
C 308 2
C 309 21
C 310 16
C 311 1
C 312 23
C 313 23
C 314 3
C 315 0
C 316 19
C 317 18
C 318 15
C 319 5
C 320 9
C 321 1
C 322 5
C 323 0
C 324 8
C 325 10
C 326 16
C 327 26
C 328 26
C 329 8
C 330 23
C 331 11
C 332 4
C 333 4
C 334 20
C 335 26
C 336 1
C 337 7
C 338 8
C 339 17
C 340 6
C 341 15
C 342 22
C 343 19
C 344 7
C 345 24
C 346 3
C 347 21
C 348 11
C 349 24
C 350 19
C 351 8
C 352 16
C 353 12
C 354 7
C 355 15
C 356 3
C 357 17
C 358 23
C 359 26
C 360 8
C 361 12
C 362 1
C 363 26
C 364 10
C 365 2
C 366 14
C 367 7
C 368 23
C 369 1
C 370 14
C 371 2
C 372 4
C 373 20
C 374 15
C 375 10
C 376 14
C 377 26
I 1 3 9 (1,1,5) (1,1,0,0)
I 1 2 12 (4,2,3) (0,0,-1,0)|(-1,0,1,0)|(-1,-1,0,0)
I 4 3 20 (3,0,3) (-1,1,1,0)
