D (8,9,-1) (0,1,2)
D (8,9,-1) (3,4,1)
D (11,12,13) (1,4,5)
D (13,-1,-1) (3,0,0)
D (9,-1,-1) (5,5,1)
D (13,-1,-1) (0,5,3)
D (10,11,-1) (1,0,5)
D (6,7,8) (4,2,1)
D (11,12,13) (4,0,4)
D (6,-1,-1) (5,4,4)
D (6,7,-1) (0,0,5)
D (13,-1,-1) (0,0,2)
D (8,-1,-1) (3,0,3)
D (11,-1,-1) (4,0,1)
D (6,7,-1) (5,2,5)
D (13,-1,-1) (2,5,4)
D (10,-1,-1) (3,5,2)
D (12,13,-1) (1,2,3)
D (9,10,-1) (0,1,4)
D (9,10,-1) (2,3,1)
D (12,13,-1) (4,3,5)
D (11,-1,-1) (4,3,1)
D (8,-1,-1) (5,5,5)
D (8,9,10) (1,3,0)
D (12,13,-1) (3,5,5)
D (12,13,11) (4,3,4)
D (13,-1,-1) (2,4,0)
D (9,10,11) (5,1,3)
D (9,10,-1) (3,5,4)
D (7,8,-1) (0,4,1)
D (10,-1,-1) (1,2,2)
D (7,8,-1) (2,0,2)
D (10,11,-1) (5,1,4)
D (13,-1,-1) (4,4,3)
D (8,9,-1) (1,3,3)
D (6,7,-1) (2,1,5)
D (8,9,-1) (3,4,3)
D (6,7,-1) (2,1,3)
D (9,10,11) (4,5,4)
D (12,13,-1) (2,0,4)
D (11,12,-1) (5,0,1)
D (9,-1,-1) (1,5,0)
D (11,12,-1) (0,0,4)
D (12,13,-1) (3,1,5)
D (12,13,-1) (4,5,1)
D (6,-1,-1) (5,0,0)
D (8,-1,-1) (0,2,1)
D (9,10,11) (4,1,5)
D (11,12,13) (2,1,1)
D (11,-1,-1) (1,0,0)
D (6,7,-1) (3,4,0)
D (13,-1,-1) (5,0,3)
D (12,13,-1) (2,2,5)
D (12,13,-1) (0,0,0)
C 0 22
C 1 26
C 2 10
C 3 9
C 4 2
C 5 14
C 6 22
C 7 9
C 8 2
C 9 19
C 10 7
C 11 9
C 12 7
C 13 20
C 14 0
C 15 5
C 16 22
C 17 0
C 18 16
C 19 12
C 20 9
C 21 9
C 22 11
C 23 12
C 24 12
C 25 14
C 26 18
C 27 9
C 28 14
C 29 8
C 30 8
C 31 15
C 32 8
C 33 15
C 34 0
C 35 19
C 36 0
C 37 0
C 38 0
C 39 0
C 40 0
C 41 0
C 42 0
C 43 0
C 44 0
C 45 0
C 46 0
C 47 0
C 48 0
C 49 0
C 50 0
C 51 0
C 52 0
C 53 0
C 54 0
C 55 18
C 56 25
C 57 0
C 58 0
C 59 0
C 60 0
C 61 0
C 62 0
C 63 0
C 64 0
C 65 0
C 66 0
C 67 0
C 68 0
C 69 0
C 70 0
C 71 0
C 72 0
C 73 0
C 74 0
C 75 0
C 76 0
C 77 0
C 78 0
C 79 0
C 80 0
C 81 0
C 82 0
C 83 0
C 84 0
C 85 0
C 86 0
C 87 0
C 88 0
C 89 0
C 90 0
C 91 0
C 92 0
C 93 0
C 94 0
C 95 0
C 96 0
C 97 0
C 98 0
C 99 0
C 100 0
C 101 0
C 102 0
C 103 0
C 104 0
C 105 0
C 106 0
C 107 0
C 108 0
C 109 0
C 110 0
C 111 0
C 112 0
C 113 0
C 114 0
C 115 0
C 116 0
C 117 0
C 118 0
C 119 0
C 120 0
C 121 0
C 122 0
C 123 0
C 124 0
C 125 0
C 126 0
C 127 0
C 128 0
C 129 0
C 130 0
C 131 0
C 132 0
C 133 0
C 134 0
C 135 0
C 136 0
C 137 0
C 138 0
C 139 0
C 140 0
C 141 0
C 142 0
C 143 0
C 144 0
C 145 0
C 146 0
C 147 0
C 148 3
C 149 4
C 150 16
C 151 7
C 152 0
C 153 2
C 154 26
C 155 17
C 156 3
C 157 5
C 158 9
C 159 25
C 160 8
C 161 14
C 162 1
C 163 1
C 164 19
C 165 24
C 166 0
C 167 20
C 168 5
C 169 2
C 170 9
C 171 12
C 172 0
C 173 10
C 174 5
C 175 18
C 176 6
C 177 15
C 178 21
C 179 25
C 180 21
C 181 12
C 182 23
C 183 25
C 184 20
C 185 24
C 186 15
C 187 18
C 188 20
C 189 9
C 190 15
C 191 26
C 192 23
C 193 17
C 194 14
C 195 24
C 196 21
C 197 8
C 198 22
C 199 10
C 200 0
C 201 6
C 202 14
C 203 20
C 204 5
C 205 3
C 206 12
C 207 7
C 208 22
C 209 14
C 210 16
C 211 16
C 212 14
C 213 8
C 214 24
C 215 3
C 216 15
C 217 8
C 218 5
C 219 7
C 220 8
C 221 17
C 222 18
C 223 21
C 224 8
C 225 9
C 226 1
C 227 14
C 228 12
C 229 8
C 230 19
C 231 16
C 232 1
C 233 1
C 234 5
C 235 19
C 236 9
C 237 9
C 238 20
C 239 20
C 240 25
C 241 21
C 242 10
C 243 8
C 244 15
C 245 2
C 246 16
C 247 23
C 248 17
C 249 6
C 250 8
C 251 19
C 252 8
C 253 26
C 254 0
C 255 0
C 256 0
C 257 0
C 258 0
C 259 0
C 260 0
C 261 0
C 262 0
C 263 0
C 264 0
C 265 0
C 266 0
C 267 0
C 268 0
C 269 0
C 270 0
C 271 0
C 272 0
C 273 0
C 274 0
C 275 0
C 276 0
C 277 0
C 278 0
C 279 0
C 280 0
C 281 0
C 282 0
C 283 0
C 284 0
C 285 0
C 286 0
C 287 0
C 288 0
C 289 0
C 290 0
C 291 0
C 292 0
C 293 0
C 294 0
C 295 0
C 296 0
C 297 0
C 298 0
C 299 0
C 300 0
C 301 0
C 302 0
C 303 0
C 304 0
C 305 0
C 306 0
C 307 0
C 308 0
C 309 0
C 310 0
C 311 0
C 312 9
C 313 25
C 314 26
C 315 8
C 316 23
C 317 2
C 318 12
C 319 15
C 320 11
C 321 10
C 322 18
C 323 1
C 324 2
C 325 6
C 326 0
C 327 17
C 328 15
C 329 9
C 330 6
C 331 16
C 332 17
C 333 0
C 334 18
C 335 22
C 336 16
C 337 12
C 338 25
C 339 16
C 340 25
C 341 10
C 342 19
C 343 2
C 344 11
C 345 15
C 346 15
C 347 10
C 348 25
C 349 26
C 350 11
C 351 2
C 352 5
C 353 4
C 354 5
C 355 7
C 356 10
C 357 17
C 358 26
C 359 5
C 360 25
C 361 19
C 362 19
C 363 14
C 364 15
C 365 11
C 366 23
C 367 12
C 368 15
C 369 3
C 370 19
C 371 16
C 372 7
C 373 4
C 374 21
C 375 24
C 376 10
C 377 5
I 2 2 16 (4,5,1) (-1,-1,-1,0)
I 0 1 9 (0,4,3) (0,-1,0,0)
I 0 1 3 (1,2,1) (1,0,0,0)|(0,0,0,0)
