D (12,-1,-1) (5,2,4)
D (11,12,-1) (4,5,0)
D (6,-1,-1) (0,1,1)
D (11,-1,-1) (4,3,0)
D (11,12,-1) (2,1,1)
D (9,10,11) (2,4,5)
D (7,-1,-1) (2,3,3)
D (8,9,10) (4,2,2)
D (9,10,11) (4,2,5)
D (13,-1,-1) (3,2,3)
D (9,10,11) (0,3,4)
D (6,7,8) (4,1,5)
D (6,7,-1) (1,4,5)
D (8,9,10) (1,5,2)
D (13,-1,-1) (1,3,1)
D (9,10,11) (3,1,3)
D (11,12,13) (0,5,2)
D (8,-1,-1) (2,5,0)
D (6,7,8) (0,1,4)
D (6,7,-1) (5,4,2)
D (9,10,11) (5,3,5)
D (13,-1,-1) (1,1,5)
D (11,-1,-1) (2,2,0)
D (13,-1,-1) (2,2,3)
D (11,12,-1) (3,4,0)
D (13,-1,-1) (0,5,1)
D (7,8,9) (5,4,4)
D (7,8,9) (3,2,5)
D (13,-1,-1) (4,2,0)
D (13,-1,-1) (3,4,4)
D (7,8,-1) (0,0,4)
D (7,8,-1) (0,3,2)
D (13,-1,-1) (3,5,5)
D (8,9,10) (3,5,0)
D (7,-1,-1) (0,3,1)
D (12,13,-1) (0,1,0)
D (13,-1,-1) (0,5,5)
D (13,-1,-1) (0,1,2)
D (6,7,-1) (5,5,2)
D (10,-1,-1) (4,1,1)
D (6,7,8) (1,4,2)
D (13,-1,-1) (1,3,5)
D (12,13,-1) (2,1,3)
D (10,11,-1) (0,4,2)
D (11,-1,-1) (5,4,1)
D (7,8,-1) (1,0,0)
D (12,13,-1) (3,2,1)
D (13,-1,-1) (3,1,4)
D (13,-1,-1) (0,2,5)
D (9,10,11) (3,2,2)
D (8,-1,-1) (5,5,5)
D (11,12,12) (2,3,2)
C 0 5
C 1 18
C 2 24
C 3 26
C 4 24
C 5 8
C 6 17
C 7 5
C 8 23
C 9 23
C 10 5
C 11 22
C 12 7
C 13 3
C 14 22
C 15 23
C 16 11
C 17 5
C 18 12
C 19 3
C 20 7
C 21 5
C 22 17
C 23 3
C 24 15
C 25 14
C 26 4
C 27 3
C 28 12
C 29 0
C 30 0
C 31 0
C 32 0
C 33 0
C 34 0
C 35 0
C 36 0
C 37 0
C 38 0
C 39 0
C 40 0
C 41 0
C 42 0
C 43 0
C 44 0
C 45 0
C 46 0
C 47 0
C 48 0
C 49 0
C 50 3
C 51 26
C 52 16
C 53 26
C 54 10
C 55 22
C 56 19
C 57 11
C 58 23
C 59 8
C 60 10
C 61 3
C 62 3
C 63 14
C 64 1
C 65 24
C 66 1
C 67 5
C 68 26
C 69 22
C 70 15
C 71 0
C 72 25
C 73 14
C 74 14
C 75 22
C 76 6
C 77 11
C 78 17
C 79 0
C 80 1
C 81 22
C 82 16
C 83 24
C 84 2
C 85 25
C 86 18
C 87 16
C 88 9
C 89 5
C 90 10
C 91 16
C 92 3
C 93 17
C 94 9
C 95 14
C 96 26
C 97 3
C 98 0
C 99 0
C 100 0
C 101 0
C 102 0
C 103 0
C 104 0
C 105 0
C 106 0
C 107 0
C 108 0
C 109 0
C 110 0
C 111 0
C 112 0
C 113 0
C 114 0
C 115 0
C 116 0
C 117 0
C 118 0
C 119 0
C 120 0
C 121 0
C 122 0
C 123 0
C 124 0
C 125 0
C 126 0
C 127 0
C 128 0
C 129 0
C 130 0
C 131 0
C 132 0
C 133 0
C 134 0
C 135 0
C 136 0
C 137 0
C 138 0
C 139 0
C 140 0
C 141 0
C 142 0
C 143 0
C 144 0
C 145 0
C 146 0
C 147 0
C 148 0
C 149 0
C 150 0
C 151 0
C 152 0
C 153 0
C 154 0
C 155 0
C 156 0
C 157 0
C 158 0
C 159 0
C 160 0
C 161 0
C 162 0
C 163 0
C 164 0
C 165 0
C 166 0
C 167 0
C 168 0
C 169 0
C 170 0
C 171 0
C 172 0
C 173 0
C 174 0
C 175 0
C 176 0
C 177 0
C 178 0
C 179 0
C 180 0
C 181 0
C 182 0
C 183 0
C 184 0
C 185 0
C 186 0
C 187 0
C 188 0
C 189 0
C 190 0
C 191 0
C 192 0
C 193 0
C 194 0
C 195 0
C 196 0
C 197 0
C 198 0
C 199 0
C 200 5
C 201 16
C 202 22
C 203 5
C 204 21
C 205 15
C 206 1
C 207 11
C 208 15
C 209 14
C 210 19
C 211 14
C 212 26
C 213 11
C 214 14
C 215 26
C 216 24
C 217 10
C 218 26
C 219 0
C 220 5
C 221 23
C 222 24
C 223 11
C 224 14
C 225 2
C 226 24
C 227 7
C 228 9
C 229 23
C 230 9
C 231 1
C 232 17
C 233 3
C 234 18
C 235 15
C 236 7
C 237 24
C 238 24
C 239 26
C 240 12
C 241 25
C 242 17
C 243 19
C 244 3
C 245 5
C 246 16
C 247 19
C 248 10
C 249 22
C 250 8
C 251 8
C 252 12
C 253 25
C 254 9
C 255 14
C 256 3
C 257 2
C 258 23
C 259 21
C 260 14
C 261 21
C 262 3
C 263 2
C 264 26
C 265 26
C 266 11
C 267 0
C 268 0
C 269 0
C 270 0
C 271 0
C 272 0
C 273 0
C 274 0
C 275 0
C 276 0
C 277 0
C 278 0
C 279 0
C 280 0
C 281 0
C 282 0
C 283 0
C 284 0
C 285 0
C 286 0
C 287 0
C 288 0
C 289 0
C 290 0
C 291 0
C 292 0
C 293 0
C 294 0
C 295 0
C 296 0
C 297 0
C 298 0
C 299 0
C 300 0
C 301 0
C 302 0
C 303 0
C 304 0
C 305 0
C 306 0
C 307 0
C 308 0
C 309 0
C 310 0
C 311 0
C 312 0
C 313 0
C 314 0
C 315 0
C 316 0
C 317 0
C 318 0
C 319 0
C 320 0
C 321 0
C 322 0
C 323 0
C 324 0
C 325 0
C 326 18
C 327 9
C 328 19
C 329 7
C 330 8
C 331 15
C 332 0
C 333 16
C 334 24
C 335 15
C 336 21
C 337 18
C 338 10
C 339 22
C 340 21
C 341 22
C 342 8
C 343 15
C 344 7
C 345 3
C 346 23
C 347 23
C 348 8
C 349 26
C 350 22
C 351 14
C 352 4
C 353 19
C 354 12
C 355 24
C 356 5
C 357 2
C 358 2
C 359 26
C 360 9
C 361 17
C 362 15
C 363 11
C 364 8
C 365 24
C 366 5
C 367 24
C 368 2
C 369 0
C 370 0
C 371 24
C 372 23
C 373 19
C 374 16
C 375 24
C 376 19
C 377 25
I 0 1 4 (4,2,3) (0,-1,1,0)
I 2 1 7 (4,1,3) (-1,1,1,0)
I 3 2 1 (1,3,4) (0,-1,-1,0)
