D (11,12,-1) (0,0,0)
D (10,11,8) (3,0,3)
D (11,12,13) (4,4,0)
D (13,-1,-1) (1,3,2)
D (9,10,11) (2,2,2)
D (12,-1,-1) (5,3,3)
D (11,12,-1) (1,0,4)
D (6,7,8) (3,4,5)
D (12,13,-1) (4,3,1)
D (8,9,10) (0,5,2)
D (13,-1,-1) (3,2,5)
D (6,7,-1) (3,0,5)
D (9,10,11) (5,0,5)
D (7,8,-1) (0,5,1)
D (12,-1,-1) (0,3,5)
D (12,13,-1) (0,4,0)
D (8,9,-1) (2,5,0)
D (12,-1,-1) (1,3,5)
D (7,8,9) (1,2,5)
D (12,13,-1) (2,1,5)
D (12,13,-1) (3,5,3)
D (13,-1,-1) (3,2,4)
D (6,7,-1) (4,2,2)
D (8,-1,-1) (1,5,2)
D (12,-1,-1) (5,0,4)
D (13,-1,-1) (0,2,0)
D (7,-1,-1) (1,0,2)
D (9,-1,-1) (2,3,5)
D (13,-1,-1) (1,2,0)
D (8,9,10) (4,4,3)
D (12,13,-1) (4,2,0)
D (11,12,13) (1,5,4)
C 0 0
C 1 0
C 2 0
C 3 0
C 4 0
C 5 0
C 6 0
C 7 0
C 8 0
C 9 0
C 10 0
C 11 0
C 12 0
C 13 0
C 14 0
C 15 0
C 16 0
C 17 0
C 18 0
C 19 0
C 20 0
C 21 0
C 22 0
C 23 0
C 24 0
C 25 0
C 26 0
C 27 0
C 28 0
C 29 0
C 30 0
C 31 0
C 32 0
C 33 0
C 34 0
C 35 0
C 36 0
C 37 0
C 38 0
C 39 0
C 40 0
C 41 0
C 42 0
C 43 0
C 44 0
C 45 0
C 46 0
C 47 0
C 48 0
C 49 0
C 50 0
C 51 0
C 52 0
C 53 0
C 54 0
C 55 0
C 56 0
C 57 0
C 58 0
C 59 0
C 60 0
C 61 0
C 62 0
C 63 0
C 64 0
C 65 0
C 66 0
C 67 0
C 68 0
C 69 0
C 70 0
C 71 0
C 72 0
C 73 0
C 74 0
C 75 0
C 76 0
C 77 0
C 78 0
C 79 0
C 80 0
C 81 0
C 82 0
C 83 0
C 84 0
C 85 0
C 86 0
C 87 0
C 88 0
C 89 0
C 90 0
C 91 0
C 92 0
C 93 0
C 94 0
C 95 0
C 96 0
C 97 0
C 98 0
C 99 0
C 100 0
C 101 0
C 102 0
C 103 0
C 104 0
C 105 0
C 106 0
C 107 0
C 108 0
C 109 0
C 110 0
C 111 0
C 112 0
C 113 0
C 114 0
C 115 0
C 116 0
C 117 0
C 118 0
C 119 0
C 120 0
C 121 0
C 122 0
C 123 0
C 124 0
C 125 0
C 126 0
C 127 0
C 128 0
C 129 0
C 130 0
C 131 0
C 132 0
C 133 0
C 134 0
C 135 0
C 136 0
C 137 0
C 138 0
C 139 0
C 140 0
C 141 0
C 142 0
C 143 0
C 144 0
C 145 0
C 146 0
C 147 0
C 148 0
C 149 0
C 150 0
C 151 0
C 152 0
C 153 0
C 154 0
C 155 0
C 156 0
C 157 0
C 158 0
C 159 0
C 160 0
C 161 0
C 162 0
C 163 0
C 164 0
C 165 0
C 166 0
C 167 0
C 168 0
C 169 0
C 170 0
C 171 0
C 172 0
C 173 0
C 174 0
C 175 0
C 176 0
C 177 0
C 178 0
C 179 0
C 180 0
C 181 0
C 182 0
C 183 0
C 184 0
C 185 0
C 186 0
C 187 0
C 188 0
C 189 0
C 190 0
C 191 0
C 192 0
C 193 0
C 194 0
C 195 0
C 196 0
C 197 0
C 198 0
C 199 0
C 200 0
C 201 0
C 202 0
C 203 0
C 204 0
C 205 0
C 206 0
C 207 0
C 208 0
C 209 0
C 210 0
C 211 0
C 212 0
C 213 0
C 214 0
C 215 0
C 216 0
C 217 0
C 218 0
C 219 0
C 220 0
C 221 0
C 222 0
C 223 0
C 224 0
C 225 0
C 226 0
C 227 0
C 228 0
C 229 0
C 230 0
C 231 0
C 232 0
C 233 0
C 234 0
C 235 0
C 236 0
C 237 0
C 238 0
C 239 0
C 240 0
C 241 0
C 242 0
C 243 0
C 244 0
C 245 4
C 246 3
C 247 2
C 248 8
C 249 14
C 250 15
C 251 2
C 252 7
C 253 16
C 254 18
C 255 2
C 256 19
C 257 0
C 258 0
C 259 0
C 260 0
C 261 0
C 262 0
C 263 0
C 264 0
C 265 0
C 266 0
C 267 0
C 268 0
C 269 0
C 270 0
C 271 0
C 272 25
C 273 24
C 274 22
C 275 18
C 276 17
C 277 10
C 278 3
C 279 6
C 280 26
C 281 19
C 282 15
C 283 8
C 284 12
C 285 9
C 286 2
C 287 12
C 288 10
C 289 17
C 290 19
C 291 20
C 292 5
C 293 24
C 294 5
C 295 19
C 296 0
C 297 10
C 298 26
C 299 14
C 300 9
C 301 11
C 302 3
C 303 19
C 304 7
C 305 21
C 306 4
C 307 24
C 308 24
C 309 19
C 310 3
C 311 5
C 312 18
C 313 0
C 314 4
C 315 26
C 316 23
C 317 2
C 318 15
C 319 25
C 320 3
C 321 20
C 322 6
C 323 0
C 324 9
C 325 15
C 326 24
C 327 21
C 328 0
C 329 3
C 330 1
C 331 15
C 332 15
C 333 10
C 334 18
C 335 17
C 336 19
C 337 12
C 338 2
C 339 12
C 340 8
C 341 19
C 342 16
C 343 16
C 344 19
C 345 17
C 346 3
C 347 12
C 348 5
C 349 4
C 350 21
C 351 17
C 352 16
C 353 2
C 354 25
C 355 23
C 356 9
C 357 8
C 358 23
C 359 26
C 360 23
C 361 21
C 362 23
C 363 12
C 364 8
C 365 22
C 366 5
C 367 6
C 368 14
C 369 21
C 370 25
C 371 16
C 372 2
C 373 7
C 374 4
C 375 26
C 376 7
C 377 23
I 0 2 13 (2,4,5) (-1,0,-1,0)|(0,1,-1,0)
I 0 1 12 (4,1,4) (-1,0,-1,0)|(1,0,0,0)
I 0 1 2 (5,3,2) (-1,-1,0,0)
