D (11,-1,-1) (0,1,5)
D (11,12,-1) (0,4,4)
D (7,-1,-1) (1,3,3)
D (6,7,-1) (4,0,3)
D (7,8,9) (3,5,3)
D (6,7,8) (1,2,3)
D (9,10,-1) (1,4,4)
D (9,-1,-1) (3,0,2)
D (13,-1,-1) (0,1,3)
D (9,10,-1) (4,1,5)
D (11,12,13) (4,4,5)
D (11,-1,-1) (2,4,3)
D (8,9,10) (5,3,1)
D (13,-1,-1) (2,0,3)
D (13,-1,-1) (2,5,5)
D (10,-1,-1) (0,4,5)
D (7,-1,-1) (5,3,2)
D (7,-1,-1) (2,1,5)
D (10,11,12) (4,1,0)
D (10,11,12) (0,5,3)
D (6,-1,-1) (3,5,1)
D (12,13,-1) (1,1,0)
D (12,-1,-1) (0,0,3)
D (12,-1,-1) (4,3,2)
D (11,12,13) (5,1,2)
D (10,-1,-1) (2,4,0)
D (9,10,-1) (1,1,2)
D (11,12,-1) (4,3,4)
D (10,11,-1) (3,0,0)
D (8,-1,-1) (1,4,0)
D (9,-1,-1) (5,5,1)
D (10,11,12) (0,3,2)
D (10,-1,-1) (5,4,0)
D (6,7,8) (3,4,4)
D (12,13,-1) (1,0,2)
D (12,-1,-1) (2,3,0)
D (9,10,11) (2,3,1)
D (8,-1,-1) (1,0,1)
D (10,11,12) (1,1,4)
D (6,7,8) (0,4,2)
D (13,-1,-1) (4,0,4)
D (9,10,11) (4,3,5)
D (6,7,-1) (2,4,1)
D (7,-1,-1) (2,2,0)
D (6,7,-1) (4,4,4)
D (10,11,-1) (5,5,5)
D (6,7,-1) (2,5,4)
D (10,11,12) (1,4,2)
D (13,-1,-1) (2,2,5)
D (8,9,10) (0,0,2)
D (11,12,-1) (2,4,4)
C 0 24
C 1 2
C 2 4
C 3 18
C 4 20
C 5 3
C 6 2
C 7 22
C 8 20
C 9 15
C 10 21
C 11 4
C 12 1
C 13 22
C 14 9
C 15 23
C 16 9
C 17 5
C 18 7
C 19 9
C 20 17
C 21 3
C 22 25
C 23 17
C 24 21
C 25 26
C 26 22
C 27 16
C 28 11
C 29 23
C 30 21
C 31 3
C 32 18
C 33 15
C 34 7
C 35 12
C 36 9
C 37 1
C 38 18
C 39 0
C 40 10
C 41 7
C 42 21
C 43 7
C 44 0
C 45 12
C 46 8
C 47 6
C 48 19
C 49 21
C 50 20
C 51 17
C 52 22
C 53 8
C 54 12
C 55 18
C 56 10
C 57 22
C 58 11
C 59 8
C 60 0
C 61 12
C 62 11
C 63 7
C 64 25
C 65 0
C 66 0
C 67 0
C 68 0
C 69 0
C 70 0
C 71 0
C 72 0
C 73 0
C 74 0
C 75 0
C 76 0
C 77 0
C 78 0
C 79 9
C 80 0
C 81 14
C 82 16
C 83 12
C 84 0
C 85 0
C 86 0
C 87 0
C 88 0
C 89 0
C 90 0
C 91 0
C 92 0
C 93 0
C 94 0
C 95 0
C 96 0
C 97 0
C 98 0
C 99 0
C 100 0
C 101 0
C 102 0
C 103 0
C 104 0
C 105 0
C 106 0
C 107 0
C 108 0
C 109 0
C 110 0
C 111 0
C 112 0
C 113 0
C 114 0
C 115 0
C 116 0
C 117 0
C 118 0
C 119 0
C 120 0
C 121 0
C 122 0
C 123 0
C 124 0
C 125 0
C 126 0
C 127 0
C 128 0
C 129 0
C 130 0
C 131 0
C 132 0
C 133 0
C 134 0
C 135 0
C 136 0
C 137 0
C 138 0
C 139 0
C 140 0
C 141 0
C 142 0
C 143 0
C 144 0
C 145 0
C 146 0
C 147 0
C 148 0
C 149 0
C 150 0
C 151 0
C 152 0
C 153 0
C 154 0
C 155 0
C 156 0
C 157 0
C 158 0
C 159 0
C 160 0
C 161 0
C 162 0
C 163 0
C 164 0
C 165 0
C 166 0
C 167 0
C 168 0
C 169 0
C 170 0
C 171 0
C 172 0
C 173 0
C 174 0
C 175 0
C 176 0
C 177 0
C 178 0
C 179 0
C 180 1
C 181 21
C 182 17
C 183 14
C 184 6
C 185 8
C 186 7
C 187 18
C 188 2
C 189 0
C 190 19
C 191 14
C 192 0
C 193 5
C 194 10
C 195 12
C 196 3
C 197 8
C 198 25
C 199 6
C 200 14
C 201 7
C 202 7
C 203 1
C 204 2
C 205 7
C 206 17
C 207 19
C 208 24
C 209 10
C 210 24
C 211 15
C 212 7
C 213 0
C 214 24
C 215 17
C 216 4
C 217 26
C 218 19
C 219 14
C 220 24
C 221 14
C 222 20
C 223 21
C 224 22
C 225 6
C 226 2
C 227 14
C 228 3
C 229 2
C 230 9
C 231 11
C 232 7
C 233 21
C 234 5
C 235 21
C 236 7
C 237 6
C 238 20
C 239 3
C 240 18
C 241 5
C 242 17
C 243 5
C 244 5
C 245 16
C 246 20
C 247 2
C 248 0
C 249 21
C 250 19
C 251 25
C 252 3
C 253 8
C 254 22
C 255 19
C 256 26
C 257 10
C 258 26
C 259 21
C 260 19
C 261 25
C 262 25
C 263 10
C 264 12
C 265 16
C 266 12
C 267 17
C 268 10
C 269 0
C 270 9
C 271 7
C 272 0
C 273 6
C 274 5
C 275 8
C 276 15
C 277 12
C 278 26
C 279 17
C 280 9
C 281 18
C 282 0
C 283 0
C 284 0
C 285 0
C 286 0
C 287 19
C 288 0
C 289 0
C 290 0
C 291 0
C 292 0
C 293 0
C 294 0
C 295 0
C 296 0
C 297 0
C 298 14
C 299 10
C 300 0
C 301 10
C 302 8
C 303 1
C 304 17
C 305 9
C 306 6
C 307 8
C 308 18
C 309 10
C 310 22
C 311 8
C 312 7
C 313 6
C 314 0
C 315 21
C 316 16
C 317 18
C 318 19
C 319 18
C 320 0
C 321 8
C 322 9
C 323 6
C 324 19
C 325 21
C 326 17
C 327 4
C 328 3
C 329 11
C 330 19
C 331 1
C 332 7
C 333 18
C 334 8
C 335 8
C 336 6
C 337 17
C 338 12
C 339 22
C 340 16
C 341 7
C 342 23
C 343 3
C 344 8
C 345 22
C 346 0
C 347 25
C 348 1
C 349 24
C 350 7
C 351 16
C 352 8
C 353 7
C 354 20
C 355 22
C 356 6
C 357 22
C 358 21
C 359 6
C 360 14
C 361 11
C 362 1
C 363 22
C 364 22
C 365 2
C 366 19
C 367 12
C 368 9
C 369 12
C 370 5
C 371 21
C 372 0
C 373 0
C 374 3
C 375 14
C 376 18
C 377 14
I 5 3 8 (3,1,1) (1,-1,-1,0)|(-1,0,1,0)|(-1,0,1,0)
I 3 2 9 (2,2,5) (-1,-1,0,0)
I 0 1 2 (3,0,3) (-1,1,0,0)|(0,0,0,0)|(1,-1,1,0)
