D (7,8,9) (0,3,4)
D (12,13,-1) (0,2,1)
D (10,11,12) (0,1,0)
D (8,-1,-1) (5,4,0)
D (12,-1,-1) (4,2,4)
D (7,8,-1) (0,5,3)
D (9,10,11) (0,5,4)
D (8,9,-1) (2,0,4)
D (10,-1,-1) (0,3,3)
D (10,11,12) (5,3,3)
D (9,10,-1) (0,4,4)
D (11,-1,-1) (5,2,2)
D (11,12,13) (2,2,3)
D (10,11,12) (2,0,0)
D (13,-1,-1) (0,1,5)
D (6,7,-1) (0,3,2)
D (10,-1,-1) (5,1,5)
D (10,11,-1) (4,5,4)
D (7,-1,-1) (3,4,1)
D (11,12,13) (2,3,1)
D (10,-1,-1) (5,4,4)
D (11,12,-1) (0,3,0)
D (8,9,10) (2,1,1)
D (11,12,13) (3,1,2)
D (11,12,-1) (1,3,4)
D (12,13,-1) (1,3,1)
D (12,-1,-1) (5,1,1)
D (6,-1,-1) (5,2,0)
D (6,7,8) (2,4,4)
D (7,-1,-1) (5,3,0)
D (8,9,-1) (3,1,3)
D (12,13,-1) (2,0,3)
D (7,8,-1) (2,5,4)
D (6,7,-1) (5,2,1)
D (13,-1,-1) (3,2,2)
D (9,10,11) (3,1,5)
D (10,11,-1) (5,0,0)
D (6,-1,-1) (4,4,2)
D (12,-1,-1) (0,2,5)
D (6,7,8) (4,0,2)
D (8,-1,-1) (4,5,1)
D (7,8,9) (1,4,4)
D (10,11,-1) (2,4,1)
D (8,-1,-1) (2,4,3)
D (12,13,-1) (3,3,1)
D (7,8,-1) (0,2,4)
D (9,10,-1) (5,5,0)
D (7,8,-1) (2,2,4)
D (6,7,8) (5,1,3)
D (11,12,13) (2,2,0)
D (13,-1,-1) (0,1,3)
D (7,-1,-1) (3,0,3)
D (8,9,10) (3,0,5)
D (6,7,-1) (2,5,1)
D (7,8,9) (2,3,4)
D (11,12,-1) (2,1,5)
D (7,8,9) (0,5,2)
D (8,9,10) (2,4,0)
D (13,-1,-1) (5,2,4)
D (11,12,-1) (0,3,1)
D (11,12,13) (2,1,0)
D (6,7,-1) (3,4,4)
D (10,11,12) (5,0,1)
D (11,-1,-1) (1,5,3)
D (9,10,-1) (0,4,5)
C 0 23
C 1 2
C 2 6
C 3 11
C 4 26
C 5 12
C 6 20
C 7 16
C 8 5
C 9 1
C 10 15
C 11 23
C 12 1
C 13 20
C 14 15
C 15 23
C 16 2
C 17 16
C 18 24
C 19 5
C 20 10
C 21 25
C 22 9
C 23 4
C 24 2
C 25 10
C 26 8
C 27 17
C 28 9
C 29 1
C 30 20
C 31 25
C 32 10
C 33 6
C 34 1
C 35 26
C 36 20
C 37 18
C 38 0
C 39 17
C 40 12
C 41 18
C 42 26
C 43 25
C 44 11
C 45 25
C 46 17
C 47 14
C 48 6
C 49 2
C 50 0
C 51 8
C 52 19
C 53 3
C 54 17
C 55 0
C 56 22
C 57 9
C 58 26
C 59 6
C 60 0
C 61 24
C 62 9
C 63 1
C 64 1
C 65 2
C 66 24
C 67 7
C 68 14
C 69 0
C 70 5
C 71 10
C 72 10
C 73 17
C 74 1
C 75 17
C 76 1
C 77 4
C 78 8
C 79 2
C 80 22
C 81 1
C 82 9
C 83 10
C 84 16
C 85 2
C 86 17
C 87 12
C 88 26
C 89 25
C 90 20
C 91 9
C 92 1
C 93 23
C 94 15
C 95 6
C 96 5
C 97 26
C 98 7
C 99 6
C 100 10
C 101 12
C 102 5
C 103 6
C 104 25
C 105 6
C 106 6
C 107 6
C 108 25
C 109 9
C 110 9
C 111 6
C 112 4
C 113 11
C 114 21
C 115 21
C 116 23
C 117 25
C 118 10
C 119 16
C 120 1
C 121 9
C 122 24
C 123 10
C 124 1
C 125 19
C 126 0
C 127 19
C 128 26
C 129 20
C 130 4
C 131 5
C 132 15
C 133 7
C 134 14
C 135 8
C 136 20
C 137 9
C 138 24
C 139 7
C 140 8
C 141 26
C 142 2
C 143 15
C 144 22
C 145 19
C 146 3
C 147 25
C 148 5
C 149 11
C 150 2
C 151 14
C 152 15
C 153 19
C 154 0
C 155 20
C 156 11
C 157 14
C 158 14
C 159 4
C 160 16
C 161 19
C 162 17
C 163 0
C 164 4
C 165 18
C 166 15
C 167 14
C 168 15
C 169 25
C 170 20
C 171 16
C 172 24
C 173 16
C 174 19
C 175 12
C 176 4
C 177 4
C 178 7
C 179 24
C 180 0
C 181 9
C 182 2
C 183 6
C 184 5
C 185 22
C 186 19
C 187 15
C 188 4
C 189 4
C 190 20
C 191 26
C 192 18
C 193 20
C 194 16
C 195 0
C 196 8
C 197 20
C 198 0
C 199 16
C 200 10
C 201 5
C 202 6
C 203 10
C 204 7
C 205 17
C 206 19
C 207 9
C 208 7
C 209 20
C 210 11
C 211 9
C 212 25
C 213 3
C 214 20
C 215 10
C 216 6
C 217 11
C 218 17
C 219 1
C 220 23
C 221 24
C 222 10
C 223 22
C 224 2
C 225 0
C 226 14
C 227 1
C 228 7
C 229 10
C 230 11
C 231 5
C 232 10
C 233 1
C 234 8
C 235 19
C 236 15
C 237 23
C 238 20
C 239 10
C 240 18
C 241 18
C 242 1
C 243 24
C 244 21
C 245 15
C 246 4
C 247 17
C 248 15
C 249 17
C 250 20
C 251 20
C 252 25
C 253 1
C 254 12
C 255 22
C 256 4
C 257 17
C 258 23
C 259 12
C 260 7
C 261 24
C 262 16
C 263 20
C 264 1
C 265 21
C 266 17
C 267 24
C 268 7
C 269 19
C 270 1
C 271 17
C 272 7
C 273 9
C 274 7
C 275 17
C 276 20
C 277 6
C 278 17
C 279 25
C 280 4
C 281 8
C 282 14
C 283 11
C 284 5
C 285 15
C 286 19
C 287 18
C 288 8
C 289 23
C 290 20
C 291 4
C 292 19
C 293 18
C 294 15
C 295 15
C 296 7
C 297 16
C 298 26
C 299 1
C 300 23
C 301 4
C 302 2
C 303 8
C 304 9
C 305 24
C 306 4
C 307 23
C 308 2
C 309 14
C 310 19
C 311 14
C 312 17
C 313 18
C 314 10
C 315 11
C 316 26
C 317 22
C 318 11
C 319 9
C 320 24
C 321 25
C 322 2
C 323 12
C 324 19
C 325 23
C 326 16
C 327 16
C 328 20
C 329 15
C 330 21
C 331 12
C 332 23
C 333 3
C 334 18
C 335 8
C 336 9
C 337 22
C 338 20
C 339 11
C 340 12
C 341 2
C 342 7
C 343 2
C 344 5
C 345 16
C 346 25
C 347 20
C 348 4
C 349 4
C 350 26
C 351 0
C 352 7
C 353 16
C 354 26
C 355 0
C 356 26
C 357 17
C 358 17
C 359 17
C 360 20
C 361 3
C 362 15
C 363 14
C 364 1
C 365 15
C 366 11
C 367 25
C 368 10
C 369 0
C 370 0
C 371 18
C 372 24
C 373 14
C 374 7
C 375 21
C 376 21
C 377 8
I 1 3 9 (3,0,1) (-1,-1,-1,0)|(0,-1,-1,0)
I 5 3 2 (3,0,0) (1,1,-1,0)|(1,0,0,0)
I 0 1 16 (1,0,0) (0,1,0,0)|(0,0,0,0)|(0,1,-1,0)
I 1 1 16 (3,5,1) (0,-1,1,0)|(-1,1,1,0)|(0,1,0,0)|(-1,1,1,0)
