D (11,-1,-1) (2,1,4)
D (11,12,-1) (4,3,3)
D (6,-1,-1) (1,1,1)
D (10,-1,-1) (3,0,1)
D (11,-1,-1) (5,5,0)
D (13,-1,-1) (4,1,0)
D (9,10,-1) (1,5,1)
D (8,-1,-1) (3,1,3)
D (11,12,-1) (3,1,0)
D (7,8,-1) (2,1,5)
D (12,-1,-1) (5,2,4)
D (12,13,-1) (3,3,2)
D (6,7,8) (4,5,1)
D (9,10,-1) (1,3,1)
D (8,9,10) (2,2,0)
D (6,-1,-1) (1,4,1)
D (8,9,10) (4,4,5)
D (13,-1,-1) (2,5,5)
D (10,-1,-1) (1,0,0)
D (7,8,9) (3,4,5)
D (10,11,-1) (0,0,4)
D (12,-1,-1) (2,4,5)
D (9,10,-1) (3,1,4)
D (12,13,-1) (5,3,1)
D (9,10,-1) (5,3,0)
D (6,-1,-1) (1,4,5)
D (12,13,-1) (2,2,1)
D (9,10,11) (5,5,1)
D (10,-1,-1) (5,0,0)
D (6,-1,-1) (5,5,5)
D (10,11,-1) (2,1,0)
D (13,-1,-1) (0,0,3)
D (13,-1,-1) (2,0,3)
D (7,8,9) (4,5,3)
D (10,11,12) (4,0,1)
D (8,9,10) (5,5,2)
D (11,12,13) (0,5,1)
D (9,10,11) (4,1,4)
D (8,9,10) (1,2,3)
D (13,-1,-1) (0,1,4)
D (8,9,10) (1,5,3)
D (10,-1,-1) (1,3,5)
D (12,13,-1) (2,3,1)
D (8,-1,-1) (0,1,1)
D (13,-1,-1) (0,4,5)
D (9,-1,-1) (4,4,3)
D (6,7,8) (2,4,1)
D (13,-1,-1) (3,5,1)
D (8,-1,-1) (4,1,2)
C 0 21
C 1 21
C 2 21
C 3 0
C 4 0
C 5 0
C 6 0
C 7 0
C 8 0
C 9 0
C 10 0
C 11 0
C 12 0
C 13 0
C 14 0
C 15 0
C 16 0
C 17 0
C 18 0
C 19 0
C 20 0
C 21 0
C 22 0
C 23 0
C 24 0
C 25 0
C 26 19
C 27 3
C 28 26
C 29 24
C 30 8
C 31 19
C 32 17
C 33 22
C 34 10
C 35 25
C 36 15
C 37 10
C 38 2
C 39 17
C 40 15
C 41 18
C 42 3
C 43 0
C 44 4
C 45 7
C 46 15
C 47 18
C 48 16
C 49 15
C 50 14
C 51 11
C 52 1
C 53 25
C 54 8
C 55 12
C 56 3
C 57 23
C 58 9
C 59 11
C 60 4
C 61 23
C 62 8
C 63 18
C 64 15
C 65 8
C 66 17
C 67 17
C 68 0
C 69 0
C 70 0
C 71 0
C 72 0
C 73 0
C 74 0
C 75 0
C 76 0
C 77 0
C 78 0
C 79 0
C 80 0
C 81 0
C 82 0
C 83 0
C 84 0
C 85 0
C 86 0
C 87 0
C 88 0
C 89 0
C 90 0
C 91 0
C 92 0
C 93 0
C 94 0
C 95 0
C 96 0
C 97 0
C 98 0
C 99 0
C 100 0
C 101 0
C 102 0
C 103 0
C 104 0
C 105 18
C 106 3
C 107 24
C 108 12
C 109 15
C 110 2
C 111 23
C 112 21
C 113 1
C 114 16
C 115 15
C 116 5
C 117 10
C 118 3
C 119 11
C 120 23
C 121 3
C 122 20
C 123 0
C 124 0
C 125 0
C 126 0
C 127 0
C 128 0
C 129 0
C 130 0
C 131 0
C 132 0
C 133 0
C 134 0
C 135 0
C 136 0
C 137 0
C 138 0
C 139 0
C 140 0
C 141 0
C 142 0
C 143 0
C 144 0
C 145 0
C 146 0
C 147 0
C 148 0
C 149 0
C 150 0
C 151 0
C 152 0
C 153 0
C 154 0
C 155 0
C 156 0
C 157 0
C 158 0
C 159 0
C 160 0
C 161 0
C 162 0
C 163 0
C 164 0
C 165 0
C 166 0
C 167 0
C 168 0
C 169 0
C 170 0
C 171 0
C 172 0
C 173 0
C 174 0
C 175 0
C 176 0
C 177 0
C 178 0
C 179 0
C 180 0
C 181 0
C 182 0
C 183 0
C 184 0
C 185 0
C 186 0
C 187 0
C 188 0
C 189 0
C 190 0
C 191 0
C 192 0
C 193 0
C 194 0
C 195 0
C 196 0
C 197 0
C 198 0
C 199 0
C 200 0
C 201 0
C 202 0
C 203 0
C 204 0
C 205 0
C 206 0
C 207 0
C 208 0
C 209 0
C 210 0
C 211 0
C 212 0
C 213 0
C 214 0
C 215 0
C 216 0
C 217 0
C 218 0
C 219 0
C 220 0
C 221 0
C 222 0
C 223 0
C 224 0
C 225 0
C 226 0
C 227 0
C 228 0
C 229 0
C 230 0
C 231 0
C 232 0
C 233 0
C 234 0
C 235 0
C 236 0
C 237 0
C 238 0
C 239 0
C 240 0
C 241 0
C 242 0
C 243 0
C 244 0
C 245 0
C 246 0
C 247 0
C 248 0
C 249 0
C 250 0
C 251 0
C 252 0
C 253 0
C 254 0
C 255 0
C 256 0
C 257 0
C 258 0
C 259 0
C 260 10
C 261 22
C 262 0
C 263 21
C 264 23
C 265 4
C 266 21
C 267 4
C 268 25
C 269 6
C 270 5
C 271 8
C 272 16
C 273 22
C 274 7
C 275 11
C 276 25
C 277 2
C 278 20
C 279 21
C 280 14
C 281 23
C 282 5
C 283 5
C 284 14
C 285 0
C 286 6
C 287 0
C 288 8
C 289 16
C 290 15
C 291 26
C 292 24
C 293 6
C 294 18
C 295 21
C 296 23
C 297 14
C 298 5
C 299 4
C 300 23
C 301 21
C 302 3
C 303 18
C 304 15
C 305 0
C 306 0
C 307 8
C 308 25
C 309 12
C 310 26
C 311 9
C 312 16
C 313 14
C 314 21
C 315 15
C 316 20
C 317 23
C 318 22
C 319 8
C 320 12
C 321 1
C 322 26
C 323 17
C 324 16
C 325 25
C 326 2
C 327 3
C 328 12
C 329 1
C 330 15
C 331 10
C 332 16
C 333 26
C 334 8
C 335 16
C 336 15
C 337 5
C 338 20
C 339 5
C 340 12
C 341 25
C 342 11
C 343 4
C 344 1
C 345 2
C 346 9
C 347 16
C 348 18
C 349 24
C 350 19
C 351 3
C 352 9
C 353 25
C 354 22
C 355 23
C 356 9
C 357 23
C 358 15
C 359 25
C 360 19
C 361 15
C 362 20
C 363 6
C 364 11
C 365 14
C 366 15
C 367 11
C 368 0
C 369 9
C 370 4
C 371 24
C 372 15
C 373 20
C 374 24
C 375 20
C 376 6
C 377 12
I 3 3 14 (5,5,0) (-1,-1,-1,0)|(-1,1,-1,0)
I 0 3 13 (2,2,2) (0,1,0,0)|(0,0,-1,0)
