D (10,11,12) (4,4,4)
D (7,8,9) (2,5,0)
D (7,-1,-1) (4,2,1)
D (7,-1,-1) (4,3,0)
D (11,-1,-1) (0,0,2)
D (12,13,-1) (4,0,3)
D (9,10,11) (3,2,3)
D (13,-1,-1) (5,4,5)
D (12,13,-1) (4,4,5)
D (9,-1,-1) (2,2,2)
D (11,12,-1) (5,4,1)
D (13,-1,-1) (3,5,0)
D (13,-1,-1) (1,1,0)
D (7,8,9) (3,0,3)
D (12,13,-1) (3,0,4)
D (13,-1,-1) (1,1,3)
D (12,13,-1) (3,1,5)
D (6,7,8) (2,1,1)
D (13,-1,-1) (0,3,4)
D (13,-1,-1) (5,2,1)
D (8,-1,-1) (3,3,4)
D (10,11,12) (1,0,0)
D (6,-1,-1) (5,2,5)
D (13,-1,-1) (5,5,3)
D (8,-1,-1) (2,4,0)
D (7,-1,-1) (4,0,1)
D (8,9,-1) (4,2,0)
D (8,9,-1) (3,0,0)
D (13,-1,-1) (3,4,0)
D (13,-1,-1) (0,5,1)
D (11,-1,-1) (2,2,3)
D (10,-1,-1) (4,5,2)
D (9,10,-1) (5,3,5)
D (7,-1,-1) (0,2,0)
D (9,-1,-1) (5,3,1)
D (10,11,-1) (4,5,0)
D (13,-1,-1) (2,5,3)
D (12,13,-1) (2,0,5)
D (7,8,-1) (1,3,5)
D (8,-1,-1) (1,4,0)
D (10,11,-1) (3,1,3)
D (8,9,10) (5,1,0)
D (12,13,-1) (0,0,3)
D (9,-1,-1) (2,0,3)
D (10,-1,-1) (4,0,0)
D (6,7,8) (4,5,4)
D (12,-1,-1) (2,2,1)
C 0 7
C 1 10
C 2 24
C 3 2
C 4 14
C 5 1
C 6 17
C 7 11
C 8 3
C 9 22
C 10 16
C 11 14
C 12 23
C 13 17
C 14 22
C 15 4
C 16 3
C 17 26
C 18 12
C 19 5
C 20 9
C 21 9
C 22 3
C 23 8
C 24 4
C 25 17
C 26 7
C 27 12
C 28 14
C 29 0
C 30 20
C 31 7
C 32 23
C 33 23
C 34 22
C 35 17
C 36 19
C 37 8
C 38 21
C 39 17
C 40 10
C 41 22
C 42 5
C 43 0
C 44 15
C 45 20
C 46 2
C 47 19
C 48 19
C 49 1
C 50 10
C 51 22
C 52 7
C 53 23
C 54 25
C 55 4
C 56 12
C 57 25
C 58 8
C 59 15
C 60 16
C 61 4
C 62 3
C 63 23
C 64 22
C 65 7
C 66 9
C 67 10
C 68 1
C 69 0
C 70 6
C 71 7
C 72 21
C 73 20
C 74 4
C 75 1
C 76 16
C 77 18
C 78 21
C 79 6
C 80 21
C 81 22
C 82 22
C 83 9
C 84 20
C 85 26
C 86 22
C 87 12
C 88 1
C 89 2
C 90 26
C 91 15
C 92 24
C 93 3
C 94 11
C 95 23
C 96 6
C 97 26
C 98 12
C 99 5
C 100 15
C 101 6
C 102 14
C 103 16
C 104 2
C 105 16
C 106 8
C 107 23
C 108 15
C 109 1
C 110 20
C 111 17
C 112 5
C 113 12
C 114 12
C 115 6
C 116 24
C 117 4
C 118 11
C 119 0
C 120 0
C 121 0
C 122 0
C 123 0
C 124 0
C 125 0
C 126 0
C 127 0
C 128 0
C 129 0
C 130 0
C 131 0
C 132 0
C 133 0
C 134 0
C 135 0
C 136 0
C 137 0
C 138 0
C 139 0
C 140 19
C 141 7
C 142 17
C 143 15
C 144 17
C 145 0
C 146 9
C 147 2
C 148 5
C 149 21
C 150 14
C 151 23
C 152 14
C 153 7
C 154 18
C 155 10
C 156 3
C 157 16
C 158 22
C 159 0
C 160 17
C 161 17
C 162 12
C 163 0
C 164 0
C 165 0
C 166 0
C 167 0
C 168 0
C 169 0
C 170 0
C 171 0
C 172 0
C 173 0
C 174 0
C 175 0
C 176 0
C 177 0
C 178 0
C 179 0
C 180 0
C 181 0
C 182 0
C 183 0
C 184 0
C 185 0
C 186 0
C 187 0
C 188 0
C 189 0
C 190 0
C 191 0
C 192 0
C 193 0
C 194 0
C 195 0
C 196 0
C 197 0
C 198 0
C 199 0
C 200 0
C 201 0
C 202 0
C 203 0
C 204 0
C 205 0
C 206 0
C 207 0
C 208 0
C 209 0
C 210 0
C 211 0
C 212 0
C 213 0
C 214 0
C 215 0
C 216 0
C 217 0
C 218 0
C 219 0
C 220 0
C 221 0
C 222 0
C 223 0
C 224 0
C 225 0
C 226 0
C 227 0
C 228 0
C 229 0
C 230 0
C 231 0
C 232 0
C 233 0
C 234 0
C 235 0
C 236 0
C 237 0
C 238 0
C 239 0
C 240 0
C 241 0
C 242 0
C 243 0
C 244 0
C 245 0
C 246 0
C 247 0
C 248 0
C 249 0
C 250 0
C 251 0
C 252 0
C 253 0
C 254 0
C 255 0
C 256 0
C 257 0
C 258 0
C 259 0
C 260 0
C 261 0
C 262 0
C 263 0
C 264 1
C 265 0
C 266 0
C 267 0
C 268 0
C 269 0
C 270 0
C 271 0
C 272 0
C 273 0
C 274 0
C 275 0
C 276 0
C 277 0
C 278 0
C 279 0
C 280 0
C 281 0
C 282 0
C 283 0
C 284 0
C 285 0
C 286 0
C 287 25
C 288 10
C 289 26
C 290 21
C 291 6
C 292 25
C 293 11
C 294 18
C 295 14
C 296 0
C 297 18
C 298 26
C 299 0
C 300 0
C 301 0
C 302 0
C 303 0
C 304 0
C 305 0
C 306 0
C 307 0
C 308 0
C 309 0
C 310 0
C 311 0
C 312 0
C 313 0
C 314 0
C 315 0
C 316 0
C 317 0
C 318 0
C 319 0
C 320 0
C 321 0
C 322 0
C 323 0
C 324 0
C 325 0
C 326 0
C 327 0
C 328 0
C 329 0
C 330 0
C 331 0
C 332 0
C 333 0
C 334 0
C 335 0
C 336 0
C 337 0
C 338 0
C 339 0
C 340 0
C 341 0
C 342 0
C 343 0
C 344 0
C 345 0
C 346 0
C 347 0
C 348 0
C 349 0
C 350 0
C 351 0
C 352 6
C 353 25
C 354 7
C 355 26
C 356 17
C 357 17
C 358 4
C 359 7
C 360 4
C 361 14
C 362 21
C 363 14
C 364 18
C 365 3
C 366 24
C 367 23
C 368 10
C 369 18
C 370 17
C 371 16
C 372 0
C 373 26
C 374 20
C 375 10
C 376 5
C 377 9
I 0 3 9 (5,0,3) (-1,0,-1,0)|(0,1,1,0)
I 0 3 12 (1,1,3) (1,0,1,0)|(0,-1,0,0)|(1,1,0,0)
I 5 3 20 (2,0,4) (0,0,0,0)
