D (13,-1,-1) (0,1,5)
D (9,-1,-1) (5,2,2)
D (6,-1,-1) (5,3,1)
D (10,-1,-1) (3,3,4)
D (11,12,-1) (2,0,1)
D (8,9,10) (5,4,5)
D (9,10,11) (1,3,4)
D (9,-1,-1) (4,5,3)
D (11,12,-1) (0,2,3)
D (6,7,8) (2,1,5)
D (9,10,11) (0,1,0)
D (7,8,-1) (3,5,3)
D (9,10,11) (3,2,1)
D (11,12,13) (1,3,0)
D (8,9,10) (3,4,4)
D (13,-1,-1) (3,0,2)
D (11,12,13) (1,3,1)
D (6,7,8) (5,1,4)
D (7,8,9) (5,0,4)
D (11,12,13) (4,2,2)
D (11,12,13) (0,3,3)
D (9,-1,-1) (1,2,4)
D (12,13,-1) (0,4,5)
D (6,7,-1) (5,3,4)
D (11,12,-1) (1,4,5)
D (6,7,-1) (4,2,3)
D (7,-1,-1) (3,0,5)
D (10,11,-1) (0,0,3)
D (9,10,-1) (1,1,3)
D (7,-1,-1) (3,2,4)
D (13,-1,-1) (5,0,3)
D (7,8,9) (1,0,1)
D (11,-1,-1) (1,5,2)
D (11,12,13) (0,2,1)
C 0 15
C 1 4
C 2 23
C 3 14
C 4 21
C 5 19
C 6 12
C 7 26
C 8 0
C 9 14
C 10 1
C 11 18
C 12 7
C 13 1
C 14 6
C 15 25
C 16 3
C 17 4
C 18 16
C 19 23
C 20 0
C 21 17
C 22 16
C 23 20
C 24 20
C 25 11
C 26 1
C 27 26
C 28 22
C 29 15
C 30 6
C 31 0
C 32 0
C 33 0
C 34 0
C 35 0
C 36 0
C 37 0
C 38 0
C 39 0
C 40 0
C 41 0
C 42 0
C 43 0
C 44 0
C 45 0
C 46 0
C 47 0
C 48 0
C 49 0
C 50 0
C 51 0
C 52 0
C 53 0
C 54 0
C 55 0
C 56 0
C 57 0
C 58 0
C 59 0
C 60 0
C 61 0
C 62 0
C 63 0
C 64 0
C 65 0
C 66 0
C 67 0
C 68 0
C 69 0
C 70 0
C 71 0
C 72 0
C 73 0
C 74 0
C 75 0
C 76 0
C 77 0
C 78 5
C 79 5
C 80 24
C 81 22
C 82 26
C 83 0
C 84 8
C 85 1
C 86 12
C 87 16
C 88 11
C 89 7
C 90 16
C 91 18
C 92 8
C 93 24
C 94 22
C 95 18
C 96 8
C 97 2
C 98 14
C 99 11
C 100 11
C 101 7
C 102 21
C 103 2
C 104 12
C 105 3
C 106 23
C 107 0
C 108 26
C 109 25
C 110 19
C 111 6
C 112 25
C 113 21
C 114 21
C 115 23
C 116 23
C 117 22
C 118 24
C 119 24
C 120 25
C 121 16
C 122 0
C 123 7
C 124 9
C 125 10
C 126 2
C 127 25
C 128 26
C 129 16
C 130 16
C 131 15
C 132 19
C 133 22
C 134 17
C 135 26
C 136 25
C 137 24
C 138 17
C 139 12
C 140 14
C 141 20
C 142 10
C 143 22
C 144 1
C 145 9
C 146 1
C 147 1
C 148 12
C 149 18
C 150 0
C 151 18
C 152 15
C 153 3
C 154 18
C 155 18
C 156 17
C 157 12
C 158 4
C 159 7
C 160 8
C 161 19
C 162 5
C 163 8
C 164 12
C 165 17
C 166 9
C 167 0
C 168 26
C 169 11
C 170 17
C 171 11
C 172 3
C 173 8
C 174 7
C 175 3
C 176 0
C 177 8
C 178 2
C 179 2
C 180 1
C 181 19
C 182 3
C 183 22
C 184 25
C 185 1
C 186 11
C 187 25
C 188 4
C 189 2
C 190 4
C 191 11
C 192 3
C 193 16
C 194 26
C 195 15
C 196 21
C 197 17
C 198 8
C 199 1
C 200 9
C 201 14
C 202 18
C 203 23
C 204 10
C 205 1
C 206 9
C 207 5
C 208 4
C 209 11
C 210 11
C 211 2
C 212 20
C 213 8
C 214 5
C 215 0
C 216 0
C 217 0
C 218 0
C 219 0
C 220 0
C 221 0
C 222 0
C 223 0
C 224 0
C 225 0
C 226 0
C 227 0
C 228 0
C 229 0
C 230 0
C 231 0
C 232 0
C 233 0
C 234 0
C 235 0
C 236 0
C 237 0
C 238 0
C 239 0
C 240 0
C 241 0
C 242 0
C 243 0
C 244 0
C 245 0
C 246 0
C 247 0
C 248 0
C 249 0
C 250 0
C 251 0
C 252 0
C 253 0
C 254 0
C 255 0
C 256 0
C 257 0
C 258 0
C 259 0
C 260 0
C 261 0
C 262 0
C 263 0
C 264 0
C 265 0
C 266 0
C 267 0
C 268 0
C 269 0
C 270 0
C 271 0
C 272 0
C 273 0
C 274 0
C 275 0
C 276 0
C 277 0
C 278 0
C 279 0
C 280 0
C 281 0
C 282 0
C 283 0
C 284 0
C 285 0
C 286 0
C 287 0
C 288 1
C 289 26
C 290 22
C 291 2
C 292 7
C 293 15
C 294 24
C 295 11
C 296 26
C 297 25
C 298 8
C 299 0
C 300 0
C 301 0
C 302 0
C 303 0
C 304 0
C 305 0
C 306 0
C 307 0
C 308 0
C 309 0
C 310 0
C 311 0
C 312 0
C 313 0
C 314 0
C 315 0
C 316 0
C 317 0
C 318 0
C 319 0
C 320 0
C 321 0
C 322 0
C 323 0
C 324 0
C 325 0
C 326 0
C 327 0
C 328 0
C 329 0
C 330 0
C 331 0
C 332 0
C 333 0
C 334 0
C 335 0
C 336 0
C 337 0
C 338 0
C 339 0
C 340 0
C 341 0
C 342 0
C 343 0
C 344 0
C 345 0
C 346 0
C 347 0
C 348 0
C 349 0
C 350 0
C 351 0
C 352 0
C 353 0
C 354 0
C 355 0
C 356 0
C 357 0
C 358 0
C 359 0
C 360 0
C 361 0
C 362 0
C 363 0
C 364 0
C 365 0
C 366 0
C 367 0
C 368 0
C 369 0
C 370 0
C 371 0
C 372 0
C 373 0
C 374 0
C 375 0
C 376 0
C 377 24
I 5 3 1 (4,4,5) (0,0,1,0)|(0,-1,-1,0)
I 2 1 13 (4,4,4) (0,0,1,0)
I 0 2 6 (4,4,5) (0,-1,-1,0)|(0,0,-1,0)|(1,-1,1,0)
