D (9,10,-1) (5,0,1)
D (6,7,8) (4,3,2)
D (6,-1,-1) (5,0,2)
D (13,-1,-1) (5,4,1)
D (10,11,-1) (5,2,5)
D (6,-1,-1) (4,2,5)
D (7,8,-1) (1,0,2)
D (10,11,12) (2,2,3)
D (8,9,10) (1,5,2)
D (12,13,-1) (0,1,4)
D (13,-1,-1) (2,1,0)
D (13,-1,-1) (1,4,3)
D (11,-1,-1) (5,4,5)
D (13,-1,-1) (4,0,3)
D (8,9,10) (4,5,2)
D (9,10,11) (4,2,3)
D (6,7,8) (0,2,2)
D (7,8,9) (5,1,0)
D (12,13,-1) (1,3,1)
D (8,-1,-1) (4,4,0)
D (10,11,-1) (0,2,1)
D (8,9,10) (2,5,3)
D (10,11,-1) (5,0,3)
D (12,13,-1) (3,2,4)
D (11,12,13) (3,1,2)
D (12,13,-1) (5,3,4)
D (13,-1,-1) (1,2,5)
D (9,-1,-1) (4,5,1)
D (10,11,12) (0,0,5)
D (10,11,12) (0,3,3)
D (6,-1,-1) (2,5,4)
D (8,9,10) (5,1,4)
D (9,10,-1) (1,4,0)
D (13,-1,-1) (4,0,4)
D (7,8,9) (1,3,4)
D (7,8,-1) (4,2,0)
D (10,11,12) (3,3,1)
D (7,8,-1) (3,4,0)
D (8,9,-1) (0,0,4)
D (13,-1,-1) (0,4,0)
D (10,11,12) (3,1,3)
D (12,13,-1) (3,4,3)
C 0 22
C 1 26
C 2 7
C 3 21
C 4 3
C 5 1
C 6 23
C 7 6
C 8 1
C 9 16
C 10 7
C 11 0
C 12 3
C 13 19
C 14 25
C 15 21
C 16 7
C 17 8
C 18 16
C 19 17
C 20 1
C 21 2
C 22 24
C 23 25
C 24 16
C 25 1
C 26 22
C 27 18
C 28 20
C 29 6
C 30 20
C 31 24
C 32 9
C 33 3
C 34 18
C 35 15
C 36 1
C 37 16
C 38 18
C 39 7
C 40 12
C 41 17
C 42 0
C 43 0
C 44 0
C 45 0
C 46 0
C 47 0
C 48 0
C 49 0
C 50 0
C 51 0
C 52 0
C 53 0
C 54 0
C 55 0
C 56 0
C 57 0
C 58 0
C 59 0
C 60 0
C 61 0
C 62 0
C 63 0
C 64 0
C 65 0
C 66 0
C 67 0
C 68 0
C 69 0
C 70 0
C 71 0
C 72 0
C 73 0
C 74 0
C 75 0
C 76 0
C 77 0
C 78 0
C 79 0
C 80 0
C 81 0
C 82 0
C 83 0
C 84 0
C 85 0
C 86 0
C 87 0
C 88 0
C 89 0
C 90 0
C 91 0
C 92 0
C 93 0
C 94 0
C 95 0
C 96 0
C 97 0
C 98 0
C 99 0
C 100 0
C 101 0
C 102 0
C 103 0
C 104 0
C 105 0
C 106 0
C 107 0
C 108 0
C 109 0
C 110 0
C 111 0
C 112 0
C 113 0
C 114 0
C 115 0
C 116 0
C 117 8
C 118 15
C 119 24
C 120 15
C 121 9
C 122 10
C 123 11
C 124 3
C 125 19
C 126 12
C 127 0
C 128 10
C 129 16
C 130 15
C 131 14
C 132 20
C 133 12
C 134 15
C 135 1
C 136 2
C 137 10
C 138 5
C 139 3
C 140 12
C 141 23
C 142 8
C 143 19
C 144 18
C 145 23
C 146 19
C 147 3
C 148 0
C 149 3
C 150 19
C 151 23
C 152 21
C 153 1
C 154 11
C 155 8
C 156 18
C 157 5
C 158 3
C 159 10
C 160 12
C 161 21
C 162 7
C 163 23
C 164 11
C 165 6
C 166 15
C 167 10
C 168 8
C 169 12
C 170 24
C 171 9
C 172 7
C 173 9
C 174 23
C 175 5
C 176 21
C 177 10
C 178 5
C 179 11
C 180 10
C 181 5
C 182 25
C 183 8
C 184 12
C 185 25
C 186 20
C 187 23
C 188 18
C 189 25
C 190 21
C 191 26
C 192 8
C 193 2
C 194 8
C 195 19
C 196 7
C 197 6
C 198 19
C 199 16
C 200 17
C 201 6
C 202 26
C 203 2
C 204 23
C 205 17
C 206 17
C 207 6
C 208 17
C 209 24
C 210 9
C 211 11
C 212 24
C 213 11
C 214 1
C 215 1
C 216 19
C 217 24
C 218 0
C 219 14
C 220 17
C 221 6
C 222 6
C 223 14
C 224 7
C 225 16
C 226 15
C 227 0
C 228 14
C 229 2
C 230 8
C 231 19
C 232 23
C 233 15
C 234 1
C 235 21
C 236 6
C 237 22
C 238 12
C 239 7
C 240 15
C 241 2
C 242 6
C 243 0
C 244 14
C 245 0
C 246 18
C 247 15
C 248 2
C 249 3
C 250 1
C 251 1
C 252 15
C 253 15
C 254 21
C 255 26
C 256 4
C 257 6
C 258 6
C 259 8
C 260 23
C 261 10
C 262 5
C 263 1
C 264 17
C 265 25
C 266 22
C 267 18
C 268 21
C 269 5
C 270 16
C 271 22
C 272 0
C 273 2
C 274 10
C 275 21
C 276 23
C 277 21
C 278 23
C 279 7
C 280 26
C 281 7
C 282 12
C 283 14
C 284 17
C 285 4
C 286 24
C 287 11
C 288 1
C 289 9
C 290 18
C 291 25
C 292 20
C 293 9
C 294 3
C 295 20
C 296 21
C 297 3
C 298 23
C 299 15
C 300 26
C 301 14
C 302 0
C 303 20
C 304 10
C 305 4
C 306 1
C 307 26
C 308 7
C 309 4
C 310 20
C 311 17
C 312 20
C 313 7
C 314 16
C 315 26
C 316 8
C 317 8
C 318 12
C 319 15
C 320 3
C 321 5
C 322 18
C 323 18
C 324 3
C 325 2
C 326 9
C 327 2
C 328 1
C 329 21
C 330 24
C 331 9
C 332 0
C 333 19
C 334 0
C 335 24
C 336 19
C 337 14
C 338 24
C 339 23
C 340 15
C 341 16
C 342 15
C 343 17
C 344 22
C 345 25
C 346 18
C 347 18
C 348 11
C 349 1
C 350 4
C 351 1
C 352 20
C 353 24
C 354 24
C 355 0
C 356 12
C 357 23
C 358 10
C 359 19
C 360 10
C 361 21
C 362 4
C 363 24
C 364 14
C 365 15
C 366 12
C 367 0
C 368 0
C 369 0
C 370 5
C 371 19
C 372 25
C 373 5
C 374 24
C 375 21
C 376 16
C 377 22
I 0 1 19 (2,0,0) (0,0,-1,0)|(0,0,1,0)
I 0 3 20 (5,1,2) (-1,1,0,0)
I 5 3 13 (0,3,1) (-1,-1,0,0)|(1,-1,1,0)
