D (8,9,-1) (1,4,4)
D (9,10,11) (0,0,4)
D (12,-1,-1) (2,0,2)
D (8,9,10) (0,5,4)
D (8,9,10) (4,3,5)
D (9,10,11) (0,4,5)
D (12,-1,-1) (0,0,1)
D (8,-1,-1) (2,2,3)
D (9,10,11) (1,4,5)
D (6,7,8) (1,3,3)
D (11,12,-1) (1,0,2)
D (9,-1,-1) (4,2,5)
D (6,7,8) (4,0,2)
D (13,-1,-1) (1,3,2)
D (6,7,8) (3,5,4)
D (13,-1,-1) (1,3,1)
D (11,-1,-1) (0,5,1)
D (11,-1,-1) (3,4,5)
D (8,9,10) (1,0,3)
D (11,12,-1) (5,4,1)
D (6,-1,-1) (5,1,4)
D (7,-1,-1) (5,4,5)
D (7,8,9) (3,1,3)
D (9,10,11) (3,0,0)
D (10,-1,-1) (0,3,1)
D (12,13,-1) (1,2,2)
D (6,7,8) (2,0,0)
D (8,-1,-1) (4,0,4)
D (6,7,-1) (1,0,5)
D (9,-1,-1) (3,2,5)
D (11,12,-1) (3,1,2)
D (12,13,-1) (2,2,5)
D (10,11,-1) (0,4,2)
D (12,-1,-1) (1,2,4)
D (13,-1,-1) (2,2,1)
D (10,11,12) (4,3,4)
D (13,-1,-1) (5,1,3)
D (6,-1,-1) (3,4,4)
D (13,-1,-1) (4,3,1)
D (9,10,-1) (0,2,4)
D (11,12,-1) (0,1,1)
D (13,-1,-1) (0,1,0)
D (13,-1,-1) (4,4,3)
D (8,9,10) (0,4,3)
D (6,7,8) (4,1,3)
D (13,-1,-1) (2,5,2)
D (9,10,11) (2,2,0)
D (10,11,12) (1,3,0)
D (6,7,8) (4,4,5)
D (11,12,13) (2,1,3)
D (7,8,-1) (3,3,5)
D (6,7,-1) (5,4,3)
D (8,9,10) (3,5,5)
D (8,9,10) (2,4,3)
D (7,-1,-1) (2,3,0)
D (11,12,13) (1,5,3)
D (6,7,8) (4,3,0)
D (11,12,-1) (3,5,0)
D (12,13,-1) (4,3,3)
D (11,12,13) (2,2,2)
D (8,-1,-1) (5,3,5)
D (9,10,-1) (1,3,4)
D (7,8,-1) (3,5,1)
D (6,-1,-1) (5,2,0)
C 0 24
C 1 5
C 2 8
C 3 7
C 4 10
C 5 22
C 6 5
C 7 19
C 8 23
C 9 18
C 10 1
C 11 5
C 12 16
C 13 16
C 14 4
C 15 24
C 16 1
C 17 9
C 18 20
C 19 18
C 20 16
C 21 24
C 22 26
C 23 26
C 24 16
C 25 6
C 26 2
C 27 5
C 28 16
C 29 9
C 30 14
C 31 16
C 32 14
C 33 20
C 34 9
C 35 8
C 36 19
C 37 22
C 38 15
C 39 6
C 40 24
C 41 3
C 42 14
C 43 21
C 44 11
C 45 11
C 46 12
C 47 16
C 48 18
C 49 15
C 50 26
C 51 12
C 52 17
C 53 3
C 54 18
C 55 24
C 56 20
C 57 17
C 58 8
C 59 11
C 60 15
C 61 12
C 62 5
C 63 5
C 64 5
C 65 2
C 66 0
C 67 0
C 68 0
C 69 0
C 70 0
C 71 0
C 72 0
C 73 0
C 74 0
C 75 0
C 76 0
C 77 0
C 78 0
C 79 0
C 80 0
C 81 0
C 82 0
C 83 0
C 84 0
C 85 0
C 86 0
C 87 0
C 88 0
C 89 0
C 90 0
C 91 0
C 92 0
C 93 0
C 94 0
C 95 0
C 96 0
C 97 0
C 98 0
C 99 0
C 100 0
C 101 0
C 102 0
C 103 0
C 104 0
C 105 0
C 106 0
C 107 0
C 108 0
C 109 0
C 110 0
C 111 0
C 112 0
C 113 0
C 114 0
C 115 0
C 116 0
C 117 0
C 118 0
C 119 0
C 120 0
C 121 0
C 122 5
C 123 9
C 124 14
C 125 18
C 126 21
C 127 11
C 128 17
C 129 21
C 130 10
C 131 16
C 132 3
C 133 7
C 134 20
C 135 18
C 136 16
C 137 2
C 138 22
C 139 24
C 140 0
C 141 24
C 142 16
C 143 1
C 144 24
C 145 4
C 146 18
C 147 2
C 148 19
C 149 12
C 150 22
C 151 18
C 152 15
C 153 16
C 154 11
C 155 12
C 156 18
C 157 8
C 158 10
C 159 14
C 160 17
C 161 20
C 162 15
C 163 15
C 164 18
C 165 12
C 166 9
C 167 17
C 168 11
C 169 14
C 170 15
C 171 8
C 172 14
C 173 19
C 174 23
C 175 11
C 176 12
C 177 18
C 178 12
C 179 7
C 180 4
C 181 14
C 182 23
C 183 22
C 184 11
C 185 14
C 186 19
C 187 3
C 188 12
C 189 4
C 190 17
C 191 14
C 192 14
C 193 17
C 194 25
C 195 18
C 196 5
C 197 20
C 198 12
C 199 0
C 200 19
C 201 0
C 202 23
C 203 4
C 204 25
C 205 9
C 206 17
C 207 20
C 208 19
C 209 21
C 210 12
C 211 19
C 212 17
C 213 2
C 214 20
C 215 0
C 216 0
C 217 24
C 218 6
C 219 22
C 220 11
C 221 26
C 222 19
C 223 24
C 224 17
C 225 0
C 226 1
C 227 12
C 228 14
C 229 2
C 230 4
C 231 20
C 232 1
C 233 16
C 234 18
C 235 5
C 236 14
C 237 25
C 238 9
C 239 10
C 240 8
C 241 12
C 242 23
C 243 3
C 244 16
C 245 5
C 246 26
C 247 5
C 248 16
C 249 24
C 250 25
C 251 23
C 252 0
C 253 25
C 254 24
C 255 8
C 256 12
C 257 11
C 258 8
C 259 10
C 260 12
C 261 25
C 262 16
C 263 2
C 264 2
C 265 8
C 266 2
C 267 4
C 268 3
C 269 1
C 270 26
C 271 17
C 272 1
C 273 19
C 274 9
C 275 21
C 276 22
C 277 8
C 278 11
C 279 21
C 280 16
C 281 7
C 282 12
C 283 26
C 284 20
C 285 0
C 286 1
C 287 2
C 288 21
C 289 6
C 290 0
C 291 0
C 292 14
C 293 25
C 294 20
C 295 10
C 296 14
C 297 25
C 298 8
C 299 21
C 300 23
C 301 8
C 302 20
C 303 2
C 304 15
C 305 18
C 306 12
C 307 20
C 308 2
C 309 20
C 310 2
C 311 17
C 312 22
C 313 10
C 314 3
C 315 1
C 316 2
C 317 22
C 318 3
C 319 11
C 320 21
C 321 15
C 322 8
C 323 1
C 324 15
C 325 11
C 326 10
C 327 16
C 328 1
C 329 14
C 330 14
C 331 8
C 332 26
C 333 8
C 334 10
C 335 16
C 336 15
C 337 3
C 338 7
C 339 22
C 340 11
C 341 1
C 342 23
C 343 10
C 344 15
C 345 5
C 346 10
C 347 8
C 348 19
C 349 17
C 350 19
C 351 14
C 352 20
C 353 16
C 354 19
C 355 3
C 356 20
C 357 22
C 358 10
C 359 17
C 360 20
C 361 25
C 362 9
C 363 9
C 364 7
C 365 18
C 366 16
C 367 7
C 368 24
C 369 15
C 370 4
C 371 19
C 372 6
C 373 6
C 374 16
C 375 25
C 376 1
C 377 1
I 2 2 6 (2,0,4) (-1,0,1,0)|(1,0,0,0)
I 3 2 8 (3,0,2) (-1,-1,1,0)
I 3 3 8 (2,1,4) (0,0,1,0)|(-1,0,-1,0)|(1,0,0,0)
