D (6,7,-1) (4,1,5)
D (9,-1,-1) (4,4,4)
D (12,13,-1) (2,3,5)
D (6,7,-1) (0,0,1)
D (6,7,-1) (3,0,4)
D (11,12,-1) (5,4,1)
D (11,12,-1) (5,3,2)
D (12,13,-1) (3,1,1)
D (12,-1,-1) (2,5,1)
D (8,9,-1) (0,2,3)
D (13,-1,-1) (4,5,1)
D (10,11,12) (4,4,2)
D (6,7,-1) (0,5,2)
D (12,-1,-1) (5,1,2)
D (12,-1,-1) (1,4,5)
D (12,13,-1) (2,2,4)
D (10,11,-1) (3,1,3)
D (9,10,-1) (0,0,5)
D (10,-1,-1) (3,4,4)
D (7,8,-1) (1,5,0)
D (8,9,10) (1,1,0)
D (13,-1,-1) (4,3,2)
D (11,12,13) (5,0,4)
D (9,10,-1) (1,3,3)
D (10,-1,-1) (2,3,4)
D (8,9,10) (0,3,1)
D (13,-1,-1) (1,5,3)
D (11,12,13) (3,1,4)
D (12,-1,-1) (5,2,2)
D (10,-1,-1) (0,4,4)
D (10,-1,-1) (0,0,3)
D (10,-1,-1) (3,3,2)
D (9,10,-1) (2,1,4)
D (12,13,-1) (5,5,1)
D (12,13,-1) (3,5,3)
D (9,-1,-1) (4,5,5)
D (8,-1,-1) (3,4,5)
D (13,-1,-1) (0,3,2)
D (11,-1,-1) (2,3,2)
D (11,12,13) (4,3,4)
D (9,-1,-1) (5,0,5)
D (9,-1,-1) (4,1,2)
D (13,-1,-1) (5,5,2)
D (13,-1,-1) (4,0,0)
D (11,12,13) (5,5,3)
D (9,10,-1) (1,2,5)
D (6,-1,-1) (3,5,5)
D (6,7,-1) (0,4,2)
D (8,9,-1) (3,2,2)
D (8,9,-1) (4,3,3)
D (11,12,13) (5,3,1)
D (8,-1,-1) (1,3,1)
D (7,-1,-1) (2,2,1)
D (11,12,13) (0,5,1)
D (11,12,13) (3,0,1)
D (6,7,-1) (1,2,4)
D (12,13,-1) (2,0,1)
D (12,-1,-1) (5,3,0)
D (6,7,8) (0,2,4)
D (8,-1,-1) (4,1,1)
D (12,-1,-1) (4,3,5)
C 0 4
C 1 19
C 2 0
C 3 5
C 4 25
C 5 11
C 6 16
C 7 21
C 8 10
C 9 23
C 10 20
C 11 17
C 12 21
C 13 24
C 14 7
C 15 24
C 16 1
C 17 23
C 18 15
C 19 6
C 20 0
C 21 15
C 22 17
C 23 19
C 24 7
C 25 4
C 26 19
C 27 21
C 28 4
C 29 7
C 30 12
C 31 16
C 32 15
C 33 21
C 34 19
C 35 4
C 36 19
C 37 24
C 38 26
C 39 25
C 40 26
C 41 11
C 42 3
C 43 10
C 44 9
C 45 0
C 46 15
C 47 5
C 48 14
C 49 6
C 50 3
C 51 22
C 52 5
C 53 7
C 54 19
C 55 22
C 56 23
C 57 17
C 58 0
C 59 6
C 60 9
C 61 2
C 62 12
C 63 9
C 64 1
C 65 14
C 66 24
C 67 21
C 68 21
C 69 16
C 70 4
C 71 4
C 72 14
C 73 26
C 74 10
C 75 3
C 76 26
C 77 3
C 78 9
C 79 7
C 80 21
C 81 9
C 82 17
C 83 7
C 84 25
C 85 2
C 86 23
C 87 15
C 88 26
C 89 7
C 90 2
C 91 25
C 92 0
C 93 11
C 94 0
C 95 11
C 96 3
C 97 9
C 98 12
C 99 6
C 100 14
C 101 0
C 102 23
C 103 19
C 104 1
C 105 24
C 106 22
C 107 9
C 108 24
C 109 7
C 110 24
C 111 25
C 112 12
C 113 2
C 114 7
C 115 17
C 116 8
C 117 14
C 118 22
C 119 11
C 120 3
C 121 9
C 122 19
C 123 21
C 124 25
C 125 14
C 126 8
C 127 21
C 128 16
C 129 14
C 130 2
C 131 24
C 132 5
C 133 2
C 134 2
C 135 23
C 136 3
C 137 19
C 138 23
C 139 11
C 140 2
C 141 19
C 142 23
C 143 22
C 144 18
C 145 0
C 146 6
C 147 25
C 148 19
C 149 0
C 150 24
C 151 11
C 152 10
C 153 7
C 154 6
C 155 16
C 156 22
C 157 20
C 158 8
C 159 10
C 160 1
C 161 15
C 162 5
C 163 0
C 164 20
C 165 20
C 166 25
C 167 2
C 168 2
C 169 23
C 170 3
C 171 17
C 172 6
C 173 24
C 174 17
C 175 26
C 176 5
C 177 12
C 178 2
C 179 22
C 180 5
C 181 7
C 182 17
C 183 9
C 184 8
C 185 1
C 186 21
C 187 2
C 188 7
C 189 2
C 190 24
C 191 8
C 192 16
C 193 0
C 194 0
C 195 0
C 196 0
C 197 0
C 198 0
C 199 0
C 200 0
C 201 0
C 202 0
C 203 0
C 204 0
C 205 0
C 206 0
C 207 0
C 208 0
C 209 0
C 210 0
C 211 0
C 212 0
C 213 0
C 214 0
C 215 0
C 216 0
C 217 0
C 218 0
C 219 0
C 220 0
C 221 0
C 222 0
C 223 0
C 224 0
C 225 0
C 226 0
C 227 0
C 228 0
C 229 0
C 230 0
C 231 0
C 232 0
C 233 0
C 234 0
C 235 0
C 236 0
C 237 0
C 238 0
C 239 0
C 240 0
C 241 0
C 242 0
C 243 0
C 244 0
C 245 0
C 246 0
C 247 0
C 248 0
C 249 0
C 250 0
C 251 0
C 252 0
C 253 0
C 254 0
C 255 0
C 256 0
C 257 0
C 258 0
C 259 0
C 260 0
C 261 0
C 262 0
C 263 0
C 264 0
C 265 0
C 266 0
C 267 0
C 268 0
C 269 0
C 270 0
C 271 0
C 272 0
C 273 0
C 274 0
C 275 0
C 276 0
C 277 0
C 278 0
C 279 0
C 280 0
C 281 0
C 282 0
C 283 0
C 284 0
C 285 0
C 286 0
C 287 0
C 288 0
C 289 0
C 290 0
C 291 0
C 292 0
C 293 0
C 294 0
C 295 0
C 296 0
C 297 0
C 298 0
C 299 0
C 300 0
C 301 0
C 302 0
C 303 0
C 304 0
C 305 0
C 306 0
C 307 0
C 308 0
C 309 0
C 310 0
C 311 0
C 312 0
C 313 0
C 314 0
C 315 0
C 316 0
C 317 0
C 318 0
C 319 0
C 320 0
C 321 0
C 322 0
C 323 0
C 324 0
C 325 0
C 326 0
C 327 0
C 328 0
C 329 0
C 330 0
C 331 0
C 332 0
C 333 0
C 334 0
C 335 0
C 336 0
C 337 5
C 338 11
C 339 0
C 340 22
C 341 0
C 342 5
C 343 1
C 344 4
C 345 0
C 346 20
C 347 12
C 348 12
C 349 5
C 350 22
C 351 5
C 352 12
C 353 8
C 354 9
C 355 6
C 356 14
C 357 9
C 358 5
C 359 17
C 360 18
C 361 1
C 362 10
C 363 18
C 364 18
C 365 4
C 366 12
C 367 10
C 368 5
C 369 25
C 370 0
C 371 12
C 372 25
C 373 18
C 374 26
C 375 24
C 376 0
C 377 4
I 2 3 9 (0,0,0) (0,0,1,0)
I 0 1 17 (5,2,4) (0,1,0,0)|(0,-1,-1,0)|(-1,0,-1,0)
I 2 2 16 (5,2,2) (-1,1,0,0)
