D (10,-1,-1) (2,5,2)
D (6,7,8) (2,1,3)
D (7,-1,-1) (3,3,3)
D (7,-1,-1) (1,3,2)
D (13,-1,-1) (5,2,5)
D (10,11,12) (0,2,5)
D (6,7,-1) (4,4,0)
D (13,-1,-1) (3,2,3)
D (13,-1,-1) (5,1,0)
D (13,-1,-1) (1,4,0)
D (12,13,-1) (1,3,1)
D (11,12,13) (3,2,5)
D (6,-1,-1) (1,0,0)
D (6,7,8) (1,1,4)
D (9,-1,-1) (4,5,4)
D (10,11,-1) (3,4,1)
D (7,8,9) (1,5,1)
D (9,-1,-1) (2,0,4)
D (11,-1,-1) (2,1,2)
D (6,7,8) (3,1,1)
D (12,13,-1) (0,4,3)
D (9,10,11) (1,5,3)
D (10,11,-1) (0,0,1)
D (9,-1,-1) (5,4,4)
D (9,-1,-1) (4,2,1)
D (7,-1,-1) (1,3,0)
D (9,10,-1) (3,4,2)
D (11,12,-1) (0,4,1)
D (8,9,10) (0,3,1)
D (10,-1,-1) (3,5,2)
D (12,13,-1) (0,1,3)
C 0 9
C 1 8
C 2 20
C 3 26
C 4 5
C 5 8
C 6 7
C 7 19
C 8 15
C 9 5
C 10 12
C 11 7
C 12 24
C 13 16
C 14 24
C 15 0
C 16 7
C 17 0
C 18 2
C 19 20
C 20 10
C 21 11
C 22 6
C 23 19
C 24 7
C 25 2
C 26 4
C 27 25
C 28 20
C 29 21
C 30 10
C 31 0
C 32 25
C 33 5
C 34 1
C 35 23
C 36 22
C 37 19
C 38 0
C 39 23
C 40 10
C 41 26
C 42 10
C 43 22
C 44 7
C 45 2
C 46 17
C 47 23
C 48 2
C 49 18
C 50 14
C 51 21
C 52 2
C 53 25
C 54 5
C 55 2
C 56 6
C 57 25
C 58 5
C 59 2
C 60 1
C 61 25
C 62 7
C 63 20
C 64 24
C 65 4
C 66 17
C 67 3
C 68 14
C 69 19
C 70 12
C 71 23
C 72 11
C 73 22
C 74 23
C 75 21
C 76 12
C 77 11
C 78 23
C 79 12
C 80 14
C 81 25
C 82 1
C 83 14
C 84 20
C 85 5
C 86 1
C 87 11
C 88 21
C 89 23
C 90 5
C 91 6
C 92 15
C 93 0
C 94 0
C 95 0
C 96 0
C 97 0
C 98 0
C 99 0
C 100 0
C 101 0
C 102 0
C 103 0
C 104 0
C 105 0
C 106 0
C 107 0
C 108 0
C 109 0
C 110 0
C 111 0
C 112 0
C 113 0
C 114 0
C 115 0
C 116 0
C 117 0
C 118 0
C 119 0
C 120 0
C 121 0
C 122 0
C 123 0
C 124 0
C 125 0
C 126 0
C 127 0
C 128 0
C 129 0
C 130 0
C 131 0
C 132 0
C 133 0
C 134 0
C 135 0
C 136 0
C 137 0
C 138 0
C 139 0
C 140 0
C 141 0
C 142 0
C 143 0
C 144 0
C 145 0
C 146 14
C 147 6
C 148 26
C 149 7
C 150 17
C 151 4
C 152 12
C 153 2
C 154 14
C 155 12
C 156 11
C 157 20
C 158 11
C 159 20
C 160 14
C 161 0
C 162 0
C 163 0
C 164 0
C 165 0
C 166 11
C 167 18
C 168 5
C 169 7
C 170 3
C 171 10
C 172 7
C 173 12
C 174 3
C 175 10
C 176 14
C 177 0
C 178 11
C 179 15
C 180 18
C 181 8
C 182 25
C 183 14
C 184 14
C 185 1
C 186 22
C 187 23
C 188 18
C 189 15
C 190 24
C 191 10
C 192 5
C 193 5
C 194 6
C 195 4
C 196 18
C 197 18
C 198 15
C 199 23
C 200 14
C 201 1
C 202 25
C 203 0
C 204 4
C 205 20
C 206 10
C 207 18
C 208 19
C 209 2
C 210 22
C 211 10
C 212 3
C 213 17
C 214 19
C 215 20
C 216 23
C 217 21
C 218 1
C 219 7
C 220 14
C 221 5
C 222 17
C 223 8
C 224 18
C 225 14
C 226 20
C 227 11
C 228 25
C 229 17
C 230 8
C 231 18
C 232 15
C 233 4
C 234 25
C 235 3
C 236 25
C 237 0
C 238 2
C 239 18
C 240 7
C 241 18
C 242 20
C 243 25
C 244 2
C 245 16
C 246 8
C 247 15
C 248 9
C 249 18
C 250 9
C 251 10
C 252 24
C 253 7
C 254 18
C 255 14
C 256 24
C 257 24
C 258 8
C 259 2
C 260 2
C 261 3
C 262 7
C 263 24
C 264 26
C 265 17
C 266 17
C 267 8
C 268 11
C 269 12
C 270 26
C 271 19
C 272 7
C 273 11
C 274 20
C 275 12
C 276 17
C 277 19
C 278 16
C 279 9
C 280 8
C 281 19
C 282 9
C 283 5
C 284 4
C 285 22
C 286 7
C 287 21
C 288 19
C 289 23
C 290 16
C 291 10
C 292 10
C 293 0
C 294 24
C 295 24
C 296 22
C 297 0
C 298 0
C 299 0
C 300 0
C 301 0
C 302 0
C 303 0
C 304 0
C 305 0
C 306 0
C 307 0
C 308 0
C 309 0
C 310 0
C 311 0
C 312 0
C 313 0
C 314 0
C 315 0
C 316 0
C 317 0
C 318 0
C 319 0
C 320 0
C 321 0
C 322 0
C 323 0
C 324 0
C 325 0
C 326 0
C 327 0
C 328 0
C 329 0
C 330 0
C 331 0
C 332 0
C 333 0
C 334 0
C 335 0
C 336 0
C 337 0
C 338 0
C 339 0
C 340 0
C 341 0
C 342 0
C 343 0
C 344 0
C 345 0
C 346 0
C 347 0
C 348 0
C 349 0
C 350 0
C 351 0
C 352 0
C 353 0
C 354 0
C 355 0
C 356 0
C 357 0
C 358 0
C 359 0
C 360 0
C 361 0
C 362 0
C 363 0
C 364 4
C 365 7
C 366 20
C 367 5
C 368 17
C 369 4
C 370 18
C 371 18
C 372 21
C 373 22
C 374 0
C 375 16
C 376 1
C 377 26
I 1 1 13 (3,1,4) (-1,1,0,0)
I 4 1 4 (2,2,2) (1,1,-1,0)|(-1,0,1,0)
I 0 3 18 (1,4,3) (0,-1,1,0)|(0,-1,-1,0)
