D (13,-1,-1) (4,4,3)
D (6,9,-1) (2,2,5)
D (8,-1,-1) (2,2,4)
D (9,10,11) (3,2,2)
D (12,13,-1) (4,5,1)
D (6,7,-1) (0,1,3)
D (13,13,-1) (5,4,2)
D (12,13,-1) (2,2,1)
D (11,12,13) (0,0,5)
D (13,-1,-1) (3,1,0)
D (7,8,9) (5,1,5)
D (12,13,-1) (4,0,3)
D (12,13,-1) (2,3,3)
D (6,7,-1) (1,5,5)
D (11,-1,-1) (3,0,0)
D (9,10,-1) (0,2,1)
D (10,11,12) (2,5,0)
D (13,-1,-1) (4,0,0)
D (13,-1,-1) (5,3,2)
D (9,-1,-1) (4,3,2)
D (13,-1,-1) (3,1,4)
D (10,-1,-1) (0,0,2)
D (11,12,-1) (5,3,5)
D (10,-1,-1) (1,3,1)
D (13,-1,-1) (2,1,1)
D (6,-1,-1) (4,2,4)
D (6,7,-1) (2,5,4)
D (10,11,-1) (3,2,1)
D (9,-1,-1) (3,1,5)
D (6,7,8) (3,4,4)
D (8,9,10) (4,2,3)
D (8,9,10) (1,2,3)
D (13,-1,-1) (2,2,3)
D (8,9,10) (5,2,4)
D (10,11,12) (4,3,1)
D (9,10,-1) (0,5,3)
D (7,-1,-1) (5,3,4)
D (7,8,9) (4,5,2)
D (11,-1,-1) (4,3,3)
D (7,8,9) (2,0,2)
D (6,7,-1) (1,3,0)
D (11,12,13) (2,3,2)
D (8,9,-1) (3,5,2)
D (10,11,-1) (3,4,5)
D (12,13,-1) (5,2,1)
D (8,-1,-1) (2,5,3)
C 0 14
C 1 3
C 2 25
C 3 20
C 4 14
C 5 11
C 6 22
C 7 11
C 8 3
C 9 3
C 10 1
C 11 21
C 12 3
C 13 16
C 14 20
C 15 22
C 16 10
C 17 20
C 18 3
C 19 25
C 20 24
C 21 25
C 22 11
C 23 18
C 24 7
C 25 14
C 26 10
C 27 23
C 28 7
C 29 6
C 30 2
C 31 25
C 32 25
C 33 17
C 34 15
C 35 21
C 36 12
C 37 12
C 38 4
C 39 7
C 40 11
C 41 0
C 42 0
C 43 0
C 44 0
C 45 3
C 46 21
C 47 0
C 48 0
C 49 0
C 50 0
C 51 0
C 52 0
C 53 0
C 54 0
C 55 0
C 56 0
C 57 0
C 58 0
C 59 0
C 60 0
C 61 0
C 62 0
C 63 0
C 64 0
C 65 0
C 66 0
C 67 0
C 68 0
C 69 0
C 70 0
C 71 0
C 72 0
C 73 0
C 74 0
C 75 0
C 76 0
C 77 0
C 78 0
C 79 0
C 80 0
C 81 0
C 82 0
C 83 0
C 84 0
C 85 0
C 86 0
C 87 0
C 88 0
C 89 0
C 90 0
C 91 0
C 92 0
C 93 0
C 94 0
C 95 0
C 96 0
C 97 0
C 98 8
C 99 3
C 100 3
C 101 12
C 102 23
C 103 19
C 104 21
C 105 10
C 106 7
C 107 15
C 108 26
C 109 10
C 110 20
C 111 22
C 112 10
C 113 14
C 114 21
C 115 9
C 116 1
C 117 0
C 118 22
C 119 6
C 120 9
C 121 20
C 122 4
C 123 25
C 124 11
C 125 7
C 126 1
C 127 16
C 128 11
C 129 1
C 130 16
C 131 9
C 132 1
C 133 22
C 134 9
C 135 1
C 136 26
C 137 20
C 138 9
C 139 16
C 140 5
C 141 3
C 142 23
C 143 4
C 144 8
C 145 20
C 146 17
C 147 22
C 148 3
C 149 25
C 150 24
C 151 24
C 152 21
C 153 8
C 154 26
C 155 14
C 156 25
C 157 10
C 158 24
C 159 15
C 160 20
C 161 18
C 162 24
C 163 12
C 164 26
C 165 2
C 166 17
C 167 25
C 168 0
C 169 0
C 170 0
C 171 0
C 172 0
C 173 20
C 174 14
C 175 20
C 176 17
C 177 25
C 178 0
C 179 1
C 180 19
C 181 7
C 182 22
C 183 18
C 184 24
C 185 6
C 186 10
C 187 19
C 188 8
C 189 15
C 190 9
C 191 7
C 192 18
C 193 6
C 194 14
C 195 9
C 196 21
C 197 24
C 198 25
C 199 10
C 200 15
C 201 9
C 202 4
C 203 5
C 204 24
C 205 25
C 206 22
C 207 22
C 208 26
C 209 0
C 210 0
C 211 0
C 212 0
C 213 0
C 214 0
C 215 17
C 216 12
C 217 26
C 218 3
C 219 26
C 220 14
C 221 3
C 222 16
C 223 23
C 224 8
C 225 11
C 226 15
C 227 0
C 228 24
C 229 6
C 230 14
C 231 20
C 232 15
C 233 24
C 234 19
C 235 16
C 236 17
C 237 11
C 238 11
C 239 1
C 240 8
C 241 1
C 242 5
C 243 18
C 244 22
C 245 3
C 246 23
C 247 26
C 248 2
C 249 25
C 250 5
C 251 5
C 252 3
C 253 22
C 254 7
C 255 8
C 256 0
C 257 0
C 258 0
C 259 0
C 260 0
C 261 0
C 262 0
C 263 0
C 264 0
C 265 0
C 266 0
C 267 0
C 268 0
C 269 0
C 270 0
C 271 0
C 272 0
C 273 0
C 274 0
C 275 0
C 276 0
C 277 0
C 278 0
C 279 0
C 280 0
C 281 0
C 282 0
C 283 0
C 284 0
C 285 0
C 286 0
C 287 0
C 288 0
C 289 0
C 290 0
C 291 0
C 292 0
C 293 0
C 294 0
C 295 0
C 296 0
C 297 0
C 298 0
C 299 0
C 300 0
C 301 0
C 302 0
C 303 0
C 304 0
C 305 0
C 306 0
C 307 0
C 308 0
C 309 0
C 310 0
C 311 0
C 312 0
C 313 0
C 314 0
C 315 0
C 316 0
C 317 0
C 318 0
C 319 0
C 320 0
C 321 0
C 322 0
C 323 0
C 324 0
C 325 0
C 326 0
C 327 0
C 328 0
C 329 0
C 330 0
C 331 0
C 332 0
C 333 0
C 334 0
C 335 0
C 336 0
C 337 0
C 338 0
C 339 0
C 340 0
C 341 0
C 342 0
C 343 26
C 344 16
C 345 10
C 346 9
C 347 15
C 348 14
C 349 25
C 350 3
C 351 3
C 352 22
C 353 4
C 354 7
C 355 16
C 356 20
C 357 20
C 358 7
C 359 18
C 360 5
C 361 26
C 362 5
C 363 7
C 364 2
C 365 23
C 366 12
C 367 12
C 368 25
C 369 12
C 370 20
C 371 11
C 372 6
C 373 14
C 374 17
C 375 4
C 376 25
C 377 8
I 0 1 11 (0,4,5) (0,-1,-1,0)|(0,0,1,0)
I 1 1 1 (2,2,2) (-1,-1,-1,0)|(-1,-1,1,0)|(-1,-1,0,0)
I 0 1 14 (4,0,5) (0,-1,1,0)
