D (9,-1,-1) (4,2,5)
D (6,7,-1) (1,2,4)
D (9,10,-1) (1,5,2)
D (8,9,-1) (1,1,4)
D (7,-1,-1) (0,1,1)
D (6,7,8) (5,1,1)
D (8,9,-1) (2,1,3)
D (7,8,9) (0,0,0)
D (9,10,11) (1,5,5)
D (12,13,-1) (3,0,2)
D (9,10,11) (4,2,0)
D (8,9,-1) (4,0,0)
D (6,7,8) (2,0,4)
D (9,-1,-1) (0,5,4)
D (13,-1,-1) (2,1,5)
D (11,12,-1) (2,5,1)
D (9,10,-1) (4,5,5)
D (9,-1,-1) (3,0,4)
D (7,8,-1) (4,1,0)
D (13,-1,-1) (5,5,1)
D (6,-1,-1) (0,4,2)
D (6,7,-1) (4,2,2)
D (13,-1,-1) (2,2,0)
D (7,8,9) (0,2,5)
D (12,13,-1) (3,2,5)
D (7,-1,-1) (4,5,3)
D (8,9,-1) (4,1,1)
D (10,-1,-1) (3,3,0)
D (10,11,-1) (5,3,0)
D (7,8,-1) (0,0,2)
D (13,-1,-1) (4,4,2)
D (6,7,-1) (0,1,5)
D (13,-1,-1) (4,3,4)
D (7,8,9) (4,5,0)
D (13,-1,-1) (0,3,0)
D (13,-1,-1) (2,1,2)
D (13,-1,-1) (5,1,5)
D (6,7,8) (3,3,2)
D (10,11,-1) (3,2,1)
D (7,8,9) (5,4,1)
D (6,-1,-1) (3,1,4)
D (12,13,-1) (3,4,2)
D (13,-1,-1) (1,2,5)
D (9,-1,-1) (1,3,1)
D (13,-1,-1) (4,2,4)
D (10,11,-1) (0,1,0)
D (9,10,-1) (4,4,1)
D (11,12,-1) (5,5,3)
D (12,-1,-1) (1,4,1)
D (11,12,13) (1,1,1)
D (6,7,-1) (5,0,5)
D (12,13,-1) (1,5,3)
D (6,7,-1) (1,0,5)
D (10,-1,-1) (4,3,1)
D (9,-1,-1) (5,3,5)
D (13,-1,-1) (4,1,5)
D (6,7,8) (2,0,5)
D (9,-1,-1) (3,0,1)
D (7,8,9) (2,3,2)
D (9,-1,-1) (2,2,4)
D (6,-1,-1) (3,3,5)
D (6,7,-1) (5,2,1)
D (11,12,13) (0,5,1)
D (13,-1,-1) (4,3,2)
D (7,8,9) (2,1,1)
D (12,-1,-1) (5,4,0)
D (8,9,10) (1,2,2)
C 0 23
C 1 8
C 2 0
C 3 0
C 4 0
C 5 0
C 6 0
C 7 0
C 8 0
C 9 0
C 10 0
C 11 0
C 12 0
C 13 0
C 14 0
C 15 0
C 16 0
C 17 0
C 18 0
C 19 0
C 20 0
C 21 0
C 22 0
C 23 0
C 24 0
C 25 0
C 26 0
C 27 0
C 28 0
C 29 0
C 30 0
C 31 0
C 32 0
C 33 0
C 34 0
C 35 0
C 36 0
C 37 0
C 38 0
C 39 0
C 40 0
C 41 0
C 42 0
C 43 0
C 44 0
C 45 0
C 46 0
C 47 0
C 48 0
C 49 0
C 50 0
C 51 18
C 52 22
C 53 15
C 54 20
C 55 25
C 56 25
C 57 23
C 58 11
C 59 20
C 60 26
C 61 21
C 62 1
C 63 7
C 64 18
C 65 21
C 66 7
C 67 9
C 68 8
C 69 16
C 70 20
C 71 1
C 72 7
C 73 10
C 74 2
C 75 5
C 76 14
C 77 9
C 78 20
C 79 24
C 80 5
C 81 23
C 82 14
C 83 6
C 84 18
C 85 0
C 86 24
C 87 10
C 88 26
C 89 1
C 90 3
C 91 10
C 92 15
C 93 24
C 94 22
C 95 6
C 96 5
C 97 21
C 98 16
C 99 17
C 100 20
C 101 21
C 102 9
C 103 19
C 104 1
C 105 5
C 106 15
C 107 0
C 108 15
C 109 20
C 110 14
C 111 8
C 112 3
C 113 4
C 114 16
C 115 14
C 116 10
C 117 2
C 118 10
C 119 16
C 120 12
C 121 7
C 122 11
C 123 10
C 124 2
C 125 8
C 126 16
C 127 14
C 128 5
C 129 23
C 130 19
C 131 23
C 132 14
C 133 1
C 134 20
C 135 17
C 136 15
C 137 23
C 138 12
C 139 0
C 140 14
C 141 15
C 142 7
C 143 21
C 144 10
C 145 21
C 146 9
C 147 14
C 148 19
C 149 14
C 150 24
C 151 4
C 152 15
C 153 8
C 154 17
C 155 0
C 156 17
C 157 19
C 158 7
C 159 1
C 160 25
C 161 0
C 162 0
C 163 0
C 164 0
C 165 0
C 166 0
C 167 0
C 168 0
C 169 0
C 170 0
C 171 0
C 172 0
C 173 0
C 174 0
C 175 0
C 176 0
C 177 0
C 178 0
C 179 0
C 180 0
C 181 0
C 182 0
C 183 0
C 184 0
C 185 0
C 186 0
C 187 0
C 188 0
C 189 0
C 190 0
C 191 0
C 192 0
C 193 0
C 194 0
C 195 0
C 196 0
C 197 0
C 198 0
C 199 0
C 200 0
C 201 0
C 202 0
C 203 0
C 204 0
C 205 0
C 206 0
C 207 0
C 208 0
C 209 0
C 210 0
C 211 0
C 212 0
C 213 0
C 214 0
C 215 0
C 216 0
C 217 0
C 218 0
C 219 0
C 220 0
C 221 0
C 222 0
C 223 0
C 224 0
C 225 0
C 226 0
C 227 0
C 228 22
C 229 0
C 230 23
C 231 12
C 232 14
C 233 7
C 234 8
C 235 10
C 236 8
C 237 22
C 238 9
C 239 7
C 240 23
C 241 10
C 242 18
C 243 18
C 244 23
C 245 8
C 246 22
C 247 22
C 248 2
C 249 0
C 250 0
C 251 0
C 252 0
C 253 0
C 254 3
C 255 2
C 256 8
C 257 9
C 258 18
C 259 17
C 260 16
C 261 20
C 262 18
C 263 14
C 264 25
C 265 0
C 266 15
C 267 5
C 268 21
C 269 25
C 270 20
C 271 15
C 272 0
C 273 24
C 274 25
C 275 7
C 276 20
C 277 15
C 278 24
C 279 6
C 280 23
C 281 24
C 282 23
C 283 19
C 284 15
C 285 23
C 286 16
C 287 16
C 288 18
C 289 14
C 290 18
C 291 9
C 292 0
C 293 15
C 294 10
C 295 11
C 296 17
C 297 4
C 298 22
C 299 5
C 300 3
C 301 9
C 302 25
C 303 26
C 304 25
C 305 1
C 306 15
C 307 2
C 308 20
C 309 2
C 310 26
C 311 2
C 312 7
C 313 14
C 314 3
C 315 20
C 316 20
C 317 18
C 318 1
C 319 23
C 320 11
C 321 11
C 322 18
C 323 2
C 324 5
C 325 5
C 326 12
C 327 18
C 328 1
C 329 7
C 330 14
C 331 17
C 332 17
C 333 11
C 334 21
C 335 9
C 336 16
C 337 12
C 338 24
C 339 21
C 340 0
C 341 8
C 342 26
C 343 19
C 344 9
C 345 25
C 346 12
C 347 18
C 348 14
C 349 16
C 350 1
C 351 9
C 352 0
C 353 4
C 354 14
C 355 12
C 356 26
C 357 3
C 358 0
C 359 6
C 360 3
C 361 5
C 362 23
C 363 21
C 364 23
C 365 19
C 366 0
C 367 24
C 368 15
C 369 3
C 370 22
C 371 19
C 372 9
C 373 4
C 374 24
C 375 6
C 376 14
C 377 7
I 0 1 16 (1,3,0) (1,0,1,0)|(0,-1,1,0)
I 2 1 19 (5,3,0) (0,0,1,0)|(0,1,-1,0)
I 5 3 8 (2,1,2) (0,0,0,0)
