D (9,10,-1) (0,0,0)
D (10,11,-1) (4,4,5)
D (8,9,10) (4,4,4)
D (9,10,-1) (5,2,1)
D (12,13,-1) (1,0,2)
D (10,11,12) (4,2,0)
D (8,-1,-1) (0,2,1)
D (9,-1,-1) (0,4,5)
D (11,12,-1) (5,0,5)
D (13,-1,-1) (2,3,2)
D (10,11,-1) (1,1,0)
D (11,12,13) (1,1,3)
D (8,9,-1) (0,2,0)
D (7,8,9) (1,0,4)
D (11,12,-1) (2,5,3)
D (10,11,-1) (1,3,2)
D (12,13,-1) (4,5,5)
D (13,-1,-1) (1,2,2)
D (9,10,11) (5,1,3)
D (7,8,9) (2,1,5)
D (12,13,-1) (5,3,4)
D (11,12,13) (3,1,1)
D (12,13,-1) (0,5,4)
D (11,-1,-1) (1,4,5)
D (10,11,-1) (0,4,2)
D (7,8,9) (0,4,0)
D (11,12,13) (1,4,4)
D (11,-1,-1) (4,5,2)
D (9,10,-1) (3,5,3)
D (12,-1,-1) (3,1,4)
D (9,10,11) (2,0,2)
D (12,-1,-1) (0,3,5)
D (12,13,-1) (2,2,2)
D (6,7,8) (5,5,1)
D (7,8,-1) (5,2,5)
D (6,7,-1) (4,0,3)
D (6,7,-1) (1,5,5)
D (6,7,-1) (5,5,2)
D (11,-1,-1) (0,0,1)
D (12,-1,-1) (2,0,1)
D (11,12,-1) (2,3,5)
D (7,8,9) (1,0,5)
D (7,8,9) (3,5,2)
D (6,7,8) (2,2,3)
D (7,8,-1) (3,4,4)
D (10,11,12) (3,5,4)
D (10,11,12) (3,3,0)
D (13,-1,-1) (0,2,4)
D (8,-1,-1) (5,4,1)
D (9,-1,-1) (2,3,0)
D (12,-1,-1) (0,5,0)
D (6,-1,-1) (5,0,2)
C 0 5
C 1 25
C 2 6
C 3 1
C 4 0
C 5 9
C 6 9
C 7 21
C 8 2
C 9 25
C 10 16
C 11 25
C 12 0
C 13 0
C 14 15
C 15 25
C 16 10
C 17 15
C 18 9
C 19 5
C 20 1
C 21 7
C 22 3
C 23 22
C 24 26
C 25 5
C 26 16
C 27 11
C 28 8
C 29 21
C 30 25
C 31 18
C 32 20
C 33 0
C 34 7
C 35 15
C 36 9
C 37 10
C 38 23
C 39 15
C 40 8
C 41 19
C 42 18
C 43 22
C 44 23
C 45 9
C 46 0
C 47 0
C 48 0
C 49 0
C 50 0
C 51 0
C 52 0
C 53 0
C 54 0
C 55 0
C 56 0
C 57 0
C 58 0
C 59 0
C 60 0
C 61 0
C 62 0
C 63 0
C 64 0
C 65 0
C 66 0
C 67 0
C 68 0
C 69 0
C 70 0
C 71 0
C 72 0
C 73 0
C 74 0
C 75 0
C 76 0
C 77 0
C 78 0
C 79 0
C 80 0
C 81 0
C 82 0
C 83 0
C 84 0
C 85 0
C 86 0
C 87 0
C 88 0
C 89 0
C 90 0
C 91 0
C 92 0
C 93 0
C 94 0
C 95 0
C 96 0
C 97 0
C 98 0
C 99 0
C 100 0
C 101 0
C 102 0
C 103 0
C 104 0
C 105 0
C 106 0
C 107 0
C 108 0
C 109 0
C 110 0
C 111 0
C 112 0
C 113 0
C 114 0
C 115 0
C 116 0
C 117 0
C 118 0
C 119 0
C 120 0
C 121 0
C 122 0
C 123 0
C 124 0
C 125 0
C 126 0
C 127 0
C 128 0
C 129 0
C 130 0
C 131 0
C 132 16
C 133 8
C 134 24
C 135 6
C 136 1
C 137 6
C 138 24
C 139 4
C 140 11
C 141 22
C 142 0
C 143 24
C 144 4
C 145 3
C 146 20
C 147 11
C 148 5
C 149 25
C 150 5
C 151 3
C 152 0
C 153 16
C 154 2
C 155 24
C 156 4
C 157 11
C 158 20
C 159 19
C 160 17
C 161 3
C 162 11
C 163 25
C 164 17
C 165 16
C 166 0
C 167 18
C 168 19
C 169 2
C 170 20
C 171 2
C 172 23
C 173 12
C 174 11
C 175 15
C 176 17
C 177 9
C 178 10
C 179 17
C 180 19
C 181 12
C 182 9
C 183 14
C 184 25
C 185 26
C 186 5
C 187 4
C 188 12
C 189 15
C 190 11
C 191 1
C 192 25
C 193 14
C 194 16
C 195 18
C 196 23
C 197 9
C 198 17
C 199 24
C 200 24
C 201 3
C 202 19
C 203 0
C 204 14
C 205 9
C 206 26
C 207 17
C 208 17
C 209 11
C 210 18
C 211 24
C 212 10
C 213 6
C 214 17
C 215 4
C 216 17
C 217 5
C 218 16
C 219 22
C 220 3
C 221 1
C 222 19
C 223 9
C 224 17
C 225 22
C 226 12
C 227 26
C 228 6
C 229 3
C 230 6
C 231 17
C 232 15
C 233 22
C 234 25
C 235 25
C 236 1
C 237 6
C 238 12
C 239 15
C 240 12
C 241 26
C 242 20
C 243 18
C 244 24
C 245 8
C 246 26
C 247 5
C 248 26
C 249 20
C 250 10
C 251 5
C 252 14
C 253 2
C 254 19
C 255 5
C 256 5
C 257 18
C 258 9
C 259 8
C 260 14
C 261 2
C 262 20
C 263 2
C 264 15
C 265 8
C 266 5
C 267 15
C 268 4
C 269 10
C 270 19
C 271 8
C 272 2
C 273 25
C 274 8
C 275 25
C 276 15
C 277 21
C 278 2
C 279 17
C 280 11
C 281 3
C 282 18
C 283 8
C 284 22
C 285 3
C 286 23
C 287 10
C 288 7
C 289 19
C 290 14
C 291 11
C 292 12
C 293 9
C 294 17
C 295 10
C 296 20
C 297 12
C 298 19
C 299 26
C 300 12
C 301 7
C 302 23
C 303 19
C 304 26
C 305 2
C 306 24
C 307 0
C 308 14
C 309 7
C 310 3
C 311 8
C 312 15
C 313 19
C 314 12
C 315 14
C 316 6
C 317 21
C 318 18
C 319 25
C 320 11
C 321 17
C 322 21
C 323 17
C 324 21
C 325 25
C 326 12
C 327 1
C 328 18
C 329 23
C 330 16
C 331 9
C 332 9
C 333 14
C 334 20
C 335 8
C 336 14
C 337 12
C 338 6
C 339 10
C 340 20
C 341 23
C 342 11
C 343 2
C 344 3
C 345 18
C 346 15
C 347 0
C 348 23
C 349 5
C 350 3
C 351 15
C 352 0
C 353 4
C 354 26
C 355 26
C 356 5
C 357 8
C 358 18
C 359 17
C 360 24
C 361 15
C 362 15
C 363 19
C 364 6
C 365 3
C 366 1
C 367 6
C 368 20
C 369 22
C 370 0
C 371 14
C 372 9
C 373 23
C 374 1
C 375 22
C 376 4
C 377 23
I 0 2 12 (1,3,5) (0,-1,-1,0)
I 4 1 4 (4,4,0) (-1,0,1,0)
I 1 1 2 (5,5,3) (0,0,-1,0)
