D (11,-1,-1) (0,3,4)
D (7,-1,-1) (0,0,4)
D (10,-1,-1) (5,1,0)
D (6,7,8) (0,0,5)
D (10,11,-1) (0,3,1)
D (13,-1,-1) (4,5,2)
D (6,7,8) (2,4,2)
D (8,9,10) (3,5,3)
D (9,-1,-1) (1,3,2)
D (9,10,11) (5,3,1)
D (7,8,9) (4,4,2)
D (10,11,12) (0,4,4)
D (8,9,10) (0,1,2)
D (9,10,-1) (3,2,4)
D (11,12,13) (5,0,3)
D (10,-1,-1) (1,0,1)
D (11,12,13) (4,3,2)
D (8,9,-1) (5,0,0)
D (8,9,-1) (5,4,2)
D (9,10,11) (1,0,4)
D (6,7,8) (0,2,0)
D (8,9,-1) (5,3,5)
D (9,10,-1) (4,5,1)
D (9,10,11) (5,2,5)
D (8,9,10) (2,0,4)
D (7,8,9) (4,2,3)
D (12,-1,-1) (4,1,3)
D (7,-1,-1) (2,1,1)
D (13,-1,-1) (3,0,0)
D (9,10,-1) (2,3,3)
D (8,9,10) (1,4,3)
D (8,9,10) (2,0,5)
D (9,10,11) (1,5,0)
D (7,8,-1) (0,0,3)
D (7,-1,-1) (1,1,3)
D (11,-1,-1) (1,4,5)
D (8,-1,-1) (4,5,5)
D (12,13,-1) (0,3,3)
D (6,7,8) (3,4,5)
D (9,10,-1) (2,3,5)
D (12,13,-1) (0,4,1)
D (12,13,-1) (1,4,2)
D (6,-1,-1) (5,5,2)
D (12,-1,-1) (3,0,4)
D (12,13,-1) (5,0,1)
D (13,-1,-1) (2,0,1)
D (10,11,-1) (0,1,3)
D (11,12,13) (4,1,4)
D (9,10,-1) (0,1,4)
D (13,-1,-1) (4,3,1)
D (11,-1,-1) (4,5,4)
D (11,12,13) (5,1,2)
D (8,9,-1) (2,4,4)
D (13,-1,-1) (4,2,0)
D (8,9,10) (1,0,5)
D (11,-1,-1) (2,1,5)
D (6,7,8) (1,3,5)
D (12,13,-1) (2,4,3)
D (7,8,-1) (4,0,1)
D (7,-1,-1) (3,4,2)
D (6,7,8) (2,3,1)
D (10,-1,-1) (3,2,5)
D (12,13,-1) (5,4,4)
D (10,-1,-1) (4,5,0)
D (10,11,12) (3,5,1)
D (9,10,11) (3,0,2)
D (13,-1,-1) (0,2,1)
D (10,11,-1) (3,1,2)
D (6,-1,-1) (1,4,4)
D (9,10,8) (3,5,2)
D (7,8,9) (3,5,0)
D (13,-1,-1) (1,2,2)
D (9,10,-1) (2,2,1)
D (11,12,-1) (0,0,2)
D (9,10,-1) (1,1,2)
D (13,-1,-1) (1,5,5)
D (7,-1,-1) (1,5,2)
D (12,13,-1) (3,5,4)
D (10,6,12) (5,2,4)
D (6,-1,-1) (2,5,0)
C 0 12
C 1 19
C 2 19
C 3 21
C 4 0
C 5 17
C 6 18
C 7 1
C 8 0
C 9 11
C 10 2
C 11 8
C 12 1
C 13 24
C 14 19
C 15 14
C 16 23
C 17 1
C 18 7
C 19 4
C 20 26
C 21 19
C 22 4
C 23 6
C 24 11
C 25 10
C 26 22
C 27 0
C 28 23
C 29 1
C 30 23
C 31 23
C 32 9
C 33 10
C 34 21
C 35 14
C 36 21
C 37 10
C 38 22
C 39 6
C 40 2
C 41 6
C 42 14
C 43 0
C 44 7
C 45 15
C 46 16
C 47 22
C 48 3
C 49 9
C 50 9
C 51 8
C 52 22
C 53 17
C 54 16
C 55 0
C 56 25
C 57 17
C 58 20
C 59 9
C 60 2
C 61 24
C 62 20
C 63 18
C 64 17
C 65 26
C 66 3
C 67 23
C 68 7
C 69 16
C 70 26
C 71 26
C 72 26
C 73 18
C 74 7
C 75 25
C 76 4
C 77 24
C 78 23
C 79 23
C 80 15
C 81 11
C 82 22
C 83 21
C 84 26
C 85 14
C 86 1
C 87 11
C 88 12
C 89 20
C 90 7
C 91 14
C 92 8
C 93 14
C 94 11
C 95 18
C 96 26
C 97 6
C 98 18
C 99 8
C 100 15
C 101 17
C 102 2
C 103 22
C 104 3
C 105 9
C 106 4
C 107 11
C 108 19
C 109 17
C 110 11
C 111 20
C 112 20
C 113 16
C 114 22
C 115 7
C 116 23
C 117 21
C 118 20
C 119 17
C 120 20
C 121 9
C 122 7
C 123 15
C 124 10
C 125 11
C 126 16
C 127 14
C 128 5
C 129 19
C 130 21
C 131 9
C 132 9
C 133 9
C 134 1
C 135 10
C 136 10
C 137 1
C 138 19
C 139 16
C 140 12
C 141 20
C 142 24
C 143 2
C 144 19
C 145 1
C 146 19
C 147 8
C 148 9
C 149 20
C 150 21
C 151 25
C 152 17
C 153 5
C 154 25
C 155 8
C 156 3
C 157 22
C 158 23
C 159 12
C 160 14
C 161 8
C 162 10
C 163 21
C 164 0
C 165 0
C 166 0
C 167 0
C 168 0
C 169 0
C 170 0
C 171 0
C 172 0
C 173 0
C 174 0
C 175 0
C 176 0
C 177 0
C 178 0
C 179 0
C 180 0
C 181 0
C 182 0
C 183 0
C 184 0
C 185 0
C 186 0
C 187 0
C 188 0
C 189 0
C 190 0
C 191 0
C 192 0
C 193 0
C 194 0
C 195 0
C 196 0
C 197 0
C 198 0
C 199 0
C 200 0
C 201 0
C 202 0
C 203 0
C 204 0
C 205 0
C 206 0
C 207 0
C 208 0
C 209 0
C 210 0
C 211 0
C 212 0
C 213 0
C 214 0
C 215 0
C 216 0
C 217 0
C 218 0
C 219 0
C 220 0
C 221 0
C 222 0
C 223 0
C 224 0
C 225 0
C 226 0
C 227 0
C 228 0
C 229 0
C 230 0
C 231 0
C 232 0
C 233 0
C 234 0
C 235 0
C 236 0
C 237 0
C 238 0
C 239 0
C 240 0
C 241 0
C 242 0
C 243 0
C 244 0
C 245 0
C 246 0
C 247 0
C 248 0
C 249 0
C 250 0
C 251 0
C 252 0
C 253 0
C 254 0
C 255 0
C 256 0
C 257 0
C 258 0
C 259 0
C 260 0
C 261 0
C 262 0
C 263 0
C 264 0
C 265 0
C 266 0
C 267 0
C 268 0
C 269 0
C 270 0
C 271 0
C 272 0
C 273 0
C 274 0
C 275 0
C 276 0
C 277 0
C 278 0
C 279 0
C 280 0
C 281 0
C 282 0
C 283 0
C 284 0
C 285 0
C 286 0
C 287 0
C 288 0
C 289 0
C 290 0
C 291 0
C 292 0
C 293 0
C 294 0
C 295 0
C 296 0
C 297 0
C 298 0
C 299 0
C 300 0
C 301 0
C 302 0
C 303 0
C 304 0
C 305 0
C 306 0
C 307 0
C 308 0
C 309 0
C 310 0
C 311 0
C 312 0
C 313 0
C 314 0
C 315 0
C 316 0
C 317 0
C 318 0
C 319 0
C 320 0
C 321 0
C 322 0
C 323 0
C 324 0
C 325 0
C 326 0
C 327 0
C 328 0
C 329 0
C 330 0
C 331 0
C 332 0
C 333 0
C 334 0
C 335 0
C 336 0
C 337 0
C 338 5
C 339 23
C 340 4
C 341 2
C 342 21
C 343 14
C 344 11
C 345 24
C 346 23
C 347 12
C 348 19
C 349 10
C 350 21
C 351 16
C 352 4
C 353 2
C 354 24
C 355 8
C 356 17
C 357 3
C 358 17
C 359 25
C 360 9
C 361 0
C 362 23
C 363 5
C 364 26
C 365 12
C 366 1
C 367 5
C 368 20
C 369 26
C 370 22
C 371 4
C 372 12
C 373 14
C 374 25
C 375 8
C 376 25
C 377 17
I 0 1 6 (2,3,1) (-1,0,1,0)|(1,0,-1,0)
I 5 3 20 (2,0,1) (0,-1,0,0)
I 1 3 3 (4,2,5) (-1,1,0,0)
