D (9,-1,-1) (0,1,4)
D (11,-1,-1) (0,2,1)
D (11,-1,-1) (4,4,0)
D (12,-1,-1) (3,0,3)
D (8,-1,-1) (3,3,4)
D (6,7,-1) (4,5,5)
D (10,11,-1) (2,2,4)
D (11,12,-1) (2,5,5)
D (8,-1,-1) (0,1,5)
D (12,13,-1) (5,2,3)
D (6,7,8) (2,2,1)
D (9,-1,-1) (4,0,0)
D (7,8,-1) (5,1,0)
D (8,9,-1) (4,1,4)
D (12,13,-1) (3,3,0)
D (6,-1,-1) (0,1,3)
D (13,-1,-1) (5,1,3)
D (6,-1,-1) (1,3,0)
D (10,11,-1) (3,5,4)
D (8,9,-1) (2,0,3)
D (8,9,-1) (0,3,4)
D (8,9,-1) (1,2,0)
D (7,-1,-1) (5,5,4)
D (7,8,9) (2,2,5)
D (7,8,-1) (3,3,1)
D (10,-1,-1) (3,1,5)
D (13,-1,-1) (3,0,0)
D (13,-1,-1) (2,0,0)
D (8,9,10) (4,2,4)
D (12,-1,-1) (4,5,3)
D (11,12,13) (1,1,5)
D (13,-1,-1) (2,2,0)
D (9,-1,-1) (2,4,2)
D (12,-1,-1) (5,3,3)
D (8,-1,-1) (3,0,1)
D (9,10,11) (2,5,4)
D (9,-1,-1) (4,1,5)
D (10,11,12) (4,2,1)
D (6,7,8) (0,4,5)
D (8,-1,-1) (4,0,5)
D (6,7,-1) (5,3,5)
D (13,-1,-1) (1,0,2)
D (11,12,13) (0,2,0)
D (9,-1,-1) (3,5,5)
D (9,10,-1) (5,2,4)
D (6,7,8) (2,5,3)
D (8,9,-1) (5,4,4)
D (9,-1,-1) (5,3,4)
D (12,13,-1) (0,4,0)
D (12,13,-1) (3,4,2)
D (12,13,-1) (5,1,5)
D (10,11,12) (4,3,1)
D (6,7,-1) (2,1,0)
D (7,8,9) (3,5,3)
D (7,8,9) (0,3,5)
D (10,11,-1) (2,0,5)
D (11,-1,-1) (1,1,0)
D (7,-1,-1) (4,0,3)
D (11,12,-1) (0,0,0)
D (10,-1,-1) (5,3,0)
D (13,-1,-1) (5,0,3)
C 0 9
C 1 15
C 2 16
C 3 0
C 4 11
C 5 1
C 6 10
C 7 25
C 8 24
C 9 21
C 10 0
C 11 16
C 12 20
C 13 25
C 14 12
C 15 25
C 16 19
C 17 26
C 18 25
C 19 10
C 20 22
C 21 6
C 22 16
C 23 0
C 24 20
C 25 14
C 26 25
C 27 18
C 28 25
C 29 16
C 30 14
C 31 23
C 32 23
C 33 22
C 34 21
C 35 22
C 36 9
C 37 21
C 38 3
C 39 9
C 40 26
C 41 9
C 42 24
C 43 4
C 44 3
C 45 0
C 46 8
C 47 1
C 48 7
C 49 17
C 50 10
C 51 15
C 52 22
C 53 24
C 54 4
C 55 21
C 56 7
C 57 18
C 58 18
C 59 8
C 60 23
C 61 19
C 62 22
C 63 10
C 64 19
C 65 5
C 66 23
C 67 20
C 68 7
C 69 4
C 70 17
C 71 23
C 72 7
C 73 7
C 74 0
C 75 6
C 76 26
C 77 7
C 78 7
C 79 25
C 80 11
C 81 0
C 82 0
C 83 0
C 84 0
C 85 0
C 86 0
C 87 0
C 88 0
C 89 0
C 90 0
C 91 0
C 92 0
C 93 0
C 94 0
C 95 0
C 96 0
C 97 0
C 98 0
C 99 0
C 100 0
C 101 0
C 102 0
C 103 0
C 104 0
C 105 0
C 106 0
C 107 0
C 108 0
C 109 0
C 110 0
C 111 0
C 112 0
C 113 0
C 114 0
C 115 0
C 116 0
C 117 0
C 118 0
C 119 0
C 120 0
C 121 0
C 122 0
C 123 0
C 124 0
C 125 0
C 126 0
C 127 0
C 128 0
C 129 0
C 130 0
C 131 0
C 132 0
C 133 0
C 134 0
C 135 0
C 136 0
C 137 0
C 138 0
C 139 0
C 140 0
C 141 0
C 142 0
C 143 0
C 144 0
C 145 0
C 146 0
C 147 0
C 148 0
C 149 0
C 150 0
C 151 0
C 152 0
C 153 0
C 154 0
C 155 0
C 156 0
C 157 0
C 158 0
C 159 0
C 160 0
C 161 0
C 162 0
C 163 0
C 164 0
C 165 0
C 166 0
C 167 0
C 168 0
C 169 0
C 170 0
C 171 0
C 172 0
C 173 0
C 174 0
C 175 0
C 176 0
C 177 0
C 178 0
C 179 0
C 180 0
C 181 0
C 182 0
C 183 0
C 184 0
C 185 0
C 186 0
C 187 0
C 188 0
C 189 0
C 190 0
C 191 0
C 192 0
C 193 0
C 194 0
C 195 0
C 196 0
C 197 0
C 198 0
C 199 0
C 200 0
C 201 0
C 202 0
C 203 0
C 204 0
C 205 0
C 206 0
C 207 0
C 208 0
C 209 0
C 210 0
C 211 0
C 212 0
C 213 0
C 214 0
C 215 0
C 216 0
C 217 0
C 218 0
C 219 0
C 220 0
C 221 0
C 222 0
C 223 0
C 224 0
C 225 0
C 226 0
C 227 0
C 228 0
C 229 0
C 230 0
C 231 0
C 232 0
C 233 0
C 234 0
C 235 0
C 236 0
C 237 0
C 238 0
C 239 0
C 240 0
C 241 0
C 242 0
C 243 0
C 244 0
C 245 6
C 246 0
C 247 0
C 248 0
C 249 0
C 250 0
C 251 5
C 252 17
C 253 7
C 254 18
C 255 1
C 256 4
C 257 18
C 258 5
C 259 19
C 260 12
C 261 14
C 262 8
C 263 9
C 264 11
C 265 2
C 266 11
C 267 25
C 268 25
C 269 26
C 270 4
C 271 12
C 272 18
C 273 10
C 274 7
C 275 8
C 276 11
C 277 10
C 278 2
C 279 4
C 280 2
C 281 26
C 282 18
C 283 22
C 284 0
C 285 10
C 286 0
C 287 0
C 288 0
C 289 0
C 290 0
C 291 0
C 292 0
C 293 0
C 294 0
C 295 0
C 296 0
C 297 0
C 298 0
C 299 0
C 300 0
C 301 0
C 302 0
C 303 0
C 304 0
C 305 0
C 306 0
C 307 0
C 308 0
C 309 0
C 310 0
C 311 0
C 312 14
C 313 0
C 314 0
C 315 0
C 316 0
C 317 0
C 318 0
C 319 0
C 320 0
C 321 0
C 322 0
C 323 0
C 324 0
C 325 0
C 326 0
C 327 0
C 328 0
C 329 0
C 330 0
C 331 0
C 332 0
C 333 0
C 334 0
C 335 0
C 336 0
C 337 0
C 338 0
C 339 0
C 340 0
C 341 0
C 342 0
C 343 0
C 344 0
C 345 0
C 346 0
C 347 0
C 348 0
C 349 0
C 350 0
C 351 0
C 352 0
C 353 21
C 354 5
C 355 2
C 356 21
C 357 25
C 358 23
C 359 4
C 360 23
C 361 15
C 362 4
C 363 17
C 364 22
C 365 26
C 366 22
C 367 12
C 368 24
C 369 1
C 370 5
C 371 18
C 372 15
C 373 2
C 374 8
C 375 14
C 376 3
C 377 3
I 0 2 5 (3,3,3) (-1,1,0,0)
I 0 1 1 (1,2,0) (0,1,1,0)|(-1,1,-1,0)|(0,-1,-1,0)
I 0 3 12 (5,1,3) (-1,1,-1,0)
