D (6,7,8) (3,1,5)
D (8,9,-1) (3,3,5)
D (10,11,-1) (5,3,5)
D (6,-1,-1) (1,3,1)
D (7,-1,-1) (1,4,2)
D (6,7,8) (4,1,3)
D (12,13,-1) (0,3,4)
D (13,-1,-1) (0,3,2)
D (10,11,12) (4,3,2)
D (10,11,-1) (2,5,1)
D (6,7,8) (1,4,5)
D (9,10,11) (4,4,5)
D (8,-1,-1) (4,4,0)
D (13,-1,-1) (4,4,2)
D (6,7,8) (1,2,5)
D (6,7,8) (4,3,5)
D (6,-1,-1) (3,5,3)
D (7,8,-1) (2,4,2)
D (8,9,10) (4,1,1)
D (13,-1,-1) (4,4,1)
D (6,7,8) (3,3,1)
D (11,12,13) (4,0,2)
D (8,9,10) (5,4,3)
D (11,-1,-1) (3,0,3)
D (8,9,10) (1,2,2)
D (10,11,-1) (1,5,3)
D (12,-1,-1) (5,3,4)
D (13,-1,-1) (5,2,1)
D (12,13,-1) (3,4,3)
D (10,11,-1) (1,1,3)
D (12,-1,-1) (5,5,5)
C 0 8
C 1 0
C 2 9
C 3 24
C 4 2
C 5 0
C 6 0
C 7 0
C 8 0
C 9 0
C 10 0
C 11 0
C 12 0
C 13 0
C 14 0
C 15 0
C 16 0
C 17 0
C 18 0
C 19 0
C 20 0
C 21 0
C 22 0
C 23 0
C 24 0
C 25 0
C 26 0
C 27 0
C 28 0
C 29 0
C 30 0
C 31 0
C 32 0
C 33 0
C 34 0
C 35 0
C 36 0
C 37 0
C 38 0
C 39 0
C 40 0
C 41 0
C 42 0
C 43 0
C 44 0
C 45 0
C 46 0
C 47 0
C 48 0
C 49 0
C 50 0
C 51 0
C 52 0
C 53 0
C 54 0
C 55 0
C 56 0
C 57 0
C 58 0
C 59 0
C 60 0
C 61 0
C 62 0
C 63 0
C 64 0
C 65 0
C 66 0
C 67 0
C 68 0
C 69 0
C 70 0
C 71 0
C 72 0
C 73 0
C 74 0
C 75 0
C 76 0
C 77 0
C 78 0
C 79 0
C 80 0
C 81 0
C 82 0
C 83 21
C 84 23
C 85 1
C 86 4
C 87 0
C 88 0
C 89 0
C 90 0
C 91 0
C 92 0
C 93 0
C 94 0
C 95 0
C 96 0
C 97 0
C 98 0
C 99 0
C 100 0
C 101 0
C 102 0
C 103 0
C 104 0
C 105 0
C 106 0
C 107 0
C 108 0
C 109 0
C 110 0
C 111 0
C 112 0
C 113 0
C 114 0
C 115 0
C 116 0
C 117 0
C 118 0
C 119 0
C 120 0
C 121 0
C 122 0
C 123 0
C 124 0
C 125 0
C 126 0
C 127 0
C 128 0
C 129 0
C 130 0
C 131 0
C 132 0
C 133 0
C 134 0
C 135 0
C 136 0
C 137 0
C 138 0
C 139 0
C 140 0
C 141 0
C 142 0
C 143 0
C 144 0
C 145 0
C 146 0
C 147 0
C 148 0
C 149 0
C 150 0
C 151 0
C 152 0
C 153 0
C 154 0
C 155 0
C 156 0
C 157 0
C 158 0
C 159 0
C 160 0
C 161 0
C 162 0
C 163 0
C 164 0
C 165 0
C 166 0
C 167 0
C 168 0
C 169 0
C 170 0
C 171 0
C 172 0
C 173 0
C 174 0
C 175 0
C 176 0
C 177 0
C 178 0
C 179 0
C 180 0
C 181 0
C 182 0
C 183 0
C 184 0
C 185 0
C 186 0
C 187 0
C 188 0
C 189 0
C 190 0
C 191 0
C 192 0
C 193 0
C 194 0
C 195 0
C 196 0
C 197 0
C 198 0
C 199 0
C 200 0
C 201 0
C 202 0
C 203 0
C 204 0
C 205 0
C 206 0
C 207 0
C 208 0
C 209 0
C 210 0
C 211 0
C 212 0
C 213 0
C 214 0
C 215 0
C 216 0
C 217 0
C 218 0
C 219 0
C 220 0
C 221 0
C 222 0
C 223 0
C 224 0
C 225 0
C 226 0
C 227 0
C 228 0
C 229 0
C 230 0
C 231 0
C 232 0
C 233 0
C 234 0
C 235 0
C 236 0
C 237 0
C 238 0
C 239 0
C 240 0
C 241 0
C 242 0
C 243 0
C 244 0
C 245 0
C 246 0
C 247 0
C 248 0
C 249 0
C 250 0
C 251 0
C 252 0
C 253 0
C 254 0
C 255 0
C 256 0
C 257 0
C 258 0
C 259 0
C 260 0
C 261 0
C 262 0
C 263 0
C 264 0
C 265 0
C 266 0
C 267 0
C 268 0
C 269 0
C 270 0
C 271 0
C 272 0
C 273 0
C 274 0
C 275 0
C 276 0
C 277 0
C 278 0
C 279 0
C 280 0
C 281 0
C 282 0
C 283 0
C 284 0
C 285 0
C 286 0
C 287 0
C 288 0
C 289 0
C 290 0
C 291 0
C 292 0
C 293 0
C 294 0
C 295 0
C 296 1
C 297 4
C 298 15
C 299 5
C 300 8
C 301 22
C 302 10
C 303 6
C 304 25
C 305 5
C 306 18
C 307 17
C 308 9
C 309 24
C 310 5
C 311 5
C 312 15
C 313 17
C 314 25
C 315 20
C 316 14
C 317 22
C 318 11
C 319 16
C 320 18
C 321 23
C 322 19
C 323 1
C 324 4
C 325 7
C 326 12
C 327 21
C 328 3
C 329 9
C 330 4
C 331 26
C 332 16
C 333 22
C 334 26
C 335 9
C 336 9
C 337 7
C 338 15
C 339 24
C 340 4
C 341 8
C 342 9
C 343 25
C 344 9
C 345 15
C 346 16
C 347 8
C 348 0
C 349 0
C 350 0
C 351 0
C 352 0
C 353 0
C 354 0
C 355 0
C 356 0
C 357 0
C 358 0
C 359 0
C 360 0
C 361 0
C 362 0
C 363 0
C 364 0
C 365 0
C 366 0
C 367 0
C 368 0
C 369 0
C 370 0
C 371 0
C 372 0
C 373 22
C 374 20
C 375 4
C 376 22
C 377 15
I 5 1 8 (5,3,2) (-1,0,-1,0)
I 1 2 18 (2,1,5) (1,1,-1,0)|(0,0,1,0)|(0,-1,1,0)
I 1 1 6 (3,0,3) (-1,1,0,0)
