D (10,11,-1) (3,3,0)
D (6,7,8) (4,1,0)
D (11,-1,-1) (4,0,4)
D (7,-1,-1) (5,4,1)
D (9,10,11) (1,4,5)
D (6,7,8) (2,3,4)
D (10,11,-1) (2,5,3)
D (9,-1,-1) (1,1,1)
D (10,-1,-1) (2,1,1)
D (7,8,-1) (3,4,3)
D (7,-1,-1) (0,4,1)
D (13,-1,-1) (5,2,1)
D (9,10,11) (3,3,4)
D (11,12,-1) (2,4,2)
D (13,-1,-1) (4,3,5)
D (9,-1,-1) (0,1,1)
D (8,-1,-1) (3,5,2)
D (8,9,-1) (1,5,5)
D (13,-1,-1) (5,1,0)
D (8,9,-1) (3,4,0)
D (10,11,-1) (4,4,1)
D (10,-1,-1) (0,1,5)
D (10,-1,-1) (0,5,1)
D (9,-1,-1) (0,2,0)
D (12,13,-1) (4,1,2)
D (9,-1,-1) (3,0,3)
D (8,9,10) (0,1,0)
D (12,13,-1) (2,3,1)
D (9,10,11) (3,2,3)
D (9,10,-1) (1,3,5)
D (9,10,11) (5,4,3)
D (11,12,13) (0,3,2)
D (7,8,9) (2,0,2)
D (12,13,-1) (1,5,2)
D (10,11,-1) (0,3,3)
D (13,-1,-1) (1,5,0)
D (9,-1,-1) (1,4,0)
D (8,-1,-1) (5,0,2)
D (8,9,-1) (2,2,0)
D (12,-1,-1) (3,0,2)
D (12,13,-1) (1,3,4)
D (10,11,-1) (2,5,2)
D (12,13,-1) (1,4,2)
D (13,-1,-1) (3,0,0)
D (9,10,11) (2,4,5)
D (11,-1,-1) (1,5,1)
D (10,11,-1) (0,2,2)
D (9,10,-1) (0,0,2)
D (13,-1,-1) (4,3,0)
D (11,12,-1) (3,2,0)
D (6,7,-1) (4,0,2)
D (8,-1,-1) (5,3,2)
D (12,13,-1) (2,5,1)
D (7,8,9) (2,1,4)
D (13,-1,-1) (3,2,2)
D (12,13,-1) (4,4,5)
D (9,-1,-1) (1,4,1)
D (7,-1,-1) (1,0,2)
D (10,11,12) (3,2,4)
D (10,11,12) (4,0,5)
D (10,11,12) (3,4,5)
D (8,-1,-1) (4,5,4)
D (9,10,-1) (5,4,0)
D (11,-1,-1) (5,2,3)
D (12,13,-1) (2,0,5)
D (8,-1,-1) (1,2,1)
D (10,-1,-1) (1,0,4)
D (12,13,-1) (3,3,2)
D (12,13,-1) (5,3,3)
D (7,8,9) (5,3,4)
D (13,-1,-1) (4,2,1)
D (8,-1,-1) (3,5,4)
D (11,-1,-1) (5,4,4)
D (11,-1,-1) (3,3,1)
D (10,-1,-1) (0,5,5)
D (7,8,-1) (5,5,4)
D (6,7,8) (0,0,1)
C 0 5
C 1 4
C 2 19
C 3 24
C 4 12
C 5 26
C 6 17
C 7 16
C 8 17
C 9 4
C 10 21
C 11 0
C 12 18
C 13 9
C 14 8
C 15 4
C 16 9
C 17 12
C 18 8
C 19 25
C 20 21
C 21 17
C 22 0
C 23 0
C 24 0
C 25 0
C 26 14
C 27 12
C 28 8
C 29 6
C 30 24
C 31 18
C 32 26
C 33 2
C 34 4
C 35 24
C 36 8
C 37 8
C 38 23
C 39 26
C 40 3
C 41 9
C 42 23
C 43 16
C 44 8
C 45 15
C 46 12
C 47 22
C 48 8
C 49 4
C 50 14
C 51 16
C 52 1
C 53 19
C 54 14
C 55 12
C 56 16
C 57 0
C 58 14
C 59 12
C 60 24
C 61 11
C 62 22
C 63 7
C 64 6
C 65 8
C 66 0
C 67 19
C 68 11
C 69 3
C 70 15
C 71 3
C 72 23
C 73 19
C 74 23
C 75 16
C 76 10
C 77 14
C 78 16
C 79 17
C 80 7
C 81 1
C 82 26
C 83 22
C 84 10
C 85 5
C 86 12
C 87 15
C 88 24
C 89 10
C 90 1
C 91 23
C 92 17
C 93 17
C 94 0
C 95 0
C 96 0
C 97 0
C 98 0
C 99 0
C 100 0
C 101 0
C 102 0
C 103 0
C 104 0
C 105 0
C 106 0
C 107 0
C 108 0
C 109 0
C 110 0
C 111 0
C 112 0
C 113 0
C 114 0
C 115 0
C 116 0
C 117 0
C 118 0
C 119 0
C 120 0
C 121 0
C 122 0
C 123 0
C 124 0
C 125 0
C 126 0
C 127 0
C 128 0
C 129 0
C 130 0
C 131 0
C 132 0
C 133 0
C 134 0
C 135 0
C 136 0
C 137 0
C 138 0
C 139 0
C 140 0
C 141 0
C 142 0
C 143 0
C 144 0
C 145 0
C 146 0
C 147 0
C 148 0
C 149 0
C 150 0
C 151 0
C 152 0
C 153 0
C 154 0
C 155 0
C 156 0
C 157 0
C 158 0
C 159 0
C 160 0
C 161 0
C 162 0
C 163 0
C 164 0
C 165 0
C 166 0
C 167 0
C 168 0
C 169 0
C 170 0
C 171 0
C 172 0
C 173 0
C 174 0
C 175 0
C 176 0
C 177 0
C 178 0
C 179 0
C 180 0
C 181 0
C 182 0
C 183 0
C 184 0
C 185 0
C 186 0
C 187 0
C 188 0
C 189 0
C 190 0
C 191 0
C 192 0
C 193 0
C 194 0
C 195 0
C 196 0
C 197 0
C 198 0
C 199 0
C 200 0
C 201 0
C 202 0
C 203 0
C 204 0
C 205 0
C 206 0
C 207 0
C 208 0
C 209 0
C 210 0
C 211 0
C 212 0
C 213 0
C 214 0
C 215 0
C 216 0
C 217 0
C 218 0
C 219 0
C 220 0
C 221 0
C 222 0
C 223 0
C 224 0
C 225 0
C 226 0
C 227 0
C 228 0
C 229 0
C 230 0
C 231 0
C 232 0
C 233 0
C 234 0
C 235 0
C 236 0
C 237 0
C 238 0
C 239 0
C 240 0
C 241 0
C 242 0
C 243 0
C 244 0
C 245 0
C 246 0
C 247 0
C 248 0
C 249 0
C 250 0
C 251 0
C 252 0
C 253 0
C 254 0
C 255 0
C 256 0
C 257 0
C 258 0
C 259 0
C 260 0
C 261 0
C 262 0
C 263 0
C 264 0
C 265 0
C 266 0
C 267 0
C 268 0
C 269 0
C 270 0
C 271 0
C 272 0
C 273 0
C 274 0
C 275 0
C 276 0
C 277 0
C 278 0
C 279 0
C 280 0
C 281 0
C 282 0
C 283 0
C 284 0
C 285 0
C 286 0
C 287 3
C 288 0
C 289 0
C 290 0
C 291 0
C 292 0
C 293 0
C 294 0
C 295 0
C 296 0
C 297 0
C 298 0
C 299 0
C 300 0
C 301 0
C 302 7
C 303 18
C 304 25
C 305 0
C 306 7
C 307 19
C 308 19
C 309 25
C 310 10
C 311 0
C 312 26
C 313 25
C 314 5
C 315 23
C 316 9
C 317 20
C 318 4
C 319 11
C 320 21
C 321 7
C 322 19
C 323 5
C 324 11
C 325 5
C 326 20
C 327 12
C 328 19
C 329 23
C 330 4
C 331 20
C 332 9
C 333 1
C 334 7
C 335 6
C 336 5
C 337 2
C 338 12
C 339 16
C 340 1
C 341 5
C 342 19
C 343 8
C 344 20
C 345 10
C 346 2
C 347 26
C 348 23
C 349 23
C 350 23
C 351 8
C 352 6
C 353 24
C 354 18
C 355 7
C 356 7
C 357 8
C 358 4
C 359 4
C 360 15
C 361 8
C 362 16
C 363 4
C 364 1
C 365 20
C 366 25
C 367 12
C 368 3
C 369 25
C 370 9
C 371 23
C 372 11
C 373 23
C 374 8
C 375 15
C 376 4
C 377 18
I 0 3 3 (2,2,2) (0,0,1,0)|(-1,-1,0,0)
I 3 1 16 (0,0,1) (0,1,-1,0)
I 3 2 12 (3,4,5) (1,1,1,0)
