D (9,10,12) (5,2,1)
D (11,12,13) (0,2,5)
D (6,7,-1) (5,2,0)
D (6,-1,-1) (1,5,4)
D (8,9,-1) (5,0,3)
D (7,8,9) (2,4,0)
D (11,12,-1) (1,3,0)
D (9,10,11) (4,1,0)
D (10,11,12) (0,5,3)
D (13,-1,-1) (2,5,4)
D (11,-1,-1) (3,5,0)
D (6,7,8) (5,0,4)
D (9,-1,-1) (4,2,0)
D (7,-1,-1) (2,0,4)
D (7,8,-1) (4,3,0)
D (10,11,12) (4,2,5)
D (9,10,11) (4,3,2)
D (13,-1,-1) (1,0,5)
D (10,11,12) (1,4,0)
D (12,13,-1) (1,4,5)
D (7,-1,-1) (4,5,0)
D (7,8,9) (0,5,2)
D (13,-1,-1) (3,0,5)
D (12,13,-1) (3,4,2)
D (12,13,-1) (1,0,1)
D (9,10,11) (1,2,3)
D (6,7,-1) (2,2,0)
D (9,-1,-1) (5,0,2)
D (9,10,-1) (4,3,3)
D (9,-1,-1) (4,1,2)
D (7,8,9) (0,0,1)
D (10,11,12) (4,0,4)
D (9,10,-1) (3,3,5)
D (13,-1,-1) (0,1,5)
D (9,10,11) (5,3,2)
D (13,-1,-1) (2,2,1)
D (12,13,-1) (2,2,3)
D (12,-1,-1) (3,1,1)
D (12,13,-1) (5,2,2)
D (6,7,-1) (0,1,3)
D (13,-1,-1) (3,5,5)
D (10,11,-1) (4,2,3)
D (10,-1,-1) (5,3,3)
D (6,7,8) (2,0,5)
D (13,-1,-1) (3,1,4)
D (6,7,-1) (0,5,4)
D (13,-1,-1) (2,1,5)
D (12,13,-1) (5,2,4)
D (9,-1,-1) (4,1,5)
D (9,-1,-1) (5,5,5)
D (7,8,-1) (2,1,0)
D (6,7,8) (3,4,5)
D (9,10,11) (1,2,5)
D (13,-1,-1) (0,0,5)
D (11,12,-1) (1,4,4)
D (9,-1,-1) (2,3,4)
D (13,-1,-1) (2,3,2)
D (11,12,-1) (3,0,2)
D (8,-1,-1) (2,5,5)
D (8,9,10) (1,5,0)
D (13,-1,-1) (2,3,3)
D (7,8,9) (1,4,3)
D (12,13,-1) (1,0,2)
D (8,9,10) (2,3,1)
D (10,11,-1) (1,1,2)
D (12,13,-1) (2,4,2)
D (11,12,13) (1,2,0)
D (7,8,-1) (1,1,4)
D (10,11,-1) (1,0,3)
D (6,-1,-1) (4,3,5)
D (11,-1,-1) (3,2,1)
D (10,11,-1) (4,4,1)
C 0 25
C 1 19
C 2 1
C 3 23
C 4 20
C 5 4
C 6 23
C 7 1
C 8 2
C 9 17
C 10 23
C 11 22
C 12 20
C 13 2
C 14 15
C 15 23
C 16 9
C 17 18
C 18 5
C 19 9
C 20 7
C 21 1
C 22 8
C 23 15
C 24 1
C 25 16
C 26 23
C 27 25
C 28 21
C 29 18
C 30 6
C 31 12
C 32 9
C 33 23
C 34 0
C 35 8
C 36 7
C 37 1
C 38 25
C 39 10
C 40 16
C 41 17
C 42 5
C 43 4
C 44 8
C 45 24
C 46 4
C 47 14
C 48 8
C 49 14
C 50 12
C 51 7
C 52 24
C 53 14
C 54 6
C 55 21
C 56 20
C 57 4
C 58 5
C 59 12
C 60 18
C 61 2
C 62 9
C 63 15
C 64 1
C 65 20
C 66 12
C 67 5
C 68 5
C 69 8
C 70 7
C 71 5
C 72 19
C 73 1
C 74 23
C 75 19
C 76 10
C 77 16
C 78 17
C 79 23
C 80 4
C 81 26
C 82 1
C 83 20
C 84 25
C 85 21
C 86 10
C 87 6
C 88 4
C 89 9
C 90 10
C 91 11
C 92 9
C 93 18
C 94 22
C 95 4
C 96 4
C 97 24
C 98 5
C 99 0
C 100 20
C 101 12
C 102 9
C 103 18
C 104 20
C 105 19
C 106 9
C 107 7
C 108 15
C 109 25
C 110 5
C 111 16
C 112 12
C 113 1
C 114 12
C 115 18
C 116 8
C 117 26
C 118 7
C 119 2
C 120 23
C 121 21
C 122 7
C 123 20
C 124 17
C 125 10
C 126 11
C 127 1
C 128 10
C 129 18
C 130 25
C 131 12
C 132 18
C 133 21
C 134 26
C 135 8
C 136 19
C 137 25
C 138 18
C 139 25
C 140 24
C 141 22
C 142 15
C 143 26
C 144 10
C 145 1
C 146 23
C 147 8
C 148 5
C 149 20
C 150 11
C 151 15
C 152 18
C 153 6
C 154 25
C 155 14
C 156 8
C 157 20
C 158 14
C 159 5
C 160 21
C 161 1
C 162 12
C 163 12
C 164 3
C 165 0
C 166 14
C 167 5
C 168 7
C 169 18
C 170 21
C 171 7
C 172 2
C 173 16
C 174 2
C 175 21
C 176 24
C 177 14
C 178 20
C 179 26
C 180 17
C 181 16
C 182 17
C 183 18
C 184 16
C 185 10
C 186 1
C 187 20
C 188 25
C 189 11
C 190 19
C 191 20
C 192 16
C 193 8
C 194 15
C 195 20
C 196 23
C 197 19
C 198 20
C 199 21
C 200 10
C 201 18
C 202 22
C 203 8
C 204 15
C 205 2
C 206 14
C 207 8
C 208 8
C 209 19
C 210 12
C 211 6
C 212 23
C 213 12
C 214 24
C 215 1
C 216 19
C 217 21
C 218 21
C 219 9
C 220 23
C 221 3
C 222 25
C 223 6
C 224 18
C 225 19
C 226 11
C 227 14
C 228 22
C 229 20
C 230 9
C 231 3
C 232 16
C 233 15
C 234 21
C 235 18
C 236 3
C 237 10
C 238 17
C 239 26
C 240 12
C 241 19
C 242 2
C 243 14
C 244 19
C 245 16
C 246 10
C 247 1
C 248 20
C 249 3
C 250 5
C 251 1
C 252 14
C 253 26
C 254 6
C 255 14
C 256 24
C 257 18
C 258 14
C 259 10
C 260 12
C 261 22
C 262 15
C 263 14
C 264 24
C 265 15
C 266 2
C 267 15
C 268 24
C 269 20
C 270 12
C 271 25
C 272 19
C 273 3
C 274 10
C 275 3
C 276 19
C 277 8
C 278 11
C 279 2
C 280 16
C 281 16
C 282 4
C 283 21
C 284 19
C 285 12
C 286 9
C 287 25
C 288 25
C 289 0
C 290 11
C 291 17
C 292 10
C 293 20
C 294 7
C 295 5
C 296 8
C 297 16
C 298 2
C 299 19
C 300 9
C 301 25
C 302 21
C 303 14
C 304 24
C 305 1
C 306 11
C 307 25
C 308 3
C 309 0
C 310 20
C 311 10
C 312 5
C 313 9
C 314 17
C 315 4
C 316 16
C 317 7
C 318 26
C 319 18
C 320 12
C 321 0
C 322 3
C 323 2
C 324 5
C 325 23
C 326 25
C 327 9
C 328 26
C 329 25
C 330 4
C 331 11
C 332 8
C 333 25
C 334 26
C 335 4
C 336 21
C 337 19
C 338 25
C 339 12
C 340 22
C 341 11
C 342 24
C 343 10
C 344 21
C 345 24
C 346 18
C 347 8
C 348 24
C 349 0
C 350 5
C 351 21
C 352 11
C 353 8
C 354 15
C 355 19
C 356 26
C 357 0
C 358 7
C 359 7
C 360 21
C 361 15
C 362 0
C 363 0
C 364 19
C 365 19
C 366 11
C 367 16
C 368 25
C 369 6
C 370 12
C 371 25
C 372 15
C 373 16
C 374 15
C 375 15
C 376 25
C 377 20
I 2 1 5 (5,5,3) (1,0,1,0)|(-1,-1,1,0)
I 1 3 6 (3,4,3) (0,0,1,0)|(-1,1,1,0)|(1,0,1,0)|(1,1,0,0)
I 0 1 17 (2,0,3) (-1,1,0,0)|(0,-1,-1,0)|(-1,1,1,0)
I 2 1 10 (4,3,5) (-1,-1,1,0)
