D (7,8,-1) (4,1,3)
D (12,7,-1) (5,2,0)
D (12,-1,-1) (4,4,4)
D (8,9,10) (5,0,4)
D (6,7,-1) (0,4,0)
D (10,11,12) (4,2,5)
D (6,7,8) (5,0,0)
D (6,7,-1) (2,0,5)
D (7,-1,-1) (5,1,0)
D (6,7,-1) (3,0,4)
D (12,13,-1) (4,0,0)
D (6,-1,-1) (2,4,3)
D (7,-1,-1) (4,5,2)
D (6,7,-1) (5,0,2)
D (7,8,9) (4,1,5)
D (13,-1,-1) (0,5,3)
D (12,13,-1) (1,2,4)
D (11,-1,-1) (0,4,4)
D (8,9,10) (5,3,4)
D (6,7,8) (1,1,1)
D (13,-1,-1) (2,0,3)
D (12,-1,-1) (4,0,1)
D (7,-1,-1) (5,1,3)
D (13,-1,-1) (2,5,4)
D (10,11,-1) (0,2,1)
D (9,10,11) (1,1,3)
D (13,-1,-1) (5,0,1)
D (7,8,-1) (4,4,1)
D (7,-1,-1) (5,2,5)
D (13,-1,-1) (0,2,2)
D (11,12,13) (2,5,0)
D (10,8,-1) (0,1,0)
D (9,10,11) (2,1,0)
D (8,-1,-1) (3,4,5)
D (13,-1,-1) (5,2,1)
D (12,-1,-1) (2,2,4)
D (12,13,-1) (5,3,3)
D (7,8,-1) (5,5,1)
D (8,9,10) (4,4,5)
D (12,-1,-1) (1,5,0)
D (11,12,13) (3,2,4)
D (13,-1,-1) (1,4,1)
D (13,-1,-1) (4,3,1)
D (13,-1,-1) (1,4,3)
D (8,9,10) (5,1,2)
D (9,-1,-1) (4,4,2)
D (10,-1,-1) (1,2,5)
C 0 2
C 1 26
C 2 10
C 3 22
C 4 0
C 5 24
C 6 20
C 7 0
C 8 20
C 9 3
C 10 16
C 11 19
C 12 11
C 13 18
C 14 26
C 15 12
C 16 12
C 17 6
C 18 9
C 19 24
C 20 6
C 21 20
C 22 6
C 23 5
C 24 14
C 25 20
C 26 8
C 27 11
C 28 5
C 29 9
C 30 19
C 31 12
C 32 7
C 33 3
C 34 6
C 35 2
C 36 4
C 37 16
C 38 20
C 39 14
C 40 8
C 41 4
C 42 2
C 43 16
C 44 20
C 45 20
C 46 5
C 47 25
C 48 20
C 49 17
C 50 21
C 51 5
C 52 9
C 53 17
C 54 15
C 55 26
C 56 17
C 57 18
C 58 11
C 59 10
C 60 6
C 61 18
C 62 11
C 63 10
C 64 24
C 65 6
C 66 15
C 67 19
C 68 15
C 69 8
C 70 7
C 71 2
C 72 19
C 73 14
C 74 16
C 75 20
C 76 6
C 77 8
C 78 9
C 79 15
C 80 23
C 81 18
C 82 16
C 83 1
C 84 18
C 85 22
C 86 5
C 87 0
C 88 21
C 89 14
C 90 6
C 91 9
C 92 25
C 93 11
C 94 18
C 95 21
C 96 21
C 97 0
C 98 15
C 99 20
C 100 20
C 101 21
C 102 9
C 103 17
C 104 10
C 105 15
C 106 16
C 107 2
C 108 1
C 109 7
C 110 0
C 111 0
C 112 0
C 113 0
C 114 0
C 115 0
C 116 0
C 117 0
C 118 0
C 119 0
C 120 0
C 121 0
C 122 0
C 123 0
C 124 0
C 125 0
C 126 0
C 127 0
C 128 0
C 129 0
C 130 0
C 131 0
C 132 0
C 133 0
C 134 0
C 135 0
C 136 0
C 137 0
C 138 0
C 139 0
C 140 0
C 141 0
C 142 0
C 143 0
C 144 0
C 145 0
C 146 0
C 147 0
C 148 0
C 149 0
C 150 0
C 151 0
C 152 0
C 153 0
C 154 0
C 155 0
C 156 0
C 157 0
C 158 0
C 159 0
C 160 0
C 161 0
C 162 0
C 163 0
C 164 0
C 165 0
C 166 0
C 167 0
C 168 0
C 169 0
C 170 0
C 171 0
C 172 0
C 173 0
C 174 0
C 175 0
C 176 0
C 177 0
C 178 0
C 179 0
C 180 0
C 181 0
C 182 0
C 183 0
C 184 0
C 185 0
C 186 0
C 187 0
C 188 0
C 189 0
C 190 0
C 191 0
C 192 0
C 193 0
C 194 0
C 195 0
C 196 0
C 197 0
C 198 0
C 199 0
C 200 0
C 201 0
C 202 0
C 203 0
C 204 0
C 205 0
C 206 0
C 207 0
C 208 0
C 209 0
C 210 0
C 211 0
C 212 0
C 213 0
C 214 0
C 215 0
C 216 0
C 217 0
C 218 0
C 219 0
C 220 0
C 221 0
C 222 0
C 223 0
C 224 0
C 225 0
C 226 0
C 227 0
C 228 0
C 229 0
C 230 0
C 231 0
C 232 0
C 233 0
C 234 0
C 235 0
C 236 0
C 237 0
C 238 0
C 239 0
C 240 0
C 241 0
C 242 0
C 243 0
C 244 0
C 245 0
C 246 0
C 247 0
C 248 0
C 249 0
C 250 0
C 251 0
C 252 0
C 253 0
C 254 0
C 255 0
C 256 0
C 257 0
C 258 0
C 259 0
C 260 0
C 261 0
C 262 0
C 263 0
C 264 0
C 265 0
C 266 0
C 267 0
C 268 0
C 269 0
C 270 0
C 271 0
C 272 0
C 273 0
C 274 0
C 275 0
C 276 0
C 277 0
C 278 0
C 279 23
C 280 17
C 281 18
C 282 0
C 283 26
C 284 25
C 285 19
C 286 4
C 287 2
C 288 14
C 289 15
C 290 23
C 291 16
C 292 0
C 293 2
C 294 20
C 295 17
C 296 19
C 297 26
C 298 7
C 299 8
C 300 6
C 301 11
C 302 22
C 303 14
C 304 4
C 305 15
C 306 3
C 307 0
C 308 0
C 309 0
C 310 0
C 311 0
C 312 0
C 313 0
C 314 0
C 315 0
C 316 0
C 317 0
C 318 0
C 319 0
C 320 0
C 321 0
C 322 14
C 323 14
C 324 2
C 325 3
C 326 24
C 327 20
C 328 6
C 329 10
C 330 14
C 331 14
C 332 6
C 333 12
C 334 10
C 335 2
C 336 20
C 337 10
C 338 4
C 339 20
C 340 26
C 341 26
C 342 6
C 343 11
C 344 1
C 345 10
C 346 24
C 347 19
C 348 8
C 349 7
C 350 19
C 351 7
C 352 2
C 353 1
C 354 2
C 355 22
C 356 2
C 357 17
C 358 9
C 359 23
C 360 5
C 361 12
C 362 26
C 363 26
C 364 4
C 365 0
C 366 22
C 367 24
C 368 8
C 369 18
C 370 9
C 371 17
C 372 23
C 373 16
C 374 1
C 375 24
C 376 6
C 377 3
I 0 3 8 (4,1,1) (-1,0,0,0)
I 2 3 20 (3,0,2) (-1,0,-1,0)
I 4 1 5 (1,4,4) (0,1,1,0)|(1,1,1,0)|(-1,-1,1,0)
