D (13,-1,-1) (5,4,5)
D (12,13,-1) (1,0,4)
D (9,10,11) (2,2,5)
D (7,8,-1) (3,3,0)
D (8,13,-1) (2,4,0)
D (12,-1,-1) (3,2,3)
D (9,10,-1) (0,2,5)
D (6,7,8) (0,1,3)
D (9,-1,-1) (5,1,2)
D (10,11,-1) (1,1,3)
D (9,10,-1) (5,2,4)
D (6,8,9) (1,2,2)
D (10,11,12) (5,5,1)
D (13,-1,-1) (4,5,4)
D (8,9,-1) (5,3,1)
D (7,-1,-1) (2,4,5)
D (11,-1,-1) (3,3,3)
D (7,-1,-1) (3,1,2)
D (13,-1,-1) (1,3,3)
D (9,10,11) (3,0,4)
D (10,11,12) (5,4,2)
D (13,-1,-1) (0,5,0)
D (13,-1,-1) (0,2,0)
D (8,9,-1) (4,1,1)
D (8,9,10) (5,4,3)
D (9,10,-1) (4,4,0)
D (8,-1,-1) (5,2,3)
D (6,7,8) (0,2,1)
D (10,-1,-1) (1,5,1)
D (8,-1,-1) (4,0,2)
D (7,-1,-1) (0,5,5)
D (11,12,-1) (2,3,0)
D (13,-1,-1) (3,5,5)
D (8,9,-1) (0,4,0)
D (11,12,13) (3,1,1)
D (7,-1,-1) (3,3,2)
D (10,11,12) (5,5,0)
D (8,9,10) (3,2,2)
D (7,8,-1) (3,1,0)
D (9,10,11) (1,5,3)
D (11,12,13) (1,4,1)
D (13,-1,-1) (2,2,1)
D (12,-1,-1) (2,3,4)
D (12,13,-1) (1,0,2)
D (6,-1,-1) (4,3,0)
D (6,7,8) (2,5,5)
D (9,10,-1) (2,3,3)
D (6,-1,-1) (0,5,2)
D (11,12,-1) (5,1,0)
D (13,-1,-1) (2,5,4)
D (7,8,9) (4,1,3)
D (9,10,-1) (2,2,0)
D (10,11,12) (2,1,1)
D (9,-1,-1) (0,4,3)
D (12,-1,-1) (5,4,0)
D (6,7,-1) (2,0,3)
D (11,12,13) (0,5,4)
D (10,-1,-1) (4,3,2)
D (8,-1,-1) (2,1,0)
D (13,-1,-1) (4,1,2)
D (7,-1,-1) (3,0,5)
C 0 25
C 1 0
C 2 23
C 3 20
C 4 19
C 5 26
C 6 11
C 7 9
C 8 23
C 9 8
C 10 26
C 11 25
C 12 5
C 13 22
C 14 20
C 15 12
C 16 15
C 17 23
C 18 19
C 19 10
C 20 21
C 21 15
C 22 3
C 23 25
C 24 0
C 25 16
C 26 0
C 27 0
C 28 0
C 29 0
C 30 0
C 31 2
C 32 2
C 33 2
C 34 12
C 35 23
C 36 5
C 37 22
C 38 9
C 39 4
C 40 17
C 41 3
C 42 20
C 43 19
C 44 25
C 45 5
C 46 3
C 47 1
C 48 16
C 49 14
C 50 9
C 51 17
C 52 7
C 53 4
C 54 6
C 55 11
C 56 15
C 57 25
C 58 17
C 59 1
C 60 16
C 61 10
C 62 11
C 63 1
C 64 14
C 65 6
C 66 22
C 67 17
C 68 24
C 69 3
C 70 26
C 71 12
C 72 26
C 73 10
C 74 17
C 75 25
C 76 20
C 77 9
C 78 10
C 79 16
C 80 7
C 81 7
C 82 9
C 83 16
C 84 26
C 85 24
C 86 1
C 87 4
C 88 26
C 89 12
C 90 6
C 91 23
C 92 0
C 93 4
C 94 11
C 95 0
C 96 3
C 97 20
C 98 4
C 99 5
C 100 0
C 101 21
C 102 21
C 103 24
C 104 20
C 105 11
C 106 9
C 107 6
C 108 2
C 109 23
C 110 12
C 111 1
C 112 4
C 113 25
C 114 24
C 115 25
C 116 16
C 117 14
C 118 6
C 119 7
C 120 12
C 121 12
C 122 22
C 123 18
C 124 1
C 125 0
C 126 14
C 127 20
C 128 26
C 129 21
C 130 17
C 131 16
C 132 23
C 133 17
C 134 10
C 135 14
C 136 3
C 137 8
C 138 3
C 139 18
C 140 1
C 141 26
C 142 20
C 143 12
C 144 16
C 145 12
C 146 15
C 147 26
C 148 11
C 149 9
C 150 0
C 151 0
C 152 0
C 153 0
C 154 0
C 155 0
C 156 0
C 157 0
C 158 0
C 159 0
C 160 0
C 161 0
C 162 0
C 163 0
C 164 0
C 165 0
C 166 0
C 167 0
C 168 0
C 169 0
C 170 0
C 171 0
C 172 0
C 173 0
C 174 0
C 175 0
C 176 0
C 177 0
C 178 0
C 179 0
C 180 0
C 181 0
C 182 0
C 183 0
C 184 0
C 185 0
C 186 0
C 187 0
C 188 0
C 189 0
C 190 0
C 191 0
C 192 0
C 193 0
C 194 0
C 195 0
C 196 0
C 197 0
C 198 0
C 199 0
C 200 0
C 201 0
C 202 0
C 203 0
C 204 0
C 205 0
C 206 0
C 207 0
C 208 0
C 209 0
C 210 0
C 211 0
C 212 0
C 213 0
C 214 0
C 215 0
C 216 0
C 217 0
C 218 0
C 219 0
C 220 0
C 221 0
C 222 0
C 223 0
C 224 0
C 225 0
C 226 0
C 227 0
C 228 0
C 229 0
C 230 0
C 231 0
C 232 0
C 233 0
C 234 0
C 235 0
C 236 0
C 237 0
C 238 0
C 239 0
C 240 0
C 241 0
C 242 0
C 243 0
C 244 0
C 245 0
C 246 0
C 247 0
C 248 0
C 249 0
C 250 0
C 251 0
C 252 0
C 253 0
C 254 0
C 255 0
C 256 0
C 257 0
C 258 0
C 259 0
C 260 0
C 261 0
C 262 0
C 263 0
C 264 0
C 265 0
C 266 0
C 267 0
C 268 0
C 269 0
C 270 0
C 271 0
C 272 0
C 273 0
C 274 0
C 275 0
C 276 0
C 277 0
C 278 5
C 279 9
C 280 8
C 281 18
C 282 20
C 283 22
C 284 1
C 285 2
C 286 22
C 287 11
C 288 0
C 289 25
C 290 5
C 291 12
C 292 25
C 293 21
C 294 14
C 295 17
C 296 4
C 297 24
C 298 14
C 299 12
C 300 26
C 301 20
C 302 22
C 303 12
C 304 26
C 305 21
C 306 14
C 307 17
C 308 26
C 309 0
C 310 26
C 311 8
C 312 7
C 313 8
C 314 6
C 315 22
C 316 15
C 317 25
C 318 9
C 319 22
C 320 0
C 321 10
C 322 5
C 323 18
C 324 1
C 325 25
C 326 1
C 327 10
C 328 5
C 329 20
C 330 22
C 331 17
C 332 3
C 333 18
C 334 9
C 335 7
C 336 11
C 337 6
C 338 23
C 339 0
C 340 8
C 341 2
C 342 21
C 343 11
C 344 7
C 345 5
C 346 14
C 347 19
C 348 7
C 349 12
C 350 11
C 351 24
C 352 11
C 353 11
C 354 14
C 355 21
C 356 5
C 357 5
C 358 10
C 359 6
C 360 2
C 361 26
C 362 26
C 363 21
C 364 1
C 365 12
C 366 7
C 367 24
C 368 21
C 369 14
C 370 22
C 371 19
C 372 23
C 373 2
C 374 15
C 375 15
C 376 7
C 377 0
I 5 2 8 (2,3,3) (-1,-1,1,0)
I 0 1 14 (2,0,4) (-1,1,0,0)|(1,0,0,0)
I 3 3 2 (2,1,2) (1,0,1,0)|(1,0,1,0)
