D (9,10,11) (4,2,4)
D (7,8,9) (2,0,3)
D (7,8,9) (5,2,3)
D (13,-1,-1) (1,1,0)
D (9,-1,-1) (4,2,3)
D (7,-1,-1) (1,4,0)
D (12,13,-1) (1,0,4)
D (6,7,8) (3,5,1)
D (7,8,-1) (0,3,2)
D (11,12,13) (5,1,3)
D (7,8,9) (0,5,1)
D (6,7,8) (5,1,2)
D (10,11,12) (1,2,3)
D (9,10,-1) (2,3,0)
D (13,-1,-1) (2,0,4)
D (6,-1,-1) (0,2,4)
D (8,9,-1) (2,3,2)
D (6,-1,-1) (5,4,2)
D (6,7,8) (1,0,0)
D (12,-1,-1) (1,3,2)
D (12,13,-1) (4,0,2)
D (13,-1,-1) (2,5,1)
D (6,7,8) (2,4,4)
D (11,12,-1) (2,0,1)
D (8,9,-1) (0,5,2)
D (12,13,-1) (0,5,4)
D (6,7,-1) (5,0,5)
D (10,11,-1) (5,3,3)
D (7,8,-1) (2,4,0)
D (6,7,-1) (4,3,2)
D (11,12,-1) (2,2,5)
D (10,-1,-1) (1,2,0)
D (9,10,11) (5,0,2)
D (13,-1,-1) (4,4,2)
D (9,10,11) (0,4,4)
D (12,13,-1) (3,3,0)
D (9,10,11) (1,5,3)
D (12,-1,-1) (0,0,1)
D (7,-1,-1) (4,5,5)
D (6,-1,-1) (5,5,3)
D (13,-1,-1) (2,0,5)
D (13,-1,-1) (3,0,1)
D (8,9,10) (1,4,4)
D (12,13,-1) (0,3,3)
D (8,-1,-1) (5,4,1)
D (6,7,-1) (5,4,5)
D (6,7,8) (0,1,2)
D (6,7,8) (2,1,3)
D (12,-1,-1) (3,3,4)
D (12,-1,-1) (0,2,3)
D (13,-1,-1) (4,0,5)
D (12,13,-1) (0,4,3)
D (9,-1,-1) (0,2,1)
D (7,8,9) (3,2,0)
D (10,-1,-1) (2,2,0)
D (7,-1,-1) (5,5,4)
D (10,-1,-1) (5,2,2)
C 0 1
C 1 0
C 2 0
C 3 0
C 4 0
C 5 0
C 6 0
C 7 0
C 8 0
C 9 0
C 10 0
C 11 0
C 12 0
C 13 0
C 14 0
C 15 0
C 16 0
C 17 0
C 18 0
C 19 0
C 20 0
C 21 0
C 22 0
C 23 0
C 24 0
C 25 0
C 26 0
C 27 0
C 28 0
C 29 0
C 30 0
C 31 0
C 32 0
C 33 0
C 34 0
C 35 0
C 36 0
C 37 0
C 38 0
C 39 0
C 40 0
C 41 0
C 42 0
C 43 0
C 44 0
C 45 0
C 46 0
C 47 0
C 48 14
C 49 0
C 50 0
C 51 0
C 52 0
C 53 0
C 54 0
C 55 0
C 56 0
C 57 0
C 58 0
C 59 0
C 60 0
C 61 21
C 62 24
C 63 24
C 64 17
C 65 23
C 66 2
C 67 7
C 68 0
C 69 2
C 70 0
C 71 1
C 72 0
C 73 0
C 74 0
C 75 0
C 76 0
C 77 0
C 78 0
C 79 8
C 80 1
C 81 16
C 82 15
C 83 21
C 84 4
C 85 5
C 86 26
C 87 8
C 88 22
C 89 9
C 90 21
C 91 18
C 92 7
C 93 19
C 94 22
C 95 25
C 96 26
C 97 20
C 98 1
C 99 10
C 100 0
C 101 21
C 102 25
C 103 8
C 104 18
C 105 10
C 106 10
C 107 8
C 108 26
C 109 7
C 110 7
C 111 1
C 112 15
C 113 7
C 114 1
C 115 14
C 116 15
C 117 21
C 118 15
C 119 18
C 120 19
C 121 21
C 122 25
C 123 22
C 124 16
C 125 14
C 126 12
C 127 12
C 128 0
C 129 0
C 130 0
C 131 0
C 132 0
C 133 0
C 134 0
C 135 0
C 136 0
C 137 0
C 138 0
C 139 0
C 140 0
C 141 0
C 142 0
C 143 0
C 144 0
C 145 0
C 146 0
C 147 0
C 148 0
C 149 0
C 150 0
C 151 0
C 152 0
C 153 0
C 154 0
C 155 0
C 156 0
C 157 0
C 158 0
C 159 0
C 160 0
C 161 0
C 162 0
C 163 0
C 164 0
C 165 0
C 166 0
C 167 0
C 168 0
C 169 2
C 170 8
C 171 9
C 172 18
C 173 7
C 174 20
C 175 9
C 176 1
C 177 26
C 178 26
C 179 3
C 180 14
C 181 20
C 182 14
C 183 4
C 184 11
C 185 21
C 186 19
C 187 6
C 188 7
C 189 20
C 190 17
C 191 22
C 192 19
C 193 5
C 194 17
C 195 3
C 196 5
C 197 16
C 198 10
C 199 22
C 200 23
C 201 4
C 202 21
C 203 20
C 204 12
C 205 8
C 206 19
C 207 9
C 208 1
C 209 2
C 210 22
C 211 19
C 212 11
C 213 11
C 214 11
C 215 18
C 216 11
C 217 4
C 218 8
C 219 22
C 220 5
C 221 5
C 222 5
C 223 8
C 224 24
C 225 25
C 226 14
C 227 23
C 228 25
C 229 9
C 230 23
C 231 9
C 232 25
C 233 24
C 234 3
C 235 0
C 236 26
C 237 21
C 238 19
C 239 15
C 240 5
C 241 25
C 242 23
C 243 25
C 244 5
C 245 12
C 246 16
C 247 23
C 248 6
C 249 18
C 250 15
C 251 6
C 252 4
C 253 18
C 254 9
C 255 3
C 256 18
C 257 6
C 258 22
C 259 1
C 260 25
C 261 12
C 262 11
C 263 18
C 264 8
C 265 9
C 266 19
C 267 5
C 268 15
C 269 23
C 270 17
C 271 18
C 272 16
C 273 15
C 274 7
C 275 3
C 276 14
C 277 9
C 278 15
C 279 23
C 280 15
C 281 14
C 282 18
C 283 4
C 284 0
C 285 14
C 286 14
C 287 26
C 288 26
C 289 14
C 290 10
C 291 25
C 292 4
C 293 21
C 294 15
C 295 11
C 296 1
C 297 18
C 298 22
C 299 9
C 300 21
C 301 24
C 302 5
C 303 16
C 304 6
C 305 10
C 306 8
C 307 7
C 308 0
C 309 0
C 310 0
C 311 0
C 312 0
C 313 0
C 314 0
C 315 0
C 316 0
C 317 0
C 318 0
C 319 0
C 320 0
C 321 0
C 322 0
C 323 0
C 324 0
C 325 0
C 326 0
C 327 0
C 328 0
C 329 0
C 330 0
C 331 0
C 332 0
C 333 0
C 334 0
C 335 0
C 336 0
C 337 0
C 338 0
C 339 0
C 340 0
C 341 0
C 342 0
C 343 0
C 344 0
C 345 18
C 346 2
C 347 25
C 348 7
C 349 19
C 350 1
C 351 19
C 352 1
C 353 8
C 354 5
C 355 14
C 356 23
C 357 6
C 358 23
C 359 12
C 360 20
C 361 4
C 362 21
C 363 3
C 364 9
C 365 8
C 366 7
C 367 5
C 368 23
C 369 21
C 370 12
C 371 4
C 372 3
C 373 14
C 374 20
C 375 18
C 376 25
C 377 2
I 1 2 2 (0,0,4) (-1,0,0,0)
I 2 3 2 (4,1,1) (1,0,1,0)
I 0 1 1 (4,1,2) (-1,0,-1,0)|(1,-1,1,0)
