D (7,-1,-1) (3,4,0)
D (6,-1,-1) (3,1,1)
D (8,-1,-1) (4,4,4)
D (12,13,-1) (5,4,1)
D (7,8,9) (2,1,1)
D (12,13,-1) (5,5,1)
D (11,12,13) (5,1,4)
D (12,13,-1) (2,0,1)
D (13,-1,-1) (1,2,4)
D (8,9,-1) (4,1,1)
D (10,-1,-1) (0,3,2)
D (8,9,10) (2,3,5)
D (6,7,8) (0,4,3)
D (13,-1,-1) (3,5,1)
D (13,-1,-1) (3,3,0)
D (6,-1,-1) (1,3,0)
D (11,12,-1) (5,2,1)
D (10,-1,-1) (3,3,1)
D (9,-1,-1) (0,3,1)
D (9,10,-1) (1,4,4)
D (9,-1,-1) (5,2,3)
D (9,-1,-1) (1,0,0)
D (11,-1,-1) (2,1,0)
D (13,-1,-1) (1,2,0)
D (10,11,12) (0,0,2)
D (8,9,-1) (1,3,2)
D (7,-1,-1) (0,1,4)
D (8,9,10) (4,0,1)
D (6,7,-1) (4,2,4)
D (7,-1,-1) (4,4,5)
D (13,-1,-1) (0,1,5)
D (10,11,-1) (1,1,3)
D (13,-1,-1) (0,4,0)
D (9,-1,-1) (2,5,5)
D (8,9,10) (3,4,5)
D (13,-1,-1) (3,0,2)
D (11,12,13) (0,3,5)
D (6,-1,-1) (4,2,0)
D (10,-1,-1) (3,2,3)
D (10,11,12) (4,0,2)
D (8,9,10) (2,1,4)
D (13,-1,-1) (0,4,1)
D (9,10,-1) (1,3,3)
D (11,12,-1) (1,5,0)
D (11,12,13) (0,5,3)
C 0 8
C 1 11
C 2 24
C 3 2
C 4 12
C 5 0
C 6 0
C 7 0
C 8 0
C 9 0
C 10 0
C 11 0
C 12 0
C 13 0
C 14 0
C 15 0
C 16 0
C 17 0
C 18 0
C 19 0
C 20 0
C 21 0
C 22 0
C 23 0
C 24 0
C 25 0
C 26 0
C 27 0
C 28 0
C 29 0
C 30 0
C 31 0
C 32 0
C 33 0
C 34 0
C 35 0
C 36 0
C 37 0
C 38 0
C 39 0
C 40 0
C 41 0
C 42 0
C 43 0
C 44 0
C 45 0
C 46 0
C 47 0
C 48 0
C 49 0
C 50 0
C 51 0
C 52 9
C 53 15
C 54 19
C 55 6
C 56 20
C 57 11
C 58 26
C 59 0
C 60 6
C 61 26
C 62 12
C 63 21
C 64 4
C 65 15
C 66 8
C 67 2
C 68 5
C 69 14
C 70 0
C 71 9
C 72 1
C 73 10
C 74 25
C 75 16
C 76 14
C 77 8
C 78 3
C 79 8
C 80 11
C 81 22
C 82 25
C 83 4
C 84 21
C 85 4
C 86 16
C 87 20
C 88 21
C 89 7
C 90 18
C 91 9
C 92 4
C 93 19
C 94 14
C 95 26
C 96 16
C 97 4
C 98 14
C 99 17
C 100 25
C 101 15
C 102 11
C 103 20
C 104 11
C 105 16
C 106 18
C 107 10
C 108 7
C 109 25
C 110 10
C 111 21
C 112 16
C 113 0
C 114 21
C 115 3
C 116 20
C 117 14
C 118 1
C 119 7
C 120 20
C 121 7
C 122 9
C 123 8
C 124 17
C 125 20
C 126 1
C 127 16
C 128 25
C 129 24
C 130 20
C 131 18
C 132 0
C 133 1
C 134 3
C 135 2
C 136 17
C 137 25
C 138 22
C 139 15
C 140 17
C 141 23
C 142 5
C 143 20
C 144 8
C 145 21
C 146 7
C 147 4
C 148 10
C 149 2
C 150 2
C 151 18
C 152 2
C 153 17
C 154 18
C 155 9
C 156 14
C 157 2
C 158 19
C 159 10
C 160 1
C 161 6
C 162 0
C 163 1
C 164 0
C 165 23
C 166 5
C 167 6
C 168 0
C 169 18
C 170 21
C 171 9
C 172 6
C 173 20
C 174 10
C 175 4
C 176 11
C 177 14
C 178 11
C 179 1
C 180 4
C 181 4
C 182 4
C 183 21
C 184 17
C 185 11
C 186 11
C 187 23
C 188 2
C 189 16
C 190 2
C 191 25
C 192 8
C 193 2
C 194 8
C 195 22
C 196 2
C 197 7
C 198 26
C 199 9
C 200 10
C 201 20
C 202 21
C 203 17
C 204 16
C 205 25
C 206 5
C 207 4
C 208 22
C 209 20
C 210 11
C 211 22
C 212 14
C 213 4
C 214 23
C 215 11
C 216 14
C 217 5
C 218 26
C 219 25
C 220 0
C 221 5
C 222 23
C 223 23
C 224 11
C 225 6
C 226 25
C 227 6
C 228 21
C 229 10
C 230 10
C 231 8
C 232 3
C 233 7
C 234 9
C 235 21
C 236 25
C 237 15
C 238 12
C 239 10
C 240 11
C 241 24
C 242 15
C 243 19
C 244 8
C 245 20
C 246 26
C 247 9
C 248 10
C 249 4
C 250 21
C 251 15
C 252 0
C 253 10
C 254 18
C 255 1
C 256 7
C 257 19
C 258 5
C 259 18
C 260 3
C 261 20
C 262 6
C 263 5
C 264 25
C 265 12
C 266 0
C 267 10
C 268 0
C 269 26
C 270 8
C 271 14
C 272 1
C 273 6
C 274 21
C 275 2
C 276 25
C 277 20
C 278 7
C 279 17
C 280 21
C 281 3
C 282 5
C 283 18
C 284 0
C 285 0
C 286 0
C 287 0
C 288 0
C 289 0
C 290 0
C 291 0
C 292 0
C 293 0
C 294 0
C 295 0
C 296 0
C 297 0
C 298 0
C 299 0
C 300 0
C 301 0
C 302 0
C 303 0
C 304 0
C 305 0
C 306 0
C 307 0
C 308 0
C 309 0
C 310 0
C 311 0
C 312 0
C 313 0
C 314 0
C 315 0
C 316 0
C 317 0
C 318 0
C 319 0
C 320 0
C 321 0
C 322 0
C 323 0
C 324 0
C 325 0
C 326 0
C 327 0
C 328 0
C 329 0
C 330 0
C 331 0
C 332 0
C 333 0
C 334 0
C 335 0
C 336 0
C 337 0
C 338 0
C 339 0
C 340 0
C 341 0
C 342 0
C 343 0
C 344 0
C 345 0
C 346 0
C 347 0
C 348 0
C 349 0
C 350 0
C 351 0
C 352 0
C 353 0
C 354 0
C 355 0
C 356 0
C 357 0
C 358 0
C 359 0
C 360 0
C 361 0
C 362 0
C 363 0
C 364 0
C 365 0
C 366 0
C 367 0
C 368 0
C 369 0
C 370 0
C 371 0
C 372 0
C 373 0
C 374 0
C 375 0
C 376 0
C 377 14
I 0 1 15 (2,0,5) (-1,0,0,0)|(1,0,0,0)
I 0 1 13 (3,0,3) (0,1,1,0)|(1,-1,-1,0)
I 3 1 5 (1,3,0) (-1,0,0,0)
