D (9,10,11) (0,2,3)
D (8,-1,-1) (1,5,2)
D (11,12,13) (4,5,3)
D (8,-1,-1) (4,1,2)
D (6,7,-1) (5,1,1)
D (13,-1,-1) (2,5,5)
D (8,-1,-1) (5,2,2)
D (10,11,12) (3,1,5)
D (11,12,-1) (1,0,4)
D (13,-1,-1) (5,4,2)
D (11,12,13) (3,4,1)
D (13,-1,-1) (3,5,5)
D (11,-1,-1) (5,3,1)
D (10,-1,-1) (5,5,0)
D (13,-1,-1) (5,4,1)
D (7,8,9) (0,1,0)
D (8,-1,-1) (4,5,5)
D (10,11,12) (4,4,0)
D (10,11,12) (4,3,4)
D (8,9,10) (2,4,5)
D (13,-1,-1) (5,3,3)
D (13,-1,-1) (4,4,4)
D (13,-1,-1) (2,1,3)
D (9,10,-1) (1,2,3)
D (12,13,-1) (3,2,3)
D (7,8,9) (3,0,0)
D (11,12,13) (1,5,3)
D (10,11,12) (1,3,2)
D (7,8,9) (1,2,4)
D (8,-1,-1) (2,1,4)
D (9,13,-1) (4,4,3)
D (7,8,9) (1,4,4)
D (11,-1,-1) (2,0,0)
D (13,-1,-1) (3,4,5)
D (7,8,-1) (5,2,3)
D (7,8,9) (4,1,0)
D (7,-1,-1) (1,4,2)
D (7,8,-1) (1,3,1)
D (10,11,12) (1,3,5)
D (6,7,8) (0,1,3)
D (10,-1,-1) (0,1,1)
D (7,8,9) (1,4,5)
D (8,9,-1) (5,1,2)
D (9,-1,-1) (2,0,3)
D (12,13,-1) (0,5,5)
D (7,-1,-1) (3,3,0)
D (12,13,-1) (5,1,4)
D (6,7,8) (1,2,5)
C 0 16
C 1 2
C 2 21
C 3 5
C 4 21
C 5 6
C 6 8
C 7 24
C 8 1
C 9 1
C 10 22
C 11 17
C 12 6
C 13 24
C 14 24
C 15 3
C 16 11
C 17 8
C 18 9
C 19 7
C 20 0
C 21 24
C 22 12
C 23 2
C 24 17
C 25 11
C 26 19
C 27 6
C 28 8
C 29 23
C 30 7
C 31 19
C 32 10
C 33 19
C 34 5
C 35 1
C 36 22
C 37 5
C 38 3
C 39 0
C 40 1
C 41 20
C 42 21
C 43 6
C 44 9
C 45 1
C 46 6
C 47 8
C 48 0
C 49 5
C 50 25
C 51 4
C 52 5
C 53 25
C 54 17
C 55 19
C 56 11
C 57 12
C 58 17
C 59 14
C 60 0
C 61 21
C 62 1
C 63 22
C 64 17
C 65 17
C 66 11
C 67 3
C 68 25
C 69 10
C 70 2
C 71 6
C 72 19
C 73 23
C 74 3
C 75 20
C 76 7
C 77 12
C 78 11
C 79 20
C 80 10
C 81 1
C 82 23
C 83 22
C 84 11
C 85 16
C 86 6
C 87 21
C 88 20
C 89 3
C 90 9
C 91 26
C 92 17
C 93 12
C 94 18
C 95 3
C 96 0
C 97 0
C 98 0
C 99 0
C 100 0
C 101 0
C 102 0
C 103 0
C 104 0
C 105 0
C 106 0
C 107 0
C 108 0
C 109 0
C 110 0
C 111 0
C 112 0
C 113 0
C 114 0
C 115 0
C 116 0
C 117 0
C 118 0
C 119 0
C 120 0
C 121 0
C 122 0
C 123 0
C 124 0
C 125 0
C 126 0
C 127 0
C 128 10
C 129 16
C 130 9
C 131 5
C 132 14
C 133 5
C 134 12
C 135 26
C 136 26
C 137 6
C 138 22
C 139 20
C 140 22
C 141 25
C 142 0
C 143 25
C 144 21
C 145 25
C 146 5
C 147 24
C 148 26
C 149 7
C 150 12
C 151 4
C 152 1
C 153 21
C 154 16
C 155 2
C 156 14
C 157 21
C 158 8
C 159 9
C 160 12
C 161 15
C 162 16
C 163 12
C 164 0
C 165 23
C 166 23
C 167 23
C 168 7
C 169 18
C 170 1
C 171 10
C 172 11
C 173 22
C 174 25
C 175 23
C 176 3
C 177 6
C 178 2
C 179 8
C 180 8
C 181 0
C 182 16
C 183 19
C 184 20
C 185 16
C 186 7
C 187 6
C 188 16
C 189 24
C 190 1
C 191 5
C 192 19
C 193 8
C 194 21
C 195 6
C 196 8
C 197 5
C 198 0
C 199 1
C 200 26
C 201 24
C 202 3
C 203 10
C 204 8
C 205 19
C 206 21
C 207 8
C 208 19
C 209 9
C 210 17
C 211 10
C 212 0
C 213 11
C 214 5
C 215 9
C 216 23
C 217 10
C 218 5
C 219 17
C 220 22
C 221 8
C 222 4
C 223 6
C 224 20
C 225 3
C 226 15
C 227 17
C 228 19
C 229 4
C 230 15
C 231 16
C 232 6
C 233 23
C 234 19
C 235 17
C 236 18
C 237 12
C 238 16
C 239 18
C 240 22
C 241 0
C 242 3
C 243 21
C 244 26
C 245 17
C 246 7
C 247 0
C 248 3
C 249 0
C 250 18
C 251 25
C 252 4
C 253 10
C 254 8
C 255 15
C 256 2
C 257 22
C 258 4
C 259 23
C 260 10
C 261 21
C 262 10
C 263 1
C 264 9
C 265 1
C 266 9
C 267 2
C 268 9
C 269 19
C 270 15
C 271 9
C 272 26
C 273 1
C 274 8
C 275 14
C 276 6
C 277 7
C 278 25
C 279 9
C 280 26
C 281 17
C 282 7
C 283 11
C 284 18
C 285 5
C 286 8
C 287 8
C 288 3
C 289 22
C 290 26
C 291 26
C 292 23
C 293 12
C 294 6
C 295 22
C 296 19
C 297 22
C 298 18
C 299 12
C 300 5
C 301 20
C 302 5
C 303 3
C 304 19
C 305 18
C 306 18
C 307 7
C 308 0
C 309 22
C 310 6
C 311 21
C 312 24
C 313 14
C 314 0
C 315 9
C 316 9
C 317 15
C 318 7
C 319 0
C 320 14
C 321 18
C 322 1
C 323 19
C 324 6
C 325 15
C 326 23
C 327 10
C 328 1
C 329 11
C 330 0
C 331 24
C 332 3
C 333 12
C 334 12
C 335 26
C 336 6
C 337 24
C 338 3
C 339 23
C 340 6
C 341 24
C 342 14
C 343 17
C 344 23
C 345 14
C 346 7
C 347 8
C 348 6
C 349 10
C 350 22
C 351 12
C 352 7
C 353 20
C 354 3
C 355 25
C 356 22
C 357 15
C 358 0
C 359 17
C 360 16
C 361 19
C 362 23
C 363 3
C 364 14
C 365 9
C 366 7
C 367 19
C 368 23
C 369 7
C 370 25
C 371 10
C 372 9
C 373 0
C 374 18
C 375 21
C 376 15
C 377 1
I 4 3 6 (3,4,3) (-1,0,0,0)
I 5 3 15 (0,1,3) (-1,-1,0,0)|(1,1,1,0)
I 0 2 8 (0,1,2) (1,1,0,0)|(-1,-1,0,0)|(-1,1,-1,0)|(0,1,0,0)
