D (7,8,-1) (4,2,5)
D (13,-1,-1) (1,3,0)
D (10,11,12) (1,5,0)
D (9,10,11) (5,4,4)
D (9,-1,-1) (3,1,3)
D (6,7,8) (5,1,2)
D (11,12,13) (4,2,3)
D (13,-1,-1) (4,4,3)
D (11,12,-1) (3,5,0)
D (11,12,13) (2,1,5)
D (6,-1,-1) (1,3,2)
D (6,-1,-1) (3,4,5)
D (8,9,-1) (1,4,4)
D (8,9,-1) (0,4,5)
D (9,-1,-1) (4,3,1)
D (11,12,13) (3,0,1)
D (9,10,-1) (2,5,4)
D (12,13,-1) (1,0,2)
D (7,-1,-1) (4,1,4)
D (7,8,9) (5,3,3)
D (9,10,-1) (0,2,4)
D (6,7,8) (0,2,0)
D (7,8,-1) (5,5,4)
D (13,-1,-1) (4,0,1)
D (9,10,11) (2,5,3)
D (9,10,-1) (2,2,1)
D (8,-1,-1) (3,3,1)
D (12,13,-1) (0,0,5)
D (13,-1,-1) (1,0,5)
D (6,-1,-1) (1,5,1)
D (12,-1,-1) (5,5,0)
D (9,10,-1) (4,1,5)
D (12,-1,-1) (5,1,4)
D (8,9,-1) (0,5,4)
D (13,-1,-1) (2,0,5)
D (6,7,8) (5,4,5)
D (7,-1,-1) (1,1,4)
D (6,7,-1) (3,5,2)
D (12,-1,-1) (3,4,3)
D (7,8,13) (5,1,0)
D (12,13,-1) (4,3,5)
D (12,-1,-1) (3,4,0)
D (8,9,10) (0,1,2)
D (13,-1,-1) (3,4,1)
D (12,13,-1) (2,1,4)
D (13,-1,-1) (5,4,3)
D (12,13,-1) (5,0,0)
D (9,-1,-1) (3,4,2)
D (8,9,-1) (3,0,3)
D (11,12,-1) (5,0,1)
D (10,11,12) (3,0,4)
C 0 9
C 1 9
C 2 17
C 3 20
C 4 19
C 5 2
C 6 16
C 7 23
C 8 3
C 9 14
C 10 11
C 11 2
C 12 15
C 13 25
C 14 25
C 15 23
C 16 7
C 17 22
C 18 1
C 19 10
C 20 17
C 21 2
C 22 19
C 23 3
C 24 2
C 25 19
C 26 23
C 27 8
C 28 19
C 29 1
C 30 19
C 31 10
C 32 0
C 33 1
C 34 26
C 35 0
C 36 0
C 37 0
C 38 0
C 39 9
C 40 8
C 41 23
C 42 2
C 43 26
C 44 5
C 45 12
C 46 10
C 47 20
C 48 10
C 49 21
C 50 3
C 51 7
C 52 7
C 53 9
C 54 23
C 55 12
C 56 0
C 57 2
C 58 0
C 59 26
C 60 4
C 61 2
C 62 23
C 63 20
C 64 21
C 65 25
C 66 4
C 67 8
C 68 15
C 69 20
C 70 20
C 71 24
C 72 1
C 73 1
C 74 10
C 75 16
C 76 15
C 77 24
C 78 20
C 79 23
C 80 20
C 81 22
C 82 10
C 83 0
C 84 22
C 85 25
C 86 7
C 87 14
C 88 7
C 89 10
C 90 4
C 91 26
C 92 21
C 93 8
C 94 11
C 95 20
C 96 10
C 97 0
C 98 25
C 99 9
C 100 0
C 101 17
C 102 15
C 103 0
C 104 24
C 105 6
C 106 5
C 107 14
C 108 8
C 109 16
C 110 3
C 111 1
C 112 19
C 113 18
C 114 12
C 115 2
C 116 15
C 117 17
C 118 19
C 119 6
C 120 15
C 121 19
C 122 16
C 123 14
C 124 15
C 125 9
C 126 5
C 127 26
C 128 5
C 129 14
C 130 24
C 131 2
C 132 24
C 133 5
C 134 12
C 135 19
C 136 0
C 137 0
C 138 15
C 139 25
C 140 2
C 141 6
C 142 2
C 143 9
C 144 17
C 145 24
C 146 9
C 147 5
C 148 20
C 149 0
C 150 17
C 151 4
C 152 4
C 153 10
C 154 4
C 155 15
C 156 12
C 157 9
C 158 20
C 159 21
C 160 20
C 161 23
C 162 4
C 163 1
C 164 1
C 165 1
C 166 4
C 167 20
C 168 5
C 169 11
C 170 4
C 171 25
C 172 10
C 173 16
C 174 14
C 175 9
C 176 16
C 177 10
C 178 2
C 179 9
C 180 25
C 181 17
C 182 18
C 183 4
C 184 26
C 185 9
C 186 8
C 187 7
C 188 12
C 189 18
C 190 10
C 191 1
C 192 22
C 193 12
C 194 8
C 195 2
C 196 11
C 197 23
C 198 8
C 199 0
C 200 21
C 201 11
C 202 15
C 203 17
C 204 9
C 205 10
C 206 26
C 207 14
C 208 6
C 209 22
C 210 18
C 211 2
C 212 2
C 213 17
C 214 3
C 215 6
C 216 5
C 217 10
C 218 12
C 219 25
C 220 17
C 221 23
C 222 2
C 223 6
C 224 8
C 225 11
C 226 17
C 227 1
C 228 18
C 229 22
C 230 24
C 231 10
C 232 16
C 233 21
C 234 18
C 235 19
C 236 12
C 237 6
C 238 1
C 239 18
C 240 19
C 241 21
C 242 1
C 243 4
C 244 7
C 245 14
C 246 10
C 247 20
C 248 20
C 249 3
C 250 22
C 251 4
C 252 1
C 253 16
C 254 9
C 255 25
C 256 0
C 257 0
C 258 0
C 259 0
C 260 0
C 261 0
C 262 0
C 263 0
C 264 2
C 265 26
C 266 17
C 267 4
C 268 20
C 269 5
C 270 15
C 271 1
C 272 26
C 273 14
C 274 19
C 275 14
C 276 0
C 277 11
C 278 14
C 279 12
C 280 11
C 281 0
C 282 14
C 283 18
C 284 0
C 285 24
C 286 7
C 287 24
C 288 24
C 289 8
C 290 25
C 291 4
C 292 12
C 293 22
C 294 5
C 295 0
C 296 0
C 297 23
C 298 8
C 299 2
C 300 10
C 301 12
C 302 12
C 303 10
C 304 16
C 305 0
C 306 4
C 307 24
C 308 9
C 309 3
C 310 0
C 311 0
C 312 0
C 313 0
C 314 0
C 315 0
C 316 0
C 317 0
C 318 0
C 319 0
C 320 0
C 321 0
C 322 0
C 323 0
C 324 0
C 325 0
C 326 0
C 327 0
C 328 0
C 329 0
C 330 0
C 331 0
C 332 0
C 333 0
C 334 0
C 335 0
C 336 0
C 337 0
C 338 0
C 339 0
C 340 0
C 341 0
C 342 0
C 343 0
C 344 0
C 345 0
C 346 0
C 347 0
C 348 0
C 349 0
C 350 0
C 351 0
C 352 0
C 353 2
C 354 2
C 355 7
C 356 7
C 357 5
C 358 6
C 359 25
C 360 0
C 361 18
C 362 5
C 363 19
C 364 7
C 365 23
C 366 15
C 367 11
C 368 14
C 369 26
C 370 14
C 371 23
C 372 21
C 373 20
C 374 1
C 375 2
C 376 8
C 377 1
I 3 1 3 (5,1,1) (0,0,1,0)
I 1 1 11 (0,0,0) (0,1,1,0)
I 0 1 4 (0,1,1) (1,0,1,0)
