D (10,11,12) (2,0,5)
D (11,12,-1) (3,5,5)
D (9,10,-1) (4,3,5)
D (8,9,10) (4,4,3)
D (10,11,12) (1,0,5)
D (9,10,11) (1,3,4)
D (8,9,-1) (3,5,3)
D (10,11,-1) (5,2,5)
D (7,-1,-1) (4,5,4)
D (6,-1,-1) (2,5,5)
D (11,12,13) (4,5,2)
D (6,7,-1) (5,2,4)
D (9,10,11) (3,0,5)
D (6,-1,-1) (5,3,4)
D (9,10,11) (2,2,3)
D (9,10,11) (4,4,4)
D (12,13,-1) (2,3,0)
D (10,-1,-1) (2,0,2)
D (7,8,9) (3,1,5)
D (13,-1,-1) (4,1,0)
D (13,-1,-1) (2,3,5)
D (9,10,-1) (1,5,3)
D (12,13,-1) (2,2,2)
D (12,-1,-1) (5,5,4)
D (6,-1,-1) (4,2,1)
D (12,-1,-1) (4,1,2)
D (12,-1,-1) (2,4,4)
D (10,11,-1) (2,4,2)
D (6,-1,-1) (3,3,1)
D (11,12,-1) (1,3,2)
D (11,12,13) (1,3,3)
D (6,7,-1) (4,4,2)
D (11,12,13) (1,1,1)
D (10,11,12) (1,0,1)
D (8,-1,-1) (1,2,3)
D (6,-1,-1) (0,4,2)
D (7,8,9) (4,3,2)
D (13,-1,-1) (0,5,4)
D (7,-1,-1) (5,5,0)
D (8,9,-1) (1,3,0)
D (12,13,-1) (3,2,0)
D (7,8,-1) (4,1,4)
D (6,7,-1) (2,1,1)
D (13,-1,-1) (0,3,5)
D (8,9,-1) (1,3,1)
D (6,-1,-1) (4,4,1)
D (12,-1,-1) (4,2,2)
D (7,-1,-1) (3,5,1)
D (6,-1,-1) (1,4,4)
C 0 26
C 1 4
C 2 20
C 3 4
C 4 22
C 5 14
C 6 22
C 7 19
C 8 4
C 9 21
C 10 4
C 11 15
C 12 0
C 13 18
C 14 21
C 15 11
C 16 4
C 17 21
C 18 5
C 19 0
C 20 25
C 21 22
C 22 17
C 23 4
C 24 7
C 25 9
C 26 11
C 27 8
C 28 6
C 29 26
C 30 21
C 31 19
C 32 17
C 33 23
C 34 22
C 35 12
C 36 2
C 37 7
C 38 7
C 39 24
C 40 0
C 41 23
C 42 20
C 43 16
C 44 6
C 45 1
C 46 0
C 47 0
C 48 0
C 49 0
C 50 0
C 51 0
C 52 0
C 53 0
C 54 0
C 55 1
C 56 0
C 57 18
C 58 16
C 59 4
C 60 24
C 61 15
C 62 18
C 63 23
C 64 24
C 65 7
C 66 17
C 67 23
C 68 22
C 69 25
C 70 8
C 71 0
C 72 11
C 73 9
C 74 2
C 75 22
C 76 16
C 77 26
C 78 5
C 79 24
C 80 17
C 81 17
C 82 6
C 83 15
C 84 2
C 85 19
C 86 7
C 87 6
C 88 2
C 89 0
C 90 21
C 91 5
C 92 26
C 93 8
C 94 25
C 95 23
C 96 1
C 97 17
C 98 0
C 99 23
C 100 9
C 101 1
C 102 4
C 103 10
C 104 26
C 105 25
C 106 7
C 107 0
C 108 0
C 109 0
C 110 0
C 111 0
C 112 0
C 113 0
C 114 0
C 115 0
C 116 0
C 117 0
C 118 0
C 119 0
C 120 0
C 121 0
C 122 0
C 123 0
C 124 0
C 125 0
C 126 0
C 127 0
C 128 0
C 129 0
C 130 0
C 131 0
C 132 0
C 133 0
C 134 0
C 135 0
C 136 0
C 137 0
C 138 0
C 139 0
C 140 0
C 141 0
C 142 0
C 143 0
C 144 0
C 145 0
C 146 0
C 147 0
C 148 0
C 149 0
C 150 0
C 151 0
C 152 0
C 153 0
C 154 0
C 155 0
C 156 0
C 157 0
C 158 0
C 159 0
C 160 0
C 161 0
C 162 0
C 163 0
C 164 0
C 165 0
C 166 0
C 167 0
C 168 0
C 169 0
C 170 0
C 171 0
C 172 0
C 173 0
C 174 0
C 175 0
C 176 0
C 177 0
C 178 0
C 179 0
C 180 0
C 181 0
C 182 0
C 183 0
C 184 0
C 185 0
C 186 0
C 187 0
C 188 0
C 189 0
C 190 0
C 191 0
C 192 0
C 193 0
C 194 0
C 195 0
C 196 0
C 197 0
C 198 0
C 199 0
C 200 0
C 201 0
C 202 0
C 203 0
C 204 0
C 205 0
C 206 0
C 207 0
C 208 0
C 209 0
C 210 0
C 211 0
C 212 0
C 213 0
C 214 0
C 215 0
C 216 5
C 217 23
C 218 16
C 219 19
C 220 18
C 221 7
C 222 26
C 223 17
C 224 7
C 225 22
C 226 8
C 227 3
C 228 5
C 229 8
C 230 16
C 231 6
C 232 8
C 233 8
C 234 23
C 235 6
C 236 4
C 237 11
C 238 25
C 239 10
C 240 14
C 241 6
C 242 15
C 243 26
C 244 21
C 245 25
C 246 9
C 247 17
C 248 0
C 249 0
C 250 4
C 251 19
C 252 14
C 253 25
C 254 5
C 255 0
C 256 0
C 257 0
C 258 0
C 259 0
C 260 0
C 261 0
C 262 0
C 263 0
C 264 0
C 265 0
C 266 0
C 267 0
C 268 0
C 269 0
C 270 0
C 271 0
C 272 0
C 273 7
C 274 0
C 275 0
C 276 0
C 277 0
C 278 0
C 279 0
C 280 0
C 281 0
C 282 0
C 283 0
C 284 0
C 285 0
C 286 23
C 287 8
C 288 10
C 289 23
C 290 10
C 291 14
C 292 20
C 293 12
C 294 9
C 295 8
C 296 7
C 297 10
C 298 10
C 299 20
C 300 26
C 301 22
C 302 14
C 303 26
C 304 23
C 305 16
C 306 18
C 307 14
C 308 15
C 309 19
C 310 8
C 311 20
C 312 19
C 313 0
C 314 18
C 315 15
C 316 16
C 317 25
C 318 24
C 319 23
C 320 4
C 321 23
C 322 24
C 323 21
C 324 9
C 325 5
C 326 11
C 327 14
C 328 2
C 329 21
C 330 15
C 331 1
C 332 8
C 333 8
C 334 24
C 335 9
C 336 2
C 337 8
C 338 26
C 339 21
C 340 12
C 341 23
C 342 25
C 343 2
C 344 24
C 345 18
C 346 10
C 347 23
C 348 4
C 349 21
C 350 20
C 351 6
C 352 10
C 353 21
C 354 6
C 355 3
C 356 21
C 357 3
C 358 11
C 359 17
C 360 1
C 361 4
C 362 18
C 363 24
C 364 6
C 365 11
C 366 22
C 367 22
C 368 7
C 369 10
C 370 25
C 371 16
C 372 12
C 373 4
C 374 16
C 375 4
C 376 14
C 377 17
I 2 2 13 (2,1,5) (0,0,-1,0)
I 5 1 17 (1,3,5) (0,0,1,0)
I 2 1 1 (0,3,4) (1,-1,1,0)
