D (7,8,9) (0,4,1)
D (12,-1,-1) (4,5,4)
D (13,-1,-1) (1,4,4)
D (10,11,-1) (4,0,5)
D (6,7,-1) (2,0,0)
D (7,8,-1) (2,2,5)
D (10,11,-1) (4,1,2)
D (9,10,-1) (5,0,4)
D (11,12,-1) (1,5,5)
D (13,-1,-1) (1,4,3)
D (11,12,-1) (1,2,5)
D (6,7,-1) (5,2,0)
D (9,10,11) (4,2,2)
D (12,-1,-1) (3,5,3)
D (12,13,-1) (5,3,4)
D (7,8,-1) (4,2,1)
D (8,9,-1) (3,2,5)
D (13,-1,-1) (4,5,3)
D (7,-1,-1) (0,2,1)
D (11,12,-1) (3,0,4)
D (8,9,10) (5,5,4)
D (8,9,10) (4,1,3)
D (8,9,10) (2,4,0)
D (9,-1,-1) (3,5,0)
D (7,8,9) (5,5,5)
D (13,-1,-1) (5,1,5)
D (6,7,8) (2,3,0)
D (11,12,13) (3,2,4)
D (11,12,13) (4,1,4)
D (7,8,-1) (3,4,2)
D (9,10,11) (2,5,4)
D (7,8,9) (0,4,0)
D (9,10,-1) (1,3,5)
D (13,-1,-1) (1,1,4)
D (10,11,-1) (5,1,4)
D (6,-1,-1) (0,5,5)
D (6,7,-1) (4,1,0)
D (9,10,11) (2,0,2)
D (12,13,-1) (5,4,5)
D (8,-1,-1) (3,3,5)
D (8,-1,-1) (2,1,1)
D (6,7,-1) (0,0,3)
D (7,8,9) (1,0,4)
D (9,10,-1) (0,5,1)
D (12,-1,-1) (3,2,0)
D (6,7,-1) (0,3,4)
D (7,-1,-1) (1,5,3)
D (8,-1,-1) (2,3,5)
D (9,10,11) (0,1,1)
D (10,11,-1) (3,3,1)
D (8,-1,-1) (2,4,5)
D (11,12,-1) (3,0,2)
D (10,11,12) (4,4,4)
D (11,-1,-1) (2,1,0)
D (12,13,-1) (0,5,0)
D (9,10,11) (3,0,5)
D (12,-1,-1) (2,0,4)
D (6,-1,-1) (0,3,5)
D (7,-1,-1) (0,5,3)
D (10,11,-1) (4,3,1)
D (7,8,-1) (2,1,4)
D (6,7,-1) (1,5,0)
D (6,7,-1) (0,2,5)
D (8,9,-1) (0,5,4)
D (9,10,11) (4,4,0)
D (9,10,11) (0,0,4)
D (7,-1,-1) (3,1,1)
D (6,7,-1) (3,3,2)
D (12,-1,-1) (2,0,1)
D (13,-1,-1) (5,4,2)
D (12,13,-1) (4,4,1)
D (11,-1,-1) (1,2,1)
D (13,-1,-1) (1,0,2)
D (13,-1,-1) (4,5,2)
D (9,10,11) (1,3,4)
D (6,7,8) (2,2,0)
D (11,12,13) (5,0,0)
D (11,12,13) (3,4,3)
D (9,-1,-1) (4,0,1)
D (9,10,-1) (4,2,3)
D (11,12,13) (3,0,1)
D (10,11,12) (5,3,0)
D (13,-1,-1) (1,0,1)
D (10,11,-1) (3,2,2)
D (10,11,-1) (2,4,1)
C 0 9
C 1 11
C 2 22
C 3 2
C 4 6
C 5 0
C 6 19
C 7 15
C 8 9
C 9 14
C 10 14
C 11 1
C 12 9
C 13 14
C 14 17
C 15 16
C 16 19
C 17 25
C 18 9
C 19 1
C 20 14
C 21 7
C 22 10
C 23 7
C 24 23
C 25 11
C 26 23
C 27 5
C 28 23
C 29 9
C 30 25
C 31 20
C 32 8
C 33 21
C 34 18
C 35 6
C 36 8
C 37 21
C 38 24
C 39 0
C 40 21
C 41 23
C 42 19
C 43 23
C 44 2
C 45 18
C 46 7
C 47 7
C 48 0
C 49 26
C 50 20
C 51 5
C 52 4
C 53 24
C 54 9
C 55 11
C 56 19
C 57 18
C 58 24
C 59 14
C 60 2
C 61 7
C 62 23
C 63 23
C 64 24
C 65 25
C 66 0
C 67 0
C 68 0
C 69 0
C 70 0
C 71 0
C 72 0
C 73 0
C 74 0
C 75 0
C 76 0
C 77 0
C 78 0
C 79 0
C 80 0
C 81 0
C 82 0
C 83 0
C 84 0
C 85 0
C 86 0
C 87 0
C 88 0
C 89 0
C 90 0
C 91 4
C 92 19
C 93 22
C 94 12
C 95 5
C 96 10
C 97 26
C 98 26
C 99 4
C 100 24
C 101 3
C 102 17
C 103 5
C 104 25
C 105 12
C 106 0
C 107 0
C 108 0
C 109 0
C 110 0
C 111 0
C 112 0
C 113 0
C 114 0
C 115 0
C 116 0
C 117 0
C 118 0
C 119 0
C 120 0
C 121 0
C 122 0
C 123 0
C 124 0
C 125 0
C 126 0
C 127 0
C 128 0
C 129 0
C 130 0
C 131 0
C 132 0
C 133 5
C 134 25
C 135 20
C 136 15
C 137 17
C 138 15
C 139 21
C 140 16
C 141 0
C 142 0
C 143 0
C 144 0
C 145 0
C 146 0
C 147 0
C 148 0
C 149 0
C 150 0
C 151 0
C 152 0
C 153 0
C 154 0
C 155 0
C 156 0
C 157 0
C 158 0
C 159 0
C 160 0
C 161 0
C 162 0
C 163 0
C 164 0
C 165 0
C 166 0
C 167 6
C 168 4
C 169 17
C 170 6
C 171 9
C 172 14
C 173 2
C 174 10
C 175 26
C 176 6
C 177 3
C 178 6
C 179 21
C 180 7
C 181 14
C 182 20
C 183 17
C 184 5
C 185 5
C 186 26
C 187 2
C 188 11
C 189 9
C 190 25
C 191 25
C 192 25
C 193 18
C 194 8
C 195 12
C 196 9
C 197 3
C 198 1
C 199 24
C 200 19
C 201 0
C 202 7
C 203 3
C 204 15
C 205 26
C 206 3
C 207 10
C 208 8
C 209 0
C 210 0
C 211 0
C 212 0
C 213 0
C 214 0
C 215 0
C 216 0
C 217 0
C 218 0
C 219 0
C 220 0
C 221 0
C 222 0
C 223 0
C 224 0
C 225 0
C 226 0
C 227 0
C 228 0
C 229 0
C 230 0
C 231 0
C 232 0
C 233 0
C 234 0
C 235 0
C 236 0
C 237 0
C 238 0
C 239 0
C 240 0
C 241 0
C 242 0
C 243 0
C 244 0
C 245 0
C 246 0
C 247 0
C 248 0
C 249 0
C 250 0
C 251 0
C 252 0
C 253 0
C 254 0
C 255 0
C 256 0
C 257 0
C 258 0
C 259 0
C 260 0
C 261 0
C 262 0
C 263 0
C 264 0
C 265 0
C 266 0
C 267 0
C 268 0
C 269 0
C 270 0
C 271 0
C 272 0
C 273 0
C 274 0
C 275 0
C 276 0
C 277 0
C 278 0
C 279 0
C 280 0
C 281 0
C 282 0
C 283 0
C 284 0
C 285 0
C 286 0
C 287 0
C 288 0
C 289 0
C 290 0
C 291 0
C 292 0
C 293 0
C 294 0
C 295 0
C 296 0
C 297 0
C 298 0
C 299 0
C 300 0
C 301 0
C 302 0
C 303 0
C 304 0
C 305 0
C 306 0
C 307 0
C 308 0
C 309 0
C 310 0
C 311 0
C 312 0
C 313 0
C 314 0
C 315 0
C 316 0
C 317 0
C 318 0
C 319 0
C 320 0
C 321 0
C 322 0
C 323 0
C 324 0
C 325 0
C 326 0
C 327 0
C 328 0
C 329 0
C 330 0
C 331 0
C 332 0
C 333 0
C 334 0
C 335 0
C 336 0
C 337 0
C 338 0
C 339 0
C 340 0
C 341 0
C 342 0
C 343 0
C 344 0
C 345 0
C 346 0
C 347 16
C 348 8
C 349 21
C 350 8
C 351 18
C 352 0
C 353 7
C 354 19
C 355 12
C 356 15
C 357 10
C 358 23
C 359 19
C 360 25
C 361 1
C 362 15
C 363 6
C 364 19
C 365 4
C 366 23
C 367 12
C 368 24
C 369 0
C 370 21
C 371 3
C 372 0
C 373 22
C 374 20
C 375 25
C 376 8
C 377 24
I 5 2 8 (0,2,1) (-1,0,-1,0)
I 0 1 12 (4,5,0) (-1,-1,0,0)
