D (13,-1,-1) (0,4,4)
D (10,11,12) (4,5,3)
D (13,-1,-1) (2,3,2)
D (7,-1,-1) (5,0,2)
D (9,10,-1) (0,2,1)
D (13,-1,-1) (0,0,1)
D (11,12,-1) (4,5,1)
D (6,7,8) (1,1,2)
D (12,13,-1) (3,0,4)
D (7,8,9) (4,2,4)
D (11,-1,-1) (3,2,2)
D (13,-1,-1) (3,1,0)
D (10,11,-1) (1,2,3)
D (12,13,-1) (5,0,4)
D (7,8,-1) (2,0,4)
D (12,13,-1) (4,3,2)
D (10,11,12) (1,1,1)
D (11,-1,-1) (0,0,5)
D (13,-1,-1) (4,0,1)
D (7,-1,-1) (2,3,0)
D (11,12,-1) (2,0,1)
D (13,-1,-1) (3,3,0)
D (9,-1,-1) (2,5,1)
D (6,-1,-1) (5,5,2)
D (13,-1,-1) (3,1,5)
D (12,13,-1) (5,1,1)
D (8,-1,-1) (4,3,0)
D (9,-1,-1) (0,2,3)
D (12,13,-1) (1,4,1)
D (7,-1,-1) (5,5,1)
D (6,7,8) (4,3,3)
D (9,-1,-1) (2,1,0)
D (8,9,10) (0,4,5)
D (7,-1,-1) (3,5,3)
D (13,-1,-1) (2,2,5)
D (9,10,-1) (4,1,2)
D (13,-1,-1) (2,0,3)
D (11,12,-1) (3,0,1)
D (9,10,-1) (1,1,4)
D (9,10,11) (0,1,2)
D (12,13,-1) (1,3,2)
D (6,-1,-1) (2,2,4)
C 0 10
C 1 5
C 2 14
C 3 25
C 4 6
C 5 0
C 6 18
C 7 16
C 8 18
C 9 15
C 10 20
C 11 19
C 12 18
C 13 12
C 14 3
C 15 3
C 16 4
C 17 10
C 18 3
C 19 11
C 20 11
C 21 20
C 22 25
C 23 24
C 24 22
C 25 9
C 26 17
C 27 26
C 28 16
C 29 23
C 30 10
C 31 24
C 32 17
C 33 10
C 34 19
C 35 8
C 36 24
C 37 24
C 38 23
C 39 0
C 40 0
C 41 0
C 42 0
C 43 0
C 44 0
C 45 0
C 46 0
C 47 0
C 48 0
C 49 0
C 50 0
C 51 0
C 52 0
C 53 0
C 54 0
C 55 0
C 56 0
C 57 0
C 58 0
C 59 0
C 60 0
C 61 0
C 62 0
C 63 0
C 64 0
C 65 0
C 66 0
C 67 0
C 68 0
C 69 0
C 70 0
C 71 0
C 72 0
C 73 0
C 74 0
C 75 0
C 76 0
C 77 26
C 78 0
C 79 0
C 80 0
C 81 0
C 82 0
C 83 0
C 84 0
C 85 0
C 86 0
C 87 0
C 88 0
C 89 0
C 90 0
C 91 0
C 92 0
C 93 0
C 94 0
C 95 0
C 96 0
C 97 0
C 98 0
C 99 0
C 100 0
C 101 0
C 102 0
C 103 0
C 104 0
C 105 0
C 106 0
C 107 0
C 108 0
C 109 0
C 110 0
C 111 0
C 112 0
C 113 0
C 114 0
C 115 0
C 116 0
C 117 0
C 118 0
C 119 0
C 120 0
C 121 0
C 122 0
C 123 0
C 124 0
C 125 0
C 126 0
C 127 0
C 128 0
C 129 0
C 130 0
C 131 0
C 132 0
C 133 0
C 134 0
C 135 0
C 136 7
C 137 22
C 138 2
C 139 12
C 140 7
C 141 6
C 142 21
C 143 18
C 144 0
C 145 19
C 146 25
C 147 16
C 148 1
C 149 22
C 150 21
C 151 14
C 152 1
C 153 11
C 154 1
C 155 3
C 156 14
C 157 25
C 158 1
C 159 25
C 160 16
C 161 14
C 162 0
C 163 3
C 164 11
C 165 17
C 166 14
C 167 9
C 168 0
C 169 18
C 170 18
C 171 11
C 172 18
C 173 14
C 174 10
C 175 0
C 176 16
C 177 10
C 178 0
C 179 2
C 180 21
C 181 17
C 182 21
C 183 2
C 184 22
C 185 26
C 186 17
C 187 23
C 188 16
C 189 6
C 190 3
C 191 3
C 192 26
C 193 7
C 194 18
C 195 1
C 196 0
C 197 2
C 198 4
C 199 6
C 200 0
C 201 7
C 202 12
C 203 1
C 204 25
C 205 5
C 206 3
C 207 17
C 208 9
C 209 20
C 210 7
C 211 4
C 212 9
C 213 1
C 214 22
C 215 24
C 216 21
C 217 22
C 218 11
C 219 8
C 220 20
C 221 1
C 222 5
C 223 19
C 224 1
C 225 21
C 226 16
C 227 2
C 228 17
C 229 3
C 230 15
C 231 19
C 232 6
C 233 19
C 234 19
C 235 20
C 236 16
C 237 20
C 238 6
C 239 12
C 240 21
C 241 1
C 242 21
C 243 23
C 244 0
C 245 7
C 246 17
C 247 8
C 248 2
C 249 22
C 250 17
C 251 16
C 252 11
C 253 16
C 254 10
C 255 17
C 256 2
C 257 24
C 258 22
C 259 12
C 260 7
C 261 2
C 262 0
C 263 12
C 264 20
C 265 23
C 266 23
C 267 26
C 268 16
C 269 20
C 270 6
C 271 14
C 272 15
C 273 21
C 274 5
C 275 1
C 276 17
C 277 19
C 278 16
C 279 26
C 280 16
C 281 12
C 282 23
C 283 24
C 284 2
C 285 6
C 286 6
C 287 8
C 288 1
C 289 6
C 290 8
C 291 9
C 292 22
C 293 6
C 294 3
C 295 12
C 296 22
C 297 25
C 298 8
C 299 20
C 300 17
C 301 19
C 302 24
C 303 0
C 304 25
C 305 0
C 306 2
C 307 11
C 308 10
C 309 26
C 310 15
C 311 0
C 312 3
C 313 12
C 314 5
C 315 0
C 316 19
C 317 21
C 318 2
C 319 14
C 320 11
C 321 14
C 322 5
C 323 20
C 324 21
C 325 7
C 326 23
C 327 23
C 328 0
C 329 0
C 330 0
C 331 0
C 332 0
C 333 0
C 334 0
C 335 0
C 336 0
C 337 0
C 338 0
C 339 0
C 340 0
C 341 0
C 342 0
C 343 0
C 344 0
C 345 0
C 346 0
C 347 0
C 348 0
C 349 0
C 350 0
C 351 0
C 352 0
C 353 0
C 354 0
C 355 0
C 356 0
C 357 0
C 358 8
C 359 26
C 360 3
C 361 10
C 362 21
C 363 7
C 364 2
C 365 25
C 366 19
C 367 23
C 368 0
C 369 22
C 370 19
C 371 0
C 372 3
C 373 11
C 374 8
C 375 23
C 376 24
C 377 9
I 0 1 20 (2,1,4) (1,1,-1,0)|(0,0,-1,0)
I 4 1 1 (4,3,3) (-1,1,1,0)
I 3 2 9 (2,5,1) (1,0,0,0)
