D (10,11,-1) (4,2,1)
D (10,-1,-1) (0,5,3)
D (13,-1,-1) (2,2,3)
D (6,7,-1) (4,5,4)
D (12,13,-1) (4,0,1)
D (11,12,13) (1,0,0)
D (13,-1,-1) (1,5,0)
D (10,-1,-1) (0,3,5)
D (11,12,-1) (2,1,0)
D (12,13,-1) (1,0,1)
D (12,13,-1) (0,4,1)
D (9,10,11) (2,4,4)
D (11,12,13) (2,4,0)
D (11,-1,-1) (5,1,3)
D (13,-1,-1) (2,3,2)
D (13,-1,-1) (1,4,4)
D (13,-1,-1) (5,0,1)
D (11,12,-1) (3,1,1)
D (11,12,13) (0,4,5)
D (12,13,-1) (1,2,0)
D (10,-1,-1) (3,0,4)
D (6,7,-1) (2,2,5)
D (11,12,13) (1,1,4)
D (13,-1,-1) (3,4,3)
D (7,8,9) (0,1,4)
D (8,9,-1) (2,5,0)
D (12,-1,-1) (1,5,1)
D (11,12,-1) (3,0,5)
D (10,11,12) (3,1,2)
D (10,11,12) (5,0,2)
D (12,13,-1) (3,1,5)
D (8,9,10) (4,2,5)
D (8,9,-1) (4,1,5)
D (10,11,12) (2,0,2)
D (7,8,9) (1,2,2)
D (9,10,-1) (0,0,2)
D (12,13,-1) (5,3,1)
D (12,13,-1) (4,5,0)
D (6,7,-1) (1,5,2)
D (13,-1,-1) (5,1,4)
D (9,-1,-1) (0,2,3)
D (13,-1,-1) (5,2,1)
D (10,-1,-1) (1,1,3)
D (6,7,-1) (4,4,3)
D (7,8,-1) (4,2,2)
C 0 23
C 1 14
C 2 25
C 3 4
C 4 25
C 5 3
C 6 4
C 7 26
C 8 26
C 9 15
C 10 9
C 11 0
C 12 10
C 13 5
C 14 26
C 15 1
C 16 14
C 17 12
C 18 1
C 19 10
C 20 0
C 21 22
C 22 10
C 23 14
C 24 20
C 25 6
C 26 3
C 27 22
C 28 16
C 29 4
C 30 18
C 31 19
C 32 11
C 33 26
C 34 3
C 35 14
C 36 20
C 37 22
C 38 0
C 39 4
C 40 17
C 41 21
C 42 10
C 43 11
C 44 2
C 45 0
C 46 0
C 47 24
C 48 11
C 49 15
C 50 9
C 51 15
C 52 23
C 53 16
C 54 18
C 55 19
C 56 3
C 57 22
C 58 19
C 59 9
C 60 0
C 61 2
C 62 20
C 63 20
C 64 6
C 65 17
C 66 0
C 67 16
C 68 1
C 69 25
C 70 15
C 71 6
C 72 18
C 73 22
C 74 0
C 75 14
C 76 23
C 77 21
C 78 20
C 79 4
C 80 4
C 81 2
C 82 16
C 83 3
C 84 9
C 85 16
C 86 21
C 87 26
C 88 4
C 89 3
C 90 9
C 91 4
C 92 21
C 93 0
C 94 26
C 95 14
C 96 4
C 97 5
C 98 5
C 99 19
C 100 1
C 101 21
C 102 23
C 103 17
C 104 12
C 105 10
C 106 20
C 107 26
C 108 12
C 109 26
C 110 9
C 111 9
C 112 24
C 113 22
C 114 1
C 115 0
C 116 17
C 117 6
C 118 5
C 119 20
C 120 1
C 121 3
C 122 8
C 123 16
C 124 16
C 125 1
C 126 7
C 127 9
C 128 2
C 129 18
C 130 25
C 131 17
C 132 15
C 133 0
C 134 17
C 135 10
C 136 20
C 137 2
C 138 4
C 139 10
C 140 11
C 141 24
C 142 11
C 143 17
C 144 19
C 145 4
C 146 10
C 147 9
C 148 5
C 149 24
C 150 1
C 151 2
C 152 9
C 153 16
C 154 4
C 155 1
C 156 17
C 157 6
C 158 1
C 159 14
C 160 17
C 161 19
C 162 22
C 163 12
C 164 5
C 165 17
C 166 16
C 167 7
C 168 24
C 169 3
C 170 5
C 171 12
C 172 11
C 173 1
C 174 16
C 175 12
C 176 11
C 177 23
C 178 14
C 179 19
C 180 6
C 181 8
C 182 19
C 183 0
C 184 19
C 185 22
C 186 20
C 187 7
C 188 19
C 189 2
C 190 16
C 191 25
C 192 4
C 193 18
C 194 26
C 195 23
C 196 2
C 197 9
C 198 0
C 199 7
C 200 1
C 201 21
C 202 21
C 203 6
C 204 7
C 205 0
C 206 20
C 207 5
C 208 1
C 209 17
C 210 4
C 211 14
C 212 19
C 213 23
C 214 20
C 215 22
C 216 23
C 217 0
C 218 0
C 219 0
C 220 0
C 221 0
C 222 0
C 223 10
C 224 8
C 225 10
C 226 0
C 227 16
C 228 23
C 229 24
C 230 18
C 231 6
C 232 16
C 233 11
C 234 12
C 235 17
C 236 10
C 237 19
C 238 9
C 239 9
C 240 4
C 241 2
C 242 26
C 243 3
C 244 26
C 245 23
C 246 10
C 247 21
C 248 2
C 249 8
C 250 7
C 251 16
C 252 20
C 253 9
C 254 18
C 255 6
C 256 23
C 257 26
C 258 18
C 259 17
C 260 5
C 261 3
C 262 18
C 263 20
C 264 18
C 265 26
C 266 10
C 267 25
C 268 15
C 269 7
C 270 26
C 271 19
C 272 6
C 273 22
C 274 3
C 275 16
C 276 6
C 277 22
C 278 24
C 279 2
C 280 24
C 281 18
C 282 14
C 283 22
C 284 7
C 285 8
C 286 20
C 287 7
C 288 5
C 289 17
C 290 24
C 291 16
C 292 25
C 293 2
C 294 21
C 295 16
C 296 15
C 297 4
C 298 2
C 299 1
C 300 0
C 301 6
C 302 9
C 303 14
C 304 1
C 305 24
C 306 10
C 307 6
C 308 15
C 309 18
C 310 22
C 311 15
C 312 8
C 313 9
C 314 7
C 315 18
C 316 25
C 317 15
C 318 19
C 319 15
C 320 22
C 321 10
C 322 23
C 323 25
C 324 16
C 325 7
C 326 5
C 327 9
C 328 25
C 329 18
C 330 21
C 331 22
C 332 25
C 333 25
C 334 18
C 335 4
C 336 23
C 337 7
C 338 7
C 339 16
C 340 10
C 341 21
C 342 18
C 343 24
C 344 26
C 345 21
C 346 5
C 347 18
C 348 5
C 349 10
C 350 8
C 351 14
C 352 11
C 353 17
C 354 9
C 355 24
C 356 17
C 357 2
C 358 18
C 359 22
C 360 25
C 361 15
C 362 12
C 363 20
C 364 6
C 365 10
C 366 10
C 367 9
C 368 8
C 369 22
C 370 1
C 371 5
C 372 4
C 373 8
C 374 19
C 375 5
C 376 2
C 377 15
I 0 1 14 (1,0,3) (1,1,1,0)|(-1,0,0,0)
I 3 2 20 (5,1,4) (0,1,0,0)
I 3 1 13 (2,2,0) (1,0,-1,0)|(0,0,-1,0)|(0,1,-1,0)
