D (13,-1,-1) (2,5,4)
D (13,-1,-1) (0,4,5)
D (6,7,-1) (5,5,2)
D (8,-1,-1) (4,3,4)
D (13,-1,-1) (4,4,4)
D (6,7,8) (1,5,1)
D (10,11,-1) (0,4,4)
D (7,-1,-1) (1,1,2)
D (10,11,-1) (1,0,0)
D (8,9,-1) (1,1,3)
D (11,12,13) (3,4,1)
D (13,-1,-1) (0,2,3)
D (9,10,-1) (4,5,5)
D (6,7,8) (2,5,3)
D (7,-1,-1) (4,3,3)
D (11,-1,-1) (0,3,5)
D (6,7,8) (5,3,2)
D (9,-1,-1) (4,5,4)
D (13,-1,-1) (2,0,5)
D (9,10,11) (5,1,1)
D (8,9,10) (2,0,4)
D (9,10,-1) (4,2,3)
D (10,-1,-1) (0,5,1)
D (10,11,12) (3,5,1)
D (12,13,-1) (4,5,3)
D (12,13,-1) (0,4,1)
D (12,13,-1) (1,0,4)
D (7,8,9) (5,0,2)
D (6,13,-1) (3,3,4)
D (9,10,11) (4,4,5)
D (10,11,12) (0,3,4)
D (10,11,-1) (2,0,1)
D (9,10,-1) (2,4,5)
D (13,-1,-1) (2,2,1)
D (8,-1,-1) (5,3,3)
D (10,11,12) (0,2,5)
D (9,10,-1) (0,2,2)
D (13,-1,-1) (4,0,0)
D (12,13,-1) (1,0,1)
D (13,-1,-1) (4,5,1)
D (11,12,-1) (1,0,2)
D (6,7,-1) (1,1,4)
D (11,9,-1) (5,5,5)
D (13,-1,-1) (4,3,2)
D (6,-1,-1) (2,0,2)
C 0 9
C 1 12
C 2 4
C 3 8
C 4 11
C 5 21
C 6 16
C 7 21
C 8 6
C 9 17
C 10 4
C 11 10
C 12 11
C 13 0
C 14 22
C 15 18
C 16 11
C 17 23
C 18 12
C 19 6
C 20 24
C 21 19
C 22 17
C 23 10
C 24 0
C 25 9
C 26 5
C 27 26
C 28 20
C 29 0
C 30 10
C 31 4
C 32 22
C 33 15
C 34 1
C 35 17
C 36 6
C 37 17
C 38 20
C 39 21
C 40 1
C 41 24
C 42 3
C 43 5
C 44 20
C 45 5
C 46 0
C 47 20
C 48 3
C 49 6
C 50 2
C 51 7
C 52 10
C 53 21
C 54 9
C 55 7
C 56 14
C 57 16
C 58 7
C 59 1
C 60 20
C 61 14
C 62 25
C 63 24
C 64 3
C 65 10
C 66 20
C 67 3
C 68 6
C 69 6
C 70 1
C 71 23
C 72 14
C 73 16
C 74 20
C 75 17
C 76 9
C 77 23
C 78 7
C 79 15
C 80 24
C 81 7
C 82 6
C 83 16
C 84 17
C 85 15
C 86 9
C 87 15
C 88 2
C 89 15
C 90 23
C 91 10
C 92 6
C 93 9
C 94 1
C 95 3
C 96 16
C 97 15
C 98 8
C 99 24
C 100 3
C 101 15
C 102 15
C 103 15
C 104 11
C 105 9
C 106 26
C 107 6
C 108 9
C 109 26
C 110 8
C 111 25
C 112 9
C 113 15
C 114 25
C 115 26
C 116 23
C 117 8
C 118 24
C 119 26
C 120 21
C 121 2
C 122 21
C 123 26
C 124 12
C 125 5
C 126 8
C 127 17
C 128 16
C 129 26
C 130 25
C 131 23
C 132 10
C 133 0
C 134 5
C 135 7
C 136 8
C 137 1
C 138 20
C 139 1
C 140 24
C 141 4
C 142 15
C 143 11
C 144 26
C 145 0
C 146 26
C 147 3
C 148 7
C 149 24
C 150 22
C 151 12
C 152 11
C 153 6
C 154 3
C 155 18
C 156 6
C 157 26
C 158 16
C 159 2
C 160 16
C 161 2
C 162 21
C 163 23
C 164 0
C 165 26
C 166 22
C 167 0
C 168 23
C 169 0
C 170 5
C 171 19
C 172 0
C 173 26
C 174 19
C 175 20
C 176 16
C 177 4
C 178 18
C 179 0
C 180 12
C 181 17
C 182 11
C 183 4
C 184 23
C 185 18
C 186 11
C 187 25
C 188 3
C 189 23
C 190 1
C 191 23
C 192 2
C 193 12
C 194 15
C 195 19
C 196 15
C 197 22
C 198 3
C 199 2
C 200 25
C 201 2
C 202 9
C 203 19
C 204 2
C 205 22
C 206 9
C 207 8
C 208 11
C 209 12
C 210 19
C 211 25
C 212 10
C 213 1
C 214 14
C 215 18
C 216 24
C 217 15
C 218 8
C 219 14
C 220 14
C 221 21
C 222 19
C 223 8
C 224 1
C 225 4
C 226 15
C 227 20
C 228 9
C 229 16
C 230 14
C 231 6
C 232 3
C 233 7
C 234 21
C 235 11
C 236 11
C 237 11
C 238 17
C 239 7
C 240 24
C 241 19
C 242 22
C 243 8
C 244 19
C 245 19
C 246 25
C 247 25
C 248 0
C 249 24
C 250 25
C 251 15
C 252 14
C 253 15
C 254 15
C 255 22
C 256 21
C 257 22
C 258 19
C 259 11
C 260 8
C 261 21
C 262 7
C 263 15
C 264 5
C 265 18
C 266 12
C 267 16
C 268 11
C 269 14
C 270 9
C 271 22
C 272 18
C 273 24
C 274 18
C 275 21
C 276 20
C 277 5
C 278 16
C 279 17
C 280 6
C 281 22
C 282 18
C 283 12
C 284 7
C 285 22
C 286 12
C 287 14
C 288 8
C 289 20
C 290 24
C 291 24
C 292 17
C 293 8
C 294 11
C 295 4
C 296 4
C 297 24
C 298 9
C 299 5
C 300 24
C 301 11
C 302 11
C 303 23
C 304 1
C 305 9
C 306 17
C 307 12
C 308 25
C 309 18
C 310 4
C 311 23
C 312 1
C 313 7
C 314 3
C 315 10
C 316 9
C 317 21
C 318 14
C 319 12
C 320 21
C 321 21
C 322 1
C 323 4
C 324 9
C 325 16
C 326 2
C 327 17
C 328 9
C 329 16
C 330 11
C 331 22
C 332 21
C 333 1
C 334 9
C 335 5
C 336 5
C 337 11
C 338 5
C 339 14
C 340 11
C 341 1
C 342 23
C 343 9
C 344 14
C 345 5
C 346 15
C 347 12
C 348 11
C 349 12
C 350 8
C 351 11
C 352 22
C 353 22
C 354 1
C 355 11
C 356 7
C 357 1
C 358 18
C 359 12
C 360 15
C 361 9
C 362 14
C 363 3
C 364 2
C 365 4
C 366 24
C 367 20
C 368 9
C 369 12
C 370 23
C 371 25
C 372 23
C 373 12
C 374 23
C 375 1
C 376 7
C 377 2
I 4 3 7 (1,3,3) (0,1,1,0)|(1,1,0,0)
I 0 1 18 (2,3,3) (-1,1,1,0)|(0,1,0,0)
I 5 2 16 (3,3,1) (0,-1,0,0)
