D (11,12,-1) (5,3,0)
D (7,8,-1) (5,5,1)
D (8,-1,-1) (4,3,1)
D (13,-1,-1) (5,5,3)
D (13,-1,-1) (3,5,5)
D (8,9,-1) (1,0,1)
D (6,7,8) (0,1,1)
D (10,11,12) (1,0,2)
D (11,12,-1) (4,0,0)
D (7,8,9) (0,0,2)
D (10,11,-1) (1,5,1)
D (8,-1,-1) (3,2,2)
D (7,8,9) (4,1,4)
D (6,-1,-1) (4,2,3)
D (11,-1,-1) (2,5,4)
D (8,9,10) (4,4,0)
D (6,-1,-1) (4,2,5)
D (8,-1,-1) (4,5,3)
D (7,8,9) (2,2,3)
D (6,-1,-1) (5,4,1)
D (6,7,8) (5,4,4)
D (7,8,9) (4,4,3)
D (9,10,-1) (3,3,5)
D (7,-1,-1) (1,0,5)
D (6,7,-1) (4,0,5)
D (6,7,-1) (3,5,2)
D (13,-1,-1) (5,2,1)
D (13,-1,-1) (1,2,0)
D (9,10,11) (3,2,1)
D (6,7,8) (2,4,4)
D (13,-1,-1) (0,2,1)
D (9,-1,-1) (3,1,1)
D (13,-1,-1) (3,0,2)
D (8,9,10) (3,2,4)
D (9,-1,-1) (4,1,3)
D (12,13,-1) (5,1,5)
D (6,7,8) (4,2,4)
D (10,-1,-1) (0,4,2)
D (6,7,8) (0,2,4)
D (11,12,13) (2,1,3)
D (13,-1,-1) (0,3,0)
D (10,-1,-1) (4,5,1)
D (9,-1,-1) (3,1,0)
D (7,8,9) (5,1,2)
D (9,-1,-1) (0,5,4)
D (8,-1,-1) (3,4,2)
D (10,-1,-1) (5,0,0)
D (12,13,-1) (1,1,2)
D (6,7,8) (4,5,0)
D (11,12,-1) (2,3,4)
D (8,9,10) (4,2,1)
D (6,7,8) (2,0,3)
D (7,-1,-1) (5,4,0)
D (6,-1,-1) (5,2,5)
D (11,12,-1) (1,1,4)
D (11,12,13) (4,3,5)
D (6,7,8) (1,1,3)
D (11,12,-1) (2,3,0)
D (11,-1,-1) (5,4,5)
D (9,10,11) (2,0,5)
D (12,-1,-1) (2,3,5)
D (11,-1,-1) (5,3,1)
D (11,-1,-1) (3,2,5)
D (10,-1,-1) (0,1,2)
D (6,7,-1) (5,3,4)
D (12,13,-1) (2,5,3)
D (8,9,-1) (2,0,2)
D (7,8,9) (0,1,0)
D (6,-1,-1) (2,0,4)
D (9,10,-1) (3,3,0)
D (8,9,-1) (2,3,2)
D (10,11,12) (2,4,2)
D (13,-1,-1) (0,5,2)
D (12,-1,-1) (0,1,4)
D (7,-1,-1) (3,5,0)
D (6,7,-1) (1,3,4)
D (7,8,9) (1,0,4)
D (7,8,9) (0,0,4)
D (12,13,-1) (3,1,3)
D (7,-1,-1) (5,0,3)
D (8,-1,-1) (2,1,5)
D (7,10,-1) (5,0,1)
D (6,7,-1) (1,4,4)
C 0 23
C 1 21
C 2 24
C 3 6
C 4 26
C 5 15
C 6 16
C 7 17
C 8 5
C 9 12
C 10 4
C 11 10
C 12 10
C 13 4
C 14 18
C 15 5
C 16 11
C 17 18
C 18 1
C 19 0
C 20 0
C 21 0
C 22 0
C 23 0
C 24 0
C 25 0
C 26 0
C 27 0
C 28 0
C 29 0
C 30 1
C 31 0
C 32 15
C 33 14
C 34 14
C 35 20
C 36 11
C 37 17
C 38 9
C 39 17
C 40 2
C 41 24
C 42 15
C 43 21
C 44 26
C 45 20
C 46 26
C 47 2
C 48 0
C 49 11
C 50 15
C 51 10
C 52 19
C 53 19
C 54 16
C 55 8
C 56 26
C 57 12
C 58 7
C 59 9
C 60 11
C 61 17
C 62 16
C 63 5
C 64 10
C 65 4
C 66 26
C 67 10
C 68 25
C 69 23
C 70 17
C 71 3
C 72 26
C 73 20
C 74 24
C 75 0
C 76 26
C 77 16
C 78 22
C 79 15
C 80 8
C 81 7
C 82 0
C 83 0
C 84 0
C 85 0
C 86 0
C 87 0
C 88 0
C 89 0
C 90 0
C 91 0
C 92 0
C 93 0
C 94 0
C 95 0
C 96 0
C 97 0
C 98 0
C 99 0
C 100 0
C 101 0
C 102 0
C 103 0
C 104 0
C 105 0
C 106 0
C 107 0
C 108 0
C 109 0
C 110 0
C 111 0
C 112 0
C 113 0
C 114 0
C 115 0
C 116 0
C 117 0
C 118 0
C 119 0
C 120 0
C 121 0
C 122 0
C 123 0
C 124 0
C 125 0
C 126 0
C 127 0
C 128 0
C 129 0
C 130 0
C 131 0
C 132 0
C 133 0
C 134 0
C 135 0
C 136 0
C 137 0
C 138 0
C 139 0
C 140 0
C 141 0
C 142 0
C 143 0
C 144 0
C 145 0
C 146 0
C 147 0
C 148 0
C 149 0
C 150 0
C 151 0
C 152 0
C 153 0
C 154 0
C 155 0
C 156 0
C 157 0
C 158 0
C 159 0
C 160 0
C 161 0
C 162 0
C 163 0
C 164 0
C 165 0
C 166 0
C 167 0
C 168 0
C 169 0
C 170 0
C 171 0
C 172 0
C 173 0
C 174 0
C 175 0
C 176 0
C 177 0
C 178 0
C 179 0
C 180 0
C 181 0
C 182 0
C 183 0
C 184 0
C 185 0
C 186 0
C 187 0
C 188 0
C 189 0
C 190 0
C 191 0
C 192 0
C 193 0
C 194 0
C 195 0
C 196 0
C 197 0
C 198 0
C 199 0
C 200 0
C 201 0
C 202 0
C 203 0
C 204 0
C 205 0
C 206 0
C 207 0
C 208 0
C 209 0
C 210 0
C 211 0
C 212 0
C 213 0
C 214 0
C 215 0
C 216 0
C 217 0
C 218 0
C 219 0
C 220 0
C 221 0
C 222 0
C 223 0
C 224 0
C 225 0
C 226 0
C 227 0
C 228 0
C 229 0
C 230 0
C 231 0
C 232 0
C 233 0
C 234 0
C 235 0
C 236 0
C 237 0
C 238 0
C 239 0
C 240 0
C 241 0
C 242 0
C 243 0
C 244 0
C 245 0
C 246 0
C 247 0
C 248 0
C 249 0
C 250 0
C 251 0
C 252 0
C 253 0
C 254 0
C 255 0
C 256 0
C 257 0
C 258 0
C 259 0
C 260 0
C 261 0
C 262 0
C 263 0
C 264 0
C 265 0
C 266 0
C 267 0
C 268 0
C 269 0
C 270 0
C 271 0
C 272 0
C 273 0
C 274 0
C 275 0
C 276 0
C 277 0
C 278 0
C 279 0
C 280 0
C 281 0
C 282 0
C 283 0
C 284 0
C 285 0
C 286 0
C 287 0
C 288 0
C 289 0
C 290 0
C 291 0
C 292 0
C 293 0
C 294 0
C 295 0
C 296 0
C 297 0
C 298 0
C 299 0
C 300 0
C 301 0
C 302 0
C 303 0
C 304 0
C 305 0
C 306 0
C 307 0
C 308 0
C 309 0
C 310 0
C 311 0
C 312 0
C 313 0
C 314 0
C 315 0
C 316 0
C 317 0
C 318 0
C 319 0
C 320 0
C 321 0
C 322 0
C 323 0
C 324 0
C 325 0
C 326 0
C 327 12
C 328 6
C 329 24
C 330 17
C 331 2
C 332 1
C 333 16
C 334 4
C 335 5
C 336 26
C 337 9
C 338 26
C 339 12
C 340 17
C 341 17
C 342 7
C 343 12
C 344 19
C 345 15
C 346 19
C 347 6
C 348 4
C 349 17
C 350 17
C 351 26
C 352 6
C 353 9
C 354 22
C 355 14
C 356 15
C 357 18
C 358 6
C 359 11
C 360 18
C 361 17
C 362 23
C 363 21
C 364 24
C 365 2
C 366 4
C 367 20
C 368 20
C 369 18
C 370 7
C 371 24
C 372 12
C 373 10
C 374 11
C 375 19
C 376 5
C 377 3
I 0 2 9 (3,4,4) (1,0,0,0)
I 4 3 16 (4,1,1) (0,0,-1,0)
I 0 2 3 (3,0,2) (0,1,1,0)
