D (7,8,-1) (2,1,0)
D (9,-1,-1) (1,3,3)
D (9,-1,-1) (1,5,1)
D (13,-1,-1) (0,2,5)
D (9,-1,-1) (5,5,3)
D (8,9,-1) (4,2,1)
D (11,12,13) (1,2,1)
D (7,-1,-1) (1,2,4)
D (7,8,9) (0,1,0)
D (10,11,12) (2,3,5)
D (10,11,-1) (2,0,0)
D (8,-1,-1) (0,0,5)
D (12,13,-1) (3,5,4)
D (11,12,13) (5,3,5)
D (8,-1,-1) (1,1,5)
D (12,13,-1) (4,1,3)
D (7,8,-1) (0,1,3)
D (6,-1,-1) (3,0,0)
D (8,9,-1) (5,3,3)
D (7,8,9) (0,4,3)
D (10,11,-1) (4,4,1)
D (6,7,8) (0,5,3)
D (9,-1,-1) (3,5,0)
D (7,8,9) (3,0,5)
D (8,9,10) (4,2,5)
D (13,-1,-1) (1,5,0)
D (7,8,9) (5,0,2)
D (7,8,-1) (0,3,4)
D (13,9,10) (0,3,3)
D (8,-1,-1) (3,3,1)
D (7,8,-1) (4,5,3)
D (11,12,13) (5,0,5)
D (10,11,12) (0,0,0)
D (6,7,8) (5,4,2)
D (6,-1,-1) (3,3,4)
D (11,-1,-1) (1,3,4)
D (12,13,-1) (1,1,2)
D (6,-1,-1) (0,3,2)
D (10,11,12) (4,1,2)
D (6,7,8) (2,4,1)
D (9,10,11) (3,0,1)
D (9,-1,-1) (4,4,2)
D (8,9,10) (4,1,5)
D (10,8,-1) (2,1,4)
D (13,-1,-1) (1,0,0)
D (8,9,-1) (0,5,2)
D (6,-1,-1) (0,2,3)
D (9,10,11) (5,0,4)
D (8,9,-1) (5,3,0)
C 0 12
C 1 7
C 2 6
C 3 19
C 4 22
C 5 7
C 6 15
C 7 19
C 8 4
C 9 2
C 10 26
C 11 1
C 12 18
C 13 6
C 14 24
C 15 19
C 16 6
C 17 2
C 18 3
C 19 24
C 20 10
C 21 14
C 22 23
C 23 1
C 24 9
C 25 3
C 26 3
C 27 2
C 28 15
C 29 7
C 30 15
C 31 6
C 32 4
C 33 12
C 34 14
C 35 17
C 36 15
C 37 0
C 38 8
C 39 1
C 40 23
C 41 17
C 42 20
C 43 26
C 44 9
C 45 26
C 46 23
C 47 6
C 48 8
C 49 8
C 50 22
C 51 8
C 52 18
C 53 20
C 54 10
C 55 25
C 56 19
C 57 7
C 58 16
C 59 4
C 60 2
C 61 26
C 62 6
C 63 25
C 64 22
C 65 21
C 66 26
C 67 19
C 68 11
C 69 24
C 70 7
C 71 20
C 72 21
C 73 0
C 74 0
C 75 0
C 76 0
C 77 0
C 78 0
C 79 4
C 80 6
C 81 26
C 82 3
C 83 6
C 84 8
C 85 5
C 86 4
C 87 5
C 88 8
C 89 6
C 90 11
C 91 0
C 92 18
C 93 6
C 94 1
C 95 9
C 96 6
C 97 18
C 98 10
C 99 9
C 100 18
C 101 1
C 102 23
C 103 16
C 104 3
C 105 12
C 106 10
C 107 6
C 108 1
C 109 11
C 110 18
C 111 5
C 112 4
C 113 5
C 114 3
C 115 14
C 116 17
C 117 24
C 118 3
C 119 2
C 120 21
C 121 22
C 122 5
C 123 24
C 124 6
C 125 15
C 126 24
C 127 26
C 128 6
C 129 9
C 130 23
C 131 0
C 132 8
C 133 18
C 134 21
C 135 22
C 136 14
C 137 21
C 138 20
C 139 8
C 140 24
C 141 24
C 142 20
C 143 5
C 144 18
C 145 0
C 146 20
C 147 2
C 148 5
C 149 9
C 150 18
C 151 4
C 152 12
C 153 10
C 154 17
C 155 0
C 156 10
C 157 2
C 158 25
C 159 9
C 160 26
C 161 2
C 162 3
C 163 25
C 164 0
C 165 0
C 166 0
C 167 0
C 168 0
C 169 0
C 170 0
C 171 0
C 172 0
C 173 0
C 174 0
C 175 0
C 176 0
C 177 0
C 178 0
C 179 0
C 180 0
C 181 0
C 182 0
C 183 0
C 184 0
C 185 0
C 186 0
C 187 0
C 188 0
C 189 0
C 190 0
C 191 0
C 192 0
C 193 0
C 194 0
C 195 0
C 196 0
C 197 0
C 198 0
C 199 0
C 200 0
C 201 0
C 202 0
C 203 0
C 204 0
C 205 0
C 206 0
C 207 0
C 208 0
C 209 0
C 210 0
C 211 0
C 212 0
C 213 0
C 214 0
C 215 0
C 216 0
C 217 0
C 218 0
C 219 0
C 220 0
C 221 0
C 222 0
C 223 0
C 224 0
C 225 0
C 226 0
C 227 0
C 228 0
C 229 0
C 230 0
C 231 0
C 232 0
C 233 0
C 234 0
C 235 0
C 236 0
C 237 0
C 238 0
C 239 0
C 240 0
C 241 0
C 242 0
C 243 0
C 244 0
C 245 0
C 246 0
C 247 0
C 248 0
C 249 0
C 250 0
C 251 0
C 252 0
C 253 0
C 254 0
C 255 0
C 256 0
C 257 0
C 258 0
C 259 0
C 260 0
C 261 0
C 262 0
C 263 0
C 264 0
C 265 0
C 266 0
C 267 0
C 268 0
C 269 0
C 270 0
C 271 0
C 272 0
C 273 0
C 274 0
C 275 0
C 276 0
C 277 0
C 278 0
C 279 0
C 280 0
C 281 0
C 282 0
C 283 0
C 284 0
C 285 0
C 286 0
C 287 0
C 288 0
C 289 0
C 290 0
C 291 0
C 292 0
C 293 0
C 294 0
C 295 0
C 296 0
C 297 0
C 298 0
C 299 0
C 300 0
C 301 0
C 302 0
C 303 0
C 304 2
C 305 8
C 306 11
C 307 14
C 308 14
C 309 3
C 310 10
C 311 12
C 312 15
C 313 8
C 314 21
C 315 15
C 316 26
C 317 23
C 318 12
C 319 23
C 320 22
C 321 0
C 322 4
C 323 26
C 324 16
C 325 17
C 326 5
C 327 4
C 328 20
C 329 12
C 330 15
C 331 23
C 332 15
C 333 8
C 334 10
C 335 9
C 336 11
C 337 21
C 338 24
C 339 21
C 340 26
C 341 16
C 342 3
C 343 24
C 344 19
C 345 14
C 346 2
C 347 18
C 348 15
C 349 0
C 350 16
C 351 22
C 352 23
C 353 10
C 354 5
C 355 19
C 356 12
C 357 22
C 358 14
C 359 20
C 360 5
C 361 1
C 362 26
C 363 21
C 364 25
C 365 0
C 366 25
C 367 18
C 368 22
C 369 14
C 370 9
C 371 1
C 372 10
C 373 10
C 374 9
C 375 7
C 376 25
C 377 17
I 3 3 20 (0,0,2) (1,0,-1,0)
I 0 1 12 (5,5,2) (0,-1,0,0)
I 0 3 2 (1,0,1) (1,0,0,0)|(-1,0,-1,0)|(-1,0,-1,0)|(-1,1,1,0)
