D (7,8,-1) (5,2,1)
D (9,10,-1) (2,5,5)
D (8,9,-1) (4,5,4)
D (10,11,-1) (2,2,1)
D (13,-1,-1) (3,0,2)
D (6,-1,-1) (2,1,0)
D (10,11,12) (1,5,3)
D (9,-1,-1) (1,0,0)
D (10,11,-1) (0,3,5)
D (6,7,8) (4,2,1)
D (11,12,13) (3,1,2)
D (11,12,13) (1,5,1)
D (11,-1,-1) (0,4,4)
D (6,7,-1) (0,4,5)
D (12,13,-1) (1,2,2)
D (9,10,-1) (3,1,3)
D (12,13,-1) (4,2,5)
D (12,13,-1) (1,5,4)
D (6,7,8) (5,2,0)
D (13,-1,-1) (0,1,1)
D (9,-1,-1) (0,4,3)
D (7,8,9) (1,0,3)
D (9,10,-1) (3,5,2)
D (7,8,9) (2,1,2)
D (11,12,13) (3,2,4)
D (12,13,-1) (3,5,0)
D (12,13,-1) (0,3,3)
D (12,-1,-1) (4,4,2)
D (13,-1,-1) (5,5,5)
D (9,10,11) (1,2,3)
D (8,9,-1) (1,1,3)
D (13,-1,-1) (3,5,3)
D (9,10,11) (2,0,0)
D (8,-1,-1) (1,2,5)
D (12,-1,-1) (3,5,1)
D (6,7,-1) (0,0,1)
D (7,8,9) (3,1,1)
D (8,-1,-1) (4,0,0)
D (11,-1,-1) (2,1,5)
D (8,9,-1) (5,4,0)
D (13,-1,-1) (3,5,4)
D (12,13,-1) (4,5,0)
D (8,9,-1) (4,2,4)
D (7,8,9) (2,3,0)
D (12,-1,-1) (3,2,3)
D (7,-1,-1) (0,1,0)
D (9,10,-1) (0,4,2)
D (9,10,11) (5,3,4)
D (13,-1,-1) (0,4,0)
D (12,-1,-1) (3,2,5)
D (7,8,-1) (5,2,2)
C 0 17
C 1 21
C 2 26
C 3 7
C 4 2
C 5 6
C 6 19
C 7 5
C 8 26
C 9 22
C 10 26
C 11 21
C 12 14
C 13 9
C 14 26
C 15 3
C 16 8
C 17 6
C 18 16
C 19 17
C 20 6
C 21 0
C 22 12
C 23 16
C 24 15
C 25 5
C 26 11
C 27 8
C 28 21
C 29 5
C 30 3
C 31 9
C 32 3
C 33 10
C 34 23
C 35 8
C 36 23
C 37 3
C 38 5
C 39 14
C 40 24
C 41 22
C 42 18
C 43 6
C 44 4
C 45 4
C 46 12
C 47 9
C 48 5
C 49 9
C 50 1
C 51 14
C 52 8
C 53 3
C 54 22
C 55 8
C 56 6
C 57 19
C 58 3
C 59 11
C 60 26
C 61 17
C 62 3
C 63 24
C 64 8
C 65 22
C 66 5
C 67 9
C 68 12
C 69 2
C 70 5
C 71 4
C 72 18
C 73 11
C 74 12
C 75 7
C 76 5
C 77 4
C 78 22
C 79 19
C 80 14
C 81 15
C 82 12
C 83 25
C 84 12
C 85 22
C 86 16
C 87 4
C 88 16
C 89 4
C 90 23
C 91 4
C 92 10
C 93 7
C 94 18
C 95 4
C 96 19
C 97 7
C 98 26
C 99 8
C 100 17
C 101 15
C 102 19
C 103 21
C 104 23
C 105 25
C 106 20
C 107 9
C 108 22
C 109 7
C 110 12
C 111 19
C 112 22
C 113 18
C 114 7
C 115 24
C 116 15
C 117 17
C 118 12
C 119 9
C 120 14
C 121 4
C 122 10
C 123 21
C 124 22
C 125 8
C 126 20
C 127 17
C 128 18
C 129 8
C 130 11
C 131 14
C 132 19
C 133 16
C 134 24
C 135 20
C 136 15
C 137 14
C 138 4
C 139 12
C 140 14
C 141 15
C 142 18
C 143 21
C 144 0
C 145 24
C 146 7
C 147 16
C 148 9
C 149 18
C 150 5
C 151 26
C 152 11
C 153 14
C 154 15
C 155 9
C 156 16
C 157 0
C 158 10
C 159 18
C 160 25
C 161 16
C 162 7
C 163 17
C 164 4
C 165 5
C 166 24
C 167 15
C 168 17
C 169 17
C 170 7
C 171 18
C 172 19
C 173 25
C 174 1
C 175 23
C 176 16
C 177 16
C 178 3
C 179 10
C 180 23
C 181 24
C 182 15
C 183 18
C 184 6
C 185 6
C 186 24
C 187 24
C 188 15
C 189 17
C 190 16
C 191 0
C 192 17
C 193 1
C 194 18
C 195 0
C 196 9
C 197 10
C 198 2
C 199 4
C 200 19
C 201 25
C 202 4
C 203 8
C 204 25
C 205 22
C 206 8
C 207 16
C 208 3
C 209 25
C 210 0
C 211 0
C 212 0
C 213 0
C 214 0
C 215 0
C 216 0
C 217 0
C 218 0
C 219 0
C 220 0
C 221 0
C 222 0
C 223 0
C 224 0
C 225 0
C 226 0
C 227 0
C 228 0
C 229 0
C 230 0
C 231 0
C 232 0
C 233 0
C 234 0
C 235 0
C 236 0
C 237 0
C 238 0
C 239 0
C 240 0
C 241 0
C 242 0
C 243 0
C 244 0
C 245 0
C 246 0
C 247 0
C 248 0
C 249 0
C 250 0
C 251 0
C 252 0
C 253 0
C 254 0
C 255 0
C 256 0
C 257 0
C 258 0
C 259 0
C 260 0
C 261 0
C 262 0
C 263 0
C 264 0
C 265 0
C 266 0
C 267 0
C 268 0
C 269 0
C 270 0
C 271 0
C 272 0
C 273 0
C 274 0
C 275 0
C 276 0
C 277 0
C 278 0
C 279 0
C 280 0
C 281 0
C 282 0
C 283 0
C 284 0
C 285 0
C 286 0
C 287 0
C 288 0
C 289 0
C 290 0
C 291 0
C 292 0
C 293 0
C 294 0
C 295 0
C 296 0
C 297 0
C 298 0
C 299 0
C 300 0
C 301 0
C 302 0
C 303 0
C 304 0
C 305 0
C 306 0
C 307 0
C 308 0
C 309 0
C 310 0
C 311 0
C 312 0
C 313 0
C 314 0
C 315 0
C 316 0
C 317 0
C 318 0
C 319 0
C 320 0
C 321 0
C 322 0
C 323 0
C 324 0
C 325 0
C 326 0
C 327 0
C 328 0
C 329 0
C 330 0
C 331 0
C 332 0
C 333 0
C 334 0
C 335 0
C 336 0
C 337 0
C 338 10
C 339 20
C 340 7
C 341 23
C 342 26
C 343 18
C 344 11
C 345 5
C 346 17
C 347 1
C 348 18
C 349 22
C 350 5
C 351 16
C 352 19
C 353 5
C 354 9
C 355 8
C 356 2
C 357 9
C 358 15
C 359 17
C 360 23
C 361 26
C 362 8
C 363 2
C 364 3
C 365 12
C 366 26
C 367 23
C 368 16
C 369 19
C 370 24
C 371 9
C 372 4
C 373 14
C 374 25
C 375 3
C 376 3
C 377 14
I 1 3 10 (1,4,3) (1,-1,-1,0)|(-1,1,1,0)|(1,0,1,0)|(-1,1,1,0)
I 0 1 2 (4,2,0) (-1,0,1,0)|(1,0,1,0)
