D (7,-1,-1) (5,0,3)
D (13,-1,-1) (5,5,5)
D (6,7,8) (2,3,1)
D (8,-1,-1) (3,4,3)
D (9,10,-1) (0,2,4)
D (9,10,-1) (4,3,1)
D (7,-1,-1) (2,0,0)
D (13,-1,-1) (2,2,2)
D (7,-1,-1) (3,0,1)
D (11,-1,-1) (1,0,0)
D (7,-1,-1) (0,1,0)
D (10,11,-1) (1,5,5)
D (6,7,8) (3,1,3)
D (10,11,-1) (4,4,1)
D (12,-1,-1) (1,3,5)
D (6,7,8) (4,2,5)
D (11,12,-1) (0,0,1)
D (12,13,-1) (1,5,2)
D (11,-1,-1) (1,4,3)
D (9,10,11) (0,2,0)
D (13,-1,-1) (5,3,2)
D (12,13,-1) (2,0,1)
D (8,9,-1) (4,5,5)
D (12,-1,-1) (1,5,1)
D (13,-1,-1) (4,0,1)
D (11,12,13) (1,3,3)
D (9,-1,-1) (5,0,1)
D (9,-1,-1) (2,2,1)
D (8,9,10) (1,2,5)
D (13,-1,-1) (2,0,2)
D (8,-1,-1) (4,3,2)
D (12,13,-1) (5,1,0)
D (6,-1,-1) (4,4,2)
D (10,11,12) (2,3,5)
D (8,9,10) (1,2,4)
D (7,8,-1) (1,3,1)
D (8,9,10) (4,4,4)
D (11,-1,-1) (3,5,5)
D (6,7,8) (0,0,2)
D (9,10,11) (1,2,2)
D (9,10,11) (5,2,4)
D (12,13,-1) (3,0,5)
D (7,-1,-1) (4,5,3)
D (9,-1,-1) (2,0,4)
D (8,9,-1) (4,1,4)
D (10,11,-1) (5,1,5)
D (11,12,-1) (0,4,0)
D (7,8,9) (0,1,5)
D (10,11,-1) (1,0,3)
D (6,7,8) (3,4,4)
D (8,9,10) (5,3,0)
D (8,-1,-1) (4,0,4)
D (13,-1,-1) (2,5,3)
D (8,9,-1) (5,2,1)
D (10,11,-1) (3,0,4)
D (13,-1,-1) (5,4,0)
D (9,-1,-1) (3,1,1)
D (9,10,-1) (5,4,1)
D (7,8,-1) (0,4,2)
D (13,-1,-1) (0,5,1)
D (11,-1,-1) (1,4,4)
D (6,-1,-1) (4,3,3)
D (10,11,12) (5,0,2)
D (7,8,9) (5,4,5)
D (7,8,-1) (0,3,0)
D (10,11,12) (2,2,4)
D (6,7,8) (5,4,2)
D (6,-1,-1) (1,1,2)
D (12,-1,-1) (2,2,5)
D (12,13,-1) (4,5,2)
D (13,-1,-1) (0,5,5)
D (12,13,-1) (5,0,0)
D (12,13,-1) (4,3,4)
C 0 22
C 1 0
C 2 6
C 3 6
C 4 3
C 5 3
C 6 8
C 7 12
C 8 19
C 9 2
C 10 11
C 11 9
C 12 14
C 13 6
C 14 19
C 15 2
C 16 8
C 17 21
C 18 3
C 19 25
C 20 21
C 21 26
C 22 5
C 23 7
C 24 25
C 25 20
C 26 0
C 27 0
C 28 0
C 29 0
C 30 0
C 31 0
C 32 0
C 33 0
C 34 0
C 35 0
C 36 0
C 37 0
C 38 0
C 39 0
C 40 0
C 41 0
C 42 0
C 43 0
C 44 0
C 45 0
C 46 0
C 47 0
C 48 0
C 49 0
C 50 0
C 51 0
C 52 0
C 53 0
C 54 0
C 55 0
C 56 0
C 57 0
C 58 0
C 59 0
C 60 22
C 61 14
C 62 4
C 63 3
C 64 0
C 65 0
C 66 0
C 67 0
C 68 0
C 69 0
C 70 0
C 71 0
C 72 0
C 73 0
C 74 0
C 75 0
C 76 0
C 77 0
C 78 0
C 79 0
C 80 0
C 81 0
C 82 0
C 83 0
C 84 0
C 85 0
C 86 0
C 87 0
C 88 0
C 89 0
C 90 7
C 91 10
C 92 24
C 93 16
C 94 26
C 95 0
C 96 0
C 97 18
C 98 14
C 99 24
C 100 3
C 101 10
C 102 0
C 103 1
C 104 7
C 105 22
C 106 18
C 107 1
C 108 0
C 109 18
C 110 8
C 111 22
C 112 22
C 113 1
C 114 22
C 115 2
C 116 17
C 117 11
C 118 15
C 119 23
C 120 0
C 121 0
C 122 0
C 123 0
C 124 0
C 125 0
C 126 0
C 127 0
C 128 0
C 129 0
C 130 0
C 131 0
C 132 0
C 133 0
C 134 0
C 135 0
C 136 0
C 137 0
C 138 0
C 139 0
C 140 0
C 141 0
C 142 0
C 143 0
C 144 0
C 145 0
C 146 0
C 147 0
C 148 0
C 149 0
C 150 0
C 151 0
C 152 0
C 153 0
C 154 0
C 155 0
C 156 0
C 157 0
C 158 0
C 159 0
C 160 19
C 161 6
C 162 5
C 163 0
C 164 21
C 165 24
C 166 17
C 167 2
C 168 26
C 169 9
C 170 9
C 171 19
C 172 15
C 173 23
C 174 9
C 175 25
C 176 24
C 177 9
C 178 7
C 179 7
C 180 0
C 181 17
C 182 1
C 183 25
C 184 12
C 185 4
C 186 26
C 187 3
C 188 20
C 189 22
C 190 7
C 191 20
C 192 8
C 193 0
C 194 11
C 195 4
C 196 15
C 197 20
C 198 1
C 199 0
C 200 26
C 201 4
C 202 17
C 203 10
C 204 15
C 205 17
C 206 11
C 207 0
C 208 14
C 209 9
C 210 6
C 211 24
C 212 10
C 213 23
C 214 8
C 215 18
C 216 20
C 217 20
C 218 6
C 219 9
C 220 9
C 221 22
C 222 0
C 223 3
C 224 18
C 225 21
C 226 15
C 227 22
C 228 19
C 229 16
C 230 24
C 231 17
C 232 3
C 233 4
C 234 18
C 235 18
C 236 17
C 237 26
C 238 9
C 239 22
C 240 11
C 241 6
C 242 7
C 243 21
C 244 6
C 245 7
C 246 10
C 247 0
C 248 8
C 249 10
C 250 18
C 251 19
C 252 7
C 253 0
C 254 0
C 255 0
C 256 0
C 257 0
C 258 16
C 259 8
C 260 8
C 261 0
C 262 16
C 263 9
C 264 17
C 265 6
C 266 3
C 267 19
C 268 17
C 269 8
C 270 17
C 271 16
C 272 1
C 273 3
C 274 21
C 275 11
C 276 24
C 277 0
C 278 4
C 279 23
C 280 17
C 281 7
C 282 19
C 283 2
C 284 19
C 285 17
C 286 21
C 287 0
C 288 8
C 289 19
C 290 11
C 291 8
C 292 15
C 293 11
C 294 7
C 295 11
C 296 5
C 297 24
C 298 8
C 299 16
C 300 8
C 301 10
C 302 18
C 303 19
C 304 3
C 305 16
C 306 26
C 307 6
C 308 2
C 309 24
C 310 18
C 311 24
C 312 21
C 313 14
C 314 18
C 315 23
C 316 5
C 317 14
C 318 2
C 319 23
C 320 24
C 321 8
C 322 7
C 323 18
C 324 10
C 325 19
C 326 17
C 327 14
C 328 4
C 329 26
C 330 2
C 331 18
C 332 21
C 333 15
C 334 16
C 335 0
C 336 15
C 337 5
C 338 23
C 339 19
C 340 10
C 341 11
C 342 24
C 343 25
C 344 24
C 345 8
C 346 12
C 347 14
C 348 26
C 349 15
C 350 24
C 351 1
C 352 11
C 353 11
C 354 11
C 355 15
C 356 19
C 357 6
C 358 3
C 359 22
C 360 5
C 361 0
C 362 2
C 363 12
C 364 8
C 365 23
C 366 10
C 367 23
C 368 18
C 369 24
C 370 18
C 371 1
C 372 18
C 373 26
C 374 2
C 375 23
C 376 11
C 377 24
I 0 1 1 (4,2,3) (0,0,1,0)|(1,1,1,0)
I 0 1 10 (1,2,5) (0,0,-1,0)|(1,-1,0,0)
I 1 1 11 (5,1,5) (0,0,-1,0)
