D (11,-1,-1) (5,0,2)
D (9,10,-1) (5,4,2)
D (11,12,13) (0,5,2)
D (10,-1,-1) (0,4,1)
D (10,11,-1) (5,1,1)
D (9,10,11) (2,0,4)
D (12,13,-1) (0,0,0)
D (11,12,-1) (0,4,3)
D (9,-1,-1) (5,2,3)
D (11,12,13) (1,4,2)
D (6,7,-1) (3,5,2)
D (10,11,12) (1,4,5)
D (7,8,-1) (4,3,3)
D (11,12,-1) (0,3,4)
D (11,12,13) (4,2,1)
D (11,12,13) (0,2,1)
D (11,-1,-1) (0,2,3)
D (12,13,-1) (3,0,1)
D (12,13,-1) (1,1,3)
D (6,7,-1) (4,3,4)
D (11,12,-1) (0,0,5)
D (8,-1,-1) (5,5,1)
D (7,8,-1) (2,2,5)
D (6,7,-1) (5,3,1)
D (11,12,13) (3,2,1)
D (11,-1,-1) (3,2,2)
D (9,10,-1) (4,1,0)
D (6,7,-1) (4,2,4)
D (9,10,-1) (4,3,5)
D (6,7,8) (0,5,3)
D (9,10,11) (5,3,3)
D (7,7,-1) (3,0,3)
D (9,10,-1) (0,4,4)
D (6,7,8) (5,4,1)
D (13,-1,-1) (2,3,1)
D (11,12,13) (0,1,2)
C 0 17
C 1 26
C 2 16
C 3 25
C 4 17
C 5 18
C 6 12
C 7 26
C 8 0
C 9 25
C 10 19
C 11 24
C 12 22
C 13 7
C 14 24
C 15 9
C 16 3
C 17 20
C 18 17
C 19 16
C 20 24
C 21 10
C 22 11
C 23 0
C 24 7
C 25 19
C 26 14
C 27 22
C 28 26
C 29 10
C 30 15
C 31 24
C 32 19
C 33 3
C 34 6
C 35 25
C 36 2
C 37 6
C 38 3
C 39 10
C 40 0
C 41 7
C 42 4
C 43 26
C 44 12
C 45 24
C 46 16
C 47 24
C 48 2
C 49 6
C 50 6
C 51 2
C 52 15
C 53 12
C 54 17
C 55 22
C 56 21
C 57 0
C 58 11
C 59 4
C 60 0
C 61 8
C 62 6
C 63 26
C 64 25
C 65 7
C 66 8
C 67 6
C 68 8
C 69 0
C 70 16
C 71 22
C 72 4
C 73 20
C 74 3
C 75 14
C 76 11
C 77 12
C 78 0
C 79 0
C 80 0
C 81 0
C 82 3
C 83 10
C 84 16
C 85 16
C 86 6
C 87 21
C 88 20
C 89 18
C 90 2
C 91 22
C 92 18
C 93 17
C 94 14
C 95 2
C 96 10
C 97 4
C 98 9
C 99 3
C 100 8
C 101 14
C 102 5
C 103 11
C 104 3
C 105 20
C 106 18
C 107 0
C 108 7
C 109 20
C 110 8
C 111 20
C 112 21
C 113 1
C 114 17
C 115 7
C 116 16
C 117 8
C 118 23
C 119 2
C 120 20
C 121 24
C 122 11
C 123 3
C 124 5
C 125 5
C 126 18
C 127 24
C 128 16
C 129 20
C 130 26
C 131 25
C 132 12
C 133 24
C 134 14
C 135 24
C 136 11
C 137 14
C 138 1
C 139 12
C 140 7
C 141 20
C 142 20
C 143 17
C 144 4
C 145 9
C 146 2
C 147 11
C 148 4
C 149 16
C 150 26
C 151 1
C 152 17
C 153 1
C 154 6
C 155 24
C 156 5
C 157 17
C 158 6
C 159 16
C 160 15
C 161 10
C 162 26
C 163 2
C 164 4
C 165 14
C 166 8
C 167 24
C 168 6
C 169 11
C 170 2
C 171 9
C 172 19
C 173 10
C 174 22
C 175 11
C 176 12
C 177 16
C 178 9
C 179 22
C 180 18
C 181 20
C 182 9
C 183 20
C 184 18
C 185 24
C 186 9
C 187 17
C 188 20
C 189 22
C 190 7
C 191 25
C 192 0
C 193 0
C 194 0
C 195 0
C 196 0
C 197 0
C 198 0
C 199 0
C 200 0
C 201 0
C 202 0
C 203 0
C 204 0
C 205 0
C 206 0
C 207 0
C 208 0
C 209 0
C 210 0
C 211 0
C 212 0
C 213 0
C 214 0
C 215 0
C 216 0
C 217 0
C 218 0
C 219 0
C 220 0
C 221 0
C 222 0
C 223 0
C 224 0
C 225 0
C 226 0
C 227 0
C 228 0
C 229 0
C 230 0
C 231 0
C 232 0
C 233 0
C 234 0
C 235 0
C 236 0
C 237 0
C 238 0
C 239 0
C 240 0
C 241 0
C 242 0
C 243 0
C 244 6
C 245 0
C 246 0
C 247 0
C 248 0
C 249 0
C 250 0
C 251 0
C 252 0
C 253 0
C 254 0
C 255 0
C 256 0
C 257 0
C 258 0
C 259 0
C 260 0
C 261 0
C 262 0
C 263 0
C 264 0
C 265 0
C 266 0
C 267 0
C 268 0
C 269 0
C 270 0
C 271 0
C 272 0
C 273 0
C 274 0
C 275 0
C 276 0
C 277 0
C 278 0
C 279 0
C 280 0
C 281 0
C 282 0
C 283 0
C 284 0
C 285 0
C 286 0
C 287 0
C 288 0
C 289 0
C 290 0
C 291 0
C 292 0
C 293 0
C 294 0
C 295 0
C 296 0
C 297 0
C 298 0
C 299 0
C 300 0
C 301 0
C 302 0
C 303 0
C 304 0
C 305 0
C 306 0
C 307 0
C 308 0
C 309 0
C 310 0
C 311 0
C 312 0
C 313 0
C 314 0
C 315 0
C 316 0
C 317 0
C 318 0
C 319 0
C 320 0
C 321 0
C 322 0
C 323 0
C 324 0
C 325 0
C 326 0
C 327 0
C 328 0
C 329 0
C 330 0
C 331 0
C 332 0
C 333 0
C 334 0
C 335 0
C 336 0
C 337 0
C 338 0
C 339 25
C 340 7
C 341 2
C 342 0
C 343 4
C 344 9
C 345 5
C 346 17
C 347 12
C 348 14
C 349 8
C 350 4
C 351 7
C 352 4
C 353 9
C 354 7
C 355 14
C 356 24
C 357 17
C 358 24
C 359 6
C 360 7
C 361 22
C 362 25
C 363 15
C 364 17
C 365 14
C 366 6
C 367 12
C 368 16
C 369 0
C 370 10
C 371 21
C 372 5
C 373 25
C 374 12
C 375 4
C 376 11
C 377 21
I 0 2 18 (2,5,3) (-1,0,0,0)|(-1,-1,1,0)
I 4 1 7 (2,4,1) (1,1,0,0)
I 0 1 13 (2,2,2) (-1,0,1,0)
