D (10,11,-1) (2,2,5)
D (10,11,-1) (1,3,4)
D (9,10,11) (2,0,4)
D (7,8,-1) (3,5,1)
D (7,8,-1) (2,0,1)
D (6,-1,-1) (1,4,0)
D (6,7,8) (1,3,2)
D (12,13,-1) (5,4,3)
D (12,-1,-1) (3,4,5)
D (10,-1,-1) (1,5,2)
D (10,11,12) (3,1,2)
D (9,10,11) (3,1,0)
D (10,11,12) (3,2,5)
D (11,-1,-1) (2,5,3)
D (11,12,13) (5,0,4)
D (9,-1,-1) (2,5,0)
D (9,-1,-1) (5,4,1)
D (12,13,-1) (3,1,5)
D (6,7,8) (2,2,1)
D (12,-1,-1) (0,0,3)
D (11,12,-1) (5,1,3)
D (13,-1,-1) (3,1,1)
D (7,-1,-1) (3,1,4)
D (9,10,-1) (0,4,3)
D (9,10,11) (0,2,2)
D (8,9,-1) (2,1,1)
D (8,9,-1) (5,3,5)
D (8,9,10) (1,4,2)
D (9,-1,-1) (1,5,0)
D (9,10,11) (4,1,1)
D (11,12,13) (2,1,5)
D (9,10,11) (4,3,0)
D (8,-1,-1) (2,0,5)
D (9,10,11) (2,4,2)
D (8,9,10) (2,0,2)
D (6,-1,-1) (5,0,2)
D (7,8,9) (4,5,2)
D (6,-1,-1) (0,5,5)
D (9,10,-1) (4,3,5)
D (11,12,-1) (0,3,2)
D (10,-1,-1) (4,5,0)
D (13,-1,-1) (0,0,2)
D (13,-1,-1) (0,5,1)
D (9,-1,-1) (3,5,0)
D (7,8,-1) (4,0,3)
D (6,7,8) (2,5,4)
D (9,10,11) (3,2,1)
D (9,10,-1) (2,0,3)
D (10,11,-1) (4,4,5)
D (7,8,9) (0,5,4)
D (13,-1,-1) (5,4,4)
D (6,7,8) (2,1,2)
D (12,-1,-1) (0,0,1)
D (12,13,-1) (1,1,1)
D (12,-1,-1) (4,1,0)
D (9,10,11) (4,2,5)
D (8,9,10) (5,2,0)
D (10,-1,-1) (1,1,5)
D (8,-1,-1) (3,4,3)
D (13,-1,-1) (1,3,5)
D (8,9,10) (0,4,4)
D (13,-1,-1) (5,2,1)
C 0 3
C 1 11
C 2 19
C 3 1
C 4 19
C 5 10
C 6 4
C 7 15
C 8 11
C 9 24
C 10 16
C 11 26
C 12 21
C 13 4
C 14 20
C 15 26
C 16 26
C 17 2
C 18 2
C 19 15
C 20 23
C 21 7
C 22 12
C 23 18
C 24 0
C 25 5
C 26 7
C 27 9
C 28 19
C 29 7
C 30 18
C 31 18
C 32 9
C 33 2
C 34 17
C 35 0
C 36 9
C 37 14
C 38 16
C 39 6
C 40 12
C 41 21
C 42 12
C 43 15
C 44 16
C 45 22
C 46 11
C 47 12
C 48 10
C 49 4
C 50 10
C 51 17
C 52 7
C 53 15
C 54 0
C 55 0
C 56 0
C 57 0
C 58 0
C 59 0
C 60 0
C 61 0
C 62 0
C 63 0
C 64 0
C 65 0
C 66 0
C 67 0
C 68 0
C 69 0
C 70 0
C 71 0
C 72 0
C 73 0
C 74 0
C 75 0
C 76 7
C 77 2
C 78 7
C 79 3
C 80 11
C 81 17
C 82 9
C 83 12
C 84 23
C 85 12
C 86 18
C 87 14
C 88 25
C 89 21
C 90 16
C 91 11
C 92 23
C 93 10
C 94 17
C 95 2
C 96 17
C 97 21
C 98 0
C 99 1
C 100 24
C 101 11
C 102 25
C 103 16
C 104 3
C 105 19
C 106 15
C 107 19
C 108 0
C 109 7
C 110 19
C 111 21
C 112 7
C 113 1
C 114 21
C 115 9
C 116 19
C 117 10
C 118 0
C 119 12
C 120 3
C 121 24
C 122 23
C 123 23
C 124 1
C 125 0
C 126 0
C 127 0
C 128 0
C 129 0
C 130 0
C 131 0
C 132 0
C 133 0
C 134 0
C 135 0
C 136 0
C 137 0
C 138 0
C 139 0
C 140 0
C 141 24
C 142 9
C 143 21
C 144 24
C 145 1
C 146 18
C 147 21
C 148 15
C 149 4
C 150 5
C 151 22
C 152 11
C 153 20
C 154 23
C 155 8
C 156 6
C 157 14
C 158 26
C 159 1
C 160 16
C 161 10
C 162 3
C 163 15
C 164 10
C 165 17
C 166 21
C 167 23
C 168 3
C 169 14
C 170 4
C 171 11
C 172 5
C 173 6
C 174 17
C 175 0
C 176 19
C 177 2
C 178 12
C 179 6
C 180 4
C 181 11
C 182 14
C 183 6
C 184 5
C 185 21
C 186 7
C 187 11
C 188 11
C 189 26
C 190 7
C 191 2
C 192 6
C 193 15
C 194 5
C 195 7
C 196 7
C 197 18
C 198 23
C 199 4
C 200 3
C 201 5
C 202 15
C 203 25
C 204 24
C 205 0
C 206 17
C 207 3
C 208 3
C 209 3
C 210 8
C 211 23
C 212 19
C 213 18
C 214 9
C 215 15
C 216 22
C 217 6
C 218 16
C 219 7
C 220 20
C 221 7
C 222 0
C 223 11
C 224 2
C 225 2
C 226 10
C 227 16
C 228 25
C 229 26
C 230 10
C 231 14
C 232 6
C 233 1
C 234 22
C 235 18
C 236 19
C 237 10
C 238 16
C 239 2
C 240 24
C 241 8
C 242 17
C 243 3
C 244 2
C 245 17
C 246 16
C 247 0
C 248 0
C 249 0
C 250 0
C 251 0
C 252 0
C 253 0
C 254 0
C 255 0
C 256 0
C 257 0
C 258 0
C 259 0
C 260 0
C 261 0
C 262 0
C 263 0
C 264 0
C 265 0
C 266 0
C 267 0
C 268 0
C 269 0
C 270 0
C 271 0
C 272 0
C 273 0
C 274 0
C 275 0
C 276 0
C 277 0
C 278 0
C 279 0
C 280 0
C 281 0
C 282 0
C 283 0
C 284 0
C 285 0
C 286 0
C 287 0
C 288 0
C 289 0
C 290 0
C 291 0
C 292 0
C 293 0
C 294 0
C 295 0
C 296 0
C 297 0
C 298 0
C 299 0
C 300 0
C 301 0
C 302 0
C 303 0
C 304 0
C 305 0
C 306 0
C 307 0
C 308 0
C 309 0
C 310 0
C 311 0
C 312 0
C 313 0
C 314 0
C 315 0
C 316 0
C 317 0
C 318 0
C 319 0
C 320 0
C 321 0
C 322 0
C 323 0
C 324 0
C 325 0
C 326 0
C 327 0
C 328 0
C 329 0
C 330 0
C 331 0
C 332 0
C 333 0
C 334 0
C 335 0
C 336 0
C 337 0
C 338 0
C 339 0
C 340 0
C 341 0
C 342 0
C 343 0
C 344 0
C 345 0
C 346 0
C 347 0
C 348 0
C 349 24
C 350 23
C 351 0
C 352 25
C 353 2
C 354 21
C 355 9
C 356 12
C 357 0
C 358 17
C 359 17
C 360 16
C 361 15
C 362 12
C 363 16
C 364 14
C 365 9
C 366 22
C 367 4
C 368 15
C 369 10
C 370 21
C 371 5
C 372 9
C 373 24
C 374 22
C 375 20
C 376 15
C 377 12
I 1 2 6 (4,5,4) (-1,1,-1,0)
I 0 3 19 (0,2,1) (1,0,0,0)|(1,-1,-1,0)
I 3 3 9 (3,5,0) (-1,-1,1,0)
