D (8,-1,-1) (1,3,3)
D (12,13,-1) (4,4,4)
D (8,-1,-1) (5,3,1)
D (9,10,-1) (0,1,4)
D (7,8,9) (4,0,4)
D (12,-1,-1) (3,5,3)
D (7,-1,-1) (5,0,3)
D (13,-1,-1) (3,3,1)
D (7,8,-1) (0,2,1)
D (6,7,8) (4,4,3)
D (11,-1,-1) (1,2,4)
D (12,13,-1) (1,1,2)
D (11,12,13) (3,0,3)
D (7,8,9) (0,1,0)
D (9,-1,-1) (4,0,2)
D (9,10,-1) (5,0,4)
D (13,-1,-1) (5,2,1)
D (7,8,9) (1,3,2)
D (9,-1,-1) (1,4,0)
D (10,11,-1) (3,5,4)
D (10,12,-1) (5,2,3)
D (8,9,-1) (5,0,2)
D (10,11,-1) (5,0,0)
D (9,-1,-1) (5,4,2)
D (7,-1,-1) (0,3,4)
D (9,10,-1) (5,5,5)
D (6,7,-1) (2,0,5)
D (7,8,-1) (2,1,4)
D (11,12,13) (3,1,0)
D (11,12,13) (3,1,2)
D (6,-1,-1) (1,2,0)
D (7,-1,-1) (0,3,2)
D (12,13,-1) (0,0,2)
D (8,-1,-1) (0,1,2)
D (10,-1,-1) (4,0,3)
D (11,-1,-1) (0,4,2)
D (11,-1,-1) (5,4,0)
D (12,13,-1) (0,1,1)
D (7,-1,-1) (1,5,2)
D (12,13,-1) (0,1,5)
D (6,7,-1) (1,0,2)
D (9,10,-1) (2,3,1)
C 0 12
C 1 6
C 2 19
C 3 2
C 4 0
C 5 25
C 6 7
C 7 14
C 8 3
C 9 2
C 10 1
C 11 26
C 12 11
C 13 6
C 14 12
C 15 4
C 16 24
C 17 11
C 18 0
C 19 14
C 20 16
C 21 24
C 22 3
C 23 21
C 24 23
C 25 9
C 26 26
C 27 5
C 28 11
C 29 10
C 30 16
C 31 6
C 32 24
C 33 19
C 34 2
C 35 3
C 36 17
C 37 10
C 38 8
C 39 0
C 40 2
C 41 12
C 42 0
C 43 0
C 44 0
C 45 0
C 46 0
C 47 0
C 48 0
C 49 0
C 50 0
C 51 0
C 52 0
C 53 0
C 54 0
C 55 0
C 56 0
C 57 0
C 58 0
C 59 0
C 60 0
C 61 0
C 62 0
C 63 0
C 64 0
C 65 0
C 66 0
C 67 0
C 68 0
C 69 0
C 70 0
C 71 0
C 72 0
C 73 0
C 74 0
C 75 0
C 76 0
C 77 0
C 78 0
C 79 0
C 80 0
C 81 0
C 82 0
C 83 0
C 84 0
C 85 0
C 86 0
C 87 0
C 88 0
C 89 0
C 90 0
C 91 0
C 92 0
C 93 0
C 94 0
C 95 0
C 96 0
C 97 0
C 98 0
C 99 0
C 100 0
C 101 0
C 102 0
C 103 0
C 104 0
C 105 0
C 106 0
C 107 0
C 108 0
C 109 0
C 110 0
C 111 0
C 112 0
C 113 0
C 114 0
C 115 0
C 116 0
C 117 0
C 118 0
C 119 0
C 120 0
C 121 0
C 122 0
C 123 0
C 124 0
C 125 0
C 126 0
C 127 25
C 128 12
C 129 21
C 130 6
C 131 8
C 132 9
C 133 25
C 134 14
C 135 15
C 136 5
C 137 23
C 138 23
C 139 7
C 140 21
C 141 19
C 142 17
C 143 23
C 144 16
C 145 26
C 146 10
C 147 1
C 148 2
C 149 25
C 150 0
C 151 0
C 152 0
C 153 0
C 154 0
C 155 0
C 156 0
C 157 0
C 158 0
C 159 0
C 160 0
C 161 0
C 162 0
C 163 0
C 164 0
C 165 0
C 166 0
C 167 0
C 168 0
C 169 0
C 170 0
C 171 0
C 172 0
C 173 0
C 174 0
C 175 0
C 176 0
C 177 0
C 178 0
C 179 0
C 180 0
C 181 0
C 182 0
C 183 0
C 184 0
C 185 0
C 186 0
C 187 0
C 188 0
C 189 0
C 190 0
C 191 0
C 192 0
C 193 0
C 194 0
C 195 0
C 196 0
C 197 0
C 198 0
C 199 0
C 200 0
C 201 0
C 202 0
C 203 0
C 204 0
C 205 0
C 206 0
C 207 0
C 208 0
C 209 0
C 210 0
C 211 0
C 212 0
C 213 0
C 214 0
C 215 0
C 216 0
C 217 0
C 218 0
C 219 0
C 220 0
C 221 0
C 222 0
C 223 0
C 224 0
C 225 0
C 226 0
C 227 0
C 228 0
C 229 0
C 230 0
C 231 0
C 232 0
C 233 0
C 234 0
C 235 0
C 236 0
C 237 0
C 238 0
C 239 0
C 240 0
C 241 0
C 242 0
C 243 0
C 244 0
C 245 0
C 246 0
C 247 0
C 248 0
C 249 0
C 250 0
C 251 0
C 252 0
C 253 0
C 254 0
C 255 0
C 256 0
C 257 0
C 258 0
C 259 0
C 260 0
C 261 0
C 262 0
C 263 0
C 264 0
C 265 0
C 266 0
C 267 0
C 268 0
C 269 0
C 270 0
C 271 0
C 272 0
C 273 0
C 274 0
C 275 17
C 276 8
C 277 5
C 278 2
C 279 23
C 280 17
C 281 10
C 282 19
C 283 26
C 284 25
C 285 0
C 286 3
C 287 21
C 288 4
C 289 4
C 290 25
C 291 0
C 292 24
C 293 23
C 294 7
C 295 10
C 296 26
C 297 19
C 298 7
C 299 4
C 300 7
C 301 9
C 302 11
C 303 7
C 304 8
C 305 14
C 306 18
C 307 7
C 308 23
C 309 6
C 310 22
C 311 12
C 312 3
C 313 10
C 314 11
C 315 1
C 316 17
C 317 25
C 318 18
C 319 9
C 320 18
C 321 1
C 322 0
C 323 26
C 324 23
C 325 14
C 326 9
C 327 14
C 328 25
C 329 18
C 330 19
C 331 23
C 332 19
C 333 17
C 334 9
C 335 9
C 336 0
C 337 6
C 338 14
C 339 7
C 340 23
C 341 8
C 342 17
C 343 22
C 344 26
C 345 22
C 346 22
C 347 19
C 348 5
C 349 21
C 350 15
C 351 10
C 352 26
C 353 4
C 354 5
C 355 26
C 356 25
C 357 23
C 358 1
C 359 24
C 360 18
C 361 1
C 362 7
C 363 7
C 364 23
C 365 24
C 366 21
C 367 5
C 368 8
C 369 25
C 370 20
C 371 16
C 372 25
C 373 8
C 374 4
C 375 19
C 376 9
C 377 5
I 2 2 17 (2,5,3) (0,-1,-1,0)
I 0 1 5 (4,4,1) (0,0,1,0)
I 1 1 9 (2,1,1) (-1,0,-1,0)
