D (12,13,-1) (5,2,3)
D (8,9,-1) (4,5,4)
D (6,-1,-1) (4,5,1)
D (12,-1,-1) (0,3,5)
D (13,-1,-1) (0,5,2)
D (12,13,-1) (3,0,1)
D (6,7,-1) (0,5,1)
D (13,-1,-1) (2,3,0)
D (7,8,-1) (2,1,3)
D (13,-1,-1) (4,3,1)
D (9,10,11) (1,3,5)
D (9,10,-1) (5,1,4)
D (7,8,9) (2,5,5)
D (8,9,10) (5,3,5)
D (8,-1,-1) (4,5,2)
D (13,-1,-1) (1,3,4)
D (11,12,-1) (2,3,2)
D (11,12,13) (1,2,0)
D (6,7,8) (5,1,2)
D (9,10,11) (0,1,2)
D (13,-1,-1) (5,5,1)
D (6,7,-1) (4,4,2)
D (13,-1,-1) (3,4,0)
D (13,-1,-1) (0,0,5)
D (13,-1,-1) (2,4,3)
D (11,12,13) (4,4,4)
D (6,7,8) (0,3,0)
D (9,-1,-1) (0,1,4)
D (7,-1,-1) (1,3,1)
D (11,12,-1) (1,1,1)
D (7,8,9) (3,1,0)
D (10,-1,-1) (1,4,4)
D (6,-1,-1) (3,4,2)
D (12,-1,-1) (3,5,4)
D (13,-1,-1) (3,2,5)
D (10,11,12) (0,5,4)
D (8,-1,-1) (2,4,0)
D (12,13,-1) (0,4,3)
D (10,11,12) (2,3,4)
D (11,12,13) (2,2,4)
D (13,-1,-1) (4,0,3)
D (12,-1,-1) (1,5,0)
D (12,13,-1) (3,0,2)
D (9,10,11) (2,1,1)
D (11,-1,-1) (4,2,2)
D (7,-1,-1) (0,0,2)
D (10,11,12) (1,1,5)
D (11,12,-1) (4,2,4)
D (9,-1,-1) (2,2,1)
D (10,11,12) (3,3,5)
D (9,-1,-1) (2,0,1)
D (13,-1,-1) (3,2,0)
D (9,10,11) (4,1,1)
D (12,13,-1) (2,5,2)
D (11,12,-1) (4,1,2)
D (6,-1,-1) (1,3,2)
D (13,-1,-1) (5,0,1)
D (9,-1,-1) (4,3,2)
D (13,-1,-1) (5,3,1)
D (7,8,-1) (2,4,2)
D (6,7,-1) (4,4,3)
D (10,11,-1) (2,0,2)
D (11,-1,-1) (3,0,5)
D (9,10,11) (2,1,5)
D (9,-1,-1) (3,4,4)
C 0 12
C 1 4
C 2 7
C 3 16
C 4 1
C 5 19
C 6 0
C 7 9
C 8 3
C 9 7
C 10 18
C 11 0
C 12 24
C 13 24
C 14 3
C 15 19
C 16 24
C 17 19
C 18 12
C 19 10
C 20 21
C 21 17
C 22 12
C 23 8
C 24 1
C 25 5
C 26 14
C 27 10
C 28 26
C 29 10
C 30 19
C 31 4
C 32 9
C 33 2
C 34 10
C 35 16
C 36 21
C 37 3
C 38 5
C 39 17
C 40 8
C 41 12
C 42 20
C 43 5
C 44 3
C 45 5
C 46 23
C 47 25
C 48 24
C 49 9
C 50 26
C 51 0
C 52 0
C 53 0
C 54 0
C 55 0
C 56 0
C 57 0
C 58 0
C 59 0
C 60 0
C 61 0
C 62 0
C 63 0
C 64 0
C 65 0
C 66 0
C 67 0
C 68 0
C 69 0
C 70 0
C 71 8
C 72 1
C 73 0
C 74 11
C 75 6
C 76 17
C 77 18
C 78 3
C 79 17
C 80 8
C 81 22
C 82 16
C 83 3
C 84 5
C 85 17
C 86 7
C 87 12
C 88 3
C 89 16
C 90 4
C 91 25
C 92 3
C 93 22
C 94 23
C 95 9
C 96 11
C 97 4
C 98 2
C 99 7
C 100 12
C 101 22
C 102 19
C 103 10
C 104 21
C 105 15
C 106 14
C 107 6
C 108 16
C 109 4
C 110 14
C 111 3
C 112 5
C 113 17
C 114 20
C 115 12
C 116 1
C 117 1
C 118 10
C 119 5
C 120 14
C 121 26
C 122 1
C 123 15
C 124 0
C 125 18
C 126 7
C 127 20
C 128 12
C 129 9
C 130 16
C 131 25
C 132 21
C 133 0
C 134 6
C 135 3
C 136 4
C 137 11
C 138 21
C 139 20
C 140 23
C 141 0
C 142 14
C 143 26
C 144 0
C 145 19
C 146 26
C 147 8
C 148 0
C 149 21
C 150 0
C 151 25
C 152 9
C 153 20
C 154 1
C 155 22
C 156 10
C 157 9
C 158 8
C 159 25
C 160 21
C 161 24
C 162 17
C 163 26
C 164 7
C 165 20
C 166 15
C 167 5
C 168 4
C 169 7
C 170 15
C 171 3
C 172 10
C 173 20
C 174 2
C 175 16
C 176 17
C 177 3
C 178 25
C 179 0
C 180 0
C 181 0
C 182 0
C 183 0
C 184 0
C 185 0
C 186 0
C 187 0
C 188 0
C 189 0
C 190 0
C 191 0
C 192 0
C 193 0
C 194 0
C 195 0
C 196 0
C 197 0
C 198 0
C 199 0
C 200 0
C 201 0
C 202 0
C 203 0
C 204 0
C 205 0
C 206 0
C 207 0
C 208 0
C 209 0
C 210 0
C 211 0
C 212 0
C 213 0
C 214 0
C 215 0
C 216 0
C 217 0
C 218 0
C 219 0
C 220 0
C 221 26
C 222 23
C 223 12
C 224 8
C 225 14
C 226 22
C 227 2
C 228 0
C 229 19
C 230 4
C 231 10
C 232 16
C 233 14
C 234 24
C 235 9
C 236 4
C 237 8
C 238 8
C 239 22
C 240 23
C 241 25
C 242 2
C 243 20
C 244 21
C 245 3
C 246 15
C 247 9
C 248 23
C 249 10
C 250 11
C 251 2
C 252 14
C 253 0
C 254 0
C 255 7
C 256 15
C 257 20
C 258 22
C 259 14
C 260 15
C 261 2
C 262 25
C 263 2
C 264 15
C 265 7
C 266 23
C 267 18
C 268 19
C 269 6
C 270 3
C 271 1
C 272 8
C 273 17
C 274 11
C 275 17
C 276 11
C 277 12
C 278 10
C 279 17
C 280 19
C 281 0
C 282 23
C 283 0
C 284 0
C 285 0
C 286 0
C 287 0
C 288 0
C 289 0
C 290 0
C 291 0
C 292 0
C 293 0
C 294 0
C 295 0
C 296 0
C 297 0
C 298 0
C 299 0
C 300 0
C 301 0
C 302 0
C 303 0
C 304 0
C 305 0
C 306 0
C 307 0
C 308 0
C 309 0
C 310 0
C 311 0
C 312 0
C 313 0
C 314 0
C 315 0
C 316 0
C 317 0
C 318 0
C 319 0
C 320 0
C 321 23
C 322 5
C 323 21
C 324 1
C 325 22
C 326 25
C 327 26
C 328 2
C 329 5
C 330 25
C 331 26
C 332 14
C 333 24
C 334 26
C 335 2
C 336 9
C 337 19
C 338 21
C 339 24
C 340 14
C 341 18
C 342 6
C 343 23
C 344 26
C 345 10
C 346 15
C 347 14
C 348 26
C 349 3
C 350 7
C 351 25
C 352 25
C 353 23
C 354 25
C 355 3
C 356 24
C 357 10
C 358 15
C 359 2
C 360 16
C 361 6
C 362 15
C 363 9
C 364 14
C 365 4
C 366 4
C 367 22
C 368 11
C 369 18
C 370 26
C 371 20
C 372 0
C 373 24
C 374 15
C 375 20
C 376 18
C 377 18
I 0 1 18 (0,3,2) (1,1,-1,0)|(0,0,1,0)
I 1 3 12 (3,3,3) (0,0,0,0)
I 2 2 18 (5,1,1) (-1,-1,1,0)|(0,0,-1,0)
