D (8,-1,-1) (0,5,1)
D (10,11,12) (1,2,2)
D (12,13,-1) (5,4,0)
D (11,12,13) (4,3,5)
D (11,-1,-1) (1,3,5)
D (10,11,12) (5,0,4)
D (11,-1,-1) (5,3,4)
D (8,-1,-1) (4,3,1)
D (11,-1,-1) (3,5,5)
D (13,-1,-1) (4,0,2)
D (7,13,-1) (5,2,3)
D (9,10,11) (1,0,2)
D (6,-1,-1) (1,5,4)
D (13,-1,-1) (0,3,4)
D (9,10,11) (4,0,5)
D (13,-1,-1) (4,1,1)
D (11,-1,-1) (4,2,2)
D (12,-1,-1) (5,0,2)
D (11,12,13) (3,3,4)
D (11,12,-1) (5,2,5)
D (7,-1,-1) (5,4,4)
D (7,8,9) (3,2,2)
D (9,10,-1) (4,0,3)
D (9,-1,-1) (5,5,2)
D (9,-1,-1) (0,0,0)
D (7,8,-1) (0,4,5)
D (11,12,-1) (5,2,0)
D (7,8,-1) (2,1,0)
D (13,-1,-1) (3,2,0)
D (9,10,-1) (2,4,1)
D (8,9,10) (5,3,3)
D (6,7,-1) (0,2,1)
D (10,11,12) (1,5,1)
D (8,9,-1) (5,1,5)
D (10,11,12) (3,0,2)
D (8,-1,-1) (2,2,0)
D (8,9,10) (3,4,5)
D (10,11,-1) (4,0,4)
D (9,10,-1) (1,5,0)
D (7,-1,-1) (4,4,2)
D (6,7,-1) (1,2,1)
D (6,-1,-1) (4,1,3)
C 0 20
C 1 14
C 2 1
C 3 22
C 4 6
C 5 8
C 6 18
C 7 4
C 8 4
C 9 4
C 10 17
C 11 12
C 12 11
C 13 12
C 14 5
C 15 18
C 16 12
C 17 0
C 18 0
C 19 0
C 20 0
C 21 0
C 22 0
C 23 0
C 24 0
C 25 0
C 26 0
C 27 0
C 28 0
C 29 6
C 30 25
C 31 3
C 32 25
C 33 19
C 34 2
C 35 7
C 36 15
C 37 10
C 38 19
C 39 14
C 40 21
C 41 12
C 42 22
C 43 10
C 44 6
C 45 1
C 46 9
C 47 2
C 48 0
C 49 3
C 50 12
C 51 24
C 52 12
C 53 22
C 54 8
C 55 2
C 56 10
C 57 12
C 58 24
C 59 18
C 60 19
C 61 17
C 62 17
C 63 26
C 64 15
C 65 15
C 66 0
C 67 0
C 68 0
C 69 0
C 70 0
C 71 0
C 72 0
C 73 0
C 74 0
C 75 0
C 76 0
C 77 0
C 78 0
C 79 0
C 80 0
C 81 0
C 82 0
C 83 0
C 84 0
C 85 0
C 86 0
C 87 0
C 88 0
C 89 0
C 90 0
C 91 10
C 92 12
C 93 2
C 94 24
C 95 15
C 96 0
C 97 24
C 98 23
C 99 20
C 100 23
C 101 6
C 102 14
C 103 24
C 104 16
C 105 20
C 106 14
C 107 21
C 108 9
C 109 20
C 110 4
C 111 1
C 112 3
C 113 7
C 114 2
C 115 23
C 116 10
C 117 6
C 118 19
C 119 5
C 120 2
C 121 1
C 122 10
C 123 23
C 124 6
C 125 11
C 126 16
C 127 14
C 128 26
C 129 7
C 130 20
C 131 2
C 132 7
C 133 25
C 134 2
C 135 1
C 136 12
C 137 26
C 138 22
C 139 24
C 140 25
C 141 14
C 142 9
C 143 11
C 144 18
C 145 16
C 146 24
C 147 23
C 148 4
C 149 22
C 150 4
C 151 6
C 152 7
C 153 17
C 154 10
C 155 16
C 156 23
C 157 25
C 158 25
C 159 14
C 160 21
C 161 23
C 162 19
C 163 26
C 164 3
C 165 0
C 166 5
C 167 17
C 168 0
C 169 0
C 170 0
C 171 0
C 172 0
C 173 0
C 174 0
C 175 0
C 176 0
C 177 0
C 178 0
C 179 0
C 180 0
C 181 0
C 182 0
C 183 0
C 184 0
C 185 0
C 186 0
C 187 0
C 188 0
C 189 0
C 190 0
C 191 0
C 192 0
C 193 0
C 194 0
C 195 0
C 196 0
C 197 0
C 198 0
C 199 0
C 200 0
C 201 0
C 202 0
C 203 0
C 204 0
C 205 0
C 206 0
C 207 0
C 208 0
C 209 0
C 210 0
C 211 0
C 212 0
C 213 0
C 214 0
C 215 0
C 216 0
C 217 0
C 218 0
C 219 0
C 220 0
C 221 0
C 222 0
C 223 0
C 224 0
C 225 11
C 226 17
C 227 15
C 228 1
C 229 26
C 230 10
C 231 1
C 232 8
C 233 24
C 234 22
C 235 15
C 236 19
C 237 16
C 238 25
C 239 3
C 240 2
C 241 1
C 242 2
C 243 4
C 244 15
C 245 22
C 246 19
C 247 19
C 248 12
C 249 19
C 250 2
C 251 26
C 252 24
C 253 12
C 254 2
C 255 0
C 256 26
C 257 11
C 258 3
C 259 22
C 260 8
C 261 20
C 262 21
C 263 17
C 264 20
C 265 7
C 266 21
C 267 12
C 268 26
C 269 11
C 270 14
C 271 7
C 272 3
C 273 20
C 274 5
C 275 19
C 276 4
C 277 4
C 278 24
C 279 22
C 280 0
C 281 6
C 282 10
C 283 14
C 284 4
C 285 7
C 286 18
C 287 12
C 288 15
C 289 22
C 290 8
C 291 3
C 292 3
C 293 11
C 294 2
C 295 19
C 296 24
C 297 10
C 298 0
C 299 11
C 300 12
C 301 1
C 302 22
C 303 4
C 304 24
C 305 17
C 306 12
C 307 26
C 308 16
C 309 7
C 310 18
C 311 4
C 312 7
C 313 24
C 314 19
C 315 5
C 316 3
C 317 26
C 318 22
C 319 9
C 320 16
C 321 22
C 322 20
C 323 2
C 324 1
C 325 12
C 326 11
C 327 3
C 328 25
C 329 5
C 330 3
C 331 4
C 332 11
C 333 3
C 334 8
C 335 2
C 336 0
C 337 2
C 338 8
C 339 26
C 340 24
C 341 2
C 342 18
C 343 26
C 344 23
C 345 2
C 346 26
C 347 4
C 348 22
C 349 0
C 350 20
C 351 12
C 352 21
C 353 10
C 354 24
C 355 21
C 356 15
C 357 6
C 358 9
C 359 16
C 360 12
C 361 3
C 362 25
C 363 9
C 364 24
C 365 18
C 366 5
C 367 16
C 368 1
C 369 16
C 370 20
C 371 2
C 372 25
C 373 3
C 374 8
C 375 0
C 376 25
C 377 20
I 0 3 20 (3,2,5) (0,1,0,0)
I 5 2 10 (2,3,1) (-1,1,1,0)|(-1,0,-1,0)|(-1,-1,0,0)
I 0 1 3 (1,2,0) (0,0,1,0)|(-1,1,0,0)
