D (10,11,12) (5,2,5)
D (6,7,-1) (5,2,1)
D (8,9,10) (4,3,3)
D (6,-1,-1) (5,3,4)
D (12,-1,-1) (2,2,0)
D (8,9,-1) (3,0,0)
D (9,10,-1) (0,1,4)
D (11,-1,-1) (4,4,2)
D (7,8,-1) (4,3,4)
D (9,10,11) (3,5,1)
D (8,9,10) (5,2,2)
D (13,-1,-1) (0,0,1)
D (13,-1,-1) (4,2,1)
D (7,8,9) (4,4,4)
D (9,10,11) (1,4,4)
D (9,10,11) (0,1,0)
D (9,10,11) (2,4,4)
D (8,9,10) (2,1,3)
D (6,7,-1) (3,0,4)
D (12,13,-1) (3,1,3)
D (11,-1,-1) (1,0,2)
D (7,8,9) (4,1,5)
D (9,10,-1) (1,2,5)
D (6,7,-1) (2,5,5)
D (6,7,8) (1,3,4)
D (13,-1,-1) (4,3,0)
D (8,9,10) (3,4,2)
D (13,-1,-1) (0,3,3)
D (12,-1,-1) (3,5,5)
D (7,8,9) (3,0,2)
D (6,-1,-1) (5,0,0)
D (8,9,10) (0,5,0)
D (13,-1,-1) (1,4,5)
D (9,10,-1) (2,2,4)
D (8,-1,-1) (4,0,4)
D (13,-1,-1) (4,1,1)
D (6,7,8) (4,4,1)
D (12,13,-1) (5,3,0)
D (12,-1,-1) (4,1,3)
D (11,12,13) (0,2,3)
D (9,10,11) (4,5,4)
D (11,-1,-1) (4,2,2)
D (7,8,-1) (2,1,0)
D (9,-1,-1) (5,3,3)
D (11,-1,-1) (2,0,0)
D (9,10,11) (4,0,3)
D (13,-1,-1) (5,1,1)
D (10,11,12) (2,3,1)
C 0 25
C 1 4
C 2 14
C 3 24
C 4 0
C 5 0
C 6 0
C 7 0
C 8 0
C 9 0
C 10 0
C 11 0
C 12 0
C 13 0
C 14 0
C 15 0
C 16 0
C 17 0
C 18 0
C 19 0
C 20 0
C 21 0
C 22 0
C 23 0
C 24 4
C 25 18
C 26 16
C 27 21
C 28 11
C 29 24
C 30 26
C 31 17
C 32 25
C 33 24
C 34 7
C 35 23
C 36 5
C 37 12
C 38 8
C 39 0
C 40 0
C 41 0
C 42 0
C 43 0
C 44 0
C 45 0
C 46 0
C 47 0
C 48 0
C 49 0
C 50 0
C 51 0
C 52 0
C 53 0
C 54 0
C 55 0
C 56 0
C 57 0
C 58 0
C 59 0
C 60 0
C 61 0
C 62 0
C 63 0
C 64 22
C 65 0
C 66 0
C 67 0
C 68 0
C 69 0
C 70 0
C 71 0
C 72 0
C 73 0
C 74 0
C 75 0
C 76 0
C 77 0
C 78 0
C 79 0
C 80 0
C 81 0
C 82 0
C 83 0
C 84 0
C 85 0
C 86 0
C 87 0
C 88 0
C 89 0
C 90 0
C 91 0
C 92 0
C 93 0
C 94 0
C 95 0
C 96 0
C 97 0
C 98 0
C 99 0
C 100 0
C 101 0
C 102 0
C 103 0
C 104 0
C 105 0
C 106 0
C 107 0
C 108 0
C 109 0
C 110 0
C 111 0
C 112 0
C 113 0
C 114 0
C 115 0
C 116 0
C 117 0
C 118 0
C 119 0
C 120 0
C 121 0
C 122 0
C 123 0
C 124 0
C 125 0
C 126 0
C 127 0
C 128 0
C 129 0
C 130 0
C 131 0
C 132 0
C 133 0
C 134 0
C 135 0
C 136 0
C 137 0
C 138 0
C 139 0
C 140 0
C 141 0
C 142 0
C 143 0
C 144 0
C 145 0
C 146 0
C 147 0
C 148 0
C 149 0
C 150 0
C 151 0
C 152 0
C 153 0
C 154 0
C 155 0
C 156 0
C 157 0
C 158 0
C 159 0
C 160 0
C 161 0
C 162 0
C 163 0
C 164 0
C 165 0
C 166 0
C 167 0
C 168 0
C 169 0
C 170 0
C 171 0
C 172 0
C 173 0
C 174 0
C 175 0
C 176 0
C 177 0
C 178 0
C 179 0
C 180 0
C 181 0
C 182 0
C 183 0
C 184 0
C 185 0
C 186 0
C 187 0
C 188 0
C 189 0
C 190 0
C 191 0
C 192 0
C 193 26
C 194 19
C 195 24
C 196 18
C 197 1
C 198 7
C 199 22
C 200 23
C 201 6
C 202 4
C 203 18
C 204 16
C 205 22
C 206 22
C 207 19
C 208 24
C 209 12
C 210 0
C 211 18
C 212 21
C 213 23
C 214 22
C 215 8
C 216 20
C 217 2
C 218 23
C 219 18
C 220 18
C 221 17
C 222 10
C 223 3
C 224 24
C 225 15
C 226 17
C 227 3
C 228 7
C 229 12
C 230 1
C 231 2
C 232 10
C 233 18
C 234 17
C 235 16
C 236 18
C 237 20
C 238 20
C 239 20
C 240 19
C 241 12
C 242 6
C 243 18
C 244 9
C 245 22
C 246 17
C 247 25
C 248 10
C 249 14
C 250 7
C 251 26
C 252 23
C 253 1
C 254 21
C 255 19
C 256 14
C 257 17
C 258 10
C 259 0
C 260 26
C 261 0
C 262 19
C 263 12
C 264 16
C 265 9
C 266 9
C 267 9
C 268 17
C 269 19
C 270 26
C 271 7
C 272 5
C 273 20
C 274 1
C 275 22
C 276 4
C 277 6
C 278 5
C 279 23
C 280 16
C 281 1
C 282 19
C 283 26
C 284 15
C 285 21
C 286 12
C 287 9
C 288 7
C 289 2
C 290 0
C 291 6
C 292 15
C 293 10
C 294 19
C 295 19
C 296 12
C 297 7
C 298 19
C 299 1
C 300 5
C 301 0
C 302 21
C 303 6
C 304 2
C 305 17
C 306 23
C 307 12
C 308 16
C 309 21
C 310 6
C 311 5
C 312 21
C 313 2
C 314 12
C 315 16
C 316 20
C 317 9
C 318 8
C 319 26
C 320 4
C 321 26
C 322 20
C 323 5
C 324 7
C 325 5
C 326 25
C 327 4
C 328 14
C 329 6
C 330 15
C 331 18
C 332 7
C 333 8
C 334 0
C 335 12
C 336 22
C 337 10
C 338 20
C 339 26
C 340 5
C 341 15
C 342 3
C 343 4
C 344 25
C 345 1
C 346 21
C 347 8
C 348 22
C 349 5
C 350 6
C 351 0
C 352 18
C 353 20
C 354 3
C 355 3
C 356 19
C 357 26
C 358 8
C 359 0
C 360 3
C 361 26
C 362 2
C 363 16
C 364 20
C 365 19
C 366 18
C 367 19
C 368 26
C 369 1
C 370 4
C 371 18
C 372 6
C 373 4
C 374 8
C 375 25
C 376 17
C 377 17
I 2 1 16 (1,4,5) (0,1,-1,0)|(1,-1,1,0)
I 3 2 19 (5,5,2) (1,1,-1,0)
I 0 2 13 (1,1,4) (0,1,0,0)
