D (10,11,12) (2,4,1)
D (6,7,8) (2,4,4)
D (8,9,10) (4,4,0)
D (13,-1,-1) (0,0,3)
D (10,11,12) (0,4,5)
D (9,10,-1) (3,1,5)
D (12,-1,-1) (0,3,1)
D (8,9,10) (3,0,2)
D (7,8,-1) (1,1,1)
D (8,-1,-1) (0,4,0)
D (7,8,-1) (4,5,1)
D (8,9,10) (2,1,3)
D (12,-1,-1) (3,5,1)
D (13,-1,-1) (0,4,1)
D (7,8,9) (5,0,0)
D (13,-1,-1) (2,3,1)
D (11,12,13) (1,3,3)
D (9,10,11) (0,1,3)
D (10,11,12) (2,2,2)
D (9,10,-1) (5,5,5)
D (10,11,12) (4,0,2)
D (9,10,-1) (1,1,5)
D (8,9,-1) (2,5,2)
D (9,10,-1) (0,5,3)
D (8,-1,-1) (5,4,0)
D (13,-1,-1) (0,5,2)
D (12,13,-1) (1,1,4)
D (11,-1,-1) (1,3,1)
D (10,11,12) (5,4,4)
D (13,-1,-1) (2,1,0)
D (10,-1,-1) (4,5,2)
D (10,11,12) (5,4,3)
D (11,-1,-1) (4,1,4)
D (12,13,-1) (1,4,0)
D (6,-1,-1) (4,3,2)
D (9,10,-1) (3,5,3)
D (8,-1,-1) (3,3,1)
D (7,8,-1) (1,4,3)
D (9,10,-1) (5,3,3)
D (7,8,-1) (4,2,5)
D (6,7,8) (0,2,2)
D (13,-1,-1) (3,3,3)
D (8,9,10) (3,1,4)
D (13,-1,-1) (1,2,1)
D (6,7,8) (3,3,2)
D (7,8,-1) (3,0,4)
C 0 8
C 1 0
C 2 3
C 3 15
C 4 0
C 5 8
C 6 1
C 7 10
C 8 25
C 9 23
C 10 19
C 11 2
C 12 23
C 13 17
C 14 21
C 15 9
C 16 9
C 17 15
C 18 21
C 19 14
C 20 10
C 21 10
C 22 17
C 23 7
C 24 6
C 25 24
C 26 15
C 27 16
C 28 16
C 29 24
C 30 7
C 31 8
C 32 21
C 33 18
C 34 0
C 35 10
C 36 11
C 37 12
C 38 14
C 39 25
C 40 0
C 41 0
C 42 4
C 43 24
C 44 12
C 45 20
C 46 21
C 47 8
C 48 10
C 49 19
C 50 6
C 51 14
C 52 12
C 53 6
C 54 12
C 55 8
C 56 19
C 57 3
C 58 15
C 59 9
C 60 15
C 61 17
C 62 20
C 63 2
C 64 20
C 65 8
C 66 8
C 67 17
C 68 1
C 69 12
C 70 8
C 71 11
C 72 19
C 73 5
C 74 11
C 75 5
C 76 15
C 77 3
C 78 26
C 79 10
C 80 23
C 81 1
C 82 5
C 83 15
C 84 18
C 85 24
C 86 19
C 87 16
C 88 25
C 89 17
C 90 3
C 91 26
C 92 2
C 93 22
C 94 10
C 95 24
C 96 14
C 97 9
C 98 16
C 99 9
C 100 24
C 101 26
C 102 19
C 103 8
C 104 8
C 105 17
C 106 14
C 107 12
C 108 23
C 109 18
C 110 0
C 111 0
C 112 0
C 113 0
C 114 0
C 115 0
C 116 0
C 117 0
C 118 0
C 119 0
C 120 0
C 121 0
C 122 0
C 123 0
C 124 0
C 125 0
C 126 0
C 127 0
C 128 0
C 129 0
C 130 0
C 131 0
C 132 0
C 133 0
C 134 0
C 135 0
C 136 0
C 137 0
C 138 0
C 139 0
C 140 0
C 141 0
C 142 0
C 143 0
C 144 0
C 145 0
C 146 0
C 147 0
C 148 0
C 149 0
C 150 0
C 151 0
C 152 0
C 153 0
C 154 0
C 155 0
C 156 0
C 157 0
C 158 0
C 159 0
C 160 0
C 161 0
C 162 0
C 163 0
C 164 0
C 165 0
C 166 0
C 167 0
C 168 0
C 169 0
C 170 0
C 171 0
C 172 0
C 173 0
C 174 0
C 175 0
C 176 11
C 177 25
C 178 3
C 179 26
C 180 19
C 181 4
C 182 9
C 183 6
C 184 4
C 185 8
C 186 19
C 187 16
C 188 4
C 189 0
C 190 1
C 191 12
C 192 23
C 193 15
C 194 6
C 195 0
C 196 16
C 197 17
C 198 24
C 199 22
C 200 21
C 201 12
C 202 23
C 203 1
C 204 10
C 205 16
C 206 21
C 207 9
C 208 18
C 209 25
C 210 7
C 211 7
C 212 20
C 213 12
C 214 19
C 215 5
C 216 26
C 217 6
C 218 19
C 219 14
C 220 5
C 221 8
C 222 4
C 223 23
C 224 0
C 225 21
C 226 23
C 227 17
C 228 15
C 229 20
C 230 12
C 231 11
C 232 20
C 233 24
C 234 8
C 235 0
C 236 9
C 237 21
C 238 0
C 239 21
C 240 18
C 241 8
C 242 10
C 243 16
C 244 7
C 245 2
C 246 18
C 247 6
C 248 9
C 249 9
C 250 14
C 251 15
C 252 17
C 253 3
C 254 4
C 255 9
C 256 25
C 257 18
C 258 6
C 259 3
C 260 24
C 261 4
C 262 25
C 263 9
C 264 26
C 265 19
C 266 23
C 267 9
C 268 5
C 269 25
C 270 9
C 271 15
C 272 0
C 273 22
C 274 1
C 275 0
C 276 22
C 277 0
C 278 0
C 279 0
C 280 22
C 281 16
C 282 12
C 283 11
C 284 1
C 285 14
C 286 10
C 287 20
C 288 0
C 289 2
C 290 17
C 291 4
C 292 7
C 293 8
C 294 12
C 295 1
C 296 2
C 297 20
C 298 23
C 299 4
C 300 1
C 301 14
C 302 26
C 303 0
C 304 0
C 305 0
C 306 0
C 307 0
C 308 0
C 309 0
C 310 0
C 311 0
C 312 0
C 313 0
C 314 0
C 315 0
C 316 0
C 317 0
C 318 0
C 319 0
C 320 0
C 321 0
C 322 0
C 323 0
C 324 0
C 325 0
C 326 0
C 327 0
C 328 0
C 329 0
C 330 0
C 331 0
C 332 0
C 333 0
C 334 0
C 335 0
C 336 0
C 337 0
C 338 0
C 339 0
C 340 0
C 341 0
C 342 0
C 343 0
C 344 0
C 345 0
C 346 0
C 347 0
C 348 0
C 349 0
C 350 0
C 351 0
C 352 0
C 353 0
C 354 0
C 355 0
C 356 0
C 357 0
C 358 0
C 359 0
C 360 0
C 361 0
C 362 0
C 363 0
C 364 0
C 365 0
C 366 0
C 367 16
C 368 0
C 369 18
C 370 15
C 371 17
C 372 15
C 373 26
C 374 22
C 375 26
C 376 5
C 377 3
I 2 2 9 (2,2,4) (-1,0,0,0)
I 0 1 15 (0,3,1) (1,0,1,0)
I 0 1 12 (2,4,2) (0,0,1,0)|(-1,-1,0,0)
