D (12,-1,-1) (5,2,2)
D (8,-1,-1) (5,2,3)
D (7,8,9) (1,5,5)
D (8,9,10) (5,2,5)
D (9,10,11) (5,0,5)
D (8,9,10) (2,3,5)
D (11,12,-1) (5,3,2)
D (10,11,12) (3,5,4)
D (10,11,-1) (5,0,3)
D (13,-1,-1) (0,2,5)
D (9,10,11) (2,1,3)
D (11,12,-1) (3,3,5)
D (9,-1,-1) (1,1,1)
D (8,9,-1) (4,5,5)
D (10,11,-1) (2,5,0)
D (12,13,9) (1,4,1)
D (6,-1,-1) (3,2,3)
D (8,9,10) (2,0,3)
D (13,-1,-1) (0,0,1)
D (7,11,-1) (5,4,3)
D (6,-1,-1) (2,4,0)
D (6,7,8) (5,5,1)
D (6,7,8) (4,5,3)
D (8,9,-1) (3,5,2)
D (10,-1,-1) (1,3,4)
D (6,7,-1) (2,3,3)
D (6,-1,-1) (1,3,2)
D (13,-1,-1) (4,3,4)
D (12,13,-1) (3,0,1)
D (13,-1,-1) (0,2,0)
D (8,9,10) (0,0,5)
D (8,9,10) (2,4,4)
D (12,13,-1) (1,2,1)
D (9,10,-1) (1,0,4)
D (12,13,-1) (3,1,2)
D (13,-1,-1) (3,1,4)
D (12,13,-1) (2,2,4)
D (6,7,-1) (0,1,3)
D (6,7,8) (4,1,0)
D (11,12,13) (2,4,5)
D (6,7,8) (2,3,4)
D (11,-1,-1) (4,2,5)
D (12,13,-1) (1,4,2)
D (6,7,-1) (2,5,5)
D (12,13,-1) (5,4,4)
D (10,-1,-1) (2,4,2)
C 0 19
C 1 25
C 2 6
C 3 6
C 4 12
C 5 12
C 6 4
C 7 12
C 8 7
C 9 19
C 10 1
C 11 12
C 12 23
C 13 23
C 14 26
C 15 25
C 16 21
C 17 22
C 18 25
C 19 21
C 20 19
C 21 16
C 22 23
C 23 24
C 24 18
C 25 20
C 26 11
C 27 7
C 28 15
C 29 23
C 30 18
C 31 8
C 32 9
C 33 14
C 34 0
C 35 6
C 36 11
C 37 5
C 38 22
C 39 20
C 40 5
C 41 22
C 42 24
C 43 10
C 44 8
C 45 0
C 46 0
C 47 0
C 48 0
C 49 0
C 50 0
C 51 0
C 52 0
C 53 0
C 54 0
C 55 0
C 56 0
C 57 0
C 58 0
C 59 0
C 60 0
C 61 0
C 62 0
C 63 0
C 64 0
C 65 0
C 66 0
C 67 0
C 68 0
C 69 0
C 70 0
C 71 0
C 72 0
C 73 0
C 74 0
C 75 0
C 76 0
C 77 0
C 78 0
C 79 0
C 80 0
C 81 0
C 82 0
C 83 0
C 84 0
C 85 0
C 86 0
C 87 0
C 88 0
C 89 0
C 90 0
C 91 0
C 92 0
C 93 0
C 94 0
C 95 0
C 96 0
C 97 0
C 98 0
C 99 22
C 100 4
C 101 22
C 102 11
C 103 17
C 104 7
C 105 21
C 106 11
C 107 24
C 108 24
C 109 0
C 110 20
C 111 19
C 112 14
C 113 2
C 114 26
C 115 22
C 116 7
C 117 5
C 118 5
C 119 3
C 120 2
C 121 14
C 122 10
C 123 16
C 124 4
C 125 16
C 126 11
C 127 25
C 128 20
C 129 7
C 130 21
C 131 16
C 132 5
C 133 22
C 134 11
C 135 17
C 136 7
C 137 18
C 138 6
C 139 12
C 140 8
C 141 2
C 142 10
C 143 25
C 144 22
C 145 17
C 146 21
C 147 20
C 148 7
C 149 17
C 150 17
C 151 11
C 152 24
C 153 12
C 154 16
C 155 23
C 156 24
C 157 15
C 158 15
C 159 16
C 160 15
C 161 25
C 162 20
C 163 24
C 164 16
C 165 6
C 166 22
C 167 9
C 168 14
C 169 15
C 170 10
C 171 1
C 172 19
C 173 7
C 174 15
C 175 18
C 176 23
C 177 9
C 178 11
C 179 26
C 180 19
C 181 1
C 182 16
C 183 6
C 184 10
C 185 2
C 186 24
C 187 14
C 188 1
C 189 0
C 190 18
C 191 0
C 192 8
C 193 23
C 194 22
C 195 25
C 196 7
C 197 11
C 198 4
C 199 26
C 200 10
C 201 2
C 202 25
C 203 15
C 204 26
C 205 5
C 206 4
C 207 11
C 208 10
C 209 16
C 210 8
C 211 6
C 212 21
C 213 21
C 214 7
C 215 2
C 216 2
C 217 19
C 218 14
C 219 6
C 220 9
C 221 15
C 222 17
C 223 6
C 224 1
C 225 14
C 226 20
C 227 24
C 228 23
C 229 17
C 230 20
C 231 18
C 232 22
C 233 3
C 234 24
C 235 4
C 236 26
C 237 16
C 238 19
C 239 6
C 240 9
C 241 8
C 242 17
C 243 18
C 244 23
C 245 26
C 246 3
C 247 14
C 248 21
C 249 23
C 250 23
C 251 2
C 252 2
C 253 4
C 254 0
C 255 17
C 256 10
C 257 17
C 258 6
C 259 11
C 260 14
C 261 18
C 262 26
C 263 8
C 264 7
C 265 25
C 266 8
C 267 6
C 268 2
C 269 3
C 270 14
C 271 8
C 272 19
C 273 19
C 274 9
C 275 21
C 276 0
C 277 5
C 278 11
C 279 4
C 280 16
C 281 22
C 282 5
C 283 9
C 284 21
C 285 9
C 286 25
C 287 3
C 288 15
C 289 4
C 290 11
C 291 10
C 292 5
C 293 10
C 294 19
C 295 3
C 296 0
C 297 0
C 298 0
C 299 0
C 300 0
C 301 0
C 302 0
C 303 0
C 304 0
C 305 0
C 306 0
C 307 0
C 308 0
C 309 0
C 310 0
C 311 0
C 312 0
C 313 0
C 314 0
C 315 0
C 316 0
C 317 0
C 318 0
C 319 0
C 320 0
C 321 0
C 322 0
C 323 0
C 324 0
C 325 0
C 326 0
C 327 0
C 328 0
C 329 0
C 330 0
C 331 0
C 332 0
C 333 0
C 334 0
C 335 0
C 336 0
C 337 0
C 338 0
C 339 0
C 340 0
C 341 0
C 342 0
C 343 0
C 344 0
C 345 0
C 346 0
C 347 0
C 348 0
C 349 0
C 350 0
C 351 0
C 352 0
C 353 0
C 354 0
C 355 0
C 356 0
C 357 0
C 358 0
C 359 0
C 360 0
C 361 0
C 362 0
C 363 0
C 364 0
C 365 21
C 366 20
C 367 15
C 368 17
C 369 9
C 370 1
C 371 12
C 372 25
C 373 25
C 374 3
C 375 14
C 376 6
C 377 7
I 0 1 12 (0,1,2) (1,1,1,0)
I 0 3 18 (3,3,1) (0,0,0,0)|(0,0,0,0)
