D (2,3,-1) (4,3,1)
D (7,-1,-1) (4,1,4)
D (7,-1,-1) (4,4,2)
D (7,-1,-1) (5,1,4)
D (3,-1,-1) (2,2,0)
D (6,7,-1) (1,2,4)
D (3,6,7) (4,1,1)
D (7,-1,-1) (3,5,1)
D (3,-1,-1) (2,4,4)
D (2,3,-1) (3,2,3)
D (3,6,-1) (2,4,1)
D (6,7,-1) (5,5,1)
D (7,-1,-1) (5,1,2)
D (7,-1,-1) (0,3,3)
D (6,7,-1) (2,5,4)
D (6,7,-1) (4,0,5)
D (6,7,-1) (2,3,5)
D (6,-1,-1) (1,4,4)
D (3,6,-1) (1,3,0)
D (6,-1,-1) (2,4,5)
D (2,3,6) (4,2,2)
D (3,6,-1) (2,0,0)
D (2,-1,-1) (4,0,3)
D (7,-1,-1) (5,3,5)
D (6,7,-1) (2,3,0)
D (2,-1,-1) (3,0,5)
D (2,-1,-1) (0,0,4)
D (6,7,-1) (4,3,5)
D (3,6,7) (1,5,2)
D (7,-1,-1) (0,4,5)
C 0 3
C 1 22
C 2 0
C 3 11
C 4 2
C 5 14
C 6 24
C 7 9
C 8 18
C 9 7
C 10 15
C 11 0
C 12 17
C 13 8
C 14 26
C 15 0
C 16 18
C 17 23
C 18 26
C 19 0
C 20 15
C 21 25
C 22 25
C 23 11
C 24 0
C 25 0
C 26 0
C 27 0
C 28 0
C 29 0
C 30 0
C 31 0
C 32 0
C 33 0
C 34 0
C 35 0
C 36 0
C 37 0
C 38 0
C 39 0
C 40 0
C 41 0
C 42 0
C 43 0
C 44 7
C 45 4
C 46 4
C 47 26
C 48 17
C 49 16
C 50 17
C 51 24
C 52 21
C 53 3
C 54 7
C 55 21
C 56 0
C 57 6
C 58 11
C 59 5
C 60 21
C 61 6
C 62 3
C 63 1
C 64 25
C 65 19
C 66 0
C 67 0
C 68 18
C 69 12
C 70 14
C 71 12
C 72 7
C 73 16
C 74 17
C 75 7
C 76 9
C 77 21
C 78 7
C 79 21
C 80 10
C 81 18
C 82 16
C 83 22
C 84 14
C 85 14
C 86 5
C 87 4
C 88 11
C 89 6
C 90 22
C 91 7
C 92 0
C 93 21
C 94 23
C 95 23
C 96 19
C 97 11
C 98 16
C 99 7
C 100 12
C 101 7
C 102 15
C 103 24
C 104 26
C 105 4
C 106 6
C 107 6
C 108 23
C 109 14
C 110 17
C 111 20
C 112 19
C 113 5
C 114 6
C 115 1
C 116 0
C 117 11
C 118 1
C 119 9
C 120 5
C 121 0
C 122 15
C 123 21
C 124 14
C 125 19
C 126 2
C 127 7
C 128 4
C 129 0
C 130 17
C 131 16
C 132 8
C 133 15
C 134 22
C 135 8
C 136 25
C 137 8
C 138 26
C 139 5
C 140 12
C 141 18
C 142 3
C 143 16
C 144 3
C 145 17
C 146 21
C 147 3
C 148 1
C 149 11
C 150 0
C 151 4
C 152 17
C 153 4
C 154 3
C 155 23
C 156 16
C 157 11
C 158 4
C 159 9
C 160 9
C 161 14
C 162 18
C 163 18
C 164 9
C 165 21
C 166 22
C 167 0
C 168 25
C 169 16
C 170 20
C 171 9
C 172 3
C 173 5
C 174 15
C 175 16
C 176 8
C 177 11
C 178 3
C 179 3
C 180 25
C 181 7
C 182 3
C 183 19
C 184 16
C 185 19
C 186 0
C 187 8
C 188 3
C 189 21
C 190 12
C 191 25
C 192 8
C 193 23
C 194 25
C 195 23
C 196 2
C 197 20
C 198 24
C 199 4
C 200 4
C 201 16
C 202 16
C 203 18
C 204 2
C 205 10
C 206 22
C 207 12
C 208 26
C 209 23
C 210 10
C 211 21
C 212 26
C 213 7
C 214 25
C 215 2
I 0 1 10 (4,2,4) (-1,0,0,0)
